0 0 0 0 0 0 0
0.2 -0.1427 0.07489 -0.14323 0.04401 -0.25517 -0.36932
0.4 -0.1996 0.33179 -0.27812 -0.15089 -0.4846 -0.57099
0.6 -0.20366 0.35742 -0.36676 -0.22161 -0.32226 -0.61719
0.8 -0.051422 0.3472 -0.33999 -0.32127 -0.64791 -0.74519
1 -0.025911 0.28837 -0.38269 -0.25611 -0.53955 -0.86598
1.2 -0.058086 0.1541 -0.51592 -0.17891 -0.69408 -0.94186
1.4 0.032664 -0.32692 -0.60498 0.0205 -0.21153 -0.79288
1.6 0.11128 -1.2221 -0.64266 0.47365 -0.58567 -1.1913
1.8 -0.033129 -2.1725 -0.70799 0.83502 -0.98684 -1.34
2 -0.33689 -3.1294 -0.71422 1.2402 -1.5497 -1.443
2.2 -0.45641 -3.9783 -0.59149 1.5824 -0.95458 -0.87113
2.4 -0.60274 -4.4996 -0.49072 2.0174 -1.2022 -0.8155
2.6 -0.75825 -4.3174 -0.48505 2.0427 -1.55 -0.55693
2.8 -0.79055 -3.4243 -0.45005 1.9106 -1.8482 -0.43184
3 -0.72781 -2.3272 -0.38267 1.6688 -1.6818 -0.37185
3.2 -0.76922 -1.1497 -0.41532 1.2629 -1.5628 -0.65549
3.4 -0.78968 -0.23466 -0.49969 0.73247 -1.2573 -0.81519
3.6 -0.63682 0.27634 -0.51997 0.13245 -1.2442 -0.87573
3.8 -0.45915 0.33693 -0.54511 0.0011327 -1.0463 -0.97017
4 -0.41607 0.28251 -0.64198 -0.076367 -0.80119 -0.95522
4.2 -0.30529 -0.045745 -0.72298 0.11628 -0.35574 -0.81327
4.4 -0.14482 -0.74416 -0.69773 0.29409 -0.48105 -0.99129
4.6 -0.12289 -1.6714 -0.73631 0.72793 -1.0541 -1.3123
4.8 -0.32356 -2.706 -0.74405 1.0794 -1.5388 -1.4566
5 -0.42578 -3.5486 -0.64336 1.4224 -1.3884 -1.0784
5.2 -0.56509 -4.2963 -0.49796 1.7429 -1.8357 -0.9556
5.4 -0.70556 -4.4431 -0.46028 1.8933 -2.0547 -0.69295
5.6 -0.82369 -4.0192 -0.4879 1.9386 -1.9319 -0.47449
5.8 -0.72476 -3.0437 -0.43459 1.761 -1.8058 -0.35938
6 -0.70307 -1.8667 -0.44799 1.501 -1.5773 -0.55015
6.2 -0.73714 -0.77063 -0.51032 0.88859 -1.8185 -0.74254
6.4 -0.64279 -0.10932 -0.53541 0.41623 -0.90456 -0.65389
6.6 -0.51148 0.1158 -0.5239 0.12185 -1.1417 -0.8938
6.8 -0.4379 0.15189 -0.59666 0.0039838 -1.2565 -1.0162
7 -0.40534 0.03666 -0.70646 -0.0051695 -1.4515 -1.045
7.2 -0.18556 -0.40261 -0.73216 0.23909 -1.0797 -0.95667
7.4 -0.1763 -1.1496 -0.80525 0.7078 -1.0312 -1.169
7.6 -0.30675 -2.0912 -0.87008 1.1208 -1.2854 -1.3647
7.8 -0.46494 -3.0891 -0.83483 1.4301 -1.1708 -1.2066
8 -0.54709 -3.9891 -0.70122 1.7296 -1.2799 -1.1094
8.2 -0.73432 -4.3953 -0.64016 1.8438 -1.5222 -0.79243
8.4 -0.81982 -4.2992 -0.58063 1.8716 -1.9803 -0.53718
8.6 -0.75921 -3.7715 -0.46611 1.8043 -1.7673 -0.24674
8.8 -0.70293 -2.7638 -0.41496 1.5614 -1.8964 -0.38068
9 -0.68579 -1.5532 -0.41437 1.0861 -1.3574 -0.41032
9.2 -0.56858 -0.52638 -0.41796 0.51629 -0.9606 -0.38582
9.4 -0.40179 -0.085575 -0.38323 0.23851 -0.5111 -0.44072
9.6 -0.31392 0.12491 -0.42286 0.0509 -0.061387 -0.47005
9.8 -0.18962 0.15821 -0.46341 0.018925 0.11768 -0.4819
10 -0.016277 -0.078422 -0.51094 0.15013 0.38486 -0.54296
10.2 0.044543 -0.66217 -0.62622 0.41759 -0.56929 -0.94607
10.4 -0.036427 -1.6156 -0.74595 0.74502 -0.796 -1.0459
10.6 -0.098509 -2.6515 -0.7134 0.947 -1.2989 -1.0299
10.8 -0.21171 -3.6603 -0.62942 1.4007 -0.97304 -0.85659
11 -0.45197 -4.3103 -0.61122 1.6386 -0.93269 -0.59846
11.2 -0.57804 -4.4512 -0.56677 1.7966 -0.66055 -0.19857
11.4 -0.57017 -4.1498 -0.44173 1.7701 -0.90752 -0.020326
11.6 -0.5495 -3.182 -0.35685 1.5953 -1.3195 -0.1609
11.8 -0.57894 -1.9015 -0.34768 1.1562 -1.0157 -0.19249
12 -0.4813 -0.72615 -0.33093 0.5704 -0.48498 -0.1205
12.2 -0.36811 -0.15056 -0.32512 0.23327 -0.017796 -0.17166
12.4 -0.2846 0.11157 -0.3965 0.0055167 -0.06544 -0.30153
12.6 -0.15117 0.14962 -0.4481 -0.027648 -0.034173 -0.35266
12.8 -0.025443 -0.099057 -0.50572 0.10976 -0.21545 -0.62695
13 0.0049626 -0.5748 -0.62068 0.37287 -0.65574 -0.91955
13.2 -0.078289 -1.4354 -0.71422 0.70448 -0.76335 -1.0308
13.4 -0.049312 -2.4297 -0.64232 0.94161 -0.67252 -0.92132
13.6 -0.1919 -3.3711 -0.56385 1.4169 -0.50358 -0.85553
13.8 -0.44834 -3.9849 -0.5493 1.6121 -0.92425 -0.71453
14 -0.59141 -4.3294 -0.531 1.8158 -1.0139 -0.38853
14.2 -0.56581 -4.2284 -0.44815 1.7649 -1.9746 -0.47941
14.4 -0.5361 -3.4844 -0.38554 1.5739 -2.2554 -0.51895
14.6 -0.57948 -2.2393 -0.39557 1.1887 -1.9729 -0.49399
14.8 -0.45759 -1.0418 -0.31713 0.66661 -1.6263 -0.46127
15 -0.36438 -0.31382 -0.34192 0.40416 -0.7577 -0.44888
15.2 -0.26638 0.064982 -0.39642 0.093153 -0.78736 -0.55165
15.4 -0.12676 0.12327 -0.44321 -0.040722 -0.24562 -0.3996
15.6 0.018569 -0.070198 -0.44835 -0.084382 -1.0049 -0.7106
15.8 0.054497 -0.58904 -0.578 0.076364 -1.5325 -0.94996
16 0.020361 -1.4311 -0.6887 0.38318 -1.6461 -1.0629
16.2 0.037996 -2.4416 -0.68036 0.819 -1.1568 -0.96628
16.4 -0.13464 -3.3545 -0.64449 1.3027 -0.75604 -0.86111
16.6 -0.3708 -4.0084 -0.62156 1.6091 -1.0945 -0.66688
16.8 -0.46094 -4.3694 -0.55602 1.7277 -0.97185 -0.20317
17 -0.40833 -4.4865 -0.44495 1.8555 -1.578 -0.1824
17.2 -0.38197 -3.8236 -0.39528 1.6418 -1.8954 -0.13595
17.4 -0.40476 -2.6675 -0.36645 1.3544 -2.1027 -0.26478
17.6 -0.29379 -1.3462 -0.29078 0.88065 -1.5092 -0.27187
17.8 -0.26671 -0.40634 -0.29633 0.46519 -1.1233 -0.43989
18 -0.16384 0.13993 -0.32883 0.12842 -0.5006 -0.40014
18.2 -0.043847 0.2672 -0.34318 -0.14142 -0.63321 -0.50569
18.4 0.094103 0.19147 -0.34746 -0.1664 -0.64537 -0.60759
18.6 0.16202 -0.065648 -0.44275 -0.13811 -0.84681 -0.69056
18.8 0.2472 -0.69959 -0.54249 0.12775 -0.75326 -0.63923
19 0.35493 -1.7213 -0.57166 0.56203 -0.38999 -0.7014
19.2 0.17026 -2.7594 -0.60995 1.0773 -0.51029 -0.83377
19.4 -0.10566 -3.6462 -0.59993 1.4362 -0.68958 -0.73358
19.6 -0.24198 -4.3471 -0.51367 1.621 -0.66443 -0.26914
19.8 -0.29584 -4.6428 -0.39915 1.8297 -1.0278 -0.20874
20 -0.38561 -4.3012 -0.35476 1.7554 -1.3291 -0.081883
20.2 -0.4174 -3.1946 -0.31216 1.5911 -1.2997 -0.076283
20.4 -0.40754 -1.8936 -0.26311 1.1641 -1.0485 -0.17682
20.6 -0.38553 -0.75467 -0.26077 0.62109 -1.0467 -0.41197
20.8 -0.3294 0.0020824 -0.2813 0.074106 -0.44886 -0.38728
21 -0.11567 0.33707 -0.23718 -0.36451 -0.35855 -0.35618
21.2 0.041666 0.32243 -0.26869 -0.27968 0.45054 -0.30139
21.4 0.067301 0.27937 -0.35447 -0.27251 0.45694 -0.35965
21.6 0.18049 0.02475 -0.42719 -0.13059 0.77225 -0.2116
21.8 0.26523 -0.55416 -0.49926 0.16326 0.43229 -0.4457
22 0.2397 -1.346 -0.59424 0.47014 -0.30986 -0.74676
22.2 0.095227 -2.3575 -0.67481 0.87124 -0.43096 -0.8158
22.4 0.03927 -3.2304 -0.54947 1.0612 -0.67357 -0.63378
22.6 -0.10637 -3.9041 -0.47812 1.448 -0.61547 -0.54046
22.8 -0.2928 -3.945 -0.44312 1.4902 -0.98897 -0.31596
23 -0.36005 -3.4378 -0.438 1.5338 -0.62467 -0.004654
23.2 -0.3082 -2.4871 -0.3309 1.2748 -0.77469 -0.082195
23.4 -0.27541 -1.3374 -0.30276 0.83495 -0.77568 -0.21224
23.6 -0.27557 -0.45213 -0.29845 0.22817 -0.86293 -0.36488
23.8 -0.055846 0.068154 -0.24887 -0.16969 -0.48246 -0.30979
24 0.059745 0.19153 -0.28488 -0.27039 -0.032966 -0.43248
24.2 0.095611 0.25476 -0.37109 -0.27507 0.091261 -0.53443
24.4 0.15561 0.19228 -0.44257 -0.23335 0.42869 -0.43989
24.6 0.27458 -0.05213 -0.43969 -0.2093 -0.57218 -0.68733
24.8 0.252 -0.55139 -0.54908 -0.0073513 -1.0386 -0.85455
25 0.17105 -1.3307 -0.61046 0.21452 -1.8062 -1.0913
25.2 0.18397 -2.3269 -0.54098 0.65598 -0.7837 -0.84298
25.4 0.033384 -3.147 -0.47118 1.1002 -0.8235 -0.89991
25.6 -0.21071 -3.6383 -0.47516 1.3636 -1.0721 -0.74076
25.8 -0.36519 -3.806 -0.45009 1.4572 -1.4438 -0.47878
26 -0.29182 -3.6818 -0.32549 1.4894 -1.7201 -0.35714
26.2 -0.28803 -2.9682 -0.30765 1.3662 -1.4532 -0.27029
26.4 -0.3111 -1.915 -0.32196 1.0831 -0.91785 -0.18712
26.6 -0.25269 -0.87733 -0.29113 0.55518 -0.31678 -0.10843
26.8 -0.18562 -0.2799 -0.27954 0.23275 0.065547 -0.21595
27 -0.20906 0.089486 -0.37678 -0.074923 0.25771 -0.29548
27.2 -0.13464 0.21426 -0.47762 -0.06272 0.63905 -0.16334
27.4 -0.059268 0.16254 -0.54046 -0.019234 0.35495 -0.41125
27.6 -0.065654 0.10837 -0.62871 0.027097 -0.46412 -0.79714
27.8 -0.15113 0.035924 -0.74593 0.033034 -0.8617 -0.99672
28 -0.034383 -0.13725 -0.78542 0.091351 -0.48088 -0.80394
28.2 0.010928 -0.72615 -0.8417 0.54125 -0.76329 -1.1539
28.4 -0.12251 -1.349 -0.95951 0.85934 -1.1216 -1.3637
28.6 -0.36886 -2.0426 -1.0561 1.1666 -1.7658 -1.5473
28.8 -0.404 -2.6505 -0.94669 1.3051 -1.7584 -1.3834
29 -0.57488 -3.231 -0.90243 1.6922 -1.9122 -1.3965
29.2 -0.82549 -3.4852 -0.89347 1.823 -2.1067 -1.2529
29.4 -0.96651 -3.3908 -0.87039 1.9315 -1.9055 -0.88282
29.6 -0.88796 -2.9248 -0.77086 1.7674 -2.5115 -0.87171
29.8 -0.83795 -1.9753 -0.72831 1.5124 -2.2928 -0.84399
30 -0.82857 -1.0072 -0.73274 1.0567 -2.5023 -1.0019
30.2 -0.66036 -0.26072 -0.68329 0.69963 -1.0685 -0.68354
30.4 -0.51851 0.0060862 -0.67513 0.52743 -1.2254 -0.94778
30.6 -0.48764 0.11909 -0.75169 0.47266 -0.87564 -0.96631
30.8 -0.42925 0.14521 -0.80841 0.47379 -0.58858 -0.90897
31 -0.28867 0.079904 -0.83496 0.5943 -0.1126 -0.92168
31.2 -0.27434 0.03348 -0.88688 0.62977 -0.67441 -1.1651
31.4 -0.27418 -0.10157 -0.99263 0.71336 -0.70622 -1.2211
31.6 -0.19139 -0.52395 -0.98836 0.684 -0.86823 -1.1553
31.8 -0.1243 -1.2767 -1.0003 1.0705 -0.95269 -1.3602
32 -0.27968 -2.0333 -1.053 1.2638 -1.3301 -1.4525
32.2 -0.48294 -2.7563 -1.0478 1.5801 -1.3573 -1.3031
32.4 -0.53773 -3.3914 -0.89163 1.6609 -1.3939 -1.0098
32.6 -0.64689 -3.7863 -0.79561 1.9489 -1.2547 -0.89795
32.8 -0.78433 -3.5403 -0.7564 1.9229 -1.4822 -0.71157
33 -0.75831 -2.8581 -0.74957 1.9753 -0.62955 -0.25795
33.2 -0.63094 -1.9831 -0.66062 1.6834 -1.1957 -0.45384
33.4 -0.54777 -1.0312 -0.64164 1.2267 -1.4253 -0.62443
33.6 -0.52486 -0.33742 -0.65488 0.70536 -1.4162 -0.70006
33.8 -0.28728 0.07334 -0.60336 0.37212 -0.46545 -0.5089
34 -0.15584 0.14417 -0.62334 0.3874 0.052054 -0.63648
34.2 -0.12301 0.19839 -0.66267 0.31907 0.29076 -0.7785
34.4 -0.097184 0.15226 -0.66127 0.26315 0.17669 -0.81561
34.6 0.018858 0.016358 -0.64076 0.17851 -0.7312 -1.039
34.8 0.062441 -0.36575 -0.73744 0.28713 -1.2244 -1.1306
35 0.095919 -0.98672 -0.83267 0.48214 -1.5807 -1.2261
35.2 0.21725 -1.9318 -0.81722 0.92083 -0.15491 -0.88256
35.4 0.14262 -2.7915 -0.79276 1.3619 0.038134 -0.90946
35.6 -0.11758 -3.3766 -0.79828 1.6095 -0.20921 -0.82356
35.8 -0.3494 -3.852 -0.74803 1.7787 -0.65174 -0.59405
36 -0.38995 -4.1529 -0.60952 1.9938 -0.91713 -0.46504
36.2 -0.44417 -3.8208 -0.58465 2.0145 -0.75623 -0.25051
36.4 -0.49161 -2.8954 -0.55055 1.7956 -0.69118 -0.17244
36.6 -0.47103 -1.7152 -0.52383 1.4216 -0.091321 -0.10944
36.8 -0.45107 -0.745 -0.50881 0.99365 -0.3721 -0.39617
37 -0.40595 -0.020896 -0.54226 0.53504 -0.57868 -0.52328
37.2 -0.26879 0.27188 -0.53267 0.13562 -0.76542 -0.57433
37.4 -0.081009 0.27511 -0.51393 0.11031 -0.78815 -0.68508
37.6 -0.035644 0.26233 -0.57819 0.18076 -0.075497 -0.69163
37.8 0.02222 0.24998 -0.60221 0.23093 0.069332 -0.65987
38 0.16587 0.1825 -0.5459 0.16453 0.42896 -0.52076
38.2 0.24111 -0.22827 -0.59648 0.28257 -0.42379 -0.85007
38.4 0.234 -0.86237 -0.71154 0.44575 -0.80438 -1.0146
38.6 0.27462 -1.6993 -0.73489 0.68539 -0.83006 -1.0251
38.8 0.2459 -2.5046 -0.65891 1.0546 -0.87657 -1.0835
39 0.049155 -3.0643 -0.63527 1.3511 -0.88568 -0.99279
39.2 -0.19233 -3.4631 -0.65954 1.5783 -0.93834 -0.73524
39.4 -0.20241 -3.5659 -0.55582 1.5633 -0.96308 -0.33729
39.6 -0.16383 -3.3866 -0.44969 1.6607 -1.1794 -0.35299
39.8 -0.21617 -2.5716 -0.39684 1.3655 -1.3478 -0.25943
40 -0.21347 -1.5897 -0.38473 1.1357 -0.61019 -0.10921
40.2 -0.16172 -0.74444 -0.34625 0.58027 -1.1651 -0.33578
40.4 -0.13026 -0.17027 -0.38434 0.23309 -1.1487 -0.49671
40.6 -0.1406 0.063455 -0.46921 -0.055831 -1.4021 -0.68952
40.8 -0.00068594 0.12859 -0.49803 -0.029962 -0.16621 -0.5096
41 0.039942 0.053558 -0.57601 0.20111 0.23923 -0.71458
41.2 -0.010488 0.084608 -0.659 0.24221 0.24575 -0.83259
41.4 -0.016565 0.038133 -0.73616 0.27649 0.29447 -0.782
41.6 0.15236 -0.24995 -0.73489 0.40506 0.17976 -0.8676
41.8 0.13493 -0.74708 -0.85824 0.6716 -0.32931 -1.1444
42 0.029541 -1.4345 -0.96865 0.96288 -0.83625 -1.2951
42.2 -0.01814 -2.1706 -0.94332 1.1586 -1.0944 -1.1958
42.4 -0.079239 -2.8513 -0.87013 1.4442 -0.81604 -1.032
42.6 -0.27222 -3.3208 -0.88182 1.5838 -0.59364 -0.76446
42.8 -0.4228 -3.5058 -0.8293 1.7115 -0.35175 -0.42607
43 -0.36517 -3.3432 -0.6547 1.6648 -0.42391 -0.15591
43.2 -0.32011 -2.6761 -0.53535 1.4848 -1.1403 -0.36795
43.4 -0.3539 -1.6919 -0.50924 1.0279 -1.2729 -0.40805
43.6 -0.24692 -0.76767 -0.46868 0.61995 -0.69183 -0.26892
43.8 -0.12559 -0.3067 -0.43354 0.45873 -0.29204 -0.41596
44 -0.075192 0.003258 -0.47488 0.31267 -0.36757 -0.55258
44.2 -0.076948 0.07764 -0.5783 0.18827 -0.38665 -0.60147
44.4 0.089559 0.16801 -0.55365 0.028224 -0.12302 -0.44042
44.6 0.17597 0.05586 -0.57898 0.23176 0.39033 -0.51438
44.8 0.16322 -0.20593 -0.69219 0.34069 0.45296 -0.57604
45 0.18708 -0.78828 -0.78641 0.61814 0.5657 -0.59072
45.2 0.26607 -1.6596 -0.78571 0.8448 -0.48791 -0.88428
45.4 0.1401 -2.4657 -0.81904 1.2139 -0.77573 -1.0115
45.6 -0.12451 -3.1242 -0.84593 1.4718 -1.1553 -0.9149
45.8 -0.23672 -3.6675 -0.78869 1.6825 -0.002093 -0.25644
46 -0.25403 -3.9586 -0.65048 1.8835 -0.18849 -0.17518
46.2 -0.27634 -3.5801 -0.57792 1.7433 -0.63642 -0.058962
46.4 -0.28429 -2.6967 -0.50754 1.5482 -1.0238 -0.075706
46.6 -0.13002 -1.5565 -0.39974 1.2533 -0.23182 0.069435
46.8 -0.1067 -0.62085 -0.4119 0.93726 0.2706 -0.058991
47 -0.069657 0.027849 -0.41652 0.4461 0.85626 -0.0466
47.2 0.052266 0.2159 -0.40235 0.10318 0.81591 -0.099753
47.4 0.19937 0.18345 -0.34968 -0.03904 0.63789 -0.30745
47.6 0.21164 0.19748 -0.40631 -0.074382 0.8029 -0.30538
47.8 0.27818 0.15885 -0.4532 -0.071863 0.94891 -0.26809
48 0.4245 -0.12019 -0.50879 0.10476 1.1255 -0.27662
48.2 0.42432 -0.68812 -0.6462 0.35759 0.78166 -0.559
48.4 0.3663 -1.5467 -0.78039 0.64316 0.15651 -0.77875
48.6 0.32752 -2.4637 -0.75659 0.84915 0.077703 -0.63307
48.8 0.27018 -3.3115 -0.68838 1.2736 0.029276 -0.54488
49 0.017539 -3.8314 -0.67564 1.4687 0.095189 -0.23962
49.2 -0.13655 -3.9691 -0.65757 1.6551 0.03787 0.063436
49.4 -0.12457 -3.6727 -0.53348 1.5249 -0.55871 0.11545
49.6 -0.059488 -2.8369 -0.43716 1.3347 -1.0231 -0.05482
49.8 -0.073188 -1.7152 -0.36725 0.86514 -0.83359 0.0030054
50 0.0178 -0.71124 -0.26334 0.36391 0.24882 0.23189
50.2 0.091837 -0.14955 -0.19794 0.10768 0.91191 0.18784
50.4 0.12895 0.16084 -0.25343 -0.076974 1.3 0.065368
50.6 0.21736 0.21676 -0.3284 -0.082945 1.2778 0.015278
50.8 0.38371 0.2107 -0.32197 -0.20207 0.78068 -0.10126
51 0.45068 0.15672 -0.34555 -0.21357 0.39158 -0.30269
51.2 0.43792 0.020203 -0.45248 -0.24715 0.52079 -0.27563
51.4 0.54786 -0.42416 -0.51379 -0.090873 1.1077 -0.21006
51.6 0.56168 -1.1424 -0.57363 0.341 0.86311 -0.48023
51.8 0.43727 -1.8866 -0.63002 0.72712 0.64878 -0.585
52 0.26345 -2.6508 -0.6564 1.0727 0.54873 -0.4927
52.2 0.23534 -3.3711 -0.57972 1.2919 0.32708 -0.31864
52.4 0.098712 -3.8676 -0.55244 1.4946 0.31724 -0.16091
52.6 -0.088299 -3.9381 -0.50608 1.5358 -0.048135 0.064494
52.8 -0.093366 -3.4961 -0.39936 1.5091 0.54007 0.45483
53 -0.051146 -2.6879 -0.27688 1.3482 0.18166 0.25198
53.2 -0.089698 -1.5302 -0.26435 0.82511 -0.038922 0.22158
53.4 -0.10184 -0.59254 -0.24645 0.28088 -0.19388 0.096276
53.6 0.10378 -0.065047 -0.15457 -0.048662 -0.19557 0.10904
53.8 0.18282 0.13456 -0.1931 -0.07642 0.24274 -0.027653
54 0.23663 0.23855 -0.26249 -0.14802 0.21748 -0.11453
54.2 0.29901 0.23245 -0.29633 -0.24351 0.36548 -0.08761
54.4 0.40532 0.12124 -0.30435 -0.28816 0.24364 -0.21368
54.6 0.41765 -0.17581 -0.43854 -0.19204 0.47716 -0.2739
54.8 0.48154 -0.78321 -0.51868 0.035451 0.47598 -0.36876
55 0.5773 -1.6284 -0.50636 0.49268 0.95059 -0.38849
55.2 0.46457 -2.3543 -0.48812 0.90488 0.58318 -0.54528
55.4 0.23454 -2.8191 -0.49017 1.1255 0.53131 -0.40379
55.6 0.20271 -2.7767 -0.38467 1.1062 0.26487 -0.17284
55.8 0.26379 -2.3579 -0.21459 1.1139 0.38365 -0.078692
56 0.22778 -1.4177 -0.16633 0.91246 0.9511 0.044822
56.2 0.21196 -0.57471 -0.14232 0.60261 1.5629 0.17579
56.4 0.291 0.045972 -0.11814 0.21369 1.5183 0.20338
56.6 0.37759 0.28343 -0.11762 -0.013258 1.3674 0.11448
56.8 0.35288 0.37709 -0.20471 -0.1685 1.1405 0.06185
57 0.46828 0.33022 -0.24488 -0.20551 1.5494 0.23081
57.2 0.55377 -0.04683 -0.3259 0.054315 1.3435 -0.035535
57.4 0.56055 -0.66 -0.43738 0.29098 0.94455 -0.24359
57.6 0.50009 -1.6721 -0.52671 0.60777 0.7559 -0.37941
57.8 0.51432 -2.7452 -0.45705 0.88243 0.22399 -0.37354
58 0.3551 -3.6373 -0.42125 1.323 0.079303 -0.32452
58.2 0.10108 -4.1681 -0.43981 1.5818 -0.087975 -0.082668
58.4 0.012235 -4.3669 -0.40613 1.7552 0.2828 0.30364
58.6 0.081397 -4.173 -0.28755 1.76 0.14226 0.33552
58.8 0.099224 -3.3962 -0.1928 1.4788 -0.095984 0.32837
59 0.031769 -2.3396 -0.16674 1.1494 -0.16946 0.26693
59.2 0.091844 -1.2577 -0.10971 0.72352 -0.056861 0.26216
59.4 0.079011 -0.43516 -0.15792 0.47747 0.58777 0.20433
59.6 0.077482 0.13022 -0.21207 0.10288 0.62393 0.091162
59.8 0.18538 0.29196 -0.25385 -0.07333 1.0104 0.086506
60 0.2938 0.14603 -0.26812 -0.15232 0.41001 -0.28987
60.2 0.35627 -0.2871 -0.38685 -0.085825 0.13717 -0.43878
60.4 0.38528 -1.1395 -0.45706 0.055091 0.11656 -0.50094
60.6 0.51893 -2.2746 -0.42249 0.48161 0.29463 -0.43562
60.8 0.3866 -3.4543 -0.43262 1.0091 0.5347 -0.32206
61 0.16942 -4.4382 -0.45184 1.4636 0.10433 -0.078649
61.2 0.028052 -4.9702 -0.41728 1.6438 -0.19725 0.30327
61.4 0.021534 -5.0408 -0.31799 1.8115 -1.1671 0.23791
61.6 -0.014195 -4.2557 -0.28852 1.6162 -1.0757 0.40313
61.8 -0.042161 -3.0835 -0.23936 1.3726 -0.90227 0.42963
62 0.0031565 -1.8269 -0.16363 1.0316 -0.032646 0.45799
62.2 -0.038098 -0.81246 -0.16693 0.56507 -0.31808 0.019715
62.4 -0.048026 -0.11715 -0.24317 0.094759 0.04233 -0.065482
62.6 0.081137 0.2206 -0.25519 -0.35227 0.099227 -0.042568
62.8 0.22222 0.24422 -0.2511 -0.31844 0.60285 -0.054874
63 0.24909 0.25555 -0.31523 -0.30435 0.97501 -0.14128
63.2 0.34922 -0.0044167 -0.36125 -0.20113 1.0203 -0.17237
63.4 0.47939 -0.63663 -0.37834 -0.029208 0.79497 -0.40644
63.6 0.46653 -1.5951 -0.45743 0.33303 -0.27901 -0.85584
63.8 0.30515 -2.6706 -0.52925 0.77178 -0.73043 -0.94384
64 0.23949 -3.6747 -0.4642 1.0856 -0.28973 -0.48325
64.2 0.14556 -4.5034 -0.35596 1.5973 -0.43632 -0.23803
64.4 -0.034332 -4.7216 -0.32868 1.7717 -0.64962 0.058505
64.6 -0.16069 -4.3489 -0.32728 1.8684 -0.63472 0.32207
64.8 -0.10032 -3.4663 -0.23381 1.6363 -0.80057 0.42692
65 -0.097748 -2.3292 -0.21252 1.3194 -0.43693 0.32612
65.2 -0.16691 -1.1059 -0.24807 0.71517 -0.35328 0.1809
65.4 -0.089486 -0.18398 -0.25726 0.27172 0.75532 0.29691
65.6 0.036174 0.15807 -0.21999 -0.09973 0.33743 -0.060195
65.8 0.093181 0.31526 -0.29014 -0.23068 -0.075553 -0.30756
66 0.085202 0.2339 -0.37463 -0.3467 -0.58578 -0.49653
66.2 0.33395 -0.097691 -0.38736 -0.12677 0.11072 -0.34073
66.4 0.38709 -0.77018 -0.46329 0.27563 0.26479 -0.56124
66.6 0.32205 -1.6969 -0.58534 0.66335 0.23574 -0.62588
66.8 0.1879 -2.7055 -0.5995 1.0304 -0.029486 -0.61313
67 0.079468 -3.6512 -0.50145 1.4419 -0.084296 -0.54041
67.2 -0.14629 -4.1887 -0.46571 1.6334 -0.4406 -0.36433
67.4 -0.30592 -4.3073 -0.44954 1.7741 -0.7019 -0.10461
67.6 -0.22713 -4.0009 -0.37694 1.7933 -0.040112 0.38042
67.8 -0.14599 -3.2794 -0.28543 1.678 -0.078509 0.36938
68 -0.139 -2.2736 -0.23386 1.2927 0.024281 0.317
68.2 -0.096018 -1.2284 -0.18627 0.76886 -0.0026049 0.23545
68.4 0.0081307 -0.52261 -0.15436 0.47059 0.33948 0.13714
68.6 0.016414 -0.017428 -0.22074 0.18523 0.60969 0.082386
68.8 0.077707 0.16414 -0.28014 -0.013681 0.30428 -0.066546
69 0.19233 0.11308 -0.3179 -0.084648 0.065025 -0.22082
69.2 0.28375 -0.24044 -0.44191 0.10414 -0.64427 -0.66126
69.4 0.2792 -0.87327 -0.58329 0.37191 -0.97556 -0.86313
69.6 0.31938 -1.7758 -0.63946 0.643 -0.92343 -0.84346
69.8 0.25726 -2.7634 -0.59838 1.1206 -0.82195 -0.91718
70 0.0005722 -3.4306 -0.61552 1.3993 -0.7637 -0.78342
70.2 -0.23053 -3.9016 -0.61109 1.627 -0.46896 -0.49767
70.4 -0.27567 -4.0434 -0.50287 1.6136 -0.69077 -0.20173
70.6 -0.20995 -3.6828 -0.40851 1.5947 -1.0367 -0.21216
70.8 -0.23658 -2.7355 -0.3564 1.3021 -0.94378 -0.12388
71 -0.13741 -1.4529 -0.29207 0.98735 0.22216 0.17201
71.2 -0.085168 -0.58129 -0.25759 0.67827 0.65845 0.028415
71.4 -0.043187 0.078295 -0.27928 0.2217 0.27243 -0.17554
71.6 -0.016385 0.26231 -0.34775 -0.098755 -0.081867 -0.35373
71.8 0.19738 0.33806 -0.33034 -0.30783 0.33016 -0.15997
72 0.31932 0.15181 -0.3997 -0.12384 0.93535 -0.15474
72.2 0.35086 -0.296 -0.5349 0.047187 1.0043 -0.20705
72.4 0.40356 -1.1283 -0.61093 0.35749 0.96261 -0.26592
72.6 0.38887 -2.1265 -0.62438 0.78554 0.30431 -0.61619
72.8 0.19966 -2.9864 -0.65741 1.1362 -0.30734 -0.68344
73 -0.085659 -3.6648 -0.66755 1.4057 -1.0081 -0.65223
73.2 -0.10425 -4.2042 -0.56517 1.5572 -0.53996 -0.2165
73.4 -0.14413 -4.4542 -0.48525 1.7578 -0.5976 -0.094576
73.6 -0.21092 -4.0795 -0.48461 1.7675 -0.61464 0.086569
73.8 -0.22033 -3.1595 -0.44476 1.5578 -1.0597 0.078071
74 -0.13594 -2.0601 -0.34219 1.1882 -1.3934 -0.1577
74.2 -0.12087 -0.95204 -0.32242 0.6426 -1.0098 -0.24418
74.4 -0.083033 -0.20072 -0.33038 0.1937 -0.71701 -0.29805
74.6 0.08501 0.15452 -0.32993 0.025576 0.50325 -0.088304
74.8 0.17592 0.22478 -0.36203 -0.041334 0.018043 -0.46136
75 0.19155 0.25407 -0.42305 -0.12788 -0.21365 -0.55199
75.2 0.2805 0.15108 -0.48361 -0.12702 0.063543 -0.43197
75.4 0.44857 -0.35479 -0.51176 0.1612 0.27297 -0.50761
75.6 0.39072 -1.0497 -0.65573 0.55378 0.47423 -0.6641
75.8 0.24967 -2.0099 -0.72159 0.88385 0.12707 -0.78385
76 0.12969 -2.965 -0.68441 1.1045 -0.22301 -0.71784
76.2 -0.017435 -3.7493 -0.63287 1.4422 -0.50365 -0.67523
76.4 -0.26102 -4.228 -0.64682 1.5503 -0.56336 -0.38247
76.6 -0.31114 -4.159 -0.59033 1.6195 0.0092442 0.16189
76.8 -0.22944 -3.6555 -0.44935 1.5219 -0.04176 0.28538
77 -0.20208 -2.534 -0.37959 1.2381 -0.62327 0.026727
77.2 -0.25491 -1.2827 -0.36688 0.73583 -0.77893 -0.18464
77.4 -0.10863 -0.22548 -0.30687 0.24464 -0.15051 -0.094028
77.6 0.00089092 0.18711 -0.2751 0.092647 0.028862 -0.3452
77.8 0.040245 0.4132 -0.32757 -0.044319 0.31749 -0.38482
78 0.086569 0.38175 -0.40064 -0.071699 0.47605 -0.36538
78.2 0.25618 0.13987 -0.40006 -0.067884 0.11333 -0.45737
78.4 0.34038 -0.42359 -0.48726 0.18393 0.09342 -0.59156
78.6 0.28981 -1.3772 -0.58206 0.48717 -0.17492 -0.76084
78.8 0.33347 -2.4932 -0.55492 0.89395 0.39903 -0.50159
79 0.26592 -3.6048 -0.46255 1.3212 -0.46336 -0.62048
79.2 0.057095 -4.3604 -0.43251 1.5889 -1.0632 -0.42064
79.4 -0.093103 -4.7807 -0.4313 1.8084 -0.92017 -0.0025174
79.6 0.013515 -4.8165 -0.27951 1.9133 -0.33681 0.39584
79.8 0.020581 -4.0986 -0.21427 1.9352 0.17386 0.46836
80 -0.054622 -2.9079 -0.18521 1.602 -0.022655 0.33702
80.2 -0.084509 -1.5052 -0.18518 1.069 0.49908 0.34508
80.4 0.007308 -0.53557 -0.15543 0.615 0.61855 0.12819
80.6 0.022105 0.048968 -0.24036 0.17781 0.78449 0.0041099
80.8 0.077349 0.29797 -0.32579 -0.032857 0.79928 -0.095027
81 0.20553 0.26374 -0.3729 -0.097829 1.0418 -0.13685
81.2 0.3109 -0.017011 -0.41491 -0.024168 0.45511 -0.46007
81.4 0.30823 -0.59729 -0.52635 0.1402 0.34682 -0.56996
81.6 0.37389 -1.4475 -0.51792 0.34025 0.10899 -0.59539
81.8 0.35572 -2.4488 -0.48737 0.83948 -0.05563 -0.73888
82 0.14455 -3.2247 -0.49342 1.2029 -0.5686 -0.78208
82.2 -0.086884 -3.861 -0.53725 1.5339 -0.55869 -0.51152
82.4 -0.13797 -4.2306 -0.47701 1.6311 -0.80135 -0.18194
82.6 -0.1223 -4.3607 -0.43364 1.8241 -0.64345 -0.061689
82.8 -0.16595 -3.8973 -0.43069 1.6757 -0.96069 -0.041445
83 -0.13166 -3.0566 -0.39599 1.4916 -0.28829 0.18378
83.2 -0.015807 -2.0984 -0.26725 1.1347 -0.80623 -0.059148
83.4 0.0072987 -1.1135 -0.24576 0.72035 -0.41377 -0.10048
83.6 0.011363 -0.38015 -0.28359 0.27039 -0.20882 -0.16472
83.8 0.17251 0.05748 -0.27478 0.03033 0.83652 0.040377
84 0.30052 0.14129 -0.31304 0.0015956 0.39431 -0.30052
84.2 0.31097 0.051581 -0.38294 -0.042337 0.22783 -0.44563
84.4 0.34562 -0.33968 -0.46373 -0.010835 -0.28294 -0.56078
84.6 0.51086 -1.1241 -0.4055 0.22301 0.088583 -0.55415
84.8 0.45664 -1.9714 -0.46257 0.68507 0.24438 -0.71198
85 0.22818 -2.7821 -0.54 1.0725 0.39637 -0.69379
85.2 0.095013 -3.4964 -0.50821 1.3084 0.4191 -0.35307
85.4 0.045984 -4.1287 -0.40374 1.6275 0.061058 -0.22582
85.6 -0.09217 -4.2202 -0.37657 1.6833 -0.31171 -0.071572
85.8 -0.18587 -3.7638 -0.36755 1.6882 -0.42924 0.046894
86 -0.18933 -2.802 -0.3222 1.4116 -0.61307 0.046085
86.2 -0.18336 -1.7259 -0.30335 1.0944 -0.733 -0.18564
86.4 -0.24667 -0.63978 -0.3926 0.56033 -0.16371 -0.12552
86.6 -0.12404 0.048988 -0.3883 0.082974 0.37198 0.0087935
86.8 0.054046 0.28636 -0.33519 -0.17713 0.58204 -0.12017
87 0.13101 0.35535 -0.36621 -0.31052 -0.36026 -0.48075
87.2 0.14786 0.19006 -0.46731 -0.25285 -0.37589 -0.50312
87.4 0.36559 -0.19908 -0.49347 -0.078694 -0.12046 -0.34033
87.6 0.44875 -0.98726 -0.51113 0.41111 0.084131 -0.56147
87.8 0.33331 -1.8458 -0.5792 0.73205 0.03816 -0.69373
88 0.1129 -2.781 -0.59747 1.0832 -0.069075 -0.66553
88.2 0.071002 -3.6377 -0.42853 1.2581 -0.55518 -0.55734
88.4 -0.075162 -4.2447 -0.34659 1.5999 -0.8444 -0.42604
88.6 -0.25622 -4.2549 -0.33061 1.6949 -1.0872 -0.15989
88.8 -0.30945 -3.6798 -0.30623 1.6525 -0.55529 0.17069
89 -0.22516 -2.7579 -0.23105 1.4322 -0.85457 0.0248
89.2 -0.22159 -1.5383 -0.23857 0.94772 -0.43491 -0.12959
89.4 -0.19649 -0.52822 -0.26639 0.50671 -0.23629 -0.22913
89.6 -0.061183 0.10092 -0.2294 0.15439 0.94828 -0.12077
89.8 0.0060816 0.36189 -0.24239 0.00078911 0.48214 -0.51319
90 0.021798 0.4708 -0.31312 -0.13659 0.24279 -0.6413
90.2 0.11916 0.47475 -0.34628 -0.21509 0.32289 -0.5883
90.4 0.33261 0.17727 -0.34685 -0.017054 0.54555 -0.59115
90.6 0.33907 -0.35839 -0.4578 0.2557 0.38734 -0.80728
90.8 0.29381 -1.2812 -0.55585 0.56784 0.061717 -0.97883
91 0.26865 -2.3529 -0.49083 0.78792 -0.26089 -1.0077
91.2 0.17949 -3.2453 -0.37056 1.1419 -0.21999 -0.91373
91.4 -0.069933 -3.9084 -0.26968 1.3691 -0.30728 -0.60588
91.6 -0.22008 -4.4531 -0.046924 1.4981 -0.33903 -0.11183
91.8 -0.22981 -4.9573 0.25394 1.6119 -0.46794 0.22311
92 -0.28985 -4.9367 0.44094 1.7368 -0.91127 0.19082
92.2 -0.44667 -4.2059 0.42376 1.7412 -1.1162 0.19164
92.4 -0.42135 -3.0808 0.41032 1.6189 -0.67673 0.30708
92.6 -0.36815 -2.0508 0.4211 1.4027 -0.8304 -0.085268
92.8 -0.30605 -1.0812 0.38248 0.88671 -0.97344 -0.31974
93 -0.26636 -0.34126 0.29459 0.41864 -0.87775 -0.51951
93.2 -0.049814 0.1222 0.28266 0.030774 -0.55321 -0.49792
93.4 0.018685 0.27659 0.1988 -0.013236 0.03302 -0.55969
93.6 0.01751 0.36928 0.078825 -0.12831 -0.056966 -0.66807
93.8 0.074102 0.3663 0.01459 -0.17977 0.41012 -0.54278
94 0.23375 0.28811 0.013485 -0.20341 0.15617 -0.62403
94.2 0.27694 0.043221 -0.089108 -0.15973 0.25587 -0.68136
94.4 0.31684 -0.5429 -0.19381 0.051392 0.039855 -0.77714
94.6 0.4221 -1.5092 -0.17311 0.32962 0.17865 -0.75282
94.8 0.34669 -2.4836 -0.12758 0.81314 -0.51517 -1.0173
95 0.07485 -3.2209 -0.12321 1.0528 -1.0331 -0.96364
95.2 -0.13452 -3.776 -0.072178 1.3273 -1.1169 -0.68782
95.4 -0.14763 -4.1298 0.063069 1.4737 -0.64688 -0.24361
95.6 -0.1545 -3.904 0.14525 1.5362 -0.89194 -0.23334
95.8 -0.20777 -3.1356 0.15464 1.3701 -1.0304 -0.12675
96 -0.12116 -2.0092 0.21602 1.0707 -0.95 -0.068254
96.2 -0.080298 -1.1053 0.21886 0.84542 -0.78123 -0.3272
96.4 -0.10303 -0.2433 0.14497 0.34071 -1.1326 -0.62574
96.6 -0.10114 0.19997 0.036901 -0.010407 -0.69911 -0.63836
96.8 0.090017 0.34696 0.022096 -0.27124 -0.50027 -0.54819
97 0.19817 0.014898 -0.086617 0.018173 0.38896 -0.5079
97.2 0.18155 -0.69562 -0.2559 0.32512 0.23733 -0.65377
97.4 0.1704 -1.778 -0.31902 0.75735 0.54838 -0.55884
97.6 0.11261 -2.9354 -0.21212 1.0781 -0.5063 -0.86611
97.8 -0.13556 -3.7603 -0.11776 1.2609 -1.2799 -0.85692
98 -0.42225 -4.253 -0.066089 1.4481 -2.0192 -0.73417
98.2 -0.39398 -4.3246 0.054643 1.5421 -1.2292 -0.081242
98.4 -0.32796 -4.0925 0.12724 1.6989 -1.1763 -0.068995
98.6 -0.32031 -3.3555 0.14038 1.4854 -1.2361 -0.039766
98.8 -0.27352 -2.5351 0.16604 1.1955 -1.3223 -0.17044
99 -0.09267 -1.8824 0.23277 0.96279 -0.7039 -0.12152
99.2 -0.027481 -1.4706 0.17192 0.8531 -0.30385 -0.27799
99.4 0.012388 -1.4095 0.058748 0.77515 -0.21205 -0.33219
99.6 0.12153 -1.9481 0.010246 0.6986 0.096499 -0.23479
99.8 0.15171 -2.9813 -0.0066911 1.0032 -0.20371 -0.43952
100 -0.039814 -4.0706 -0.057351 1.2657 -0.33071 -0.34812
100.2 -0.24011 -5.0407 0.02457 1.6098 -0.60896 -0.035559
100.4 -0.31987 -6.0346 0.31572 1.7732 -0.45066 0.48001
100.6 -0.4069 -6.8506 0.71122 2.0423 -0.91877 0.69882
100.8 -0.57583 -7.3698 1.0126 2.2316 -1.5754 0.90398
101 -0.65186 -7.1954 1.1357 2.3609 -2.0448 1.2192
101.2 -0.6633 -6.6955 0.98723 2.4553 -2.3317 1.1445
101.4 -0.71445 -5.7578 0.7089 2.3271 -2.2975 1.0265
101.6 -0.72503 -4.9086 0.5033 2.1382 -1.7025 0.94019
101.8 -0.49651 -4.0884 0.51222 1.7948 -1.4136 0.84565
102 -0.35839 -3.3824 0.43288 1.648 -1.4211 0.50004
102.2 -0.29946 -2.6126 0.28835 1.3047 -1.8476 0.20676
102.4 -0.2228 -1.9229 0.14734 1.1519 -1.3384 0.20099
102.6 -0.1091 -1.3794 0.078401 0.78668 -1.6707 -0.070269
102.8 -0.027121 -1.0083 -0.031704 0.5246 -1.8093 -0.24501
103 -0.013009 -0.91125 -0.15352 0.28872 -2.162 -0.41691
103.2 0.16718 -1.2453 -0.18995 0.40782 -1.5309 -0.33989
103.4 0.093766 -1.8612 -0.26089 0.77796 -1.4475 -0.62414
103.6 -0.1768 -2.613 -0.34407 1.0679 -1.6956 -0.82347
103.8 -0.41382 -3.2409 -0.32442 1.2906 -1.8153 -0.7237
104 -0.34909 -3.7726 -0.16688 1.4667 -1.7206 -0.50975
104.2 -0.31626 -3.5758 -0.10636 1.6136 -1.2763 -0.23057
104.4 -0.30896 -2.8921 -0.11441 1.5062 -0.95777 -0.038226
104.6 -0.27852 -1.7708 -0.09963 1.1246 -0.38466 0.15024
104.8 -0.23854 -0.87564 -0.10472 0.67638 -0.53818 -0.1118
105 -0.24665 -0.23095 -0.18143 0.24462 -0.38458 -0.23973
105.2 -0.14479 0.067218 -0.24824 0.045345 -0.13 -0.26978
105.4 0.036646 0.032989 -0.25467 -0.014692 0.11918 -0.40769
105.6 0.132 -0.27706 -0.31887 0.074643 -0.51327 -0.73373
105.8 0.10916 -0.93134 -0.41487 0.26791 -0.9861 -0.98939
106 0.14264 -1.7881 -0.38668 0.41608 -1.3391 -1.0552
106.2 0.045507 -2.6862 -0.31656 0.83427 -1.4327 -1.1858
106.4 -0.20558 -3.3453 -0.28163 1.0823 -1.4622 -1.0621
106.6 -0.40579 -3.74 -0.26477 1.4063 -1.1406 -0.62176
106.8 -0.33261 -3.7849 -0.11348 1.3936 -1.0469 -0.18084
107 -0.23161 -3.3713 -0.0032004 1.3901 -1.3165 -0.2318
107.2 -0.23233 -2.3681 -0.007587 1.0772 -1.548 -0.29532
107.4 -0.18663 -1.2785 -0.045761 0.78472 -0.84278 -0.1843
107.6 -0.03982 -0.53497 -0.010982 0.35967 -1.1833 -0.36243
107.8 0.039119 -0.11441 -0.067033 0.029442 -1.0079 -0.40037
108 0.072972 0.050867 -0.16231 -0.17729 -1.123 -0.47407
108.2 0.23198 -0.00058443 -0.21489 -0.11209 -0.53108 -0.34476
108.4 0.3282 -0.34351 -0.31126 0.087952 -1.1828 -0.78043
108.6 0.26588 -0.93261 -0.43503 0.30266 -1.7707 -1.0689
108.8 0.16607 -1.7138 -0.48968 0.55155 -1.806 -1.1597
109 0.15985 -2.642 -0.3597 0.91461 -0.81487 -0.83438
109.2 -0.035242 -3.2765 -0.30735 1.3089 -0.66154 -0.82858
109.4 -0.29771 -3.5316 -0.30607 1.3901 -1.0146 -0.65779
109.6 -0.34246 -3.2744 -0.24841 1.3449 -1.23 -0.42491
109.8 -0.25111 -2.6975 -0.13741 1.2648 -1.4555 -0.42279
110 -0.21921 -1.7822 -0.13999 1.0332 -1.4646 -0.5528
110.2 -0.25294 -0.82969 -0.2087 0.63465 -1.237 -0.55851
110.4 -0.098832 -0.10179 -0.20179 0.15849 -0.74161 -0.39889
110.6 -0.00014558 0.095628 -0.21081 0.072733 -0.70727 -0.57551
110.8 0.016025 0.28355 -0.29678 -0.03858 -1.0906 -0.7433
111 0.023004 0.32701 -0.38743 -0.078118 -1.0766 -0.79574
111.2 0.24326 0.37425 -0.35657 -0.087678 -0.40984 -0.66827
111.4 0.31878 0.29691 -0.40517 0.07508 -0.10039 -0.83055
111.6 0.30006 0.15104 -0.49483 0.054592 -0.30202 -0.82803
111.8 0.36539 -0.3285 -0.52899 0.10043 -0.62332 -0.87116
112 0.55143 -1.1579 -0.4397 0.32655 -0.78716 -1.0168
112.2 0.4432 -2.0119 -0.44609 0.67731 -0.92486 -1.2036
112.4 0.18749 -2.7864 -0.4654 1.0196 -1.1227 -1.1866
112.6 0.026468 -3.4021 -0.39995 1.2277 -0.95839 -0.76553
112.8 -0.015758 -3.9974 -0.26451 1.5546 -1.1756 -0.59459
113 -0.14845 -3.9719 -0.23459 1.6249 -1.109 -0.29192
113.2 -0.25334 -3.4149 -0.24618 1.6092 -1.5727 -0.24001
113.4 -0.16925 -2.346 -0.20047 1.2958 -1.2566 -0.033795
113.6 -0.13689 -1.2999 -0.21718 1.1381 -0.88949 -0.32918
113.8 -0.18985 -0.36332 -0.34803 0.67711 -0.4167 -0.38332
114 -0.18705 0.18197 -0.4517 0.2703 0.14457 -0.42375
114.2 -0.0018039 0.34573 -0.45021 -0.068111 -0.31348 -0.54575
114.4 0.094231 0.35208 -0.47265 -0.074976 -0.35364 -0.72897
114.6 0.066921 0.3681 -0.56772 -0.037629 -0.50213 -0.82423
114.8 0.15147 0.34218 -0.62926 0.0014326 0.13852 -0.65582
115 0.29646 0.10664 -0.61183 0.087756 -0.50164 -0.93773
115.2 0.27894 -0.36391 -0.69661 0.27525 -0.43794 -0.98635
115.4 0.2312 -1.1093 -0.7297 0.53103 -0.91105 -1.164
115.6 0.22087 -2.0034 -0.61823 0.80853 -0.53509 -1.0625
115.8 0.11552 -2.8197 -0.48036 1.1322 -1.3874 -1.3736
116 -0.17341 -3.3266 -0.44274 1.25 -1.9805 -1.2597
116.2 -0.34198 -3.4979 -0.41308 1.4189 -2.0746 -0.97884
116.4 -0.29261 -3.4745 -0.26497 1.3883 -2.015 -0.66336
116.6 -0.27835 -2.8715 -0.19521 1.3121 -2.1489 -0.71227
116.8 -0.31879 -1.9138 -0.19779 0.93193 -2.2128 -0.67634
117 -0.23698 -0.82349 -0.20451 0.53752 -1.5516 -0.44838
117.2 -0.13505 -0.21349 -0.2247 0.35086 -0.87262 -0.47796
117.4 -0.10327 0.21474 -0.3055 0.16981 -0.13279 -0.43245
117.6 -0.054537 0.35893 -0.38069 -0.006428 -0.12198 -0.49357
117.8 0.12071 0.44983 -0.37244 -0.20749 0.096926 -0.41816
118 0.20062 0.4136 -0.38665 -0.18763 0.12817 -0.55175
118.2 0.1778 0.39044 -0.4729 -0.15586 0.52728 -0.51836
118.4 0.28381 0.11686 -0.5136 -0.0012974 0.94254 -0.39398
118.6 0.43256 -0.50882 -0.51382 0.22198 0.056183 -0.8469
118.8 0.41599 -1.2041 -0.57995 0.48765 -0.18911 -1.0363
119 0.26038 -1.9525 -0.63105 0.81279 -0.44811 -1.1566
119.2 0.2472 -2.6894 -0.52067 1.0706 0.1823 -0.7234
119.4 0.13114 -3.3401 -0.4339 1.4166 -0.033212 -0.71001
119.6 -0.10582 -3.5934 -0.4061 1.4738 -0.50879 -0.52289
119.8 -0.25563 -3.3771 -0.36401 1.4961 -0.71984 -0.33021
120 -0.16485 -2.791 -0.25736 1.4503 -0.36846 -0.14208
120.2 -0.15187 -1.7873 -0.23939 1.2256 -0.4573 -0.29093
120.4 -0.1834 -0.74695 -0.29037 0.759 -0.1281 -0.29559
120.6 -0.069631 -0.033269 -0.27641 0.22625 -0.1048 -0.26762
120.8 0.11831 0.22187 -0.24183 -0.011519 0.082854 -0.36337
121 0.17397 0.33489 -0.31833 -0.16442 0.2045 -0.38054
121.2 0.23867 0.27172 -0.39029 -0.11396 0.24423 -0.39911
121.4 0.33429 -0.054344 -0.44535 -0.0456 0.099729 -0.51333
121.6 0.29635 -0.66831 -0.54329 0.24689 -0.82865 -1.0205
121.8 0.11306 -1.4328 -0.6691 0.49729 -1.3739 -1.2652
122 -0.0031598 -2.2412 -0.66197 0.84622 -0.85687 -1.0106
122.2 -0.11098 -3.0804 -0.57031 1.2974 -0.6402 -0.95236
122.4 -0.32499 -3.4918 -0.56733 1.6295 -0.63633 -0.77525
122.6 -0.51346 -3.4131 -0.56392 1.6929 -1.1693 -0.62986
122.8 -0.42706 -2.7592 -0.46612 1.5568 -1.1255 -0.34331
123 -0.36944 -1.86 -0.41755 1.4296 -1.1314 -0.46675
123.2 -0.3939 -0.83438 -0.45659 1.0092 -0.80527 -0.56177
123.4 -0.37516 -0.09138 -0.53391 0.62429 -0.24134 -0.51491
123.6 -0.20392 0.18279 -0.50259 0.15084 -0.43565 -0.62698
123.8 -0.084233 0.27826 -0.54019 -0.026832 -0.41664 -0.68196
124 -0.063402 0.32154 -0.62127 -0.087845 -0.62166 -0.77037
124.2 0.10447 0.21269 -0.64253 0.019972 -0.049782 -0.54514
124.4 0.19622 -0.21591 -0.70264 0.26902 -0.582 -0.92476
124.6 0.13986 -0.89603 -0.81443 0.51341 -0.88099 -1.1482
124.8 0.058344 -1.7868 -0.86152 0.82082 -0.73901 -1.1781
125 0.045944 -2.673 -0.76545 1.1903 -0.43123 -1.0188
125.2 -0.13588 -3.3624 -0.7006 1.5037 -0.81274 -0.96916
125.4 -0.35511 -3.6769 -0.6565 1.5751 -1.5735 -0.76806
125.6 -0.42127 -3.495 -0.58162 1.4957 -1.7089 -0.51901
125.8 -0.32622 -2.926 -0.47365 1.4695 -1.8284 -0.53426
126 -0.31272 -1.83 -0.46546 1.0834 -1.4793 -0.53149
126.2 -0.24806 -0.79849 -0.47601 0.73783 -0.95602 -0.44129
126.4 -0.089759 -0.077046 -0.43411 0.20623 -0.68063 -0.40742
126.6 0.030464 0.17862 -0.44186 -0.030879 -1.0922 -0.67702
126.8 0.068211 0.26516 -0.50076 -0.22533 -1.2936 -0.7973
127 0.18162 0.29451 -0.50766 -0.2825 -0.48886 -0.61008
127.2 0.27421 0.2058 -0.50427 -0.072062 0.35307 -0.58885
127.4 0.26719 0.19973 -0.54686 -0.0018839 1.2692 -0.52449
127.6 0.30009 -0.071451 -0.6229 0.039818 1.2195 -0.53559
127.8 0.42705 -0.58826 -0.58767 0.024301 0.91784 -0.58137
128 0.4228 -1.3286 -0.61397 0.40028 0.63688 -0.80761
128.2 0.26696 -2.0204 -0.64993 0.66755 0.26495 -0.91721
128.4 0.17771 -2.6717 -0.6613 1.0026 0.92024 -0.56542
128.6 0.071712 -3.2596 -0.61069 1.2033 0.37125 -0.60812
128.8 -0.10275 -3.4763 -0.58864 1.2983 0.057824 -0.42615
129 -0.24495 -3.2447 -0.53158 1.3106 -0.59821 -0.37386
129.2 -0.1365 -2.525 -0.40331 1.1638 -0.67578 -0.18107
129.4 -0.070733 -1.66 -0.36499 1.0192 -0.83184 -0.40984
129.6 -0.070151 -0.71135 -0.39942 0.50806 -0.86498 -0.52666
129.8 0.0033177 -0.11637 -0.40921 0.08106 -0.20924 -0.36992
130 0.20442 0.15229 -0.32215 -0.21371 -0.12392 -0.3637
130.2 0.25463 0.27719 -0.3776 -0.21566 0.84062 -0.22431
130.4 0.29738 0.34126 -0.42814 -0.29659 0.52543 -0.32069
130.6 0.39597 0.30868 -0.46393 -0.19538 1.2604 -0.26296
130.8 0.45714 0.15254 -0.51697 -0.12929 0.089897 -0.75033
131 0.45714 -0.19775 -0.63502 -0.066123 -0.024598 -0.79743
131.2 0.4786 -0.82304 -0.68001 0.082587 -0.29485 -0.84958
131.4 0.57225 -1.6708 -0.59868 0.452 0.14269 -0.82606
131.6 0.38301 -2.3075 -0.62677 0.82835 0.36983 -0.86092
131.8 0.13518 -2.8553 -0.65333 1.0853 0.31937 -0.75151
132 0.031586 -3.2701 -0.61697 1.1953 -0.10452 -0.48292
132.2 0.01606 -3.413 -0.48054 1.3285 -0.62085 -0.50808
132.4 -0.064234 -2.9668 -0.39364 1.2278 -0.98452 -0.42439
132.6 -0.054033 -2.0696 -0.33272 1.0869 -0.17858 -0.12303
132.8 -0.0022371 -1.1416 -0.28269 0.8056 0.34637 -0.044272
133 0.029999 -0.40592 -0.33043 0.48922 0.39764 -0.2089
133.2 0.020145 0.030374 -0.40759 0.09984 0.069287 -0.37383
133.4 0.19898 0.29159 -0.40834 -0.15806 0.24817 -0.26835
133.6 0.30181 0.26005 -0.43038 -0.13728 0.26169 -0.51235
133.8 0.32494 0.12253 -0.53142 -0.15421 -0.054186 -0.67104
134 0.32828 -0.43448 -0.63179 -0.020397 -0.061812 -0.71128
134.2 0.45957 -1.2779 -0.5782 0.14606 -0.49856 -0.83198
134.4 0.41994 -2.1364 -0.58403 0.64824 0.19776 -0.78409
134.6 0.21249 -2.877 -0.61511 0.96381 0.024093 -0.74282
134.8 0.04982 -3.5169 -0.60153 1.3093 0.52594 -0.26442
135 -0.015798 -3.9795 -0.47013 1.4265 -0.19999 -0.26536
135.2 -0.11105 -3.8973 -0.37808 1.4531 -0.43012 -0.10292
135.4 -0.20917 -3.2512 -0.33116 1.3812 -0.82286 -0.071219
135.6 -0.13492 -2.234 -0.27742 1.2432 -0.0094954 0.23505
135.8 -0.12703 -1.2108 -0.27306 0.91794 -0.45472 -0.17204
136 -0.15195 -0.33927 -0.35888 0.39669 -0.40121 -0.23321
136.2 -0.046348 0.12359 -0.39965 0.0071292 -0.26546 -0.30419
136.4 0.17484 0.27122 -0.38072 -0.057094 0.45542 -0.25719
136.6 0.20953 0.31248 -0.4682 0.0086574 0.81916 -0.42292
136.8 0.20438 0.32578 -0.53142 -0.0092341 0.73584 -0.54204
137 0.29313 0.20126 -0.56929 -0.065311 0.58947 -0.46574
137.2 0.42855 -0.27661 -0.59131 0.22243 0.32749 -0.65302
137.4 0.34536 -0.88825 -0.71977 0.44678 0.26383 -0.71122
137.6 0.26477 -1.7279 -0.74547 0.81056 0.61118 -0.63901
137.8 0.1938 -2.5772 -0.6204 0.9729 0.26934 -0.64933
138 0.026022 -3.2651 -0.53409 1.3423 -0.37061 -0.75394
138.2 -0.24835 -3.7107 -0.53543 1.4773 -0.9401 -0.66115
138.4 -0.28985 -3.7643 -0.47644 1.642 -0.37531 -0.12641
138.6 -0.22772 -3.3473 -0.39751 1.6163 -0.28294 -0.056719
138.8 -0.21378 -2.3337 -0.35222 1.2929 -0.54263 -0.11651
139 -0.2803 -1.1397 -0.36787 0.79678 -0.57204 -0.22504
139.2 -0.088334 -0.21096 -0.30774 0.29511 -0.0099706 -0.088587
139.4 0.035924 0.17901 -0.33237 0.17154 0.3997 -0.28131
139.6 0.10871 0.37483 -0.41561 -0.026113 -0.067398 -0.52998
139.8 0.15926 0.29948 -0.47923 -0.14024 -0.38168 -0.61261
140 0.30827 -0.019741 -0.49287 -0.10072 -0.87256 -0.7847
140.2 0.27926 -0.60742 -0.61444 0.23632 -0.38208 -0.78403
140.4 0.16533 -1.4547 -0.74627 0.62946 -0.31472 -0.90324
140.6 0.12268 -2.3952 -0.72068 1.024 0.47619 -0.642
140.8 0.019025 -3.2749 -0.65527 1.4074 -0.22019 -0.79149
141 -0.2322 -3.7946 -0.65978 1.5193 -0.77263 -0.56056
141.2 -0.36518 -3.9015 -0.62625 1.6201 -0.87159 -0.21833
141.4 -0.2693 -3.6604 -0.4788 1.6209 -0.63089 0.029603
141.6 -0.27523 -2.764 -0.45496 1.4862 -0.50746 -0.044352
141.8 -0.32902 -1.6707 -0.45776 1.0418 -0.62035 -0.22635
142 -0.26296 -0.66088 -0.46207 0.53499 -0.40628 -0.21928
142.2 -0.11339 -0.11939 -0.41762 0.24039 -0.089337 -0.33382
142.4 -0.041504 0.17703 -0.49287 0.084354 0.32115 -0.33093
142.6 0.041641 0.23716 -0.56211 0.042755 0.57907 -0.29576
142.8 0.18234 0.029146 -0.57674 -0.0012233 0.36687 -0.41555
143 0.22329 -0.48976 -0.66753 0.23314 -0.15576 -0.72984
143.2 0.11839 -1.2904 -0.8184 0.54443 -0.58291 -0.94938
143.4 0.10543 -2.2082 -0.82224 0.88611 -0.088702 -0.79135
143.6 -0.012989 -3.0935 -0.80428 1.3774 0.081215 -0.76182
143.8 -0.24188 -3.6442 -0.77408 1.6205 -0.0060712 -0.56052
144 -0.45078 -3.8985 -0.77503 1.8214 -0.064921 -0.24926
144.2 -0.38885 -3.7281 -0.58539 1.6785 -0.60891 -0.026842
144.4 -0.33377 -3.1325 -0.4779 1.5913 -0.60603 -0.097501
144.6 -0.37497 -2.0206 -0.45086 1.1872 -0.72036 -0.18936
144.8 -0.33747 -0.9069 -0.46698 0.78054 0.47458 0.027314
145 -0.15453 -0.20814 -0.39312 0.30373 0.3512 -0.10338
145.2 -0.060404 0.19171 -0.42052 0.069016 0.77886 -0.093457
145.4 -0.018664 0.34457 -0.47339 -0.12956 0.27462 -0.26481
145.6 0.10512 0.36284 -0.49229 -0.071211 0.90015 -0.19355
145.8 0.16343 0.29428 -0.52478 -0.067925 0.081961 -0.6357
146 0.17826 0.041432 -0.62471 -0.054468 -0.1798 -0.73823
146.2 0.22437 -0.5412 -0.67339 0.076414 -0.28797 -0.83207
146.4 0.38002 -1.4292 -0.61393 0.44081 -0.36384 -0.90966
146.6 0.26593 -2.2153 -0.63418 0.87814 -0.52482 -1.0313
146.8 0.024692 -2.8891 -0.65423 1.2515 -0.73858 -0.973
147 -0.11431 -3.4564 -0.58169 1.4273 -0.94049 -0.69243
147.2 -0.1916 -3.85 -0.48278 1.7337 -0.73603 -0.56118
147.4 -0.29689 -3.7225 -0.43647 1.722 -0.68872 -0.32183
147.6 -0.29624 -3.1103 -0.41119 1.6919 -0.20291 0.0010619
147.8 -0.22582 -2.2253 -0.33638 1.3677 -0.44456 0.0055814
148 -0.20793 -1.2233 -0.34886 1.0042 -0.94104 -0.28973
148.2 -0.25404 -0.39471 -0.44848 0.53619 -1.0162 -0.45113
148.4 -0.079288 0.19393 -0.46898 0.17468 -0.14518 -0.24992
148.6 0.062436 0.33107 -0.49292 0.082355 -0.074981 -0.48682
148.8 0.098485 0.4192 -0.519 -0.049571 -0.21898 -0.65549
149 0.10099 0.37518 -0.5891 -0.090588 0.21343 -0.6006
149.2 0.26702 0.14104 -0.57981 -0.079537 0.48501 -0.57428
149.4 0.32019 -0.31455 -0.67697 0.27379 0.84396 -0.63068
149.6 0.22041 -1.0005 -0.79118 0.54222 0.35121 -0.823
149.8 0.16375 -1.8447 -0.81639 0.85061 0.27008 -0.75276
150 0.11014 -2.6484 -0.69951 1.0478 -0.56208 -0.92287
150.2 -0.077664 -3.2296 -0.67435 1.2987 -1.079 -0.88158
150.4 -0.3209 -3.5368 -0.6523 1.4892 -1.6371 -0.74405
150.6 -0.25752 -3.4693 -0.55141 1.5924 -0.47942 -0.18824
150.8 -0.19878 -2.9889 -0.42787 1.5386 -1.0274 -0.3676
151 -0.23097 -2.0368 -0.40908 1.1834 -0.87305 -0.25524
151.2 -0.24232 -1.0692 -0.39756 0.76299 -1.0632 -0.30513
151.4 -0.10465 -0.34624 -0.33901 0.40988 -0.36818 -0.25614
151.6 -0.02697 0.069255 -0.40338 0.21116 -0.03685 -0.39835
151.8 0.051704 0.25452 -0.47266 0.030052 0.18116 -0.43447
152 0.15857 0.2763 -0.50091 -0.11527 0.038094 -0.50241
152.2 0.27649 0.15375 -0.51416 -0.026832 -0.032616 -0.6119
152.4 0.28601 -0.14736 -0.62066 0.076395 0.0027101 -0.65725
152.6 0.3858 -0.84831 -0.63771 0.33521 0.3743 -0.53254
152.8 0.45502 -1.8501 -0.58557 0.6866 0.58099 -0.61967
153 0.31212 -2.7668 -0.56003 1.1135 0.058359 -0.84411
153.2 0.038096 -3.511 -0.55705 1.413 -0.29667 -0.76549
153.4 -0.083189 -4.085 -0.46752 1.5635 -0.53455 -0.38953
153.6 -0.12165 -4.3935 -0.35167 1.7664 -1.0695 -0.26944
153.8 -0.17935 -4.0161 -0.34089 1.7445 -1.2257 -0.11134
154 -0.28751 -3.015 -0.35468 1.611 -1.0739 -0.06325
154.2 -0.20847 -1.7137 -0.30666 1.1196 -0.71304 -0.030211
154.4 -0.17964 -0.65213 -0.32349 0.68548 -0.031024 -0.11114
154.6 -0.11314 0.081351 -0.36984 0.1075 0.11482 -0.16782
154.8 0.078179 0.37719 -0.38181 -0.11339 0.89995 -0.073466
155 0.21873 0.39047 -0.36995 -0.19175 0.53138 -0.38761
155.2 0.29227 0.37608 -0.45388 -0.27278 0.087525 -0.58814
155.4 0.31789 0.081653 -0.5583 -0.2767 -0.14664 -0.67003
155.6 0.49868 -0.48157 -0.56186 -0.11686 0.17033 -0.64044
155.8 0.47427 -1.3146 -0.60643 0.38891 0.72201 -0.71872
156 0.29613 -2.1989 -0.62154 0.75045 0.3522 -0.77037
156.2 0.133 -3.037 -0.57033 1.0759 0.068853 -0.56302
156.4 0.069328 -3.8585 -0.4084 1.4275 -0.73374 -0.61077
156.6 -0.11952 -4.1225 -0.37844 1.5365 -0.26988 -0.15057
156.8 -0.20683 -3.9628 -0.33939 1.6377 -0.33001 0.13733
157 -0.1592 -3.2835 -0.31265 1.6452 0.42174 0.49876
157.2 -0.13886 -2.2668 -0.29101 1.4092 -0.38936 0.1537
157.4 -0.1653 -1.1448 -0.3032 0.88433 -0.34448 0.04624
157.6 -0.086913 -0.34051 -0.3067 0.36596 -0.07889 0.047879
157.8 0.12509 0.054827 -0.27315 0.071539 0.60678 0.079644
158 0.19615 0.25619 -0.35883 -0.04907 1.0123 0.035699
158.2 0.28399 0.25917 -0.41335 -0.14218 0.90753 -0.001232
158.4 0.40488 -0.037754 -0.45276 0.024274 1.0495 -0.10153
158.6 0.42177 -0.65436 -0.55053 0.32751 0.39068 -0.51327
158.8 0.34372 -1.5122 -0.62843 0.67314 0.10703 -0.74711
159 0.28789 -2.52 -0.56002 0.88958 0.04027 -0.67639
159.2 0.19493 -3.5368 -0.39955 1.2727 -0.031535 -0.62895
159.4 -0.059666 -4.1801 -0.32741 1.5119 -0.34692 -0.40725
159.6 -0.24103 -4.4644 -0.31854 1.779 -0.065092 0.060728
159.8 -0.22594 -4.2481 -0.26036 1.721 -0.76385 0.23109
160 -0.17768 -3.5095 -0.23662 1.6611 -0.57327 0.21077
160.2 -0.23492 -2.3875 -0.24888 1.1993 -0.79069 0.065454
160.4 -0.1767 -1.2213 -0.23871 0.80062 0.11629 0.23042
160.6 -0.095546 -0.51126 -0.2614 0.51045 0.30606 0.0065972
160.8 -0.030361 0.018751 -0.33136 0.18543 0.15754 -0.21771
161 0.037038 0.20519 -0.42428 0.0085333 0.83013 -0.16763
161.2 0.25745 0.24332 -0.39289 -0.21297 0.88101 -0.13392
161.4 0.38195 -0.069805 -0.46728 0.081183 1.4753 -0.20162
161.6 0.3546 -0.68724 -0.60166 0.32413 1.0824 -0.43735
161.8 0.33952 -1.6737 -0.65272 0.69099 1.0234 -0.46361
162 0.3241 -2.7954 -0.51215 1.0096 -0.34028 -0.83706
162.2 0.1195 -3.6099 -0.42054 1.268 -0.82917 -0.74357
162.4 -0.14468 -4.2389 -0.35936 1.5255 -1.152 -0.5773
162.6 -0.19372 -4.5331 -0.2537 1.6741 -0.74456 -0.0703
162.8 -0.20414 -4.5051 -0.20063 1.8907 -0.97464 -0.029788
163 -0.27268 -3.7105 -0.20407 1.7851 -1.2185 0.0087185
163.2 -0.32156 -2.6171 -0.24123 1.5121 -1.2723 -0.04405
163.4 -0.23615 -1.5335 -0.19651 1.0845 -0.9444 -0.17229
163.6 -0.23914 -0.64786 -0.3065 0.71917 -0.78575 -0.39817
163.8 -0.25827 -0.077379 -0.44487 0.39421 -0.47635 -0.47144
164 -0.17123 0.17689 -0.51303 0.12509 -0.31127 -0.42764
164.2 -0.071879 0.13064 -0.5402 0.12181 -0.62764 -0.68528
164.4 -0.074997 -0.0011126 -0.654 0.142 -0.73698 -0.79742
164.6 -0.035924 -0.404 -0.77846 0.37359 -0.8652 -0.89015
164.8 0.024312 -1.1588 -0.83903 0.70194 -0.4277 -0.95329
165 -0.091629 -1.9591 -0.88085 1.1267 -0.91087 -1.2661
165.2 -0.38465 -2.7374 -0.92694 1.5036 -1.0559 -1.3006
165.4 -0.57172 -3.329 -0.82633 1.6508 -1.348 -1.0088
165.6 -0.67637 -3.8624 -0.71537 2.0182 -1.3332 -0.82402
165.8 -0.80993 -3.8539 -0.66613 2.0689 -1.8251 -0.72373
166 -0.90461 -3.3086 -0.68923 2.1348 -1.8755 -0.53196
166.2 -0.77581 -2.3802 -0.62326 1.8662 -1.5875 -0.35663
166.4 -0.69335 -1.4467 -0.61314 1.6868 -1.1869 -0.48263
166.6 -0.68068 -0.54403 -0.67558 1.1796 -0.95748 -0.64753
166.8 -0.63438 -0.0017602 -0.72357 0.79441 -0.52151 -0.6551
167 -0.38529 0.22993 -0.66067 0.45612 -0.42258 -0.67366
167.2 -0.28367 0.28832 -0.71206 0.38295 -0.22714 -0.72768
167.4 -0.25965 0.31558 -0.79877 0.30114 -0.58325 -0.8586
167.6 -0.12159 0.22215 -0.84359 0.32279 -0.6793 -0.84062
167.8 -0.0041342 -0.13382 -0.85997 0.41393 -1.6768 -1.2339
168 -0.038298 -0.70337 -0.94391 0.56703 -2.1254 -1.4303
168.2 -0.12904 -1.4513 -0.96641 0.80746 -2.559 -1.6034
168.4 -0.16417 -2.3701 -0.87361 1.2216 -1.6169 -1.3655
168.6 -0.34844 -3.0509 -0.79399 1.6363 -1.496 -1.2519
168.8 -0.60617 -3.5489 -0.76343 1.8523 -1.5821 -1.0282
169 -0.66886 -3.7314 -0.66852 1.8826 -1.3026 -0.49883
169.2 -0.58151 -3.7515 -0.54512 1.9949 -1.4708 -0.37881
169.4 -0.5559 -3.1149 -0.5342 1.8168 -1.3218 -0.2924
169.6 -0.59571 -2.0939 -0.58717 1.5744 -1.2403 -0.36564
169.8 -0.53599 -1.0552 -0.61095 1.0748 -0.84917 -0.43675
170 -0.4447 -0.40125 -0.63019 0.70078 -0.83219 -0.60369
170.2 -0.36445 0.014186 -0.68548 0.33136 -0.65059 -0.63754
170.4 -0.14877 0.23362 -0.68218 0.13993 -0.29437 -0.46382
170.6 -0.0051467 0.19595 -0.6844 0.20376 -0.46963 -0.712
170.8 0.066248 0.080003 -0.71824 0.22094 -1.0562 -0.93151
171 0.070239 -0.42173 -0.78817 0.35185 -1.1601 -1.0584
171.2 0.21205 -1.1894 -0.75241 0.51736 -1.0397 -0.97859
171.4 0.17246 -2.1741 -0.76644 0.99334 -0.60438 -1.027
171.6 -0.023143 -3.0017 -0.78577 1.2738 -0.78321 -0.94923
171.8 -0.18299 -3.7592 -0.73912 1.5821 -0.65708 -0.60625
172 -0.25951 -4.3338 -0.6501 1.8272 -0.85914 -0.40095
172.2 -0.32493 -4.3978 -0.58318 1.8726 -1.2852 -0.1906
172.4 -0.40317 -3.8844 -0.55242 1.7995 -1.3939 -0.030536
172.6 -0.27339 -2.8779 -0.42549 1.5109 -1.1645 0.079937
172.8 -0.23953 -1.8163 -0.37585 1.2977 -0.80886 -0.15222
173 -0.23859 -0.79046 -0.40674 0.80396 -0.6341 -0.30648
173.2 -0.13888 -0.19498 -0.44855 0.50281 0.32445 -0.14851
173.4 0.055936 0.061785 -0.42426 0.21376 0.41487 -0.16986
173.6 0.14822 0.16057 -0.46622 0.059508 0.48875 -0.21184
173.8 0.1965 0.19576 -0.50098 -0.067827 -0.21096 -0.45124
174 0.32382 0.14914 -0.50746 0.034916 0.55276 -0.39976
174.2 0.38532 -0.1043 -0.59374 0.29817 0.42951 -0.69541
174.4 0.3699 -0.59357 -0.68248 0.41105 0.079299 -0.8596
174.6 0.39951 -1.3878 -0.70271 0.53718 -0.12677 -0.8273
174.8 0.43204 -2.3045 -0.62159 0.90374 0.015331 -0.85921
175 0.23834 -2.9688 -0.64689 1.1735 0.1734 -0.7228
175.2 0.018659 -3.5677 -0.64995 1.4471 0.32887 -0.41014
175.4 -0.075169 -4.0023 -0.57068 1.5598 0.14091 -0.069112
175.6 -0.063319 -4.0163 -0.46488 1.6953 -0.020122 0.057769
175.8 -0.13455 -3.4368 -0.43396 1.5898 -0.28237 0.1096
176 -0.12034 -2.304 -0.37594 1.2796 -0.014767 0.21534
176.2 -0.074371 -1.3051 -0.32619 1.0076 0.061379 0.035124
176.4 -0.069548 -0.45217 -0.34761 0.54217 -0.53327 -0.27189
176.6 -0.01704 -0.009141 -0.42462 0.17531 -0.60352 -0.40824
176.8 0.17327 0.2138 -0.40458 -0.23569 -0.86112 -0.40959
177 0.28831 0.18094 -0.41409 -0.17388 0.03097 -0.39971
177.2 0.30888 0.1939 -0.47049 -0.20244 0.40793 -0.34075
177.4 0.40677 0.039085 -0.53716 -0.087709 0.87762 -0.22709
177.6 0.51309 -0.39742 -0.59368 0.13095 0.7481 -0.42009
177.8 0.50476 -1.0245 -0.6878 0.33353 0.05238 -0.73679
178 0.37055 -1.8774 -0.74212 0.64258 -0.2685 -0.849
178.2 0.39885 -2.659 -0.63392 0.82806 -0.13512 -0.61003
178.4 0.29322 -3.4904 -0.51717 1.2711 -0.052354 -0.52911
178.6 0.032334 -4.1104 -0.45452 1.4543 -0.093829 -0.28216
178.8 -0.16935 -4.5025 -0.39277 1.6448 -0.27954 0.0017431
179 -0.078546 -4.4576 -0.23605 1.6453 -1.1735 0.049044
179.2 -0.061104 -3.7388 -0.17597 1.6222 -1.1317 0.081569
179.4 -0.12736 -2.626 -0.20806 1.346 -1.1098 -0.0034635
179.6 -0.12548 -1.437 -0.23781 1.0108 0.25762 0.20111
179.8 -0.078725 -0.58055 -0.27787 0.56654 -0.1284 -0.20072
180 -0.032266 -0.0818 -0.34533 0.13 -0.29484 -0.29936
180.2 0.057203 0.14356 -0.39309 -0.23066 -0.55144 -0.42162
180.4 0.28638 0.13276 -0.37339 -0.21852 -0.031967 -0.33245
180.6 0.36226 -0.069209 -0.48088 -0.011835 0.14693 -0.48408
180.8 0.39113 -0.61903 -0.57981 0.30104 0.2681 -0.53779
181 0.41938 -1.5622 -0.60469 0.53238 0.017294 -0.64966
181.2 0.35162 -2.5996 -0.53477 0.91808 -0.11672 -0.7738
181.4 0.077865 -3.4627 -0.49746 1.1584 -0.3727 -0.68843
181.6 -0.15145 -4.1033 -0.39002 1.4313 -0.50415 -0.3772
181.8 -0.20776 -4.5079 -0.25379 1.6844 -0.29247 0.097368
182 -0.2049 -4.3526 -0.22938 1.8866 -0.56474 0.20678
182.2 -0.25767 -3.6802 -0.28216 1.781 -0.81563 0.27926
182.4 -0.20019 -2.5361 -0.3002 1.4415 -0.54162 0.31802
182.6 -0.15469 -1.529 -0.28871 1.0873 -0.48852 0.028879
182.8 -0.16627 -0.56223 -0.3601 0.5775 -0.33041 -0.17306
183 -0.071063 -0.03935 -0.41686 0.18689 -0.34896 -0.27685
183.2 0.067431 0.19288 -0.42478 -0.14718 -0.64051 -0.41485
183.4 0.18293 0.23723 -0.48699 -0.22139 -0.68343 -0.55554
183.6 0.20756 0.20282 -0.57637 -0.30124 -0.69166 -0.5859
183.8 0.39246 0.0049159 -0.61975 -0.20221 -0.074358 -0.41352
184 0.46776 -0.59305 -0.66486 0.19741 -0.1531 -0.69693
184.2 0.38758 -1.3622 -0.77227 0.59204 -0.090698 -0.87695
184.4 0.22193 -2.218 -0.80455 0.9825 -0.067859 -0.86312
184.6 0.15849 -2.9993 -0.68104 1.163 -0.63925 -0.80496
184.8 0.0096099 -3.4922 -0.5746 1.3838 -1.0158 -0.70953
185 -0.096953 -3.5819 -0.50229 1.4102 -1.0768 -0.4504
185.2 -0.029247 -3.3537 -0.39184 1.4441 0.031944 0.097433
185.4 0.11127 -2.9254 -0.34295 1.4549 0.21998 0.14917
185.6 0.14075 -2.2724 -0.36147 1.1937 -0.062715 0.065226
185.8 0.12295 -1.5787 -0.41918 0.9321 0.0869 0.062844
186 0.27147 -0.98922 -0.35408 0.59266 0.17486 0.036371
186.2 0.30355 -0.57375 -0.38374 0.41999 0.69308 0.027251
186.4 0.27014 -0.3002 -0.43401 0.13613 0.52659 -0.14655
186.6 0.33532 -0.2103 -0.47414 0.067357 0.96498 -0.11733
186.8 0.37741 -0.30015 -0.5306 0.0737 0.44049 -0.43737
187 0.41802 -0.61495 -0.63463 0.20327 0.29365 -0.48804
187.2 0.43209 -1.2322 -0.67797 0.37899 0.10363 -0.54238
187.4 0.56083 -2.0346 -0.5693 0.67542 0.45461 -0.5025
187.6 0.41985 -2.6844 -0.53143 0.93894 0.5456 -0.54783
187.8 0.19373 -3.21 -0.52411 1.1625 0.30215 -0.52644
188 0.034657 -3.6744 -0.49453 1.2821 -0.24162 -0.40353
188.2 -0.078074 -4.0061 -0.45417 1.4779 -0.86809 -0.45174
188.4 -0.16277 -4.0025 -0.47859 1.4273 -1.2281 -0.27982
188.6 -0.11595 -3.7853 -0.4774 1.3495 -1.0627 0.0078325
188.8 0.11882 -3.5823 -0.41734 1.2536 -0.95566 0.19873
189 0.23845 -3.2539 -0.43863 1.211 -0.023932 0.36813
189.2 0.33027 -2.8456 -0.45961 1.0703 0.27815 0.51429
189.4 0.43219 -2.5177 -0.42837 0.91715 0.41736 0.57951
189.6 0.5353 -2.3034 -0.4196 0.88947 -0.23377 0.27851
189.8 0.53591 -2.1745 -0.47867 0.76547 -0.52988 0.19362
190 0.60811 -2.1382 -0.49047 0.67232 -0.37118 0.27204
190.2 0.7021 -2.3071 -0.48431 0.73819 -0.41215 0.16147
190.4 0.63301 -2.5621 -0.56362 0.93356 -0.55676 -0.064167
190.6 0.49509 -2.892 -0.64377 1.2135 -0.43282 -0.16585
190.8 0.40404 -3.2694 -0.6145 1.327 -0.94412 -0.18571
191 0.25375 -3.65 -0.58752 1.5907 -0.78343 -0.24574
191.2 -0.023071 -3.8588 -0.64147 1.6699 -1.1028 -0.27804
191.4 -0.16369 -3.8889 -0.65481 1.7734 -0.21595 0.12648
191.6 -0.12262 -3.9227 -0.59296 1.7742 -0.29417 0.21647
191.8 -0.039154 -3.7092 -0.58046 1.6858 -0.59871 0.22678
192 -0.028163 -3.2785 -0.61228 1.4447 -1.1479 0.11512
192.2 0.14353 -2.649 -0.52705 1.1194 -1.1589 0.19651
192.4 0.21587 -2.0843 -0.50441 1.0759 -0.77488 0.090703
192.6 0.23493 -1.6175 -0.55333 0.91048 -0.35683 0.12232
192.8 0.2934 -1.3631 -0.607 0.86936 0.39217 0.24016
193 0.39656 -1.351 -0.64205 0.71922 0.1627 0.085815
193.2 0.4555 -1.4918 -0.6972 0.68035 -0.28709 -0.095184
193.4 0.3987 -1.9065 -0.80387 0.75496 -0.72289 -0.31846
193.6 0.50605 -2.5481 -0.72191 0.90736 -0.51918 -0.20671
193.8 0.42079 -3.2198 -0.66623 1.3315 -0.41967 -0.38488
194 0.18176 -3.7136 -0.64924 1.6127 -0.40907 -0.29457
194.2 -0.043914 -4.1189 -0.62402 1.8483 -0.53352 -0.079422
194.4 -0.08403 -4.3304 -0.53761 1.9379 -0.8426 0.0087758
194.6 -0.1003 -4.2028 -0.4993 1.9437 -1.3298 0.066676
194.8 -0.10549 -3.6562 -0.52149 1.8227 -1.4972 0.13235
195 0.014302 -2.8907 -0.5019 1.68 -0.63851 0.36965
195.2 0.033301 -2.0424 -0.52123 1.4561 -0.76404 0.044627
195.4 0.018989 -1.2183 -0.57147 0.9853 -0.87032 -0.16493
195.6 0.069822 -0.69528 -0.59838 0.56976 -0.94789 -0.31933
195.8 0.23542 -0.4639 -0.56226 0.32681 -0.82809 -0.38338
196 0.27868 -0.37078 -0.63938 0.26297 -0.34578 -0.35663
196.2 0.33019 -0.50269 -0.7165 0.27839 -0.18416 -0.27358
196.4 0.47705 -0.99668 -0.76176 0.44307 0.3723 -0.24695
196.6 0.46588 -1.6922 -0.81668 0.74515 -0.25467 -0.54263
196.8 0.33864 -2.4514 -0.84401 1.0102 -0.3882 -0.70744
197 0.17257 -3.1024 -0.79378 1.2292 -0.73019 -0.65935
197.2 0.057196 -3.736 -0.67213 1.5094 -0.7773 -0.63128
197.4 -0.17697 -4.0178 -0.63349 1.6691 -0.96256 -0.45379
197.6 -0.26548 -3.9907 -0.60212 1.7483 -0.8322 -0.10129
197.8 -0.16143 -3.7375 -0.53575 1.7483 -0.26127 0.31721
198 -0.053146 -3.0883 -0.53904 1.6459 -0.28842 0.20248
198.2 -0.037423 -2.3044 -0.56999 1.3617 -0.071208 0.17793
198.4 0.041969 -1.4392 -0.55138 0.90563 0.11943 0.17188
198.6 0.15289 -0.90527 -0.52683 0.64157 0.33426 0.11201
198.8 0.16783 -0.52536 -0.56819 0.39438 0.50477 0.042261
199 0.20726 -0.31245 -0.6238 0.29685 0.61076 -0.042159
199.2 0.29624 -0.24258 -0.64844 0.25365 0.44784 -0.28469
199.4 0.35489 -0.31697 -0.70735 0.26465 -0.11723 -0.57322
199.6 0.39607 -0.71603 -0.80104 0.36392 -0.15794 -0.60865
199.8 0.53167 -1.3875 -0.77964 0.4388 -0.2582 -0.56356
200 0.542 -2.1852 -0.77258 0.88623 -0.012868 -0.64233
200.2 0.37293 -2.8859 -0.76488 1.1737 -0.26534 -0.69794
200.4 0.19349 -3.4717 -0.7468 1.4849 0.060121 -0.44043
200.6 0.053894 -3.9615 -0.68049 1.6776 0.069971 -0.25585
200.8 -0.069927 -4.1279 -0.6498 1.7393 -0.22077 -0.13836
201 -0.16712 -3.8763 -0.61821 1.6884 -0.65275 -0.04181
201.2 -0.035603 -3.2141 -0.51864 1.5149 -0.60677 0.16957
201.4 0.0094567 -2.3609 -0.4933 1.4727 -0.098503 0.079976
201.6 -0.0028889 -1.4318 -0.53624 1.0814 0.1951 0.02499
201.8 0.038277 -0.73994 -0.56289 0.73065 0.35067 -0.079016
202 0.14182 -0.40577 -0.54285 0.41919 -0.29142 -0.4101
202.2 0.20088 -0.20289 -0.58855 0.19973 -0.9436 -0.73702
202.4 0.21937 -0.15098 -0.68049 0.079947 -0.61751 -0.71089
202.6 0.42347 -0.28902 -0.67798 0.031868 -0.34984 -0.5699
202.8 0.5091 -0.73513 -0.74692 0.36768 0.29426 -0.52775
203 0.46512 -1.4109 -0.82495 0.65498 -0.045413 -0.65738
203.2 0.44755 -2.2267 -0.82354 1.0292 0.41352 -0.51385
203.4 0.37726 -2.981 -0.71775 1.3029 -0.73148 -0.77963
203.6 0.14874 -3.5271 -0.67099 1.4986 -1.0687 -0.6866
203.8 -0.1147 -3.8333 -0.64159 1.6083 -1.5877 -0.59504
204 -0.09894 -3.9208 -0.50972 1.6097 -0.20245 0.087703
204.2 -0.016655 -3.6561 -0.44495 1.6671 0.1908 0.26866
204.4 0.02298 -2.9788 -0.44106 1.5089 0.17887 0.31212
204.6 0.052959 -2.1323 -0.45512 1.3419 0.054647 0.24064
204.8 0.080153 -1.3511 -0.4331 1.0256 -0.099626 -0.02161
205 0.10424 -0.70899 -0.47399 0.51709 -0.37367 -0.14461
205.2 0.15905 -0.28717 -0.53029 0.12725 -0.41742 -0.21585
205.4 0.34743 -0.092512 -0.52117 0.1032 0.00043243 -0.23179
205.6 0.38626 -0.030403 -0.59555 0.22702 0.79916 -0.22898
205.8 0.39381 -0.056191 -0.67483 0.22276 0.86595 -0.29994
206 0.47921 -0.4521 -0.73429 0.26207 0.7213 -0.40755
206.2 0.54833 -1.0203 -0.77413 0.41001 -0.19299 -0.79369
206.4 0.50205 -1.6802 -0.86388 0.70165 -0.52606 -0.92068
206.6 0.38927 -2.2882 -0.86181 0.92459 -1.0124 -0.97901
206.8 0.36116 -2.9818 -0.7427 1.2024 -1.1257 -0.91162
207 0.15049 -3.4526 -0.71619 1.4257 -1.1573 -0.82713
207.2 -0.031116 -3.7478 -0.71076 1.6379 -1.0248 -0.54309
207.4 -0.091582 -3.7336 -0.63517 1.6733 -0.82396 -0.1882
207.6 -0.054155 -3.4436 -0.52553 1.6595 -1.006 -0.17123
207.8 -0.106 -2.6838 -0.5031 1.4484 -0.97538 -0.14364
208 -0.093165 -1.724 -0.49782 1.1557 -0.69868 -0.11889
208.2 -9.4677e-05 -0.9684 -0.47704 0.93971 -0.18732 -0.14604
208.4 0.078171 -0.41279 -0.49542 0.64633 0.049259 -0.2258
208.6 0.12153 -0.13894 -0.52058 0.37233 -0.026261 -0.32088
208.8 0.2518 -0.0050521 -0.49665 0.078145 0.018989 -0.30749
209 0.33321 -0.032932 -0.50543 0.06653 0.031329 -0.43895
209.2 0.3981 -0.18791 -0.61038 0.075304 0.40327 -0.38737
209.4 0.53101 -0.59849 -0.63918 0.22579 0.48514 -0.33703
209.6 0.63914 -1.2891 -0.66665 0.59298 0.47906 -0.50383
209.8 0.58514 -2.0312 -0.6844 0.90982 0.22565 -0.65703
210 0.44114 -2.7664 -0.67581 1.2284 0.2965 -0.60945
210.2 0.36427 -3.4927 -0.5656 1.329 -0.41975 -0.52573
210.4 0.20632 -4.0611 -0.50396 1.6688 -0.85839 -0.54743
210.6 -0.005826 -4.1433 -0.51702 1.7247 -1.2343 -0.3216
210.8 -0.032576 -3.7736 -0.47579 1.7825 -0.29815 0.1577
211 0.0076958 -3.0418 -0.43049 1.6988 -0.43311 0.049366
211.2 0.01123 -2.0058 -0.42818 1.3663 -0.57712 -0.13711
211.4 -0.017222 -1.0654 -0.46765 0.93423 -0.26541 -0.16894
211.6 0.11465 -0.35414 -0.42773 0.39536 -0.20451 -0.12788
211.8 0.22623 -0.055015 -0.43206 0.16895 0.3364 -0.13038
212 0.22843 0.07148 -0.50491 -0.017019 0.0052447 -0.2963
212.2 0.33876 0.1016 -0.53892 -0.050278 0.36154 -0.25867
212.4 0.41369 -0.072465 -0.6013 0.025002 0.040715 -0.52409
212.6 0.44776 -0.4155 -0.71249 0.18906 0.01489 -0.62482
212.8 0.41362 -1.104 -0.80273 0.45922 0.097612 -0.6475
213 0.47181 -2.0086 -0.75383 0.76695 -0.32053 -0.77081
213.2 0.33438 -2.8039 -0.74218 1.1988 0.15674 -0.65236
213.4 0.078198 -3.4784 -0.74496 1.4391 -0.29312 -0.58597
213.6 -0.071659 -4.0347 -0.70565 1.6904 0.51641 -0.014976
213.8 -0.12297 -4.4302 -0.62877 1.8145 0.076676 0.10235
214 -0.15567 -4.2597 -0.57918 1.8127 -0.33869 0.24017
214.2 -0.19885 -3.5217 -0.57003 1.7476 -0.94338 0.24041
214.4 -0.10052 -2.458 -0.4914 1.4802 -0.72612 0.16145
214.6 -0.092873 -1.3326 -0.52091 1.1432 -0.23169 -0.084508
214.8 -0.049247 -0.42977 -0.5696 0.60663 0.34478 -0.14311
215 0.075749 -0.027707 -0.56281 0.23069 0.21654 -0.25926
215.2 0.19677 0.11755 -0.55102 -0.016808 -0.28855 -0.49501
215.4 0.25451 0.14268 -0.58279 -0.1351 -0.32733 -0.56097
215.6 0.32799 -0.042105 -0.65158 -0.090471 -0.26454 -0.58715
215.8 0.50598 -0.56386 -0.66789 0.17365 0.04379 -0.64623
216 0.45307 -1.2791 -0.80208 0.61496 -0.020629 -0.90062
216.2 0.31158 -2.0979 -0.88572 0.9935 -0.0083513 -0.96469
216.4 0.19646 -2.8566 -0.85015 1.1818 -0.68348 -0.83696
216.6 0.085825 -3.5918 -0.77279 1.4898 -1.0216 -0.76619
216.8 -0.14317 -4.018 -0.75278 1.601 -1.5133 -0.62445
217 -0.23031 -4.0339 -0.73725 1.7359 -1.0744 -0.22674
217.2 -0.17699 -3.7025 -0.63974 1.7877 -0.79373 -0.024991
217.4 -0.14113 -2.827 -0.59992 1.6478 -0.69125 -0.044273
217.6 -0.19217 -1.8316 -0.59954 1.3465 -0.53122 -0.13833
217.8 -0.16303 -0.87022 -0.58851 0.85903 -0.09406 -0.063247
218 -0.097949 -0.37836 -0.59584 0.68527 0.1793 -0.23772
218.2 -0.10898 -0.037664 -0.70178 0.41585 0.25628 -0.34188
218.4 -0.036498 0.074682 -0.78448 0.36915 0.47849 -0.34982
218.6 0.018521 0.05058 -0.87137 0.40666 0.5424 -0.56329
218.8 0.029456 0.014859 -0.96224 0.46017 0.027608 -0.86037
219 -0.0089332 -0.20227 -1.1202 0.58665 -0.039803 -0.92895
219.2 0.11528 -0.66152 -1.168 0.62005 -0.47949 -0.97481
219.4 0.11353 -1.3485 -1.2529 1.0995 -0.3814 -1.128
219.6 -0.08476 -1.9724 -1.361 1.4107 -0.61966 -1.2556
219.8 -0.34909 -2.5462 -1.4215 1.7579 -0.14852 -0.98187
220 -0.46938 -3.1408 -1.3107 1.8604 -0.80874 -0.90863
220.2 -0.65623 -3.603 -1.262 2.0776 -1.0105 -0.84431
220.4 -0.83248 -3.6256 -1.2182 2.0914 -1.5604 -0.70841
220.6 -0.79315 -3.2867 -1.1372 2.0896 -0.99007 -0.33787
220.8 -0.73074 -2.635 -1.0074 2 -1.2296 -0.49489
221 -0.69665 -1.6502 -0.96418 1.5701 -1.4832 -0.68761
221.2 -0.71225 -0.76241 -0.96863 1.1472 -1.1102 -0.7382
221.4 -0.46362 -0.16215 -0.88933 0.65212 -0.76203 -0.68492
221.6 -0.34072 0.066196 -0.93562 0.59908 0.00034187 -0.64534
221.8 -0.27891 0.16843 -0.9988 0.48876 -0.13435 -0.8089
222 -0.18378 0.16302 -1.0391 0.43565 -0.054441 -0.76471
222.2 -0.084268 -0.05105 -1.0532 0.39086 -0.96128 -1.1123
222.4 -0.11482 -0.41129 -1.1837 0.51028 -1.1299 -1.2284
222.6 -0.17277 -0.98827 -1.2741 0.73354 -1.5054 -1.4175
222.8 -0.17044 -1.7916 -1.307 1.1957 -0.79729 -1.3237
223 -0.3203 -2.4578 -1.3248 1.6151 -0.73169 -1.3394
223.2 -0.57368 -3.0042 -1.3469 1.8912 -0.86288 -1.1773
223.4 -0.73967 -3.4295 -1.2388 1.9194 -1.1241 -0.85367
223.6 -0.74879 -3.7913 -1.0599 2.1092 -1.4228 -0.73548
223.8 -0.79596 -3.5892 -0.99264 2.0267 -1.9786 -0.6961
224 -0.8007 -2.8275 -0.98145 1.987 -1.7458 -0.51229
224.2 -0.75686 -1.8361 -0.94647 1.5988 -1.5868 -0.52511
224.4 -0.65851 -0.92182 -0.93169 1.2387 -1.3334 -0.62276
224.6 -0.56769 -0.20182 -0.93194 0.74568 -1.2816 -0.73008
224.8 -0.29384 0.23567 -0.88704 0.37365 -1.0319 -0.5988
225 -0.13063 0.25622 -0.83338 0.35703 -0.95507 -0.75165
225.2 -0.063227 0.26309 -0.83073 0.27461 -0.95754 -0.91545
225.4 0.011033 0.043339 -0.89082 0.37637 -0.57761 -0.84947
225.6 0.19884 -0.39375 -0.86394 0.35313 -0.6259 -0.79866
225.8 0.2101 -1.1658 -0.93666 0.66617 -0.63561 -0.92806
226 0.064962 -2.0899 -0.95339 0.94875 -0.98138 -1.0467
226.2 -0.045325 -2.9986 -0.89847 1.2518 -0.84085 -0.92599
226.4 -0.16974 -3.8392 -0.79811 1.5872 -1.2747 -0.82311
226.6 -0.41675 -4.3231 -0.77037 1.774 -1.4876 -0.53623
226.8 -0.57789 -4.452 -0.77503 1.9466 -1.174 -0.04786
227 -0.47419 -4.1828 -0.66203 1.8725 -1.3575 0.13326
227.2 -0.34743 -3.4688 -0.57819 1.7362 -1.1596 0.084777
227.4 -0.37483 -2.32 -0.5387 1.2827 -1.3886 -0.13369
227.6 -0.28216 -1.1834 -0.52006 0.90511 -0.16883 -0.014962
227.8 -0.19766 -0.3981 -0.52469 0.56834 0.14397 -0.18438
228 -0.083655 0.009512 -0.56143 0.28934 0.19833 -0.29705
228.2 0.00088335 0.12696 -0.57889 0.11956 0.022092 -0.43244
228.4 0.15074 0.10857 -0.53723 -0.069081 -0.61867 -0.60459
228.6 0.23591 -0.10406 -0.57869 -0.067654 -0.55969 -0.65905
228.8 0.24956 -0.63514 -0.65109 0.062757 -0.79307 -0.77036
229 0.36962 -1.5427 -0.62862 0.39683 0.10621 -0.56921
229.2 0.27295 -2.5577 -0.62019 0.95996 -0.50488 -0.95281
229.4 -0.0067241 -3.3118 -0.67435 1.2936 -0.63254 -0.84706
229.6 -0.28225 -3.9679 -0.69036 1.574 -1.1039 -0.6626
229.8 -0.36886 -4.4649 -0.63944 1.8268 -1.2222 -0.38266
230 -0.44142 -4.4699 -0.58913 1.885 -1.5004 -0.17552
230.2 -0.47675 -4.047 -0.56458 1.8676 -1.769 -0.029802
230.4 -0.38191 -3.1828 -0.48412 1.6729 -1.1939 0.17543
230.6 -0.35054 -2.2012 -0.46589 1.4461 -1.3051 -0.05596
230.8 -0.35958 -1.1646 -0.50207 0.99074 -1.0229 -0.13673
231 -0.29957 -0.43267 -0.53294 0.5482 -0.55295 -0.16413
231.2 -0.13503 -0.13438 -0.4967 0.27369 -0.43346 -0.32698
231.4 -0.092551 -0.014818 -0.59799 0.18112 -0.051386 -0.40811
231.6 -0.054162 0.032029 -0.68702 0.22324 0.026193 -0.4392
231.8 0.02163 -0.056558 -0.77645 0.39768 1.0435 -0.33494
232 0.041563 -0.36586 -0.89332 0.59186 0.22915 -0.82861
232.2 -0.049126 -0.88577 -1.0488 0.8069 -0.31233 -1.1395
232.4 -0.11376 -1.6779 -1.0865 0.94408 -0.97076 -1.2886
232.6 -0.194 -2.5351 -1.0245 1.3396 -1.0202 -1.2793
232.8 -0.4779 -3.1934 -1.0274 1.6262 -1.2421 -1.2387
233 -0.77026 -3.6999 -1.0544 1.8293 -1.5217 -1.039
233.2 -0.875 -3.9535 -0.94893 1.7492 -1.7986 -0.70184
233.4 -0.84167 -3.9566 -0.83329 1.8189 -1.7547 -0.5807
233.6 -0.85603 -3.3063 -0.76929 1.6742 -1.7097 -0.37592
233.8 -0.79386 -2.3095 -0.74037 1.5247 -1.195 -0.20891
234 -0.71684 -1.2531 -0.68365 1.1012 -1.6487 -0.4394
234.2 -0.65587 -0.38682 -0.68075 0.59757 -1.9749 -0.7779
234.4 -0.60675 0.0046482 -0.72589 0.26004 -1.8977 -0.93453
234.6 -0.37153 0.18287 -0.69682 0.11981 -0.91503 -0.74619
234.8 -0.2383 0.1266 -0.72172 0.31596 -0.44902 -0.90576
235 -0.18593 0.065316 -0.808 0.38059 -0.35479 -0.93442
235.2 -0.13066 -0.31951 -0.92809 0.50656 -0.10327 -0.84583
235.4 -0.069329 -1.0008 -0.95155 0.73197 -0.59483 -1.043
235.6 -0.15954 -1.7958 -1.0207 1.0192 -0.94763 -1.1706
235.8 -0.38337 -2.5793 -1.0125 1.3318 -1.201 -1.2129
236 -0.44704 -3.2817 -0.9004 1.6038 -0.84745 -0.81
236.2 -0.58549 -3.8987 -0.80735 1.9368 -0.88337 -0.67358
236.4 -0.74848 -4.0164 -0.78631 2.0508 -1.2153 -0.45745
236.6 -0.83886 -3.7251 -0.76852 2.0517 -1.4388 -0.2197
236.8 -0.69127 -3.0592 -0.66186 1.9379 -1.7462 -0.23552
237 -0.64515 -2.0201 -0.64526 1.5832 -1.2172 -0.20192
237.2 -0.61106 -0.98194 -0.6708 1.1732 -0.68186 -0.22119
237.4 -0.44687 -0.2385 -0.6535 0.77733 0.26242 -0.1518
237.6 -0.31447 0.096046 -0.64408 0.4687 -0.55261 -0.55882
237.8 -0.22906 0.23973 -0.65731 0.21906 -1.2846 -0.86827
238 -0.15646 0.26445 -0.66142 0.045216 -1.0759 -0.77858
238.2 -0.010815 0.077367 -0.6464 0.18475 -0.35736 -0.68108
238.4 -0.0082214 -0.3733 -0.78534 0.45184 0.3462 -0.61365
238.6 -0.033796 -1.1661 -0.89868 0.83375 0.21804 -0.69006
238.8 -0.06727 -2.1283 -0.90214 1.1454 0.17806 -0.71717
239 -0.18243 -2.9695 -0.86691 1.5224 -0.12357 -0.82014
239.2 -0.45614 -3.5856 -0.84246 1.692 -0.63772 -0.72277
239.4 -0.59255 -3.9105 -0.78465 1.7943 -0.93853 -0.42772
239.6 -0.62519 -4.0737 -0.676 1.9339 -1.2516 -0.27621
239.8 -0.66584 -3.7126 -0.6551 1.8926 -1.0555 -0.109
240 -0.66174 -2.9588 -0.63714 1.7782 -1.1455 -0.05187
240.2 -0.59127 -1.9612 -0.59931 1.3871 -1.3452 -0.074571
240.4 -0.50125 -1.0441 -0.54919 0.94757 -1.6464 -0.35164
240.6 -0.42359 -0.29829 -0.56723 0.3905 -1.4954 -0.44893
240.8 -0.21841 0.13824 -0.52058 0.041855 -0.55979 -0.30295
241 -0.026329 0.23297 -0.52982 0.12845 -0.072055 -0.43806
241.2 0.046491 0.29512 -0.58086 0.13616 0.42889 -0.48278
241.4 0.14078 0.15146 -0.66497 0.20952 0.96648 -0.36257
241.6 0.27841 -0.30282 -0.64451 0.16319 0.89811 -0.40717
241.8 0.31993 -1.0652 -0.67606 0.43926 0.515 -0.71835
242 0.17768 -1.9923 -0.70832 0.67248 -0.34328 -0.99047
242.2 0.10453 -2.8859 -0.6852 1.0142 0.016534 -0.72613
242.4 -0.054326 -3.6919 -0.59931 1.3156 -0.50537 -0.76914
242.6 -0.29472 -4.1086 -0.59078 1.5037 -0.45014 -0.49543
242.8 -0.5158 -4.1742 -0.56778 1.5911 -0.7689 -0.23818
243 -0.50165 -3.8662 -0.45177 1.5494 -1.2296 -0.073494
243.2 -0.46045 -3.1465 -0.37608 1.4387 -1.2023 -0.0045475
243.4 -0.48271 -2.035 -0.38122 1.1144 -0.96475 -0.11048
243.6 -0.36331 -0.90244 -0.38103 0.74121 0.23891 0.13056
243.8 -0.24572 -0.1984 -0.36124 0.35556 0.01493 -0.22768
244 -0.14592 0.26897 -0.41689 -0.045241 -0.44729 -0.43118
244.2 -0.07964 0.44895 -0.46381 -0.31685 -0.78983 -0.6144
244.4 0.14477 0.48146 -0.42005 -0.32557 -0.30602 -0.49252
244.6 0.22402 0.3508 -0.45549 -0.18327 0.061724 -0.52402
244.8 0.28552 -0.027543 -0.5968 0.0043806 0.19909 -0.55889
245 0.34026 -0.73363 -0.68494 0.22839 0.19041 -0.63721
245.2 0.35054 -1.6041 -0.73645 0.5438 -0.55024 -1.0578
245.4 0.14232 -2.3253 -0.76627 0.77289 -1.2568 -1.1726
245.6 -0.052628 -2.9385 -0.78762 0.97655 -1.8633 -1.1239
245.8 -0.074636 -3.5824 -0.71815 1.2458 -1.5594 -0.70432
246 -0.227 -3.9702 -0.70954 1.4445 -1.5631 -0.50648
246.2 -0.41593 -3.9826 -0.72699 1.5125 -1.4565 -0.21404
246.4 -0.46664 -3.4524 -0.68559 1.4138 -1.5962 -0.069956
246.6 -0.37497 -2.6762 -0.61179 1.3372 -1.7838 -0.2228
246.8 -0.40334 -1.5996 -0.62221 1.025 -1.5206 -0.32186
247 -0.34279 -0.66094 -0.62202 0.63158 -0.86557 -0.26718
247.2 -0.17165 -0.021518 -0.53725 0.14847 -0.059983 -0.17544
247.4 -0.012063 0.22002 -0.52673 -0.1198 -0.45299 -0.46231
247.6 0.026272 0.32263 -0.57457 -0.2921 -0.46319 -0.48063
247.8 0.16052 0.39277 -0.60308 -0.28549 -0.16427 -0.36455
248 0.26258 0.19207 -0.64766 -0.0016642 0.0086404 -0.45022
248.2 0.23326 -0.14272 -0.76853 0.24106 -0.34934 -0.6857
248.4 0.15602 -0.86542 -0.91199 0.52497 -0.25186 -0.72825
248.6 0.15467 -1.7262 -0.90873 0.67815 -0.78626 -0.85146
248.8 0.055713 -2.4984 -0.92461 1.0442 -0.48 -0.84912
249 -0.18894 -3.1683 -0.95313 1.277 -0.56681 -0.68743
249.2 -0.32035 -3.7257 -0.94269 1.5335 0.21437 -0.15507
249.4 -0.32137 -4.0601 -0.83447 1.6287 -0.40693 -0.1089
249.6 -0.35301 -3.7967 -0.7565 1.5937 -1.2787 -0.15749
249.8 -0.47331 -2.9524 -0.71672 1.4576 -1.7815 -0.23345
250 -0.40938 -1.8288 -0.63915 1.2322 -1.1244 -0.081314
250.2 -0.39739 -0.87912 -0.63016 0.99002 -0.92074 -0.38904
250.4 -0.33406 -0.12277 -0.6332 0.57147 -0.80458 -0.50838
250.6 -0.22998 0.2418 -0.62221 0.20533 -0.76994 -0.60964
250.8 -0.026215 0.37416 -0.5594 0.0029882 -0.85866 -0.65574
251 0.052065 0.39591 -0.60285 -0.068151 -0.51137 -0.63108
251.2 0.089752 0.3128 -0.68754 -0.00076007 -0.55739 -0.62841
251.4 0.22764 -0.10849 -0.74641 0.17708 -0.037255 -0.53967
251.6 0.21796 -0.76095 -0.8392 0.49189 -0.49574 -0.88456
251.8 0.041381 -1.5515 -0.96021 0.74428 -0.63614 -1.0056
252 -0.09408 -2.3372 -1.0091 1.0574 -0.64546 -0.88255
252.2 -0.13772 -3.1882 -0.94484 1.4263 -0.58657 -0.67794
252.4 -0.334 -3.7351 -0.94254 1.6715 -0.90965 -0.53794
252.6 -0.53595 -3.9457 -0.91204 1.7614 -1.1154 -0.2973
252.8 -0.56347 -3.66 -0.8312 1.7347 -0.97514 0.02527
253 -0.5134 -2.921 -0.74644 1.6434 -1.2272 -0.066486
253.2 -0.52553 -1.8686 -0.73682 1.2511 -1.0865 -0.10043
253.4 -0.46049 -0.77893 -0.70573 0.83189 -0.54524 -0.098695
253.6 -0.3006 -0.087033 -0.63278 0.49891 0.13947 -0.15234
253.8 -0.2078 0.32909 -0.6467 0.25687 -0.23292 -0.48633
254 -0.16546 0.49788 -0.69604 0.06781 -0.26339 -0.56013
254.2 -0.035077 0.56589 -0.68845 -0.14086 -0.50592 -0.67488
254.4 0.033018 0.40919 -0.7147 0.0056608 -0.093943 -0.70178
254.6 0.029876 0.04403 -0.84398 0.15852 -0.060694 -0.85023
254.8 0.07373 -0.6946 -0.91977 0.4973 0.19973 -0.73805
255 0.076179 -1.6491 -0.91514 0.81818 -0.30158 -0.98245
255.2 -0.091304 -2.4973 -0.92318 1.1071 -0.86241 -1.0752
255.4 -0.38783 -3.2126 -0.9538 1.3547 -1.4961 -1.0435
255.6 -0.47328 -3.7556 -0.8782 1.5387 -1.2945 -0.52859
255.8 -0.50941 -4.0498 -0.80288 1.839 -1.2175 -0.37131
256 -0.57043 -3.7245 -0.79492 1.8254 -1.0634 -0.063447
256.2 -0.57944 -2.9968 -0.83133 1.8019 -0.55638 0.14874
256.4 -0.53993 -2.0327 -0.78314 1.4685 -0.65135 0.078434
256.6 -0.51239 -1.0199 -0.77569 1.0484 -0.65887 -0.14859
256.8 -0.53361 -0.18061 -0.78329 0.53159 -0.77562 -0.38627
257 -0.32329 0.30609 -0.73164 0.24206 0.066355 -0.24423
257.2 -0.20896 0.45616 -0.7247 0.1471 -0.10552 -0.52659
257.4 -0.16174 0.51594 -0.78048 0.056818 -0.21109 -0.6013
257.6 -0.12757 0.37383 -0.82923 0.029043 -0.34139 -0.59426
257.8 0.023093 -0.054886 -0.85392 0.22254 -0.39974 -0.69239
258 -0.0053899 -0.67843 -0.95861 0.52496 -0.24193 -0.78494
258.2 -0.083318 -1.448 -1.0445 0.87679 -0.44618 -0.9383
258.4 -0.14886 -2.3362 -0.99659 1.2307 0.22105 -0.59565
258.6 -0.24955 -3.1733 -0.92267 1.5967 -0.31111 -0.70113
258.8 -0.4909 -3.5983 -0.9111 1.7459 -0.35752 -0.40935
259 -0.60806 -3.5971 -0.85722 1.7645 -0.71281 -0.21273
259.2 -0.51598 -3.2286 -0.76001 1.7908 -0.60317 0.050733
259.4 -0.49653 -2.3769 -0.74649 1.5853 -0.73106 -0.060249
259.6 -0.52169 -1.3673 -0.75666 1.2178 -0.42184 -0.046609
259.8 -0.46406 -0.4937 -0.72053 0.67783 -0.35911 -0.13363
260 -0.34213 -0.003599 -0.69705 0.30239 -0.49256 -0.34427
260.2 -0.27523 0.32428 -0.75142 -0.045524 -0.6103 -0.50965
260.4 -0.17113 0.45312 -0.78222 -0.11671 0.068834 -0.43006
260.6 -0.05652 0.39722 -0.77462 0.021619 0.57297 -0.49301
260.8 -0.04823 0.18761 -0.88103 0.24052 0.59327 -0.66203
261 -0.064048 -0.37804 -0.96377 0.41775 0.20234 -0.84046
261.2 0.02488 -1.2005 -0.94156 0.56138 -0.095363 -0.82306
261.4 -0.051771 -2.1732 -0.88648 0.99685 -0.44372 -1.0602
261.6 -0.28146 -2.8948 -0.90179 1.2226 -0.89745 -1.0723
261.8 -0.47012 -3.4634 -0.86951 1.4705 -0.90188 -0.8004
262 -0.51429 -3.82 -0.80743 1.6594 -0.79169 -0.54727
262.2 -0.5241 -3.7658 -0.74902 1.7301 -0.94532 -0.33864
262.4 -0.56605 -3.1609 -0.78132 1.764 -1.1281 -0.22616
262.6 -0.47257 -2.2046 -0.72178 1.4423 -1.1433 -0.063588
262.8 -0.48017 -1.2392 -0.70873 1.2172 -0.80244 -0.15357
263 -0.48179 -0.36422 -0.7493 0.69097 -0.1665 -0.14463
263.2 -0.39134 0.12184 -0.74806 0.4164 0.46114 -0.067003
263.4 -0.18781 0.32937 -0.70896 0.091779 -0.23993 -0.35034
263.6 -0.10402 0.39644 -0.72362 -0.041939 -0.83848 -0.61471
263.8 -0.082034 0.38834 -0.79331 -0.14321 -1.0649 -0.6907
264 0.065904 0.18001 -0.81822 0.0010973 -0.063562 -0.52778
264.2 0.12991 -0.31644 -0.8722 0.40234 0.16215 -0.71809
264.4 0.050626 -0.94822 -0.95125 0.65244 -0.18279 -0.94039
264.6 -0.016818 -1.7572 -0.94853 0.90613 -0.27039 -0.95631
264.8 0.045189 -2.6219 -0.81056 1.1633 -0.27501 -0.95877
265 -0.13177 -3.2624 -0.7884 1.4296 -0.1276 -0.85149
265.2 -0.40024 -3.674 -0.80072 1.6288 -0.13901 -0.62431
265.4 -0.50928 -3.6634 -0.74494 1.6962 -0.22624 -0.2736
265.6 -0.48585 -3.3094 -0.64186 1.7598 -0.72092 -0.32169
265.8 -0.49064 -2.4277 -0.61425 1.4732 -0.80714 -0.23371
266 -0.48606 -1.3765 -0.59791 1.0922 -0.4931 -0.19225
266.2 -0.36243 -0.5229 -0.55234 0.71623 0.41236 -0.13192
266.4 -0.32153 0.029544 -0.6013 0.42602 0.26989 -0.43767
266.6 -0.28644 0.35717 -0.67951 0.094778 0.25524 -0.53881
266.8 -0.13286 0.5056 -0.69869 -0.1589 0.59638 -0.41493
267 0.014885 0.42376 -0.66934 -0.064405 0.99094 -0.57366
267.2 0.0058553 0.35711 -0.71636 -0.0026036 1.0371 -0.67103
267.4 0.058795 -0.033537 -0.77763 0.13149 0.99353 -0.65753
267.6 0.17249 -0.62503 -0.75243 0.19779 0.093794 -0.78565
267.8 0.17532 -1.4143 -0.7948 0.55203 -0.57405 -1.1165
268 -0.0026327 -2.1523 -0.84612 0.77564 -0.9485 -1.1764
268.2 -0.10748 -2.7723 -0.83022 1.0347 -0.30801 -0.76607
268.4 -0.19133 -3.3739 -0.73131 1.2436 -1.074 -0.75305
268.6 -0.3938 -3.4965 -0.68329 1.373 -1.9631 -0.74286
268.8 -0.577 -3.164 -0.6932 1.4239 -2.4684 -0.66709
269 -0.52182 -2.4131 -0.6397 1.4036 -1.1116 -0.22067
269.2 -0.46609 -1.5475 -0.6379 1.3312 -0.78912 -0.43996
269.4 -0.49346 -0.6491 -0.67661 0.90086 -0.9247 -0.61448
269.6 -0.44293 0.036688 -0.71981 0.44836 -1.1874 -0.75945
269.8 -0.18827 0.37178 -0.63738 0.17562 -1.0714 -0.76014
270 -0.08906 0.47709 -0.70592 0.13995 -0.26766 -0.71686
270.2 -0.071355 0.5186 -0.76495 0.092651 -0.21719 -0.75105
270.4 0.012961 0.43236 -0.80536 -0.036584 0.12415 -0.6387
270.6 0.12852 0.10938 -0.82347 0.077981 -0.329 -0.87332
270.8 0.070155 -0.39314 -0.95977 0.23005 -0.15025 -0.92963
271 0.037606 -1.1358 -1.0378 0.61484 -0.087292 -0.91929
271.2 0.0023122 -2.0064 -1.0083 0.93679 0.29179 -0.84066
271.4 -0.14348 -2.7056 -0.98667 1.3553 -0.19574 -0.85938
271.6 -0.39814 -3.2458 -0.99028 1.501 -0.51659 -0.73852
271.8 -0.44729 -3.4133 -0.8918 1.5816 -0.76027 -0.36962
272 -0.3702 -3.327 -0.74666 1.6674 -0.65992 -0.28047
272.2 -0.36948 -2.6308 -0.6901 1.504 -0.77098 -0.28444
272.4 -0.42946 -1.6558 -0.71802 1.2766 -0.35398 -0.20601
272.6 -0.33632 -0.70438 -0.65048 0.80433 -0.024955 -0.11021
272.8 -0.25027 -0.10796 -0.65008 0.64748 0.69299 -0.083235
273 -0.20965 0.2692 -0.69574 0.34966 0.6957 -0.21025
273.2 -0.097433 0.34827 -0.76011 0.28884 0.9562 -0.20547
273.4 0.0015972 0.14511 -0.8188 0.27445 -0.29047 -0.68272
273.6 -0.010555 -0.3132 -0.95781 0.45539 -0.93747 -1.0166
273.8 -0.12393 -1.0123 -1.084 0.6968 -1.4855 -1.2416
274 -0.075649 -1.8837 -1.0429 1.0411 -0.41936 -0.92953
274.2 -0.15359 -2.7314 -0.97892 1.555 -0.48799 -0.99882
274.4 -0.41138 -3.2026 -0.9888 1.7345 -0.91949 -0.90316
274.6 -0.62303 -3.3872 -0.95535 1.8199 -1.2351 -0.66946
274.8 -0.55412 -3.2485 -0.81211 1.8264 -1.0768 -0.49096
275 -0.52334 -2.6824 -0.76812 1.7612 -0.6807 -0.3648
275.2 -0.54957 -1.7923 -0.76606 1.4707 -0.49817 -0.39205
275.4 -0.52222 -0.90168 -0.76144 1.0847 -0.15068 -0.27926
275.6 -0.43403 -0.32149 -0.69672 0.7166 -0.46679 -0.53189
275.8 -0.38427 0.10956 -0.76247 0.40694 -0.28494 -0.55097
276 -0.2933 0.34399 -0.8126 0.23459 -0.061978 -0.52647
276.2 -0.10434 0.41679 -0.76787 0.10876 0.014796 -0.57048
276.4 -0.061 0.40411 -0.76961 0.12014 -0.3113 -0.8264
276.6 -0.10647 0.3684 -0.84063 0.067799 -0.53667 -0.91053
276.8 0.0088469 0.17184 -0.89478 0.15629 0.041952 -0.69492
277 0.13596 -0.34299 -0.90779 0.463 -0.064155 -0.91428
277.2 0.10163 -0.90464 -0.99422 0.74623 -0.49715 -1.2281
277.4 -0.043974 -1.5281 -1.0568 0.97373 -0.86264 -1.3516
277.6 -0.038897 -2.0491 -1.0196 1.0822 -0.5745 -1.0786
277.8 -0.1329 -2.6299 -0.99369 1.3955 -0.72458 -1.1695
278 -0.39332 -2.8622 -1.0442 1.5161 -0.73015 -1.0166
278.2 -0.57567 -2.7747 -1.0166 1.5666 -0.85011 -0.81769
278.4 -0.49278 -2.3308 -0.83016 1.4542 -0.87086 -0.62473
278.6 -0.47083 -1.6337 -0.73365 1.3964 -0.83638 -0.66552
278.8 -0.52991 -0.88255 -0.75051 1.0725 -0.95146 -0.6976
279 -0.47599 -0.26523 -0.76005 0.75984 -0.15856 -0.47146
279.2 -0.28874 0.070675 -0.70774 0.49489 -0.48193 -0.67727
279.4 -0.21461 0.31303 -0.76551 0.33231 -0.048655 -0.65503
279.6 -0.16781 0.44263 -0.80961 0.24863 -0.1407 -0.70199
279.8 -0.041926 0.45218 -0.79896 0.21186 0.74979 -0.54082
280 0.010199 0.39269 -0.78523 0.24827 0.29706 -0.81744
280.2 -0.03138 0.39464 -0.87328 0.26398 0.37602 -0.77968
280.4 0.056478 0.24134 -0.92268 0.36916 0.42145 -0.64579
280.6 0.19235 -0.13488 -0.92137 0.6659 0.90222 -0.65483
280.8 0.14245 -0.54702 -0.99669 0.92147 0.59356 -0.97023
281 0.0088472 -1.0064 -1.0693 1.0702 0.32688 -1.1156
281.2 -0.012877 -1.4204 -1.0687 1.1355 0.29659 -0.96473
281.4 -0.043408 -1.9659 -1.0571 1.4262 0.15112 -1.0449
281.6 -0.28389 -2.2766 -1.1273 1.548 0.039729 -0.98879
281.8 -0.49865 -2.3358 -1.1379 1.6379 -0.66548 -0.93825
282 -0.42105 -2.1039 -0.95761 1.5242 -0.5961 -0.59875
282.2 -0.39114 -1.6918 -0.8351 1.5376 -1.0039 -0.70774
282.4 -0.46354 -1.074 -0.81625 1.3018 -0.65891 -0.5793
282.6 -0.48667 -0.58456 -0.83975 1.098 -0.3702 -0.49704
282.8 -0.30265 -0.21291 -0.77129 0.79528 -0.68067 -0.4961
283 -0.20702 0.081386 -0.79911 0.62568 -0.45805 -0.52166
283.2 -0.18903 0.29952 -0.82656 0.48301 -0.88695 -0.61258
283.4 -0.065363 0.40056 -0.80206 0.41586 -0.005827 -0.36551
283.6 0.055065 0.3615 -0.79398 0.54206 -0.2429 -0.63261
283.8 0.030332 0.36485 -0.8906 0.57089 0.12275 -0.6217
284 0.082038 0.22554 -0.98916 0.65255 0.29528 -0.63063
284.2 0.24156 -0.13724 -0.99137 0.74669 0.69747 -0.62649
284.4 0.21651 -0.60804 -1.0685 0.9871 0.23355 -0.91403
284.6 0.044155 -1.1432 -1.1669 1.1782 -0.17018 -1.0454
284.8 -0.10116 -1.7086 -1.2203 1.3515 -0.35907 -0.98978
285 -0.1802 -2.347 -1.1997 1.6599 -0.40571 -0.98116
285.2 -0.41562 -2.6862 -1.2745 1.8516 -0.45793 -0.91574
285.4 -0.64582 -2.762 -1.2837 1.978 -0.52762 -0.63322
285.6 -0.58488 -2.5393 -1.1247 1.8411 -0.37564 -0.22707
285.8 -0.50052 -2.1683 -0.96018 1.8507 -0.76193 -0.36013
286 -0.51416 -1.489 -0.91687 1.5382 -1.0301 -0.4756
286.2 -0.54163 -0.81874 -0.93919 1.3205 -0.89703 -0.50465
286.4 -0.36426 -0.31943 -0.82913 0.89657 -0.67203 -0.44952
286.6 -0.23756 -0.02159 -0.81832 0.7314 -0.046933 -0.36042
286.8 -0.18984 0.15405 -0.85371 0.47696 -0.27638 -0.45156
287 -0.062498 0.23112 -0.87089 0.45715 0.0323 -0.37973
287.2 0.066794 0.16793 -0.83028 0.49257 -0.80647 -0.68112
287.4 0.06864 0.067127 -0.91567 0.5249 -0.95632 -0.79199
287.6 0.071746 -0.23236 -0.99695 0.66622 -0.85833 -0.78627
287.8 0.17507 -0.83457 -0.99224 0.86436 -0.0076237 -0.68882
288 0.11078 -1.4919 -1.0073 1.2337 -0.29596 -1.0288
288.2 -0.12826 -2.0632 -1.0487 1.381 -0.72309 -1.1228
288.4 -0.30087 -2.5737 -1.0506 1.5615 -1.0918 -1.0849
288.6 -0.36964 -3.0048 -0.97242 1.7765 -1.1834 -0.89928
288.8 -0.48261 -3.0323 -0.95936 1.8526 -1.2075 -0.78987
289 -0.59535 -2.7002 -0.95558 1.7532 -1.1281 -0.51762
289.2 -0.48607 -2.1103 -0.86663 1.4627 -0.82849 -0.14527
289.4 -0.3638 -1.6545 -0.83122 1.4412 -0.78761 -0.27424
289.6 -0.33959 -1.051 -0.87789 1.1637 -0.66149 -0.33428
289.8 -0.28521 -0.60258 -0.92031 0.94872 -0.10267 -0.27983
290 -0.10827 -0.25922 -0.86256 0.60582 -0.19917 -0.29883
290.2 -0.01548 -0.076699 -0.86783 0.5454 0.2703 -0.36673
290.4 -0.039513 0.068634 -0.9419 0.47715 0.27489 -0.41602
290.6 0.036985 0.071906 -0.95146 0.56681 1.1939 -0.1624
290.8 0.13422 -0.16514 -0.96144 0.71448 0.28598 -0.57925
291 0.12176 -0.4892 -1.0306 0.8325 -0.28204 -0.82759
291.2 0.0048809 -0.98675 -1.1275 1.029 -0.73937 -1.0452
291.4 0.04264 -1.5855 -1.0557 1.2307 -0.25299 -0.87865
291.6 -0.11276 -2.1507 -1.0362 1.5572 -0.72957 -1.1355
291.8 -0.39181 -2.5409 -1.0838 1.6722 -1.0736 -1.1371
292 -0.6121 -2.793 -1.083 1.7763 -1.4571 -1.0496
292.2 -0.56432 -2.9672 -1.0154 1.9108 -1.2733 -0.79898
292.4 -0.54015 -2.7334 -0.9698 1.948 -0.94056 -0.64676
292.6 -0.55124 -2.1905 -0.9553 1.7416 -1.0585 -0.57013
292.8 -0.47266 -1.4631 -0.87603 1.3654 -0.38208 -0.29525
293 -0.36065 -0.87129 -0.80523 1.1107 -0.55615 -0.40737
293.2 -0.31949 -0.37414 -0.85541 0.83223 -0.18729 -0.39505
293.4 -0.19831 -0.087101 -0.86929 0.64629 -0.0043499 -0.40647
293.6 -0.070857 0.0071103 -0.89409 0.60573 0.11379 -0.58566
293.8 -0.037655 0.083065 -0.91714 0.55284 -0.50126 -0.89234
294 -0.075392 0.13465 -1.0026 0.47505 -0.29366 -0.86827
294.2 0.0046645 0.064591 -0.9794 0.36963 -0.26755 -0.68406
294.4 0.091496 -0.34403 -1.0189 0.66881 0.052267 -0.76069
294.6 0.025895 -0.74661 -1.12 1.0538 0.030561 -0.89814
294.8 -0.051665 -1.2805 -1.174 1.3631 0.19661 -0.93859
295 -0.011603 -1.7922 -1.0629 1.519 0.32026 -0.84827
295.2 -0.14634 -2.318 -1.0257 1.7679 0.14794 -0.9667
295.4 -0.43241 -2.6076 -1.0572 1.9056 -0.23448 -0.92863
295.6 -0.61379 -2.6975 -1.0542 2.0168 -0.023689 -0.66872
295.8 -0.56628 -2.6269 -0.92396 1.9613 -0.93771 -0.73474
296 -0.51723 -2.1648 -0.88634 1.8612 -1.0655 -0.68419
296.2 -0.51923 -1.5131 -0.89227 1.626 -1.2879 -0.71424
296.4 -0.39775 -0.85312 -0.87585 1.4346 -0.49444 -0.44054
296.6 -0.32397 -0.39641 -0.87172 1.1676 -0.97276 -0.72359
296.8 -0.35711 -0.0013742 -0.96753 0.89196 -1.3495 -0.80366
297 -0.34072 0.21225 -1.0211 0.66386 -1.4096 -0.83107
297.2 -0.17524 0.21462 -0.99172 0.72609 -0.59602 -0.73488
297.4 -0.13777 0.13882 -1.0452 0.85655 -0.48851 -0.93986
297.6 -0.12934 -0.094073 -1.1562 0.95231 -0.26288 -1.0108
297.8 -0.061884 -0.58682 -1.1632 0.9796 -0.21339 -0.89908
298 0.003392 -1.3476 -1.1371 1.3299 -0.49053 -1.154
298.2 -0.19728 -1.9686 -1.1622 1.5972 -0.7688 -1.2344
298.4 -0.49118 -2.55 -1.1997 1.9035 -1.0184 -1.1889
298.6 -0.62503 -3.0184 -1.101 1.9185 -0.87803 -0.76686
298.8 -0.68052 -3.3932 -0.99535 2.1144 -1.2353 -0.82495
299 -0.79968 -3.1976 -0.95976 2.0274 -1.6466 -0.76349
299.2 -0.86981 -2.6054 -0.95835 2.0162 -1.4162 -0.57187
299.4 -0.74211 -1.7816 -0.86263 1.712 -1.4549 -0.49278
299.6 -0.71013 -0.98172 -0.83096 1.4883 -1.2526 -0.64148
299.8 -0.77067 -0.32984 -0.8953 1.0536 -1.5264 -0.8537
