0 0 0 0 0 0 0
0.2 0 0 0.4 0 0 0
0.4 0 0 0 0 0 0
0.6 0 0 0.4 0 0 0
0.8 0 0 0 0 0 0
1 0 0 0.4 0 0 0
1.2 0 0 0 0 0 0
1.4 0 0 0.4 0 0 0
1.6 0 0 0 0 0 0
1.8 0 0 0.4 0 0 0
2 0 0 0 0 0 0
2.2 0 0 0.1341 0 0 0
2.4 0 0 0.2683 0 0 0
2.6 0 0 0.2774 0 0 0
2.8 0 0 0.3774 0 0 0
3 0 0 -0.3019 0 0 0
3.2 0 0 -0.2019 0 0 0
3.4 0 0 -0.106 0 0 0
3.6 0 0 -0.00599999999999999 0 0 0
3.8 0 0 -0.106 0 0 0
4 0 0 0.1795 0 0 0
4.2 0 0 0.8405 0 0 0
4.4 0 0 0.9935 0 0 0
4.6 0 0 1.0085 0 0 0
4.8 0 0 1.0093 0 0 0
5 0 0 1.2661 0 0 0
5.2 0 0 1.3323 0 0 0
5.4 0 0 1.4323 0 0 0
5.6 0 0 1.2809 0 0 0
5.8 0 0 0.7056 0 0 0
6 0 0 -0.9459 0 0 0
6.2 0 0 -2.4977 0 0 0
6.4 0 0 -4.5323 0 0 0
6.6 0 0 -8.7586 0 0 0
6.8 0 0 -11.1459 0 0 0
7 0 0 -11.0459 0 0 0
7.2 0 0 -10.2902 0 0 0
7.4 0 0 -8.0305 0 0 0
7.6 0 0 -5.7022 0 0 0
7.8 0 0 -3.6361 0 0 0
8 0 0 -1.7982 0 0 0
8.2 0 0 -1.067 0 0 0
8.4 0 0 -0.4854 0 0 0
8.6 0 0 0.1639 0 0 0
8.8 0 0 0.6163 0 0 0
9 0 0 0.8349 0 0 0
9.2 0 0 0.9969 0 0 0
9.4 0 0 1.0969 0 0 0
9.6 0 0 0.7038 0 0 0
9.8 0 0 -0.4811 0 0 0
10 0 0 -2.0395 0 0 0
10.2 0 0 -2.8574 0 0 0
10.4 0 0 -5.4091 0 0 0
10.6 0 0 -7.691 0 0 0
10.8 0 0 -10.2524 0 0 0
11 0 0 -10.1524 0 0 0
11.2 0 0 -9.3012 0 0 0
11.4 0 0 -6.2033 0 0 0
11.6 0 0 -4.3622 0 0 0
11.8 0 0 -2.7995 0 0 0
12 0 0 -1.6812 0 0 0
12.2 0 0 -0.6171 0 0 0
12.4 0 0 -0.1189 0 0 0
12.6 0 0 0.2519 0 0 0
12.8 0 0 0.5009 0 0 0
13 0 0 0.5259 0 0 0
13.2 0 0 0.5772 0 0 0
13.4 0 0 0.6772 0 0 0
13.6 0 0 -0.2816 0 0 0
13.8 0 0 -2.9256 0 0 0
14 0 0 -4.8795 0 0 0
14.2 0 0 -7.2307 0 0 0
14.4 0 0 -9.6642 0 0 0
14.6 0 0 -11.4046 0 0 0
14.8 0 0 -11.3046 0 0 0
15 0 0 -10.3072 0 0 0
15.2 0 0 -7.6994 0 0 0
15.4 0 0 -4.9282 0 0 0
15.6 0 0 -2.5192 0 0 0
15.8 0 0 -1.605 0 0 0
16 0 0 -0.7564 0 0 0
16.2 0 0 -0.1985 0 0 0
16.4 0 0 0.132 0 0 0
16.6 0 0 0.6861 0 0 0
16.8 0 0 0.7861 0 0 0
17 0 0 0.4731 0 0 0
17.2 0 0 -0.003 0 0 0
17.4 0 0 -0.5994 0 0 0
17.6 0 0 -2.7148 0 0 0
17.8 0 0 -4.5927 0 0 0
18 0 0 -6.8156 0 0 0
18.2 0 0 -9.2849 0 0 0
18.4 0 0 -10.3297 0 0 0
18.6 0 0 -10.2297 0 0 0
18.8 0 0 -7.1823 0 0 0
19 0 0 -5.2305 0 0 0
19.2 0 0 -3.2687 0 0 0
19.4 0 0 -1.9146 0 0 0
19.6 0 0 -1.0429 0 0 0
19.8 0 0 0.0716 0 0 0
20 0 0 0.3661 0 0 0
20.2 0 0 0.4907 0 0 0
20.4 0 0 0.5628 0 0 0
20.6 0 0 0.6628 0 0 0
20.8 0 0 0.5544 0 0 0
21 0 0 -0.6068 0 0 0
21.2 0 0 -2.4245 0 0 0
21.4 0 0 -4.1328 0 0 0
21.6 0 0 -6.339 0 0 0
21.8 0 0 -8.7211 0 0 0
22 0 0 -9.0247 0 0 0
22.2 0 0 -8.9247 0 0 0
22.4 0 0 -7.1581 0 0 0
22.6 0 0 -5.2525 0 0 0
22.8 0 0 -3.3861 0 0 0
23 0 0 -1.3073 0 0 0
23.2 0 0 -0.7257 0 0 0
23.4 0 0 -0.2469 0 0 0
23.6 0 0 0.1526 0 0 0
23.8 0 0 0.4952 0 0 0
24 0 0 0.8086 0 0 0
24.2 0 0 0.8134 0 0 0
24.4 0 0 0.8086 0 0 0
24.6 0 0 0.5484 0 0 0
24.8 0 0 -0.5281 0 0 0
25 0 0 -1.4424 0 0 0
25.2 0 0 -3.3564 0 0 0
25.4 0 0 -4.9388 0 0 0
25.6 0 0 -5.3215 0 0 0
25.8 0 0 -6.7728 0 0 0
26 0 0 -9.2739 0 0 0
26.2 0 0 -9.1739 0 0 0
26.4 0 0 -6.2819 0 0 0
26.6 0 0 -4.2004 0 0 0
26.8 0 0 -2.479 0 0 0
27 0 0 -1.3513 0 0 0
27.2 0 0 -0.3552 0 0 0
27.4 0 0 -0.0602 0 0 0
27.6 0 0 0.1515 0 0 0
27.8 0 0 0.217 0 0 0
28 0 0 0.2444 0 0 0
28.2 0 0 0.7977 0 0 0
28.4 0 0 0.8977 0 0 0
28.6 0 0 0.2628 0 0 0
28.8 0 0 -0.8999 0 0 0
29 0 0 -2.4217 0 0 0
29.2 0 0 -3.7093 0 0 0
29.4 0 0 -4.1152 0 0 0
29.6 0 0 -4.5634 0 0 0
29.8 0 0 -6.4889 0 0 0
30 0 0 -6.7489 0 0 0
30.2 0 0 -6.6489 0 0 0
30.4 0 0 -3.3445 0 0 0
30.6 0 0 -2.1102 0 0 0
30.8 0 0 -1.1505 0 0 0
31 0 0 -0.5102 0 0 0
31.2 0 0 -0.2032 0 0 0
31.4 0 0 0.4191 0 0 0
31.6 0 0 0.6401 0 0 0
31.8 0 0 0.684 0 0 0
32 0 0 0.7055 0 0 0
32.2 0 0 0.7613 0 0 0
32.4 0 0 0.7961 0 0 0
32.6 0 0 0.9654 0 0 0
32.8 0 0 1.0654 0 0 0
33 0 0 -0.0817 0 0 0
33.2 0 0 -1.3835 0 0 0
33.4 0 0 -2.4681 0 0 0
33.6 0 0 -3.6947 0 0 0
33.8 0 0 -4.5826 0 0 0
34 0 0 -6.2659 0 0 0
34.2 0 0 -6.6068 0 0 0
34.4 0 0 -6.5068 0 0 0
34.6 0 0 -6.0539 0 0 0
34.8 0 0 -4.3542 0 0 0
35 0 0 -2.1941 0 0 0
35.2 0 0 -1.4498 0 0 0
35.4 0 0 -1.1303 0 0 0
35.6 0 0 -1.0303 0 0 0
35.8 0 0 -3.5505 0 0 0
36 0 0 -3.6193 0 0 0
36.2 0 0 -3.6882 0 0 0
36.4 0 0 -3.7571 0 0 0
36.6 0 0 -3.8259 0 0 0
36.8 0 0 -3.8948 0 0 0
37 0 0 -3.9637 0 0 0
37.2 0 0 -4.0326 0 0 0
37.4 0 0 -4.1014 0 0 0
37.6 0 0 -4.1703 0 0 0
37.8 0 0 -4.2392 0 0 0
38 0 0 -4.3081 0 0 0
38.2 0 0 -4.3769 0 0 0
38.4 0 0 -4.4458 0 0 0
38.6 0 0 -4.5147 0 0 0
38.8 0 0 -4.5836 0 0 0
39 0 0 -4.6524 0 0 0
39.2 0 0 -4.7213 0 0 0
39.4 0 0 -4.7902 0 0 0
39.6 0 0 -4.859 0 0 0
39.8 0 0 -4.9279 0 0 0
40 0 0 -4.9968 0 0 0
40.2 0 0 -5.0657 0 0 0
40.4 0 0 -5.1345 0 0 0
40.6 0 0 -5.0345 0 0 0
40.8 0 0 -4.8623 0 0 0
41 0 0 -3.3633 0 0 0
41.2 0 0 -2.5398 0 0 0
41.4 0 0 -1.5494 0 0 0
41.6 0 0 -0.8691 0 0 0
41.8 0 0 -0.3425 0 0 0
42 0 0 0.5709 0 0 0
42.2 0 0 0.7409 0 0 0
42.4 0 0 0.9101 0 0 0
42.6 0 0 1.0101 0 0 0
42.8 0 0 0.706 0 0 0
43 0 0 0.2618 0 0 0
43.2 0 0 -0.8875 0 0 0
43.4 0 0 -2.6165 0 0 0
43.6 0 0 -4.0577 0 0 0
43.8 0 0 -5.7865 0 0 0
44 0 0 -6.8637 0 0 0
44.2 0 0 -7.0101 0 0 0
44.4 0 0 -6.9101 0 0 0
44.6 0 0 -5.7979 0 0 0
44.8 0 0 -4.7192 0 0 0
45 0 0 -3.7612 0 0 0
45.2 0 0 -2.4381 0 0 0
45.4 0 0 -2.2299 0 0 0
45.6 0 0 -1.685 0 0 0
45.8 0 0 -0.963 0 0 0
46 0 0 -0.5401 0 0 0
46.2 0 0 0.1335 0 0 0
46.4 0 0 0.671 0 0 0
46.6 0 0 1.0332 0 0 0
46.8 0 0 1.1332 0 0 0
47 0 0 0.4415 0 0 0
47.2 0 0 -0.2963 0 0 0
47.4 0 0 -0.8463 0 0 0
47.6 0 0 -2.5435 0 0 0
47.8 0 0 -3.8487 0 0 0
48 0 0 -6.2447 0 0 0
48.2 0 0 -8.3179 0 0 0
48.4 0 0 -8.2179 0 0 0
48.6 0 0 -6.4522 0 0 0
48.8 0 0 -5.2949 0 0 0
49 0 0 -4.3476 0 0 0
49.2 0 0 -3.3206 0 0 0
49.4 0 0 -2.1513 0 0 0
49.6 0 0 -1.1891 0 0 0
49.8 0 0 -0.7151 0 0 0
50 0 0 -0.1723 0 0 0
50.2 0 0 0.1975 0 0 0
50.4 0 0 0.349 0 0 0
50.6 0 0 1.2608 0 0 0
50.8 0 0 1.3608 0 0 0
51 0 0 0.9407 0 0 0
51.2 0 0 0.1821 0 0 0
51.4 0 0 -0.7498 0 0 0
51.6 0 0 -2.0989 0 0 0
51.8 0 0 -3.2064 0 0 0
52 0 0 -4.8188 0 0 0
52.2 0 0 -6.5138 0 0 0
52.4 0 0 -7.1257 0 0 0
52.6 0 0 -7.0257 0 0 0
52.8 0 0 -5.2721 0 0 0
53 0 0 -3.7747 0 0 0
53.2 0 0 -2.9722 0 0 0
53.4 0 0 -2.2128 0 0 0
53.6 0 0 -1.5961 0 0 0
53.8 0 0 -0.9345 0 0 0
54 0 0 -0.3216 0 0 0
54.2 0 0 -0.0481 0 0 0
54.4 0 0 0.0974 0 0 0
54.6 0 0 0.551 0 0 0
54.8 0 0 0.907 0 0 0
55 0 0 1.3473 0 0 0
55.2 0 0 1.4473 0 0 0
55.4 0 0 0.7644 0 0 0
55.6 0 0 -0.576 0 0 0
55.8 0 0 -1.7078 0 0 0
56 0 0 -2.3401 0 0 0
56.2 0 0 -3.7073 0 0 0
56.4 0 0 -5.3771 0 0 0
56.6 0 0 -6.2634 0 0 0
56.8 0 0 -6.1634 0 0 0
57 0 0 -5.1055 0 0 0
57.2 0 0 -3.62 0 0 0
57.4 0 0 -2.6499 0 0 0
57.6 0 0 -1.8825 0 0 0
57.8 0 0 -1.1439 0 0 0
58 0 0 -0.8562 0 0 0
58.2 0 0 -0.5138 0 0 0
58.4 0 0 -0.1715 0 0 0
58.6 0 0 0.2314 0 0 0
58.8 0 0 0.6563 0 0 0
59 0 0 0.729 0 0 0
59.2 0 0 0.9853 0 0 0
59.4 0 0 1.0853 0 0 0
59.6 0 0 0.5052 0 0 0
59.8 0 0 -0.8461 0 0 0
60 0 0 -2.2037 0 0 0
60.2 0 0 -3.3086 0 0 0
60.4 0 0 -4.5814 0 0 0
60.6 0 0 -5.7594 0 0 0
60.8 0 0 -7.0847 0 0 0
61 0 0 -6.9847 0 0 0
61.2 0 0 -5.709 0 0 0
61.4 0 0 -4.0978 0 0 0
61.6 0 0 -2.6579 0 0 0
61.8 0 0 -1.8807 0 0 0
62 0 0 -1.0854 0 0 0
62.2 0 0 -0.6146 0 0 0
62.4 0 0 -0.1023 0 0 0
62.6 0 0 0.1118 0 0 0
62.8 0 0 0.5148 0 0 0
63 0 0 0.6742 0 0 0
63.2 0 0 1.071 0 0 0
63.4 0 0 1.171 0 0 0
63.6 0 0 0.8264 0 0 0
63.8 0 0 -0.7333 0 0 0
64 0 0 -2.1944 0 0 0
64.2 0 0 -3.821 0 0 0
64.4 0 0 -5.2303 0 0 0
64.6 0 0 -6.32 0 0 0
64.8 0 0 -6.22 0 0 0
65 0 0 -5.9656 0 0 0
65.2 0 0 -4.8688 0 0 0
65.4 0 0 -3.9389 0 0 0
65.6 0 0 -2.4379 0 0 0
65.8 0 0 -1.6434 0 0 0
66 0 0 -1.1836 0 0 0
66.2 0 0 -0.5903 0 0 0
66.4 0 0 -0.1111 0 0 0
66.6 0 0 0.5978 0 0 0
66.8 0 0 0.7832 0 0 0
67 0 0 0.9775 0 0 0
67.2 0 0 1.0775 0 0 0
67.4 0 0 0.8073 0 0 0
67.6 0 0 -0.0275 0 0 0
67.8 0 0 -0.8463 0 0 0
68 0 0 -2.3724 0 0 0
68.2 0 0 -3.9261 0 0 0
68.4 0 0 -5.7088 0 0 0
68.6 0 0 -8.2386 0 0 0
68.8 0 0 -8.1386 0 0 0
69 0 0 -7.0446 0 0 0
69.2 0 0 -5.8454 0 0 0
69.4 0 0 -4.75 0 0 0
69.6 0 0 -3.85 0 0 0
69.8 0 0 -3.3043 0 0 0
70 0 0 -2.0222 0 0 0
70.2 0 0 -1.3798 0 0 0
70.4 0 0 -0.8718 0 0 0
70.6 0 0 -0.6355 0 0 0
70.8 0 0 -0.6354 0 0 0
71 0 0 -0.033 0 0 0
71.2 0 0 0.6609 0 0 0
71.4 0 0 0.7609 0 0 0
71.6 0 0 0.1764 0 0 0
71.8 0 0 -0.9452 0 0 0
72 0 0 -1.9505 0 0 0
72.2 0 0 -3.2922 0 0 0
72.4 0 0 -5.2136 0 0 0
72.6 0 0 -7.332 0 0 0
72.8 0 0 -7.9661 0 0 0
73 0 0 -7.8661 0 0 0
73.2 0 0 -6.253 0 0 0
73.4 0 0 -5.1628 0 0 0
73.6 0 0 -4.1597 0 0 0
73.8 0 0 -3.2395 0 0 0
74 0 0 -2.207 0 0 0
74.2 0 0 -1.2282 0 0 0
74.4 0 0 -1.017 0 0 0
74.6 0 0 -0.8419 0 0 0
74.8 0 0 -0.7329 0 0 0
75 0 0 -0.2499 0 0 0
75.2 0 0 0.5631 0 0 0
75.4 0 0 0.8318 0 0 0
75.6 0 0 0.9318 0 0 0
75.8 0 0 0.5635 0 0 0
76 0 0 -0.1997 0 0 0
76.2 0 0 -1.084 0 0 0
76.4 0 0 -2.181 0 0 0
76.6 0 0 -3.7005 0 0 0
76.8 0 0 -4.108 0 0 0
77 0 0 -5.2561 0 0 0
77.2 0 0 -5.8563 0 0 0
77.4 0 0 -5.7563 0 0 0
77.6 0 0 -4.5768 0 0 0
77.8 0 0 -3.7841 0 0 0
78 0 0 -2.597 0 0 0
78.2 0 0 -1.9049 0 0 0
78.4 0 0 -0.6975 0 0 0
78.6 0 0 -0.1746 0 0 0
78.8 0 0 0.094 0 0 0
79 0 0 0.4293 0 0 0
79.2 0 0 0.6343 0 0 0
79.4 0 0 1.0562 0 0 0
79.6 0 0 1.1562 0 0 0
79.8 0 0 -0.3848 0 0 0
80 0 0 -1.9067 0 0 0
80.2 0 0 -3.6159 0 0 0
80.4 0 0 -5.4633 0 0 0
80.6 0 0 -7.0339 0 0 0
80.8 0 0 -8.9317 0 0 0
81 0 0 -8.8317 0 0 0
81.2 0 0 -7.8581 0 0 0
81.4 0 0 -6.6796 0 0 0
81.6 0 0 -4.8511 0 0 0
81.8 0 0 -4.0124 0 0 0
82 0 0 -3.3699 0 0 0
82.2 0 0 -2.9038 0 0 0
82.4 0 0 -1.7921 0 0 0
82.6 0 0 -0.6773 0 0 0
82.8 0 0 -0.2206 0 0 0
83 0 0 0.0317 0 0 0
83.2 0 0 0.3198 0 0 0
83.4 0 0 0.3737 0 0 0
83.6 0 0 0.4767 0 0 0
83.8 0 0 0.5767 0 0 0
84 0 0 0.118 0 0 0
84.2 0 0 -1.8023 0 0 0
84.4 0 0 -4.1578 0 0 0
84.6 0 0 -6.1705 0 0 0
84.8 0 0 -7.915 0 0 0
85 0 0 -8.6643 0 0 0
85.2 0 0 -8.5643 0 0 0
85.4 0 0 -6.7573 0 0 0
85.6 0 0 -5.4631 0 0 0
85.8 0 0 -3.9969 0 0 0
86 0 0 -3.3944 0 0 0
86.2 0 0 -3.3768 0 0 0
86.4 0 0 -3.3591 0 0 0
86.6 0 0 -3.3414 0 0 0
86.8 0 0 -3.3237 0 0 0
87 0 0 -3.3061 0 0 0
87.2 0 0 -3.2884 0 0 0
87.4 0 0 -3.2707 0 0 0
87.6 0 0 -3.2531 0 0 0
87.8 0 0 -3.2354 0 0 0
88 0 0 -3.2177 0 0 0
88.2 0 0 -3.2 0 0 0
88.4 0 0 -3.1824 0 0 0
88.6 0 0 -3.1647 0 0 0
88.8 0 0 -3.147 0 0 0
89 0 0 -3.1294 0 0 0
89.2 0 0 -3.1117 0 0 0
89.4 0 0 -3.094 0 0 0
89.6 0 0 -3.0763 0 0 0
89.8 0 0 -3.0587 0 0 0
90 0 0 -3.041 0 0 0
90.2 0 0 -2.7521 0 0 0
90.4 0 0 -1.9903 0 0 0
90.6 0 0 -1.2423 0 0 0
90.8 0 0 -0.7961 0 0 0
91 0 0 0.0945 0 0 0
91.2 0 0 0.2992 0 0 0
91.4 0 0 0.4557 0 0 0
91.6 0 0 0.7008 0 0 0
91.8 0 0 0.7853 0 0 0
92 0 0 0.8853 0 0 0
92.2 0 0 0.0387 0 0 0
92.4 0 0 -0.5646 0 0 0
92.6 0 0 -1.1534 0 0 0
92.8 0 0 -3.0822 0 0 0
93 0 0 -5.1225 0 0 0
93.2 0 0 -6.1529 0 0 0
93.4 0 0 -6.0529 0 0 0
93.6 0 0 -5.35 0 0 0
93.8 0 0 -4.8372 0 0 0
94 0 0 -3.9418 0 0 0
94.2 0 0 -2.3146 0 0 0
94.4 0 0 -1.9046 0 0 0
94.6 0 0 -1.3758 0 0 0
94.8 0 0 -0.7627 0 0 0
95 0 0 -0.2877 0 0 0
95.2 0 0 0.3615 0 0 0
95.4 0 0 0.3663 0 0 0
95.6 0 0 0.4564 0 0 0
95.8 0 0 0.5085 0 0 0
96 0 0 0.6085 0 0 0
96.2 0 0 0.2902 0 0 0
96.4 0 0 0.0865 0 0 0
96.6 0 0 -1.6857 0 0 0
96.8 0 0 -3.6672 0 0 0
97 0 0 -5.2034 0 0 0
97.2 0 0 -5.8149 0 0 0
97.4 0 0 -5.7149 0 0 0
97.6 0 0 -5.796 0 0 0
97.8 0 0 -4.5225 0 0 0
98 0 0 -3.7122 0 0 0
98.2 0 0 -2.6324 0 0 0
98.4 0 0 -1.8944 0 0 0
98.6 0 0 -1.3329 0 0 0
98.8 0 0 -0.8936 0 0 0
99 0 0 -0.5423 0 0 0
99.2 0 0 0.2082 0 0 0
99.4 0 0 0.5428 0 0 0
99.6 0 0 0.5821 0 0 0
99.8 0 0 0.6821 0 0 0
100 0 0 -0.1409 0 0 0
100.2 0 0 -0.8656 0 0 0
100.4 0 0 -1.8767 0 0 0
100.6 0 0 -3.8967 0 0 0
100.8 0 0 -6.3184 0 0 0
101 0 0 -8.6591 0 0 0
101.2 0 0 -10.3911 0 0 0
101.4 0 0 -10.2911 0 0 0
101.6 0 0 -8.1191 0 0 0
101.8 0 0 -6.6669 0 0 0
102 0 0 -5.5023 0 0 0
102.2 0 0 -4.7536 0 0 0
102.4 0 0 -3.9242 0 0 0
102.6 0 0 -2.946 0 0 0
102.8 0 0 -2.6419 0 0 0
103 0 0 -2.0828 0 0 0
103.2 0 0 -1.584 0 0 0
103.4 0 0 -1.2256 0 0 0
103.6 0 0 -0.7595 0 0 0
103.8 0 0 -0.6595 0 0 0
104 0 0 -1.0235 0 0 0
104.2 0 0 -1.1186 0 0 0
104.4 0 0 -1.2137 0 0 0
104.6 0 0 -2.1752 0 0 0
104.8 0 0 -2.0752 0 0 0
105 0 0 -2.1742 0 0 0
105.2 0 0 -1.5057 0 0 0
105.4 0 0 -0.138 0 0 0
105.6 0 0 0.6447 0 0 0
105.8 0 0 0.7447 0 0 0
106 0 0 0.4813 0 0 0
106.2 0 0 -1.69 0 0 0
106.4 0 0 -3.5362 0 0 0
106.6 0 0 -5.3136 0 0 0
106.8 0 0 -8.8074 0 0 0
107 0 0 -11.4444 0 0 0
107.2 0 0 -11.3444 0 0 0
107.4 0 0 -10.5931 0 0 0
107.6 0 0 -8.1097 0 0 0
107.8 0 0 -6.7285 0 0 0
108 0 0 -5.4268 0 0 0
108.2 0 0 -4.3924 0 0 0
108.4 0 0 -3.0191 0 0 0
108.6 0 0 -1.6861 0 0 0
108.8 0 0 -1.2509 0 0 0
109 0 0 -0.4952 0 0 0
109.2 0 0 -0.2016 0 0 0
109.4 0 0 0.0093 0 0 0
109.6 0 0 0.6521 0 0 0
109.8 0 0 0.7521 0 0 0
110 0 0 0.3589 0 0 0
110.2 0 0 -0.7243 0 0 0
110.4 0 0 -2.0864 0 0 0
110.6 0 0 -2.9946 0 0 0
110.8 0 0 -5.2711 0 0 0
111 0 0 -7.6451 0 0 0
111.2 0 0 -10.3037 0 0 0
111.4 0 0 -10.2037 0 0 0
111.6 0 0 -9.0988 0 0 0
111.8 0 0 -6.562 0 0 0
112 0 0 -5.5623 0 0 0
112.2 0 0 -4.1635 0 0 0
112.4 0 0 -2.9234 0 0 0
112.6 0 0 -1.5026 0 0 0
112.8 0 0 -0.3829 0 0 0
113 0 0 0.1395 0 0 0
113.2 0 0 0.4226 0 0 0
113.4 0 0 0.6077 0 0 0
113.6 0 0 0.7664 0 0 0
113.8 0 0 0.8689 0 0 0
114 0 0 0.9689 0 0 0
114.2 0 0 -0.3474 0 0 0
114.4 0 0 -1.4759 0 0 0
114.6 0 0 -2.8785 0 0 0
114.8 0 0 -3.1609 0 0 0
115 0 0 -4.2408 0 0 0
115.2 0 0 -6.572 0 0 0
115.4 0 0 -9.9332 0 0 0
115.6 0 0 -9.8332 0 0 0
115.8 0 0 -8.3325 0 0 0
116 0 0 -5.7653 0 0 0
116.2 0 0 -5.1023 0 0 0
116.4 0 0 -4.1159 0 0 0
116.6 0 0 -3.2954 0 0 0
116.8 0 0 -2.3132 0 0 0
117 0 0 -1.2045 0 0 0
117.2 0 0 -0.984 0 0 0
117.4 0 0 -0.6875 0 0 0
117.6 0 0 -0.3477 0 0 0
117.8 0 0 0.0446 0 0 0
118 0 0 0.651 0 0 0
118.2 0 0 0.751 0 0 0
118.4 0 0 0.6415 0 0 0
118.6 0 0 0.2386 0 0 0
118.8 0 0 -0.0922 0 0 0
119 0 0 -0.8747 0 0 0
119.2 0 0 -2.3348 0 0 0
119.4 0 0 -4.7822 0 0 0
119.6 0 0 -6.8765 0 0 0
119.8 0 0 -8.0898 0 0 0
120 0 0 -7.9898 0 0 0
120.2 0 0 -6.1127 0 0 0
120.4 0 0 -5.0186 0 0 0
120.6 0 0 -4.0989 0 0 0
120.8 0 0 -3.0437 0 0 0
121 0 0 -2.3305 0 0 0
121.2 0 0 -1.2356 0 0 0
121.4 0 0 -0.6841 0 0 0
121.6 0 0 -0.4424 0 0 0
121.8 0 0 -0.0391 0 0 0
122 0 0 0.2778 0 0 0
122.2 0 0 0.5475 0 0 0
122.4 0 0 1.0739 0 0 0
122.6 0 0 1.1266 0 0 0
122.8 0 0 1.2266 0 0 0
123 0 0 0.8371 0 0 0
123.2 0 0 -0.4963 0 0 0
123.4 0 0 -1.7927 0 0 0
123.6 0 0 -3.2551 0 0 0
123.8 0 0 -5.0419 0 0 0
124 0 0 -7.0008 0 0 0
124.2 0 0 -7.1657 0 0 0
124.4 0 0 -7.0657 0 0 0
124.6 0 0 -5.3009 0 0 0
124.8 0 0 -4.5269 0 0 0
125 0 0 -3.7243 0 0 0
125.2 0 0 -2.919 0 0 0
125.4 0 0 -2.1207 0 0 0
125.6 0 0 -1.1268 0 0 0
125.8 0 0 -0.8843 0 0 0
126 0 0 -0.4379 0 0 0
126.2 0 0 -0.1711 0 0 0
126.4 0 0 -0.0323 0 0 0
126.6 0 0 0.2907 0 0 0
126.8 0 0 0.5686 0 0 0
127 0 0 0.6686 0 0 0
127.2 0 0 -0.2553 0 0 0
127.4 0 0 -1.4836 0 0 0
127.6 0 0 -2.7071 0 0 0
127.8 0 0 -3.6026 0 0 0
128 0 0 -5.386 0 0 0
128.2 0 0 -7.3441 0 0 0
128.4 0 0 -7.2441 0 0 0
128.6 0 0 -7.104 0 0 0
128.8 0 0 -5.3673 0 0 0
129 0 0 -4.0444 0 0 0
129.2 0 0 -2.9313 0 0 0
129.4 0 0 -2.2198 0 0 0
129.6 0 0 -1.4532 0 0 0
129.8 0 0 -0.9746 0 0 0
130 0 0 0.023 0 0 0
130.2 0 0 0.2638 0 0 0
130.4 0 0 0.4829 0 0 0
130.6 0 0 0.584 0 0 0
130.8 0 0 0.6709 0 0 0
131 0 0 0.7709 0 0 0
131.2 0 0 0.3426 0 0 0
131.4 0 0 -1.2999 0 0 0
131.6 0 0 -3.1802 0 0 0
131.8 0 0 -4.8767 0 0 0
132 0 0 -6.7068 0 0 0
132.2 0 0 -6.6068 0 0 0
132.4 0 0 -6.6867 0 0 0
132.6 0 0 -5.434 0 0 0
132.8 0 0 -4.4766 0 0 0
133 0 0 -3.6727 0 0 0
133.2 0 0 -2.623 0 0 0
133.4 0 0 -1.854 0 0 0
133.6 0 0 -1.5658 0 0 0
133.8 0 0 -1.1306 0 0 0
134 0 0 -0.6369 0 0 0
134.2 0 0 0.0345 0 0 0
134.4 0 0 0.4128 0 0 0
134.6 0 0 0.4712 0 0 0
134.8 0 0 0.4777 0 0 0
135 0 0 0.5777 0 0 0
135.2 0 0 -0.5042 0 0 0
135.4 0 0 -1.6308 0 0 0
135.6 0 0 -3.2084 0 0 0
135.8 0 0 -5.1794 0 0 0
136 0 0 -6.8889 0 0 0
136.2 0 0 -7.6122 0 0 0
136.4 0 0 -7.5122 0 0 0
136.6 0 0 -6.7373 0 0 0
136.8 0 0 -5.2499 0 0 0
137 0 0 -4.099 0 0 0
137.2 0 0 -3.1244 0 0 0
137.4 0 0 -2.4645 0 0 0
137.6 0 0 -1.2684 0 0 0
137.8 0 0 -0.9524 0 0 0
138 0 0 -0.3453 0 0 0
138.2 0 0 -0.1417 0 0 0
138.4 0 0 0.2154 0 0 0
138.6 0 0 0.6842 0 0 0
138.8 0 0 0.7842 0 0 0
139 0 0 0.2693 0 0 0
139.2 0 0 -0.8783 0 0 0
139.4 0 0 -2.1301 0 0 0
139.6 0 0 -3.6624 0 0 0
139.8 0 0 -5.0788 0 0 0
140 0 0 -7.3023 0 0 0
140.2 0 0 -8.9245 0 0 0
140.4 0 0 -8.8245 0 0 0
140.6 0 0 -7.8915 0 0 0
140.8 0 0 -6.1323 0 0 0
141 0 0 -4.9332 0 0 0
141.2 0 0 -3.9761 0 0 0
141.4 0 0 -3.0698 0 0 0
141.6 0 0 -2.4993 0 0 0
141.8 0 0 -1.8728 0 0 0
142 0 0 -0.4863 0 0 0
142.2 0 0 -0.2598 0 0 0
142.4 0 0 -0.0219 0 0 0
142.6 0 0 0.3319 0 0 0
142.8 0 0 0.4934 0 0 0
143 0 0 0.5934 0 0 0
143.2 0 0 0.384 0 0 0
143.4 0 0 -0.6465 0 0 0
143.6 0 0 -1.8725 0 0 0
143.8 0 0 -3.4079 0 0 0
144 0 0 -5.315 0 0 0
144.2 0 0 -7.3311 0 0 0
144.4 0 0 -8.2386 0 0 0
144.6 0 0 -8.1386 0 0 0
144.8 0 0 -6.9441 0 0 0
145 0 0 -5.7681 0 0 0
145.2 0 0 -4.4077 0 0 0
145.4 0 0 -3.9615 0 0 0
145.6 0 0 -3.2909 0 0 0
145.8 0 0 -2.6996 0 0 0
146 0 0 -2.032 0 0 0
146.2 0 0 -1.0774 0 0 0
146.4 0 0 -0.8467 0 0 0
146.6 0 0 -0.5218 0 0 0
146.8 0 0 -0.1958 0 0 0
147 0 0 0.4064 0 0 0
147.2 0 0 0.5183 0 0 0
147.4 0 0 0.6183 0 0 0
147.6 0 0 -0.0462 0 0 0
147.8 0 0 -1.1896 0 0 0
148 0 0 -2.3566 0 0 0
148.2 0 0 -4.0378 0 0 0
148.4 0 0 -5.4786 0 0 0
148.6 0 0 -7.4582 0 0 0
148.8 0 0 -7.3582 0 0 0
149 0 0 -6.8032 0 0 0
149.2 0 0 -5.9551 0 0 0
149.4 0 0 -4.237 0 0 0
149.6 0 0 -3.1592 0 0 0
149.8 0 0 -2.5867 0 0 0
150 0 0 -1.8435 0 0 0
150.2 0 0 -1.3786 0 0 0
150.4 0 0 -0.581 0 0 0
150.6 0 0 -0.3405 0 0 0
150.8 0 0 -0.1842 0 0 0
151 0 0 0.2753 0 0 0
151.2 0 0 0.3334 0 0 0
151.4 0 0 0.3574 0 0 0
151.6 0 0 0.4596 0 0 0
151.8 0 0 0.5596 0 0 0
152 0 0 -0.448 0 0 0
152.2 0 0 -1.7211 0 0 0
152.4 0 0 -3.1138 0 0 0
152.6 0 0 -4.005 0 0 0
152.8 0 0 -4.7968 0 0 0
153 0 0 -6.2339 0 0 0
153.2 0 0 -6.1339 0 0 0
153.4 0 0 -5.2986 0 0 0
153.6 0 0 -4.2053 0 0 0
153.8 0 0 -3.0234 0 0 0
154 0 0 -2.4321 0 0 0
154.2 0 0 -1.8765 0 0 0
154.4 0 0 -1.6898 0 0 0
154.6 0 0 -1.1046 0 0 0
154.8 0 0 -0.3463 0 0 0
155 0 0 0.0089 0 0 0
155.2 0 0 0.2863 0 0 0
155.4 0 0 0.2982 0 0 0
155.6 0 0 0.3139 0 0 0
155.8 0 0 0.661 0 0 0
156 0 0 0.761 0 0 0
156.2 0 0 -0.3462 0 0 0
156.4 0 0 -1.5836 0 0 0
156.6 0 0 -2.9891 0 0 0
156.8 0 0 -4.338 0 0 0
157 0 0 -5.5282 0 0 0
157.2 0 0 -6.0258 0 0 0
157.4 0 0 -5.9258 0 0 0
157.6 0 0 -5.2902 0 0 0
157.8 0 0 -4.4906 0 0 0
158 0 0 -3.5314 0 0 0
158.2 0 0 -2.5439 0 0 0
158.4 0 0 -2.2751 0 0 0
158.6 0 0 -1.9854 0 0 0
158.8 0 0 -1.7468 0 0 0
159 0 0 -1.217 0 0 0
159.2 0 0 -0.6863 0 0 0
159.4 0 0 0.078 0 0 0
159.6 0 0 0.1413 0 0 0
159.8 0 0 0.2717 0 0 0
160 0 0 0.3717 0 0 0
160.2 0 0 0.1048 0 0 0
160.4 0 0 -0.332 0 0 0
160.6 0 0 -1.6964 0 0 0
160.8 0 0 -3.2715 0 0 0
161 0 0 -4.9564 0 0 0
161.2 0 0 -6.5245 0 0 0
161.4 0 0 -7.9325 0 0 0
161.6 0 0 -7.8325 0 0 0
161.8 0 0 -6.8864 0 0 0
162 0 0 -5.5005 0 0 0
162.2 0 0 -4.4349 0 0 0
162.4 0 0 -3.498 0 0 0
162.6 0 0 -1.5923 0 0 0
162.8 0 0 -1.2904 0 0 0
163 0 0 -1.02 0 0 0
163.2 0 0 -0.1347 0 0 0
163.4 0 0 0.3346 0 0 0
163.6 0 0 0.9995 0 0 0
163.8 0 0 1.0995 0 0 0
164 0 0 0.4297 0 0 0
164.2 0 0 -1.1313 0 0 0
164.4 0 0 -2.6204 0 0 0
164.6 0 0 -4.0007 0 0 0
164.8 0 0 -6.3721 0 0 0
165 0 0 -9.0459 0 0 0
165.2 0 0 -10.0677 0 0 0
165.4 0 0 -9.9677 0 0 0
165.6 0 0 -8.4887 0 0 0
165.8 0 0 -5.8925 0 0 0
166 0 0 -4.5071 0 0 0
166.2 0 0 -3.7587 0 0 0
166.4 0 0 -3.2643 0 0 0
166.6 0 0 -2.6263 0 0 0
166.8 0 0 -1.209 0 0 0
167 0 0 -0.7959 0 0 0
167.2 0 0 -0.0035 0 0 0
167.4 0 0 -0.0017 0 0 0
167.6 0 0 0.4827 0 0 0
167.8 0 0 0.5827 0 0 0
168 0 0 -1.0293 0 0 0
168.2 0 0 -2.3708 0 0 0
168.4 0 0 -4.6632 0 0 0
168.6 0 0 -6.8875 0 0 0
168.8 0 0 -8.4526 0 0 0
169 0 0 -10.1859 0 0 0
169.2 0 0 -10.0859 0 0 0
169.4 0 0 -9.6013 0 0 0
169.6 0 0 -7.2627 0 0 0
169.8 0 0 -5.479 0 0 0
170 0 0 -4.1049 0 0 0
170.2 0 0 -3.3401 0 0 0
170.4 0 0 -2.5706 0 0 0
170.6 0 0 -2.0988 0 0 0
170.8 0 0 -1.3442 0 0 0
171 0 0 -0.3116 0 0 0
171.2 0 0 -0.136 0 0 0
171.4 0 0 0.1775 0 0 0
171.6 0 0 0.3743 0 0 0
171.8 0 0 0.453 0 0 0
172 0 0 0.553 0 0 0
172.2 0 0 -0.7386 0 0 0
172.4 0 0 -3.2252 0 0 0
172.6 0 0 -5.3951 0 0 0
172.8 0 0 -7.481 0 0 0
173 0 0 -8.5205 0 0 0
173.2 0 0 -8.4205 0 0 0
173.4 0 0 -6.9869 0 0 0
173.6 0 0 -5.4407 0 0 0
173.8 0 0 -4.3969 0 0 0
174 0 0 -3.3783 0 0 0
174.2 0 0 -2.327 0 0 0
174.4 0 0 -1.6674 0 0 0
174.6 0 0 -0.946 0 0 0
174.8 0 0 -0.6586 0 0 0
175 0 0 -0.3527 0 0 0
175.2 0 0 0.0036 0 0 0
175.4 0 0 0.1911 0 0 0
175.6 0 0 0.2911 0 0 0
175.8 0 0 0.0722 0 0 0
176 0 0 -0.0468 0 0 0
176.2 0 0 -0.1657 0 0 0
176.4 0 0 -0.2846 0 0 0
176.6 0 0 -0.4035 0 0 0
176.8 0 0 -0.5224 0 0 0
177 0 0 -0.6414 0 0 0
177.2 0 0 -0.7603 0 0 0
177.4 0 0 -0.8792 0 0 0
177.6 0 0 -0.9981 0 0 0
177.8 0 0 -1.117 0 0 0
178 0 0 -1.236 0 0 0
178.2 0 0 -1.3549 0 0 0
178.4 0 0 -1.4738 0 0 0
178.6 0 0 -1.5927 0 0 0
178.8 0 0 -1.7116 0 0 0
179 0 0 -1.8306 0 0 0
179.2 0 0 -1.9495 0 0 0
179.4 0 0 -2.0684 0 0 0
179.6 0 0 -2.1873 0 0 0
179.8 0 0 -2.3062 0 0 0
180 0 0 -2.4252 0 0 0
180.2 0 0 -2.5441 0 0 0
180.4 0 0 -2.4441 0 0 0
180.6 0 0 -2.0253 0 0 0
180.8 0 0 -1.75 0 0 0
181 0 0 -1.4992 0 0 0
181.2 0 0 -0.678 0 0 0
181.4 0 0 0.2758 0 0 0
181.6 0 0 0.5598 0 0 0
181.8 0 0 0.732 0 0 0
182 0 0 0.832 0 0 0
182.2 0 0 0.2897 0 0 0
182.4 0 0 -1.308 0 0 0
182.6 0 0 -2.8977 0 0 0
182.8 0 0 -4.5023 0 0 0
183 0 0 -6.4603 0 0 0
183.2 0 0 -7.0475 0 0 0
183.4 0 0 -6.9475 0 0 0
183.6 0 0 -6.0543 0 0 0
183.8 0 0 -5.0856 0 0 0
184 0 0 -3.9622 0 0 0
184.2 0 0 -2.6868 0 0 0
184.4 0 0 -1.8799 0 0 0
184.6 0 0 -1.4322 0 0 0
184.8 0 0 -0.8222 0 0 0
185 0 0 -0.4931 0 0 0
185.2 0 0 0.1757 0 0 0
185.4 0 0 0.7625 0 0 0
185.6 0 0 0.8625 0 0 0
185.8 0 0 0.6866 0 0 0
186 0 0 -0.2509 0 0 0
186.2 0 0 -2.0015 0 0 0
186.4 0 0 -2.9735 0 0 0
186.6 0 0 -4.6345 0 0 0
186.8 0 0 -6.7714 0 0 0
187 0 0 -9.1346 0 0 0
187.2 0 0 -9.0346 0 0 0
187.4 0 0 -8.7669 0 0 0
187.6 0 0 -6.2606 0 0 0
187.8 0 0 -4.8427 0 0 0
188 0 0 -3.6578 0 0 0
188.2 0 0 -2.7601 0 0 0
188.4 0 0 -1.6004 0 0 0
188.6 0 0 -0.7458 0 0 0
188.8 0 0 -0.4029 0 0 0
189 0 0 0.123 0 0 0
189.2 0 0 0.175 0 0 0
189.4 0 0 0.3534 0 0 0
189.6 0 0 0.4296 0 0 0
189.8 0 0 0.5296 0 0 0
190 0 0 0.3462 0 0 0
190.2 0 0 -0.8122 0 0 0
190.4 0 0 -2.5057 0 0 0
190.6 0 0 -3.7917 0 0 0
190.8 0 0 -5.4274 0 0 0
191 0 0 -8.0357 0 0 0
191.2 0 0 -8.8026 0 0 0
191.4 0 0 -8.7026 0 0 0
191.6 0 0 -6.9847 0 0 0
191.8 0 0 -4.9501 0 0 0
192 0 0 -4.2067 0 0 0
192.2 0 0 -2.8731 0 0 0
192.4 0 0 -1.7882 0 0 0
192.6 0 0 -1.157 0 0 0
192.8 0 0 -0.1232 0 0 0
193 0 0 -0.0985 0 0 0
193.2 0 0 0.2968 0 0 0
193.4 0 0 0.3987 0 0 0
193.6 0 0 0.4647 0 0 0
193.8 0 0 0.6792 0 0 0
194 0 0 0.7792 0 0 0
194.2 0 0 -0.2563 0 0 0
194.4 0 0 -1.8857 0 0 0
194.6 0 0 -3.933 0 0 0
194.8 0 0 -5.7514 0 0 0
195 0 0 -7.9004 0 0 0
195.2 0 0 -8.5342 0 0 0
195.4 0 0 -8.4342 0 0 0
195.6 0 0 -6.7917 0 0 0
195.8 0 0 -5.3054 0 0 0
196 0 0 -3.5768 0 0 0
196.2 0 0 -3.3228 0 0 0
196.4 0 0 -2.4795 0 0 0
196.6 0 0 -1.8624 0 0 0
196.8 0 0 -1.5822 0 0 0
197 0 0 -0.4481 0 0 0
197.2 0 0 -0.1096 0 0 0
197.4 0 0 -0.0563 0 0 0
197.6 0 0 0.2575 0 0 0
197.8 0 0 0.3883 0 0 0
198 0 0 0.5565 0 0 0
198.2 0 0 0.6565 0 0 0
198.4 0 0 0.4024 0 0 0
198.6 0 0 -0.8086 0 0 0
198.8 0 0 -2.2051 0 0 0
199 0 0 -3.9048 0 0 0
199.2 0 0 -5.0082 0 0 0
199.4 0 0 -6.5214 0 0 0
199.6 0 0 -8.571 0 0 0
199.8 0 0 -8.471 0 0 0
200 0 0 -6.8992 0 0 0
200.2 0 0 -5.2942 0 0 0
200.4 0 0 -4.0537 0 0 0
200.6 0 0 -3.4922 0 0 0
200.8 0 0 -2.5619 0 0 0
201 0 0 -2.1963 0 0 0
201.2 0 0 -1.1992 0 0 0
201.4 0 0 -0.6357 0 0 0
201.6 0 0 -0.4816 0 0 0
201.8 0 0 -0.2544 0 0 0
202 0 0 -0.0272 0 0 0
202.2 0 0 0.1413 0 0 0
202.4 0 0 0.8799 0 0 0
202.6 0 0 0.9799 0 0 0
202.8 0 0 0.2564 0 0 0
203 0 0 -0.8629 0 0 0
203.2 0 0 -2.4793 0 0 0
203.4 0 0 -3.3914 0 0 0
203.6 0 0 -5.1922 0 0 0
203.8 0 0 -7.2088 0 0 0
204 0 0 -7.6622 0 0 0
204.2 0 0 -7.5622 0 0 0
204.4 0 0 -6.1475 0 0 0
204.6 0 0 -4.2561 0 0 0
204.8 0 0 -3.2664 0 0 0
205 0 0 -2.3438 0 0 0
205.2 0 0 -1.6683 0 0 0
205.4 0 0 -1.0969 0 0 0
205.6 0 0 -0.0151 0 0 0
205.8 0 0 0.1711 0 0 0
206 0 0 0.2193 0 0 0
206.2 0 0 0.4432 0 0 0
206.4 0 0 0.7077 0 0 0
206.6 0 0 0.8077 0 0 0
206.8 0 0 0.5541 0 0 0
207 0 0 -0.846 0 0 0
207.2 0 0 -2.5184 0 0 0
207.4 0 0 -3.1424 0 0 0
207.6 0 0 -3.9323 0 0 0
207.8 0 0 -4.296 0 0 0
208 0 0 -4.9816 0 0 0
208.2 0 0 -6.5834 0 0 0
208.4 0 0 -6.4834 0 0 0
208.6 0 0 -5.1771 0 0 0
208.8 0 0 -3.6488 0 0 0
209 0 0 -1.7514 0 0 0
209.2 0 0 -1.2258 0 0 0
209.4 0 0 -0.6672 0 0 0
209.6 0 0 -0.2991 0 0 0
209.8 0 0 0.2644 0 0 0
210 0 0 0.6654 0 0 0
210.2 0 0 0.7409 0 0 0
210.4 0 0 0.8409 0 0 0
210.6 0 0 0.5403 0 0 0
210.8 0 0 -0.5831 0 0 0
211 0 0 -1.5293 0 0 0
211.2 0 0 -3.1118 0 0 0
211.4 0 0 -5.2785 0 0 0
211.6 0 0 -6.7706 0 0 0
211.8 0 0 -8.8667 0 0 0
212 0 0 -8.7667 0 0 0
212.2 0 0 -7.7862 0 0 0
212.4 0 0 -5.6814 0 0 0
212.6 0 0 -4.4423 0 0 0
212.8 0 0 -3.5459 0 0 0
213 0 0 -3.0912 0 0 0
213.2 0 0 -2.9888 0 0 0
213.4 0 0 -1.5073 0 0 0
213.6 0 0 -1.0742 0 0 0
213.8 0 0 -0.5218 0 0 0
214 0 0 -0.1695 0 0 0
214.2 0 0 0.5115 0 0 0
214.4 0 0 0.6031 0 0 0
214.6 0 0 0.7031 0 0 0
214.8 0 0 -0.2795 0 0 0
215 0 0 -1.4008 0 0 0
215.2 0 0 -2.6687 0 0 0
215.4 0 0 -3.9741 0 0 0
215.6 0 0 -6.2836 0 0 0
215.8 0 0 -8.5886 0 0 0
216 0 0 -8.9087 0 0 0
216.2 0 0 -8.8087 0 0 0
216.4 0 0 -8.395 0 0 0
216.6 0 0 -5.9922 0 0 0
216.8 0 0 -4.189 0 0 0
217 0 0 -3.4628 0 0 0
217.2 0 0 -2.5517 0 0 0
217.4 0 0 -1.6217 0 0 0
217.6 0 0 -0.4553 0 0 0
217.8 0 0 -0.2241 0 0 0
218 0 0 0.1024 0 0 0
218.2 0 0 0.3015 0 0 0
218.4 0 0 0.5833 0 0 0
218.6 0 0 1.1213 0 0 0
218.8 0 0 1.2213 0 0 0
219 0 0 1.0662 0 0 0
219.2 0 0 0.2036 0 0 0
219.4 0 0 -0.4362 0 0 0
219.6 0 0 -2.0586 0 0 0
219.8 0 0 -3.9456 0 0 0
220 0 0 -6.5108 0 0 0
220.2 0 0 -8.7095 0 0 0
220.4 0 0 -8.6095 0 0 0
220.6 0 0 -6.8059 0 0 0
220.8 0 0 -5.4601 0 0 0
221 0 0 -4.7271 0 0 0
221.2 0 0 -3.7615 0 0 0
221.4 0 0 -2.4049 0 0 0
221.6 0 0 -1.6274 0 0 0
221.8 0 0 -0.6008 0 0 0
222 0 0 -0.0616 0 0 0
222.2 0 0 0.1305 0 0 0
222.4 0 0 0.4066 0 0 0
222.6 0 0 0.504 0 0 0
222.8 0 0 0.7057 0 0 0
223 0 0 0.8057 0 0 0
223.2 0 0 0.3249 0 0 0
223.4 0 0 -1.1859 0 0 0
223.6 0 0 -2.5527 0 0 0
223.8 0 0 -2.9817 0 0 0
224 0 0 -4.0691 0 0 0
224.2 0 0 -6.7314 0 0 0
224.4 0 0 -8.0802 0 0 0
224.6 0 0 -7.9802 0 0 0
224.8 0 0 -6.2126 0 0 0
225 0 0 -4.3611 0 0 0
225.2 0 0 -3.1275 0 0 0
225.4 0 0 -2.431 0 0 0
225.6 0 0 -1.8107 0 0 0
225.8 0 0 -1.2123 0 0 0
226 0 0 -0.3867 0 0 0
226.2 0 0 0.1162 0 0 0
226.4 0 0 0.2413 0 0 0
226.6 0 0 0.5738 0 0 0
226.8 0 0 0.7105 0 0 0
227 0 0 0.8105 0 0 0
227.2 0 0 0.094 0 0 0
227.4 0 0 -1.4546 0 0 0
227.6 0 0 -2.6821 0 0 0
227.8 0 0 -4.7019 0 0 0
228 0 0 -5.8646 0 0 0
228.2 0 0 -7.8418 0 0 0
228.4 0 0 -7.7418 0 0 0
228.6 0 0 -7.1586 0 0 0
228.8 0 0 -5.5991 0 0 0
229 0 0 -3.7969 0 0 0
229.2 0 0 -2.1373 0 0 0
229.4 0 0 -1.5441 0 0 0
229.6 0 0 -1.0204 0 0 0
229.8 0 0 -0.6506 0 0 0
230 0 0 -0.2594 0 0 0
230.2 0 0 0.5343 0 0 0
230.4 0 0 0.7899 0 0 0
230.6 0 0 0.8156 0 0 0
230.8 0 0 0.9156 0 0 0
231 0 0 0.1468 0 0 0
231.2 0 0 -0.0247 0 0 0
231.4 0 0 -0.1962 0 0 0
231.6 0 0 -1.0769 0 0 0
231.8 0 0 -2.5971 0 0 0
232 0 0 -4.4348 0 0 0
232.2 0 0 -8.1142 0 0 0
232.4 0 0 -8.0142 0 0 0
232.6 0 0 -6.9508 0 0 0
232.8 0 0 -5.2987 0 0 0
233 0 0 -4.2612 0 0 0
233.2 0 0 -3.4439 0 0 0
233.4 0 0 -2.3863 0 0 0
233.6 0 0 -1.5907 0 0 0
233.8 0 0 -1.2542 0 0 0
234 0 0 -0.6941 0 0 0
234.2 0 0 -0.2301 0 0 0
234.4 0 0 0.2884 0 0 0
234.6 0 0 0.499 0 0 0
234.8 0 0 0.599 0 0 0
235 0 0 -0.5016 0 0 0
235.2 0 0 -1.8084 0 0 0
235.4 0 0 -2.823 0 0 0
235.6 0 0 -3.7396 0 0 0
235.8 0 0 -5.1961 0 0 0
236 0 0 -7.0466 0 0 0
236.2 0 0 -7.1838 0 0 0
236.4 0 0 -7.0838 0 0 0
236.6 0 0 -5.8568 0 0 0
236.8 0 0 -3.8174 0 0 0
237 0 0 -2.9989 0 0 0
237.2 0 0 -2.1842 0 0 0
237.4 0 0 -1.3704 0 0 0
237.6 0 0 -0.7999 0 0 0
237.8 0 0 0.0931 0 0 0
238 0 0 0.1943 0 0 0
238.2 0 0 0.58 0 0 0
238.4 0 0 0.7649 0 0 0
238.6 0 0 0.7697 0 0 0
238.8 0 0 0.7649 0 0 0
239 0 0 -0.102 0 0 0
239.2 0 0 -1.5917 0 0 0
239.4 0 0 -3.5084 0 0 0
239.6 0 0 -5.5834 0 0 0
239.8 0 0 -6.1108 0 0 0
240 0 0 -7.2384 0 0 0
240.2 0 0 -7.1384 0 0 0
240.4 0 0 -6.6887 0 0 0
240.6 0 0 -4.633 0 0 0
240.8 0 0 -3.3508 0 0 0
241 0 0 -1.992 0 0 0
241.2 0 0 -1.4887 0 0 0
241.4 0 0 -1.048 0 0 0
241.6 0 0 -0.6067 0 0 0
241.8 0 0 -0.1325 0 0 0
242 0 0 0.5223 0 0 0
242.2 0 0 0.6511 0 0 0
242.4 0 0 0.7511 0 0 0
242.6 0 0 0.6033 0 0 0
242.8 0 0 0.2142 0 0 0
243 0 0 -0.8412 0 0 0
243.2 0 0 -2.5021 0 0 0
243.4 0 0 -4.3046 0 0 0
243.6 0 0 -6.5471 0 0 0
243.8 0 0 -7.3691 0 0 0
244 0 0 -7.9666 0 0 0
244.2 0 0 -7.8666 0 0 0
244.4 0 0 -6.6119 0 0 0
244.6 0 0 -4.7404 0 0 0
244.8 0 0 -3.3657 0 0 0
245 0 0 -2.1042 0 0 0
245.2 0 0 -1.4868 0 0 0
245.4 0 0 -1.1951 0 0 0
245.6 0 0 -0.7267 0 0 0
245.8 0 0 -0.4622 0 0 0
246 0 0 0.2765 0 0 0
246.2 0 0 0.6 0 0 0
246.4 0 0 0.7 0 0 0
246.6 0 0 0.2686 0 0 0
246.8 0 0 -0.7869 0 0 0
247 0 0 -1.9009 0 0 0
247.2 0 0 -3.1775 0 0 0
247.4 0 0 -5.5669 0 0 0
247.6 0 0 -7.8775 0 0 0
247.8 0 0 -9.0506 0 0 0
248 0 0 -8.9506 0 0 0
248.2 0 0 -7.4545 0 0 0
248.4 0 0 -5.7371 0 0 0
248.6 0 0 -4.3051 0 0 0
248.8 0 0 -3.4826 0 0 0
249 0 0 -2.1426 0 0 0
249.2 0 0 -1.7111 0 0 0
249.4 0 0 -1.3882 0 0 0
249.6 0 0 -0.8062 0 0 0
249.8 0 0 -0.6744 0 0 0
250 0 0 -0.1899 0 0 0
250.2 0 0 0.4313 0 0 0
250.4 0 0 0.4456 0 0 0
250.6 0 0 0.5456 0 0 0
250.8 0 0 -0.3036 0 0 0
251 0 0 -1.5397 0 0 0
251.2 0 0 -2.5001 0 0 0
251.4 0 0 -3.7697 0 0 0
251.6 0 0 -5.9404 0 0 0
251.8 0 0 -6.5342 0 0 0
252 0 0 -7.2012 0 0 0
252.2 0 0 -7.1012 0 0 0
252.4 0 0 -6.0208 0 0 0
252.6 0 0 -4.3109 0 0 0
252.8 0 0 -3.102 0 0 0
253 0 0 -2.2101 0 0 0
253.2 0 0 -1.6994 0 0 0
253.4 0 0 -0.6002 0 0 0
253.6 0 0 -0.1385 0 0 0
253.8 0 0 -0.1375 0 0 0
254 0 0 0.2639 0 0 0
254.2 0 0 0.5531 0 0 0
254.4 0 0 0.9568 0 0 0
254.6 0 0 1.0568 0 0 0
254.8 0 0 0.846 0 0 0
255 0 0 -0.4184 0 0 0
255.2 0 0 -1.844 0 0 0
255.4 0 0 -3.2809 0 0 0
255.6 0 0 -4.2227 0 0 0
255.8 0 0 -6.2697 0 0 0
256 0 0 -8.9262 0 0 0
256.2 0 0 -8.8262 0 0 0
256.4 0 0 -7.4732 0 0 0
256.6 0 0 -5.4665 0 0 0
256.8 0 0 -4.1349 0 0 0
257 0 0 -3.4547 0 0 0
257.2 0 0 -2.6856 0 0 0
257.4 0 0 -2.1378 0 0 0
257.6 0 0 -1.8622 0 0 0
257.8 0 0 -0.7467 0 0 0
258 0 0 -0.4429 0 0 0
258.2 0 0 -0.1892 0 0 0
258.4 0 0 0.0629 0 0 0
258.6 0 0 0.3387 0 0 0
258.8 0 0 0.4387 0 0 0
259 0 0 -0.1694 0 0 0
259.2 0 0 -1.5465 0 0 0
259.4 0 0 -3.0561 0 0 0
259.6 0 0 -4.9182 0 0 0
259.8 0 0 -5.4391 0 0 0
260 0 0 -6.6217 0 0 0
260.2 0 0 -7.8285 0 0 0
260.4 0 0 -7.7285 0 0 0
260.6 0 0 -5.8716 0 0 0
260.8 0 0 -4.5576 0 0 0
261 0 0 -2.8622 0 0 0
261.2 0 0 -2.3882 0 0 0
261.4 0 0 -1.7119 0 0 0
261.6 0 0 -1.2523 0 0 0
261.8 0 0 -0.9744 0 0 0
262 0 0 -0.1274 0 0 0
262.2 0 0 0.1487 0 0 0
262.4 0 0 0.2098 0 0 0
262.6 0 0 0.3489 0 0 0
262.8 0 0 0.4489 0 0 0
263 0 0 -0.2655 0 0 0
263.2 0 0 -1.1557 0 0 0
263.4 0 0 -2.7246 0 0 0
263.6 0 0 -4.734 0 0 0
263.8 0 0 -6.5857 0 0 0
264 0 0 -7.735 0 0 0
264.2 0 0 -7.635 0 0 0
264.4 0 0 -7.1613 0 0 0
264.6 0 0 -5.8098 0 0 0
264.8 0 0 -4.5977 0 0 0
265 0 0 -3.5874 0 0 0
265.2 0 0 -2.6906 0 0 0
265.4 0 0 -2.2587 0 0 0
265.6 0 0 -1.6106 0 0 0
265.8 0 0 -1.202 0 0 0
266 0 0 -0.938 0 0 0
266.2 0 0 -0.7006 0 0 0
266.4 0 0 -0.009 0 0 0
266.6 0 0 0.2017 0 0 0
266.8 0 0 0.2614 0 0 0
267 0 0 0.3614 0 0 0
267.2 0 0 -0.5317 0 0 0
267.4 0 0 -1.6874 0 0 0
267.6 0 0 -2.2961 0 0 0
267.8 0 0 -3.3987 0 0 0
268 0 0 -5.7987 0 0 0
268.2 0 0 -6.7752 0 0 0
268.4 0 0 -6.6752 0 0 0
268.6 0 0 -5.6026 0 0 0
268.8 0 0 -4.2537 0 0 0
269 0 0 -3.4214 0 0 0
269.2 0 0 -2.462 0 0 0
269.4 0 0 -1.9726 0 0 0
269.6 0 0 -0.9992 0 0 0
269.8 0 0 -0.1532 0 0 0
270 0 0 -0.15 0 0 0
270.2 0 0 0.1707 0 0 0
270.4 0 0 0.4791 0 0 0
270.6 0 0 0.541 0 0 0
270.8 0 0 0.641 0 0 0
271 0 0 0.2326 0 0 0
271.2 0 0 -1.2778 0 0 0
271.4 0 0 -2.8656 0 0 0
271.6 0 0 -4.6153 0 0 0
271.8 0 0 -4.9643 0 0 0
272 0 0 -4.8643 0 0 0
272.2 0 0 -4.1615 0 0 0
272.4 0 0 -3.5053 0 0 0
272.6 0 0 -3.2114 0 0 0
272.8 0 0 -3.0026 0 0 0
273 0 0 -2.4961 0 0 0
273.2 0 0 -2.4499 0 0 0
273.4 0 0 -2.3499 0 0 0
273.6 0 0 -3.8956 0 0 0
273.8 0 0 -3.7956 0 0 0
274 0 0 -3.7335 0 0 0
274.2 0 0 -3.257 0 0 0
274.4 0 0 -2.5211 0 0 0
274.6 0 0 -1.0712 0 0 0
274.8 0 0 -0.1432 0 0 0
275 0 0 0.61 0 0 0
275.2 0 0 0.7862 0 0 0
275.4 0 0 0.9624 0 0 0
275.6 0 0 1.0874 0 0 0
275.8 0 0 1.1476 0 0 0
276 0 0 1.2476 0 0 0
276.2 0 0 0.4111 0 0 0
276.4 0 0 -1.0146 0 0 0
276.6 0 0 -4.219 0 0 0
276.8 0 0 -7.0953 0 0 0
277 0 0 -10.5119 0 0 0
277.2 0 0 -10.4119 0 0 0
277.4 0 0 -9.7239 0 0 0
277.6 0 0 -7.0711 0 0 0
277.8 0 0 -4.4432 0 0 0
278 0 0 -3.138 0 0 0
278.2 0 0 -1.6512 0 0 0
278.4 0 0 -1.0961 0 0 0
278.6 0 0 -0.2946 0 0 0
278.8 0 0 0.3303 0 0 0
279 0 0 0.7662 0 0 0
279.2 0 0 1.4282 0 0 0
279.4 0 0 1.5282 0 0 0
279.6 0 0 1.0692 0 0 0
279.8 0 0 0.1009 0 0 0
280 0 0 -1.1382 0 0 0
280.2 0 0 -2.8028 0 0 0
280.4 0 0 -5.1518 0 0 0
280.6 0 0 -8.4511 0 0 0
280.8 0 0 -10.4873 0 0 0
281 0 0 -11.3523 0 0 0
281.2 0 0 -11.2523 0 0 0
281.4 0 0 -8.7447 0 0 0
281.6 0 0 -6.2487 0 0 0
281.8 0 0 -4.1883 0 0 0
282 0 0 -2.5236 0 0 0
282.2 0 0 -1.3284 0 0 0
282.4 0 0 -0.8047 0 0 0
282.6 0 0 -0.1882 0 0 0
282.8 0 0 0.2246 0 0 0
283 0 0 0.7373 0 0 0
283.2 0 0 0.8373 0 0 0
283.4 0 0 0.6659 0 0 0
283.6 0 0 -0.2882 0 0 0
283.8 0 0 -1.9208 0 0 0
284 0 0 -3.9329 0 0 0
284.2 0 0 -5.31 0 0 0
284.4 0 0 -7.5741 0 0 0
284.6 0 0 -8.7489 0 0 0
284.8 0 0 -8.6489 0 0 0
285 0 0 -8.1749 0 0 0
285.2 0 0 -6.7537 0 0 0
285.4 0 0 -5.4999 0 0 0
285.6 0 0 -2.7433 0 0 0
285.8 0 0 -2.2931 0 0 0
286 0 0 -2.0835 0 0 0
286.2 0 0 -1.146 0 0 0
286.4 0 0 -0.0392 0 0 0
286.6 0 0 0.9147 0 0 0
286.8 0 0 1.0147 0 0 0
287 0 0 0.7466 0 0 0
287.2 0 0 -0.4214 0 0 0
287.4 0 0 -2.0085 0 0 0
287.6 0 0 -3.3223 0 0 0
287.8 0 0 -5.3826 0 0 0
288 0 0 -8.03 0 0 0
288.2 0 0 -10.1375 0 0 0
288.4 0 0 -10.0375 0 0 0
288.6 0 0 -7.742 0 0 0
288.8 0 0 -5.4494 0 0 0
289 0 0 -4.3082 0 0 0
289.2 0 0 -3.1028 0 0 0
289.4 0 0 -2.0437 0 0 0
289.6 0 0 -1.0096 0 0 0
289.8 0 0 -0.2686 0 0 0
290 0 0 -0.1388 0 0 0
290.2 0 0 0.1126 0 0 0
290.4 0 0 0.6157 0 0 0
290.6 0 0 1.1482 0 0 0
290.8 0 0 1.4093 0 0 0
291 0 0 1.5093 0 0 0
291.2 0 0 0.5885 0 0 0
291.4 0 0 -0.6831 0 0 0
291.6 0 0 -2.1171 0 0 0
291.8 0 0 -3.5169 0 0 0
292 0 0 -5.5774 0 0 0
292.2 0 0 -8.2301 0 0 0
292.4 0 0 -9.4112 0 0 0
292.6 0 0 -9.3112 0 0 0
292.8 0 0 -8.9365 0 0 0
293 0 0 -6.0697 0 0 0
293.2 0 0 -3.7049 0 0 0
293.4 0 0 -2.3146 0 0 0
293.6 0 0 -1.5212 0 0 0
293.8 0 0 -0.8453 0 0 0
294 0 0 -0.1885 0 0 0
294.2 0 0 0.2996 0 0 0
294.4 0 0 0.5564 0 0 0
294.6 0 0 0.8203 0 0 0
294.8 0 0 1.2504 0 0 0
295 0 0 1.3504 0 0 0
295.2 0 0 0.8935 0 0 0
295.4 0 0 0.1047 0 0 0
295.6 0 0 -1.422 0 0 0
295.8 0 0 -2.833 0 0 0
296 0 0 -4.1528 0 0 0
296.2 0 0 -5.8843 0 0 0
296.4 0 0 -7.4823 0 0 0
296.6 0 0 -7.8385 0 0 0
296.8 0 0 -7.7385 0 0 0
297 0 0 -6.0099 0 0 0
297.2 0 0 -3.5943 0 0 0
297.4 0 0 -1.6064 0 0 0
297.6 0 0 -0.9313 0 0 0
297.8 0 0 -0.3845 0 0 0
298 0 0 -0.0044 0 0 0
298.2 0 0 0.3101 0 0 0
298.4 0 0 0.5726 0 0 0
298.6 0 0 0.7539 0 0 0
298.8 0 0 1.1471 0 0 0
299 0 0 1.2782 0 0 0
299.2 0 0 1.2787 0 0 0
299.4 0 0 1.3787 0 0 0
299.6 0 0 -0.2653 0 0 0
299.8 0 0 -1.4778 0 0 0
