0 0
0.2 0.140367860600194
0.4 0.280735721200387
0.6 0.421103581800581
0.8 0.559051306873185
1 0.699419167473379
1.2 0.839787028073572
1.4 0.980154888673766
1.6 1.12052274927396
1.8 1.26089060987415
2 1.40125847047435
2.2 1.43272023233301
2.4 1.46660212971926
2.6 1.50048402710552
2.8 2.02323330106486
3 2.02323330106486
3.2 1.99419167473379
3.4 1.73039690222652
3.6 1.70861568247822
3.8 1.67715392061955
4 1.49806389157793
4.2 1.01161665053243
4.4 0.401742497579865
4.6 0.251694094869313
4.8 0.251694094869313
5 0.358180058083253
5.2 0.358180058083253
5.4 0.0484027105517909
5.6 0.0484027105517909
5.8 0.813165537270087
6 2.47821878025169
6.2 3.67376573088093
6.4 5.73814133591481
6.6 8.47531461761859
6.8 9.86689254598257
7 9.86689254598257
7.2 9.40222652468538
7.4 7.62584704743466
7.6 5.93175217812198
7.8 4.27153920619555
8 3.17521781219748
8.2 2.63068731848984
8.4 1.77637947725073
8.6 1.08422071636012
8.8 0.74298160696999
9 0.595353339787028
9.2 0.508228460793804
9.4 0.508228460793804
9.6 0.839787028073572
9.8 2.06437560503388
10 3.30832526621491
10.2 4.17473378509197
10.4 6.24152952565344
10.6 7.77589545014521
10.8 9.29090029041626
11 9.29090029041626
11.2 8.32526621490804
11.4 6.55614714424008
11.6 5.09438528557599
11.8 4.01258470474347
12 3.08083252662149
12.2 2.41771539206196
12.4 1.91916747337851
12.6 1.46902226524685
12.8 1.28267182962246
13 1.09874152952565
13.2 1.02371732817038
13.4 1.02371732817038
13.6 2.35237173281704
13.8 4.29816069699903
14 5.9027105517909
14.2 7.32333010648596
14.4 8.91335914811229
14.6 10
14.8 10
15 8.86979670861568
15.2 7.26282671829622
15.4 5.86640851887706
15.6 4.70232333010649
15.8 3.42207163601162
16 2.46369796708616
16.2 2.03533397870281
16.4 1.76669893514037
16.6 1.35043562439497
16.8 1.24636979670862
17 1.24636979670862
17.2 1.87318489835431
17.4 2.41287512100678
17.6 4.13843175217812
17.8 6.08422071636012
18 7.17086156824782
18.2 8.79477250726041
18.4 9.28848015488867
18.6 9.28848015488867
18.8 7.45159728944821
19 5.81558567279768
19.2 4.41916747337851
19.4 3.35430784123911
19.6 2.62584704743466
19.8 2.09825750242014
20 1.24152952565344
20.2 0.926911907066796
20.4 0.830106485963214
20.6 0.830106485963214
20.8 1.5972894482091
21 2.59922555663117
21.2 3.98838334946757
21.4 5.17666989351404
21.6 6.5513068731849
21.8 8.25992255566312
22 8.2865440464666
22.2 8.2865440464666
22.4 6.91190706679574
22.6 5.72362052274927
22.8 4.67812197483059
23 3.148596321394
23.2 2.31606969990319
23.4 1.75459825750242
23.6 1.37705711519845
23.8 1.11568247821878
24 0.680058083252662
24.2 0.353339787028074
24.4 0.353339787028074
24.6 1.10358180058083
24.8 2.23378509196515
25 3.18489835430784
25.2 4.58857696030978
25.4 5.60503388189739
25.6 5.90029041626331
25.8 6.84414327202323
26 8.06389157792836
26.2 8.06389157792836
26.4 6.11810261374637
26.6 4.72894482090997
26.8 3.51645692158761
27 2.67909002904163
27.2 1.83446272991288
27.4 1.08422071636012
27.6 0.890609874152953
27.8 0.619554695062924
28 0.491287512100678
28.2 0.333978702807357
28.4 0.333978702807357
28.6 1.12052274927396
28.8 2.42255566311713
29 3.65198451113262
29.2 4.76282671829622
29.4 5.34365924491772
29.6 5.8809293320426
29.8 6.73039690222653
30 6.73039690222653
30.2 6.45208131655373
30.4 4.4215876089061
30.6 3.32768635043562
30.8 2.77347531461762
31 2.07405614714424
31.2 1.60939012584705
31.4 1.3891577928364
31.6 0.839787028073572
31.8 0.721200387221684
32 0.450145208131655
32.2 0.333978702807357
32.4 0.283155856727977
32.6 0.333978702807357
32.8 0.382381413359148
33 1.83930300096805
33.2 2.85575992255566
33.4 3.83107454017425
33.6 5
33.8 5.98499515972894
34 6.95062923523717
34.2 7.15392061955469
34.4 7.15392061955469
34.6 6.10600193610842
34.8 4.95885769603098
35 3.68828654404647
35.2 3.25750242013553
35.4 3.04211035818006
35.6 2.68393030009681
35.8 2.50968054211036
36 2.50968054211036
36.2 2.66940948693127
36.4 2.82913843175218
36.6 2.9864472410455
36.8 3.14617618586641
37 3.30590513068732
37.2 3.46321393998064
37.4 3.62294288480155
37.6 3.78025169409487
37.8 3.93998063891578
38 4.09970958373669
38.2 4.25701839303001
38.4 4.41674733785092
38.6 4.57647628267183
38.8 4.73378509196515
39 4.89351403678606
39.2 5.05324298160697
39.4 5.21055179090029
39.6 5.3702807357212
39.8 5.52758954501452
40 5.68731848983543
40.2 5.84704743465634
40.4 6.00435624394966
40.6 6.00435624394966
40.8 5.99225556631171
41 5.0459825750242
41.2 4.09002904162633
41.4 3.51403678606002
41.6 2.93078412391094
41.8 2.51210067763795
42 1.77153920619555
42.2 0.919651500484027
42.4 0.42594385285576
42.6 0.42594385285576
42.8 0.684898354307841
43 1.04549854791868
43.2 1.85624394966118
43.4 2.94772507260407
43.6 4.15295256534366
43.8 5.27589545014521
44 6.54162633107454
44.2 7.63552758954501
44.4 7.63552758954501
44.6 7.15634075508228
44.8 6.32865440464666
45 5.62197483059051
45.2 5.04840271055179
45.4 4.42884801548887
45.6 2.9162633107454
45.8 2.50484027105518
46 2.04259438528558
46.2 1.51742497579864
46.4 0.900290416263311
46.6 0.392061955469506
46.8 0.392061955469506
47 0.605033881897386
47.2 1.40125847047435
47.4 2.26040658276864
47.6 3.46321393998064
47.8 4.77734753146176
48 5.93659244917715
48.2 7.20232333010649
48.4 7.20232333010649
48.6 6.14956437560503
48.8 5.45740561471442
49 4.93465634075508
49.2 4.38770571151985
49.4 3.91335914811229
49.6 2.95740561471442
49.8 1.94820909970958
50 1.59002904162633
50.2 1.13746369796709
50.4 0.813165537270087
50.6 0.556631171345595
50.8 0
51 0
51.2 0.709099709583737
51.4 2.0595353339787
51.6 3.30348499515973
51.8 4.54743465634076
52 5.3702807357212
52.2 6.56582768635044
52.4 6.82720232333011
52.6 6.82720232333011
52.8 5.64617618586641
53 4.98789932236205
53.2 4.2352371732817
53.4 3.67376573088093
53.6 3.06631171345595
53.8 2.55566311713456
54 1.9433688286544
54.2 1.4593417231365
54.4 1.17860600193611
54.6 0.888189738625363
54.8 0.607454017424976
55 0.10406582768635
55.2 0.10406582768635
55.4 0.728460793804453
55.6 1.83204259438529
55.8 2.86302032913843
56 3.83349467570184
56.2 4.83543078412391
56.4 5.63165537270087
56.6 6.31413359148112
56.8 6.31413359148112
57 5.35818005808325
57.2 4.39496611810261
57.4 3.81171345595353
57.6 3.30106485963214
57.8 2.84849951597289
58 2.26040658276864
58.2 2.07647628267183
58.4 1.89254598257502
58.6 1.35527589545015
58.8 0.859148112294288
59 0.513068731848983
59.2 0.121006776379477
59.4 0.121006776379477
59.6 0.779283639883834
59.8 2.04017424975799
60 3.3107454017425
60.2 3.98838334946757
60.4 5.49612778315586
60.6 6.33107454017425
60.8 6.81510164569216
61 6.81510164569216
61.2 5.972894482091
61.4 5.05566311713456
61.6 4.29090029041626
61.8 3.60116166505324
62 3.04937076476283
62.2 2.5
62.4 2.16360116166505
62.6 1.93610842207164
62.8 1.5513068731849
63 0.900290416263311
63.2 0.575992255566312
63.4 0.575992255566312
63.6 1.05033881897386
63.8 2.01113262342691
64 3.37608906098742
64.2 4.61035818005808
64.4 5.62197483059051
64.6 6.77637947725073
64.8 6.77637947725073
65 6.20038722168441
65.2 5.56873184898354
65.4 5.04840271055179
65.6 4.34898354307841
65.8 3.62536302032914
66 3.13407550822846
66.2 2.61132623426912
66.4 2.28460793804453
66.6 1.58518877057115
66.8 1.50048402710552
67 0.767182962245886
67.2 0.767182962245886
67.4 0.883349467570184
67.6 1.64085188770571
67.8 2.66940948693127
68 3.9811229428848
68.2 5.31461761858664
68.4 6.31655372700871
68.6 7.74443368828654
68.8 7.74443368828654
69 7.2216844143272
69.2 6.22942884801549
69.4 5.71151984511133
69.6 5.40174249757986
69.8 4.96611810261375
70 4.29816069699903
70.2 3.15827686350436
70.4 2.8944820909971
70.6 2.65004840271055
70.8 2.63552758954501
71 2.30396902226525
71.2 1.33591481122943
71.4 1.24394966118103
71.6 1.24394966118103
71.8 1.60939012584705
72 3.10745401742498
72.2 4.08760890609874
72.4 5.34123910939013
72.6 6.61181026137464
72.8 7.40319457889642
73 7.40319457889642
73.2 6.26331074540174
73.4 5.51548886737657
73.6 5.22507260406583
73.8 4.72652468538238
74 4.30300096805421
74.2 3.41723136495644
74.4 2.86060019361084
74.6 2.75169409486931
74.8 2.5242013552759
75 2.25798644724105
75.2 1.77153920619555
75.4 0.815585672797677
75.6 0.643756050338819
75.8 0.643756050338819
76 1.19554695062924
76.2 1.63359148112294
76.4 2.75895450145208
76.6 3.8189738625363
76.8 4.04162633107454
77 5.10890609874153
77.2 5.79380445304937
77.4 5.79380445304937
77.6 5.15004840271055
77.8 4.34414327202323
78 3.92545982575024
78.2 3.6108422071636
78.4 2.83155856727977
78.6 2.05469506292352
78.8 1.67715392061955
79 1.54162633107454
79.2 1.0188770571152
79.4 0.648596321393998
79.6 0.648596321393998
79.8 1.26815101645692
80 2.31364956437561
80.2 3.67376573088093
80.4 5.1161665053243
80.6 6.29961277831559
80.8 7.35479186834463
81 7.35479186834463
81.2 6.83204259438529
81.4 6.18828654404647
81.6 5.46950629235237
81.8 5.00242013552759
82 4.60067763794772
82.2 4.43852855759923
82.4 3.99564375605034
82.6 3.13649564375605
82.8 2.42497579864472
83 2.20474346563408
83.2 1.62875121006776
83.4 1.59486931268151
83.6 1.28751210067764
83.8 1.28751210067764
84 1.30687318489835
84.2 2.5701839303001
84.4 4.43126815101646
84.6 5.82526621490804
84.8 7.06195546950629
85 7.06195546950629
85.2 7.03049370764763
85.4 6.17618586640852
85.6 5.51306873184898
85.8 5.16456921587609
86 4.45062923523717
86.2 4.44336882865441
86.4 4.43610842207164
86.6 4.43126815101646
86.8 4.42400774443369
87 4.41916747337851
87.2 4.41190706679574
87.4 4.40706679574056
87.6 4.39980638915779
87.8 4.39254598257502
88 4.38770571151985
88.2 4.38044530493708
88.4 4.3756050338819
88.6 4.36834462729913
88.8 4.36108422071636
89 4.35624394966118
89.2 4.34898354307841
89.4 4.34414327202323
89.6 4.33688286544047
89.8 4.33204259438529
90 4.32478218780252
90.2 4.09486931268151
90.4 3.72942884801549
90.6 3.34704743465634
90.8 2.76863504356244
91 1.98693126815102
91.2 1.60939012584705
91.4 1.21248789932236
91.6 0.805905130687319
91.8 0.42352371732817
92 0.42352371732817
92.2 0.634075508228461
92.4 1.04549854791868
92.6 1.45450145208132
92.8 2.77347531461762
93 4.47241045498548
93.2 5.40416263310745
93.4 5.40416263310745
93.6 5.00484027105518
93.8 4.80638915779284
94 4.2134559535334
94.2 3.97144240077444
94.4 3.5890609874153
94.6 3.13407550822846
94.8 2.74685382381413
95 2.53146176185866
95.2 1.89012584704743
95.4 1.58518877057115
95.6 1.37705711519845
95.8 1.0188770571152
96 1.0188770571152
96.2 1.54646660212972
96.4 1.8973862536302
96.6 3.11229428848016
96.8 4.69022265246854
97 5.81316553727009
97.2 6.39641819941917
97.4 6.39641819941917
97.6 6.19796708615683
97.8 5.5324298160697
98 5.14036786060019
98.2 4.75798644724105
98.4 3.93272023233301
98.6 3.5406582768635
98.8 3.15101645692159
99 2.65972894482091
99.2 2.26524685382381
99.4 1.68683446272991
99.6 1.33349467570184
99.8 1.33349467570184
100 1.7594385285576
100.2 2.46853823814134
100.4 3.38334946757018
100.6 4.58131655372701
100.8 5.97047434656341
101 7.18296224588577
101.2 8.21151984511133
101.4 8.21151984511133
101.6 7.14666021297193
101.8 6.49564375605034
102 5.82284607938045
102.2 5.50338818973863
102.4 5.14762826718296
102.6 4.20861568247822
102.8 3.83349467570184
103 3.40029041626331
103.2 2.79767666989351
103.4 2.66456921587609
103.6 2.19264278799613
103.8 2.19264278799613
104 2.22894482090997
104.2 2.37415295256534
104.4 2.51936108422072
104.6 2.66698935140368
104.8 2.66698935140368
105 2.28944820909971
105.2 1.90948693126815
105.4 1.34075508228461
105.6 0.68973862536302
105.8 0.520329138431752
106 0.520329138431752
106.2 2.1999031945789
106.4 3.85769603097774
106.6 5.26137463697967
106.8 6.93126815101646
107 9.04646660212972
107.2 9.04646660212972
107.4 8.40513068731849
107.6 7.01597289448209
107.8 6.12536302032914
108 5.5082284607938
108.2 4.75072604065828
108.4 4.03678606001936
108.6 3.05179090029042
108.8 2.48305905130687
109 2.17086156824782
109.2 1.73281703775411
109.4 1.53920619554695
109.6 1.03339787028074
109.8 0.491287512100678
110 0.491287512100678
110.2 1.38673765730881
110.4 2.43949661181026
110.6 3.75121006776379
110.8 5.15488867376573
111 6.40367860600194
111.2 8.02032913843175
111.4 8.02032913843175
111.6 7.60406582768635
111.8 6.33591481122943
112 5.6243949661181
112.2 4.74104549854792
112.4 3.92787996127783
112.6 3.0324298160697
112.8 2.18780251694095
113 1.29235237173282
113.2 0.934172313649564
113.4 0.786544046466602
113.6 0.360600193610842
113.8 0.360600193610842
114 0.561471442400775
114.2 1.45692158760891
114.4 2.65488867376573
114.6 4.13843175217812
114.8 4.27637947725073
115 4.96369796708616
115.2 6.54404646660213
115.4 8.41481122942885
115.6 8.41481122942885
115.8 7.75169409486931
116 6.47870280735721
116.2 5.90029041626331
116.4 5.53727008712488
116.6 4.99031945788964
116.8 4.40464666021297
117 3.92061955469506
117.2 3.15343659244918
117.4 2.77105517909003
117.6 2.63552758954501
117.8 2.42739593417231
118 1.99419167473379
118.2 1.52226524685382
118.4 1.52226524685382
118.6 2.04259438528558
118.8 2.45159728944821
119 3.08809293320426
119.2 4.43368828654405
119.4 5.7405614714424
119.6 7.22410454985479
119.8 7.60406582768635
120 7.60406582768635
120.2 6.61907066795741
120.4 5.77686350435624
120.6 5.46950629235237
120.8 5.03872216844143
121 4.36108422071636
121.2 3.66408518877057
121.4 2.88964181994192
121.6 2.60164569215876
121.8 2.34027105517909
122 1.8973862536302
122.2 1.64085188770571
122.4 1.47870280735721
122.6 1.01161665053243
122.8 1.01161665053243
123 1.26331074540174
123.2 2.26040658276864
123.4 3.51645692158761
123.6 4.69264278799613
123.8 5.78412391093901
124 7.25556631171346
124.2 7.3378509196515
124.4 7.3378509196515
124.6 6.07454017424976
124.8 5.648596321394
125 5.12826718296225
125.2 4.77492739593417
125.4 4.44578896418199
125.6 3.82381413359148
125.8 2.92352371732817
126 2.79041626331075
126.2 2.41771539206196
126.4 2.13939980638916
126.6 2.0595353339787
126.8 1.18586640851888
127 1.18586640851888
127.2 1.96515004840271
127.4 2.87996127783156
127.6 4.05372700871249
127.8 4.8620522749274
128 5.63649564375605
128.2 7.04985479186834
128.4 7.04985479186834
128.6 6.85866408518877
128.8 5.9486931268151
129 5.30251694094869
129.2 4.57163601161665
129.4 4.36592449177154
129.6 3.62294288480155
129.8 3.30832526621491
130 2.48063891577928
130.2 1.851403678606
130.4 1.72797676669894
130.6 1.69167473378509
130.8 1.56824782187803
131 1.46176185866409
131.2 1.46176185866409
131.4 2.79525653436592
131.6 4.47967086156825
131.8 5.75024201355276
132 6.92642787996128
132.2 6.92642787996128
132.4 6.69409486931268
132.6 6.03823814133592
132.8 5.68973862536302
133 5.28315585672798
133.2 4.95159728944821
133.4 4.23281703775411
133.6 3.91093901258471
133.8 3.46563407550823
134 3.17279767666989
134.2 2.60406582768635
134.4 2.1539206195547
134.6 1.79574056147144
134.8 1.70861568247822
135 1.70861568247822
135.2 2.26524685382381
135.4 3.51403678606002
135.6 4.51113262342691
135.8 5.99225556631171
136 7.01597289448209
136.2 7.39109390125847
136.4 7.39109390125847
136.6 6.73765730880929
136.8 5.7865440464666
137 5.43078412391094
137.2 5
137.4 4.63697967086157
137.6 3.84075508228461
137.8 3.29864472410455
138 2.97434656340755
138.2 2.68877057115198
138.4 2.36689254598258
138.6 1.61907066795741
138.8 1.61907066795741
139 1.67957405614714
139.2 2.66940948693127
139.4 3.92061955469506
139.6 5.05566311713456
139.8 6.08422071636012
140 7.14666021297193
140.2 8.2865440464666
140.4 8.2865440464666
140.6 7.78315585672798
140.8 6.72071636011617
141 6.12294288480155
141.2 5.60987415295257
141.4 5.06050338818974
141.6 4.71200387221684
141.8 4.30300096805421
142 3.36398838334947
142.2 2.86302032913843
142.4 2.43223620522749
142.6 2.07163601161665
142.8 1.84414327202323
143 1.42787996127783
143.2 1.42787996127783
143.4 2.44917715392062
143.6 3.61326234269119
143.8 4.81606969990319
144 5.87608906098742
144.2 6.8973862536302
144.4 7.64520813165537
144.6 7.64520813165537
144.8 6.73281703775411
145 6.15440464666021
145.2 5.51306873184898
145.4 5.34365924491772
145.6 4.96369796708616
145.8 4.51597289448209
146 4.34656340755082
146.2 3.82381413359148
146.4 3.13891577928364
146.6 2.77589545014521
146.8 2.49031945788964
147 2.1539206195547
147.2 1.67473378509197
147.4 1.67231364956438
147.6 1.67231364956438
147.8 2.72265246853824
148 3.83107454017425
148.2 5.01210067763795
148.4 5.7865440464666
148.6 6.76669893514037
148.8 6.76669893514037
149 6.4811229428848
149.2 5.95111326234269
149.4 5.22265246853824
149.6 4.78702807357212
149.8 4.30784123910939
150 4.11181026137464
150.2 3.65924491771539
150.4 3.17279767666989
150.6 2.62342691190707
150.8 2.28218780251694
151 2.05711519845111
151.2 1.92400774443369
151.4 1.75701839303001
151.6 1.01403678606002
151.8 1.01403678606002
152 1.92400774443369
152.2 2.66456921587609
152.4 3.69070667957406
152.6 4.2836398838335
152.8 5.35818005808325
153 5.95595353339787
153.2 5.95595353339787
153.4 5.38722168441433
153.6 4.89593417231365
153.8 4.41674733785092
154 4.06340755082285
154.2 3.98838334946757
154.4 3.90367860600194
154.6 3.50919651500484
154.8 2.82913843175218
155 2.19748305905131
155.2 1.94820909970958
155.4 1.77153920619555
155.6 1.50774443368829
155.8 1.03097773475315
156 1.03097773475315
156.2 1.5053242981607
156.4 2.22410454985479
156.6 3.62536302032914
156.8 4.66602129719264
157 5.52274927395934
157.2 5.52274927395934
157.4 5.46466602129719
157.6 5.15488867376573
157.8 5.04114230396902
158 4.81606969990319
158.2 4.54985479186834
158.4 4.07792836398838
158.6 4.0513068731849
158.8 4.03920619554695
159 3.69312681510165
159.2 3.28412391093901
159.4 2.4298160696999
159.6 2.20958373668925
159.8 1.78848015488867
160 1.74007744433688
160.2 1.74007744433688
160.4 2.42255566311713
160.6 3.32768635043562
160.8 4.56921587608906
161 5.61713455953533
161.2 6.65537270087125
161.4 7.69119070667957
161.6 7.69119070667957
161.8 6.86350435624395
162 6.22942884801549
162.2 5.80106485963214
162.4 5.52032913843175
162.6 4.34414327202323
162.8 4.14569215876089
163 3.42207163601162
163.2 2.84123910939013
163.4 2.38867376573088
163.6 1.08664085188771
163.8 1.08664085188771
164 1.44482090997096
164.2 2.37657308809293
164.4 3.78025169409487
164.6 5.19845111326234
164.8 6.32381413359148
165 7.67909002904163
165.2 8.53823814133592
165.4 8.53823814133592
165.6 8.09777347531462
165.8 6.8973862536302
166 6.24636979670862
166.2 5.85914811229429
166.4 5.48402710551791
166.6 5.18635043562439
166.8 4.45788964181994
167 3.64956437560503
167.2 3.00096805421104
167.4 2.47821878025169
167.6 1.9433688286544
167.8 1.9433688286544
168 2.62826718296225
168.2 3.8891577928364
168.4 5.22749273959342
168.6 6.33107454017425
168.8 7.5459825750242
169 8.4027105517909
169.2 8.4027105517909
169.4 8.12197483059051
169.6 7.14908034849952
169.8 6.36737657308809
170 5.54695062923524
170.2 4.94675701839303
170.4 4.42400774443369
170.6 4.25701839303001
170.8 3.60116166505324
171 2.58228460793804
171.2 1.93368828654405
171.4 1.56582768635044
171.6 1.12052274927396
171.8 0.965634075508229
172 0.965634075508229
172.2 1.92642787996128
172.4 3.55517909002904
172.6 5.1621490803485
172.8 6.36737657308809
173 7.31122942884802
173.2 7.31122942884802
173.4 6.53678606001936
173.6 5.84704743465634
173.8 5.61471442400774
174 5.08954501452081
174.2 4.42400774443369
174.4 3.76573088092933
174.6 3.40755082284608
174.8 3.08809293320426
175 2.53146176185866
175.2 2.37415295256534
175.4 2.33059051306873
175.6 2.33059051306873
175.8 2.42013552758955
176 2.50726040658277
176.2 2.59680542110358
176.4 2.68393030009681
176.6 2.77347531461762
176.8 2.86060019361084
177 2.95014520813166
177.2 3.03727008712488
177.4 3.12681510164569
177.6 3.21636011616651
177.8 3.30348499515973
178 3.39303000968054
178.2 3.48015488867377
178.4 3.56969990319458
178.6 3.6568247821878
178.8 3.74636979670862
179 3.83349467570184
179.2 3.92303969022265
179.4 4.01258470474347
179.6 4.09970958373669
179.8 4.1892545982575
180 4.27637947725073
180.2 4.36592449177154
180.4 4.36592449177154
180.6 4.05614714424008
180.8 3.93030009680542
181 3.77057115198451
181.2 3.16069699903195
181.4 2.21684414327202
181.6 1.6892545982575
181.8 1.60212971926428
182 1.60212971926428
182.2 2.12487899322362
182.4 3.13407550822846
182.6 4.33204259438529
182.8 5.47192642787996
183 6.64811229428848
183.2 7.44675701839303
183.4 7.44675701839303
183.6 6.54888673765731
183.8 5.98741529525654
184 5.59293320425944
184.2 5.1161665053243
184.4 4.28848015488867
184.6 3.9811229428848
184.8 3.58664085188771
185 3.09051306873185
185.2 2.68877057115198
185.4 1.92400774443369
185.6 1.55372700871249
185.8 1.55372700871249
186 2.25798644724105
186.2 3.12923523717328
186.4 4.18683446272991
186.6 5.27589545014521
186.8 6.31171345595353
187 7.33059051306873
187.2 7.3838334946757
187.4 7.3838334946757
187.6 6.40851887705712
187.8 5.79380445304937
188 5.24685382381413
188.2 4.70232333010649
188.4 4.04404646660213
188.6 3.36398838334947
188.8 2.70087124878993
189 2.3838334946757
189.2 2.02565343659245
189.4 1.71829622458858
189.6 1.66505324298161
189.8 1.66505324298161
190 1.78121974830591
190.2 2.78073572120039
190.4 3.83107454017425
190.6 4.86689254598258
190.8 5.9486931268151
191 7.06195546950629
191.2 8.38576960309777
191.4 8.38576960309777
191.6 7.38625363020329
191.8 6.12778315585673
192 5.47918683446273
192.2 5.0242013552759
192.4 4.42884801548887
192.6 3.9351403678606
192.8 3.02274927395934
193 2.5
193.2 2.20474346563408
193.4 1.99661181026137
193.6 1.78121974830591
193.8 1.53678606001936
194 1.53678606001936
194.2 2.27008712487899
194.4 3.68828654404647
194.6 4.83543078412391
194.8 5.75508228460794
195 7.17812197483059
195.2 7.70087124878993
195.4 7.70087124878993
195.6 6.89496611810261
195.8 6.18344627299129
196 5.648596321394
196.2 5.22749273959342
196.4 4.99031945788964
196.6 4.78460793804453
196.8 4.1674733785092
197 3.79477250726041
197.2 3.18247821878025
197.4 2.80493707647628
197.6 2.70329138431752
197.8 2.6379477250726
198 2.26524685382381
198.2 1.91916747337851
198.4 1.91916747337851
198.6 3.16311713455954
198.8 4.20861568247822
199 5.24443368828654
199.2 6.14714424007744
199.4 7.06679574056147
199.6 8.2865440464666
199.8 8.2865440464666
200 7.40077444336883
200.2 6.73039690222653
200.4 6.15440464666021
200.6 5.83494675701839
200.8 5.46466602129719
201 5.18877057115199
201.2 4.89835430784124
201.4 4.22555663117135
201.6 3.78993223620523
201.8 3.70764762826718
202 3.43901258470474
202.2 3.06873184898354
202.4 2.22894482090997
202.6 2.22894482090997
202.8 2.46369796708616
203 3.42207163601162
203.2 4.32720232333011
203.4 5.16698935140368
203.6 6.08664085188771
203.8 7.04017424975799
204 7.59922555663117
204.2 7.59922555663117
204.4 6.78606001936108
204.6 5.9946757018393
204.8 5.30493707647628
205 5.01694094869313
205.2 4.59583736689255
205.4 4.01984511132623
205.6 3.38092933204259
205.8 3.09051306873185
206 2.87754114230397
206.2 2.44917715392062
206.4 1.98935140367861
206.6 1.98935140367861
206.8 2.00387221684414
207 3.22846079380445
207.2 4.45304937076476
207.4 4.90319457889642
207.6 5.45740561471442
207.8 5.62197483059051
208 5.83978702807357
208.2 6.97483059051307
208.4 6.97483059051307
208.6 5.84946757018393
208.8 5.28073572120039
209 4.52323330106486
209.2 3.84075508228461
209.4 3.4269119070668
209.6 3.07115198451113
209.8 2.60406582768635
210 1.95546950629235
210.2 1.69409486931268
210.4 1.67715392061955
210.6 1.67715392061955
210.8 2.34511132623427
211 3.19941916747338
211.2 4.24733785091965
211.4 5.63165537270087
211.6 6.52468538238141
211.8 7.82671829622459
212 7.82671829622459
212.2 7.49757986447241
212.4 6.58760890609874
212.6 5.9486931268151
212.8 5.49854791868345
213 5.29767666989351
213.2 5.26379477250726
213.4 4.40464666021297
213.6 3.66166505324298
213.8 3.34704743465634
214 2.79283639883833
214.2 2.21684414327202
214.4 1.65779283639884
214.6 1.65779283639884
214.8 2.13213939980639
215 2.92110358180058
215.2 3.95450145208132
215.4 5.16698935140368
215.6 6.29961277831559
215.8 7.88964181994192
216 8.14133591481123
216.2 8.14133591481123
216.4 7.87754114230397
216.6 6.71829622458858
216.8 5.87366892545983
217 5.21055179090029
217.2 4.74830590513069
217.4 4.20377541142304
217.6 3.42449177153921
217.8 2.77347531461762
218 2.44675701839303
218.2 2.14908034849952
218.4 1.85382381413359
218.6 1.48838334946757
218.8 1.12294288480155
219 1.12294288480155
219.2 1.47870280735721
219.4 2.04985479186834
219.6 3.28412391093901
219.8 4.84269119070668
220 6.19796708615683
220.2 7.56534365924492
220.4 7.56534365924492
220.6 6.82720232333011
220.8 6.16892545982575
221 5.91239109390126
221.2 5.08712487899322
221.4 4.59583736689255
221.6 3.98596321393998
221.8 3.46321393998064
222 2.60164569215876
222.2 2.25798644724105
222.4 1.93852855759923
222.6 1.74491771539206
222.8 1.61665053242982
223 1.55856727976767
223.2 1.55856727976767
223.4 2.6161665053243
223.6 3.6810261374637
223.8 3.92303969022265
224 4.93707647628267
224.2 6.81994191674734
224.4 7.62342691190707
224.6 7.62342691190707
224.8 6.91674733785092
225 5.98741529525654
225.2 5.16940948693127
225.4 4.7676669893514
225.6 4.45062923523717
225.8 3.97870280735721
226 3.35914811229429
226.2 2.73475314617619
226.4 2.30154888673766
226.6 1.87802516940949
226.8 1.63117134559535
227 1.63117134559535
227.2 2.09099709583737
227.4 3.01790900290416
227.6 3.97870280735721
227.8 5.39932236205228
228 6.09390125847047
228.2 7.54114230396902
228.4 7.54114230396902
228.6 7.09825750242014
228.8 6.43030009680542
229 5.74782187802517
229.2 5
229.4 4.26427879961278
229.6 3.64472410454986
229.8 3.36156824782188
230 2.89690222652469
230.2 2.5
230.4 1.77879961277832
230.6 1.54646660212972
230.8 1.54646660212972
231 1.86834462729913
231.2 1.90948693126815
231.4 1.94820909970958
231.6 2.6161665053243
231.8 4.04888673765731
232 5.07986447241046
232.2 7.1055179090029
232.4 7.1055179090029
232.6 6.90222652468538
232.8 6.01403678606002
233 5.71878025169409
233.2 5.49854791868345
233.4 5.13310745401743
233.6 4.4215876089061
233.8 4.25217812197483
234 3.6108422071636
234.2 3.19941916747338
234.4 2.84607938044531
234.6 1.93368828654405
234.8 1.93368828654405
235 2.58228460793804
235.2 3.63746369796709
235.4 4.53291384317522
235.6 5.4162633107454
235.8 6.13988383349468
236 7.27734753146176
236.2 7.40561471442401
236.4 7.40561471442401
236.6 6.4351403678606
236.8 5.58083252662149
237 5.09438528557599
237.2 4.46515004840271
237.4 4.01258470474347
237.6 3.60842207163601
237.8 2.54840271055179
238 2.13455953533398
238.2 1.8054211035818
238.4 1.75459825750242
238.6 1.40367860600194
238.8 1.40367860600194
239 2.00387221684414
239.2 3.46079380445305
239.4 4.62003872216844
239.6 5.76718296224589
239.8 5.98983543078412
240 6.86108422071636
240.2 6.86108422071636
240.4 6.81268151016457
240.6 5.9027105517909
240.8 5.21297192642788
241 4.49903194578896
241.2 4.18441432720232
241.4 3.65440464666021
241.6 3.26718296224589
241.8 2.65004840271055
242 2.04985479186834
242.2 1.54888673765731
242.4 1.34801548886738
242.6 1.34801548886738
242.8 1.56340755082285
243 2.49273959341723
243.2 3.43175217812197
243.4 4.78218780251694
243.6 5.9269119070668
243.8 6.3189738625363
244 6.65537270087125
244.2 6.65537270087125
244.4 6.44482090997096
244.6 5.76718296224589
244.8 5.28799612778316
245 4.84995159728945
245.2 4.19167473378509
245.4 3.82623426911907
245.6 3.56243949661181
245.8 3.15343659244918
246 2.72991287512101
246.2 1.8756050338819
246.4 1.56824782187803
246.6 1.56824782187803
246.8 2.06195546950629
247 3.04453049370765
247.2 4.27395934172314
247.4 5.53969022265247
247.6 6.88528557599226
247.8 7.94288480154889
248 7.94288480154889
248.2 7.05227492739593
248.4 6.17134559535334
248.6 5.8107454017425
248.8 5.45498547918683
249 5.07744433688287
249.2 4.27395934172314
249.4 3.89883833494676
249.6 3.66166505324298
249.8 3.43175217812197
250 2.90658276863504
250.2 2.35721200387222
250.4 1.73039690222652
250.6 1.73039690222652
250.8 2.23378509196515
251 2.85091965150048
251.2 3.82865440464666
251.4 4.77008712487899
251.6 5.95595353339787
251.8 6.40851887705712
252 6.90464666021297
252.2 6.90464666021297
252.4 6.31171345595353
252.6 5.61955469506292
252.8 5.22265246853824
253 4.78218780251694
253.2 4.34656340755082
253.4 3.75847047434656
253.6 2.86544046466602
253.8 2.58470474346563
254 2.39351403678606
254.2 2.13455953533398
254.4 1.78848015488867
254.6 1.35285575992256
254.8 1.35285575992256
255 2.1999031945789
255.2 3.11955469506292
255.4 4.1892545982575
255.6 4.85721200387222
255.8 5.84462729912875
256 7.47821878025169
256.2 7.47821878025169
256.4 6.75701839303001
256.6 6.16892545982575
256.8 5.61713455953533
257 5.5324298160697
257.2 5.40174249757986
257.4 4.94917715392062
257.6 4.86689254598258
257.8 4.03194578896418
258 3.47773475314618
258.2 3.0082284607938
258.4 2.81945788964182
258.6 2.25314617618587
258.8 1.92642787996128
259 1.92642787996128
259.2 2.80977734753146
259.4 3.92545982575024
259.6 5.04840271055179
259.8 5.30977734753146
260 5.95353339787028
260.2 6.47144240077444
260.4 6.47144240077444
260.6 5.70667957405615
260.8 5.52274927395934
261 4.99031945788964
261.2 4.59341723136496
261.4 4.17473378509197
261.6 3.94240077444337
261.8 3.68828654404647
262 3.15343659244918
262.2 2.50968054211036
262.4 2.20232333010649
262.6 1.90222652468538
262.8 1.60696999031946
263 1.60696999031946
263.2 1.9215876089061
263.4 2.8702807357212
263.6 4.11665053242982
263.8 5.15972894482091
264 5.60503388189739
264.2 5.60503388189739
264.4 5.50338818973863
264.6 5.14036786060019
264.8 4.99757986447241
265 4.97821878025169
265.2 4.93707647628267
265.4 4.64181994191675
265.6 4.05372700871249
265.8 3.71490803484995
266 3.56001936108422
266.2 3.41481122942885
266.4 2.9162633107454
266.6 2.22652468538238
266.8 1.8054211035818
267 1.54162633107454
267.2 1.54162633107454
267.4 2.35479186834463
267.6 2.76379477250726
267.8 3.72458857696031
268 5.21297192642788
268.2 6.06243949661181
268.4 6.06243949661181
268.6 5.66795740561471
268.8 5.24685382381413
269 4.88867376573088
269.2 4.64666021297193
269.4 4.46999031945789
269.6 3.97628267182962
269.8 3.26718296224589
270 2.64520813165537
270.2 2.30880929332043
270.4 2.1297192642788
270.6 1.59244917715392
270.8 1.38189738625363
271 1.38189738625363
271.2 2.37415295256534
271.4 3.63262342691191
271.6 4.70232333010649
271.8 5.14520813165537
272 5.14520813165537
272.2 4.93707647628267
272.4 4.73136495643756
272.6 4.73136495643756
272.8 4.73136495643756
273 4.59099709583737
273.2 4.59099709583737
273.4 4.63939980638916
273.6 4.76040658276864
273.8 4.76040658276864
274 4.42400774443369
274.2 4.20135527589545
274.4 3.54307841239109
274.6 2.61374636979671
274.8 1.91190706679574
275 1.49806389157793
275.2 1.32381413359148
275.4 1.15198451113262
275.6 0.503388189738625
275.8 0.474346563407551
276 0.474346563407551
276.2 1.25363020329138
276.4 2.19506292352372
276.6 4.40706679574056
276.8 6.19796708615683
277 8.18731848983543
277.2 8.18731848983543
277.4 7.7783155856728
277.6 6.06727976766699
277.8 4.52565343659245
278 3.8649564375605
278.2 3.31558567279768
278.4 2.40319457889642
278.6 1.9917715392062
278.8 1.46418199419167
279 1.18828654404647
279.2 0.704259438528558
279.4 0.617134559535334
279.6 0.617134559535334
279.8 1.44724104549855
280 2.20716360116167
280.2 3.52371732817038
280.4 5.22023233301065
280.6 6.90222652468538
280.8 8.01064859632139
281 8.66408518877057
281.2 8.66408518877057
281.4 7.21200387221684
281.6 5.99225556631171
281.8 5.18151016456922
282 4.23039690222652
282.2 3.49951597289448
282.4 2.60648596321394
282.6 2.05227492739593
282.8 1.61181026137464
283 1.37463697967086
283.2 1.13988383349468
283.4 1.13988383349468
283.6 1.98935140367861
283.8 3.21393998063892
284 4.6055179090029
284.2 5.87124878993224
284.4 7.08615682478219
284.6 7.8944820909971
284.8 7.8944820909971
285 7.53630203291384
285.2 6.74733785091965
285.4 5.94627299128751
285.6 4.37076476282672
285.8 3.9351403678606
286 3.7270087124879
286.2 3.1243949661181
286.4 2.21926427879961
286.6 1.46418199419167
286.8 1.24394966118103
287 1.24394966118103
287.2 2.09583736689255
287.4 3.23572120038722
287.6 4.38528557599226
287.8 5.51064859632139
288 6.85624394966118
288.2 8.46079380445305
288.4 8.46079380445305
288.6 7.21684414327202
288.8 6.02855759922556
289 5.33155856727977
289.2 4.54501452081317
289.4 3.91335914811229
289.6 3.38818973862536
289.8 2.71055179090029
290 2.43949661181026
290.2 2.14666021297193
290.4 1.82720232333011
290.6 1.51984511132623
290.8 1.07938044530494
291 1.07938044530494
291.2 1.67231364956438
291.4 2.58470474346563
291.6 3.74152952565344
291.8 4.92739593417231
292 5.9027105517909
292.2 7.37173281703775
292.4 8.01548886737657
292.6 8.01548886737657
292.8 7.65972894482091
293 6.27783155856728
293.2 5.0242013552759
293.4 4.15779283639884
293.6 3.67376573088093
293.8 3.16069699903195
294 2.60648596321394
294.2 2.02081316553727
294.4 1.88286544046467
294.6 1.77153920619555
294.8 1.64085188770571
295 1.39399806389158
295.2 1.39399806389158
295.4 2.03533397870281
295.6 3.04695062923524
295.8 4.18683446272991
296 5.13794772507261
296.2 5.99225556631171
296.4 7.00629235237173
296.6 7.31848983543078
296.8 7.31848983543078
297 6.1350435624395
297.2 4.83301064859632
297.4 3.69312681510165
297.6 3.2865440464666
297.8 2.90416263310745
298 2.50968054211036
298.2 2.18296224588577
298.4 1.79332042594385
298.6 1.30929332042594
298.8 1.22942884801549
299 1.20038722168441
299.2 1.20038722168441
299.4 1.65537270087125
299.6 2.69845111326234
299.8 3.68586640851888
