0 0
0.2 -0.95
0.4 -1.9362
0.6 -2.4778
0.8 -2.9018
1 -3.2844
1.2 -3.705
1.4 -4.1325
1.6 -4.465
1.8 -3.9532
2 -2.7282
2.2 -1.385
2.4 -0.015625
2.6 1.4281
2.8 2.8894
3 2.9025
3.2 1.3825
3.4 -0.0275
3.6 -0.99719
3.8 -1.6584
4 -2.2856
4.2 -2.8647
4.4 -3.1937
4.6 -3.515
4.8 -3.8987
5 -4.1791
5.2 -3.1069
5.4 -1.9937
5.6 -0.7025
5.8 0.56156
6 1.5359
6.2 1.9425
6.4 1.13
6.6 0.10839
6.8 -1.0891
7 -1.7912
7.2 -2.1856
7.4 -2.6062
7.6 -2.9325
7.8 -3.4187
8 -3.75
8.2 -3.9944
8.4 -4.1206
8.6 -3.2825
8.8 -2.0731
9 -0.77625
9.2 0.65
9.4 2.045
9.6 2.5
9.8 1.1284
10 -0.1975
10.2 -1.1263
10.4 -1.7462
10.6 -2.2281
10.8 -2.8135
11 -3.1364
11.2 -3.2459
11.4 -3.4432
11.6 -3.9156
11.8 -3.5668
12 -2.6045
12.2 -1.4291
12.4 -0.225
12.6 0.59161
12.8 1.6725
13 1.4319
13.2 0.42438
13.4 -0.49
13.6 -1.1744
13.8 -1.7161
14 -2.1625
14.2 -2.5884
14.4 -3.06
14.6 -3.2981
14.8 -3.4369
15 -3.25
15.2 -2.07
15.4 -1.0612
15.6 -0.14062
15.8 1.205
16 2.4135
16.2 3.1681
16.4 2.13
16.6 0.85625
16.8 -0.2275
17 -1.1531
17.2 -1.6863
17.4 -2.39
17.6 -2.8103
17.8 -3.1141
18 -3.4474
18.2 -3.6937
18.4 -3.4844
18.6 -2.5478
18.8 -1.0779
19 0.1825
19.2 1.3153
19.4 2.2372
19.6 2.7812
19.8 1.895
20 0.66719
20.2 -0.52161
20.4 -1.4025
20.6 -1.9639
20.8 -2.4209
21 -2.7481
21.2 -3.3613
21.4 -3.7681
21.6 -3.9959
21.8 -3.7327
22 -2.6025
22.2 -1.4834
22.4 -0.038125
22.6 1.36
22.8 2.7625
23 3.0084
23.2 2.0844
23.4 0.885
23.6 -0.31
23.8 -1.2572
24 -2.1678
24.2 -2.5644
24.4 -2.9426
24.6 -3.2716
24.8 -3.4941
25 -3.9675
25.2 -4.2612
25.4 -4.4022
25.6 -3.6575
25.8 -2.5738
26 -1.7679
26.2 -0.6675
26.4 0.47375
26.6 0.86
26.8 0.11281
27 -1.2478
27.2 -2.2425
27.4 -2.7913
27.6 -3.4034
27.8 -3.9028
28 -4.46
28.2 -4.69
28.4 -4.7379
28.6 -4.815
28.8 -4.8806
29 -4.78
29.2 -3.9819
29.4 -2.7563
29.6 -1.6542
29.8 -0.48656
30 0.25
30.2 0.23333
30.4 -0.70562
30.6 -1.7278
30.8 -2.5975
31 -3.4425
31.2 -3.96
31.4 -4.2213
31.6 -4.4319
31.8 -4.5852
32 -4.8659
32.2 -4.51
32.4 -3.5816
32.6 -2.42
32.8 -1.3123
33 0.06125
33.2 1.5155
33.4 1.9416
33.6 1.035
33.8 -0.37187
34 -1.4097
34.2 -2.2266
34.4 -2.9055
34.6 -3.545
34.8 -3.9469
35 -4.2047
35.2 -4.43
35.4 -4.599
35.6 -3.9269
35.8 -2.844
36 -1.4397
36.2 -0.09
36.4 1.3613
36.6 2.2306
36.8 1.9788
37 0.78844
37.2 -0.35437
37.4 -1.3473
37.6 -2.295
37.8 -2.7974
38 -3.2225
38.2 -3.6587
38.4 -4.095
38.6 -4.3369
38.8 -4.34
39 -3.3638
39.2 -2.0475
39.4 -0.96656
39.6 0.44355
39.8 2.0419
40 3.0912
40.2 2.2134
40.4 0.64
40.6 -0.45
40.8 -1.2961
41 -2.0641
41.2 -2.8356
41.4 -3.3119
41.6 -3.5553
41.8 -3.8238
42 -4.2326
42.2 -4.0513
42.4 -2.6925
42.6 -1.2072
42.8 0.105
43 1.4812
43.2 2.7575
43.4 2.2578
43.6 1.04
43.8 -0.1225
44 -1.0972
44.2 -1.7375
44.4 -2.46
44.6 -2.8891
44.8 -3.2325
45 -3.501
45.2 -3.835
45.4 -3.8291
45.6 -3.0219
45.8 -1.8375
46 -0.56063
46.2 0.85226
46.4 2.2237
46.6 3.265
46.8 2.8975
47 1.4974
47.2 0.15065
47.4 -0.89687
47.6 -1.8456
47.8 -2.3094
48 -2.7597
48.2 -3.1113
48.4 -3.7148
48.6 -4.0815
48.8 -3.8481
49 -2.7244
49.2 -1.4045
49.4 -0.12125
49.6 1.501
49.8 3.0553
50 3.645
50.2 2.1225
50.4 0.85219
50.6 -0.20156
50.8 -1.1075
51 -1.9769
51.2 -2.4916
51.4 -2.8184
51.6 -3.2812
51.8 -3.6716
52 -3.9556
52.2 -3.4697
52.4 -2.0575
52.6 -0.55613
52.8 0.8425
53 2.4624
53.2 3.2475
53.4 2.5022
53.6 1.1994
53.8 0.06875
54 -0.7475
54.2 -1.7434
54.4 -2.2344
54.6 -2.7025
54.8 -3.1297
55 -3.5194
55.2 -4.0532
55.4 -3.8333
55.6 -2.7152
55.8 -1.4003
56 0.14438
56.2 1.58
56.4 2.9958
56.6 3.3841
56.8 2.2007
57 0.54562
57.2 -0.72939
57.4 -1.4947
57.6 -2.1237
57.8 -2.6225
58 -3.1168
58.2 -3.4506
58.4 -3.7067
58.6 -3.7094
58.8 -2.9491
59 -1.5922
59.2 -0.325
59.4 0.77
59.6 1.2966
59.8 1.1092
60 0.365
60.2 -0.50212
60.4 -1.2216
60.6 -2.1331
60.8 -2.5992
61 -2.9041
61.2 -3.27
61.4 -3.62
61.6 -3.8831
61.8 -2.8178
62 -1.48
62.2 0.28545
62.4 1.82
62.6 3.3588
62.8 3.2878
63 2.2137
63.2 0.83813
63.4 -0.34469
63.6 -1.0626
63.8 -1.6225
64 -2.2439
64.2 -2.9031
64.4 -3.27
64.6 -3.4444
64.8 -3.5731
65 -3.3672
65.2 -2.705
65.4 -1.45
65.6 0.049394
65.8 1.5075
66 2.2719
66.2 1.3369
66.4 0.19781
66.6 -0.78125
66.8 -1.4781
67 -2.304
67.2 -2.771
67.4 -2.9975
67.6 -3.3294
67.8 -3.6081
68 -4.0338
68.2 -3.8172
68.4 -2.7247
68.6 -1.4827
68.8 -0.56
69 0.2825
69.2 1.3337
69.4 1.3087
69.6 0.17687
69.8 -1.0425
70 -1.7688
70.2 -2.2737
70.4 -2.76
70.6 -3.3228
70.8 -3.6229
71 -3.8184
71.2 -3.6559
71.4 -2.6662
71.6 -1.5282
71.8 -0.22
72 1.2326
72.2 2.8075
72.4 3.7637
72.6 2.9187
72.8 1.6836
73 0.47812
73.2 -0.47839
73.4 -1.5463
73.6 -2.1919
73.8 -2.5077
74 -2.8963
74.2 -3.1675
74.4 -3.6774
74.6 -3.8856
74.8 -3.77
75 -2.9561
75.2 -1.8656
75.4 -0.80187
75.6 0.33375
75.8 1.5409
76 2.1325
76.2 1.3206
76.4 0.325
76.6 -1.0412
76.8 -1.7431
77 -2.0919
77.2 -2.5794
77.4 -3.0172
77.6 -3.4557
77.8 -3.775
78 -3.9125
78.2 -3.9288
78.4 -2.9594
78.6 -1.9781
78.8 -1.1819
79 0.10188
79.2 1.2632
79.4 1.9212
79.6 1.1244
79.8 -0.21031
80 -1.0256
80.2 -1.7344
80.4 -2.3565
80.6 -2.8278
80.8 -3.14
81 -3.3619
81.2 -3.6022
81.4 -3.9087
81.6 -4.36
81.8 -4.4169
82 -3.3762
82.2 -2.2371
82.4 -1.1412
82.6 -0.14875
82.8 1.1459
83 2.2181
83.2 1.8944
83.4 0.56613
83.6 -0.82774
83.8 -1.7
84 -2.3175
84.2 -2.8103
84.4 -3.1575
84.6 -3.6609
84.8 -3.8725
85 -4.0425
85.2 -4.2762
85.4 -4.3738
85.6 -4.1881
85.8 -3.1625
86 -2.0865
86.2 -0.99188
86.4 0.021613
86.6 0.45875
86.8 0.28375
87 -0.34469
87.2 -1.1782
87.4 -1.8475
87.6 -2.4562
87.8 -3.0447
88 -3.3775
88.2 -3.5987
88.4 -3.87
88.6 -4.0772
88.8 -3.8964
89 -2.8683
89.2 -1.6834
89.4 -0.53781
89.6 0.58667
89.8 1.5356
90 2.0335
90.2 1.2144
90.4 0.07
90.6 -1.14
90.8 -1.9159
91 -2.3462
91.2 -2.7487
91.4 -3.0842
91.6 -3.5734
91.8 -3.8788
92 -4.0692
92.2 -4.2931
92.4 -3.5278
92.6 -2.7133
92.8 -1.5613
93 -0.24344
93.2 1.1044
93.4 2.1725
93.6 1.88
93.8 0.80091
94 -0.42094
94.2 -1.2465
94.4 -2.2037
94.6 -2.7972
94.8 -3.1794
95 -3.5592
95.2 -3.846
95.4 -4.2962
95.6 -4.48
95.8 -4.5781
96 -3.8037
96.2 -2.7772
96.4 -1.72
96.6 -0.36
96.8 1.1918
97 2.5409
97.2 2.5939
97.4 1.3563
97.6 0.17531
97.8 -0.87937
98 -1.6242
98.2 -2.4575
98.4 -2.9006
98.6 -3.3291
98.8 -3.76
99 -4.2419
99.2 -4.4087
99.4 -4.3874
99.6 -3.46
99.8 -2.0988
100 -1.0156
100.2 0.12355
100.4 1.4212
100.6 2.1087
100.8 1.0184
101 -0.11273
101.2 -1.09
101.4 -1.8003
101.6 -2.4222
101.8 -3.0709
102 -3.5594
102.2 -3.8813
102.4 -4.1069
102.6 -4.2922
102.8 -3.9722
103 -2.895
103.2 -1.6539
103.4 -0.41844
103.6 0.58562
103.8 1.3369
104 1.2345
104.2 0.31688
104.4 -0.64355
104.6 -1.8137
104.8 -2.5103
105 -2.9594
105.2 -3.2744
105.4 -3.6331
105.6 -4.0875
105.8 -4.2931
106 -4.44
106.2 -4.5575
106.4 -4.4406
106.6 -3.7035
106.8 -2.5881
107 -1.4373
107.2 -0.50563
107.4 -0.17516
107.6 -0.83625
107.8 -2.0091
108 -2.9441
108.2 -3.4812
108.4 -4
108.6 -4.1577
108.8 -4.2772
109 -4.375
109.2 -4.47
109.4 -4.6
109.6 -4.6203
109.8 -3.9506
110 -2.8525
110.2 -1.6224
110.4 -0.31281
110.6 1.1675
110.8 2.5762
111 2.4119
111.2 1.1794
111.4 0.18438
111.6 -0.69742
111.8 -1.4879
112 -2.3781
112.2 -2.9119
112.4 -3.2009
112.6 -3.5525
112.8 -3.9581
113 -4.1775
113.2 -3.2169
113.4 -1.8628
113.6 -0.50125
113.8 0.66875
114 2.1103
114.2 3.0727
114.4 2.1763
114.6 0.52125
114.8 -0.75187
115 -1.62
115.2 -2.2275
115.4 -2.7673
115.6 -3.3841
115.8 -3.7012
116 -4.0288
116.2 -4.2063
116.4 -3.885
116.6 -2.6567
116.8 -1.1438
117 0.57906
117.2 1.8391
117.4 2.7169
117.6 2.1556
117.8 1.0066
118 -0.14906
118.2 -1.2375
118.4 -1.945
118.6 -2.4356
118.8 -2.9926
119 -3.4044
119.2 -3.705
119.4 -3.8744
119.6 -3.8955
119.8 -3.0084
120 -2.1325
120.2 -1.0275
120.4 0.48219
120.6 1.9812
120.8 3.1767
121 2.7931
121.2 1.7931
121.4 0.65563
121.6 -0.46516
121.8 -1.65
122 -2.3306
122.2 -2.7031
122.4 -3.045
122.6 -3.4131
122.8 -3.8975
123 -4.03
123.2 -3.0467
123.4 -1.85
123.6 -0.43875
123.8 0.77
124 2.1875
124.2 2.9706
124.4 2.5025
124.6 1.0375
124.8 -0.21
125 -1.0755
125.2 -1.8219
125.4 -2.3519
125.6 -3.0231
125.8 -3.3834
126 -3.7347
126.2 -3.8675
126.4 -3.3375
126.6 -2.0503
126.8 -0.76531
127 0.70625
127.2 1.8774
127.4 2.9931
127.6 2.99
127.8 2.06
128 0.7525
128.2 -0.58437
128.4 -1.4668
128.6 -2.1281
128.8 -2.6369
129 -3.2128
129.2 -3.5579
129.4 -3.745
129.6 -3.5487
129.8 -2.5544
130 -1.9369
130.2 -1.1962
130.4 -0.11094
130.6 1.1174
130.8 2.39
131 3.155
131.2 2.5691
131.4 1.6168
131.6 0.45625
131.8 -0.4825
132 -1.595
132.2 -2.1822
132.4 -2.64
132.6 -3.0488
132.8 -3.4681
133 -3.8081
133.2 -2.3669
133.4 -0.93219
133.6 0.62063
133.8 1.79
134 3.2
134.2 3.92
134.4 3.1459
134.6 1.6425
134.8 0.23839
135 -0.68219
135.2 -1.3791
135.4 -1.9125
135.6 -2.5013
135.8 -2.8966
136 -3.23
136.2 -3.5131
136.4 -3.065
136.6 -2.0984
136.8 -0.57742
137 0.98531
137.2 2.46
137.4 3.0975
137.6 2.2776
137.8 1.4077
138 0.21063
138.2 -0.46937
138.4 -0.79
138.6 1.2953
138.8 2.2638
139 0.88719
139.2 0.33742
139.4 0.1
139.6 -0.23125
139.8 -1.0158
140 -1.8516
140.2 -2.37
140.4 -2.64
140.6 -2.9712
140.8 -3.4512
141 -3.8431
141.2 -4.0419
141.4 -3.27
141.6 -1.9422
141.8 -0.03875
142 1.4431
142.2 2.8429
142.4 2.5638
142.6 1.7288
142.8 0.53645
143 -0.63613
143.2 -1.47
143.4 -1.86
143.6 -2.3964
143.8 -2.7341
144 -3.04
144.2 -3.79
144.4 -3.8131
144.6 -3.4012
144.8 -2.3438
145 -0.8125
145.2 -0.12438
145.4 -0.13839
145.6 -0.05
145.8 -0.11188
146 -0.31344
146.2 -0.65968
146.4 -0.545
146.6 1.2272
146.8 0.47344
147 -0.155
147.2 -0.20968
147.4 -0.42125
147.6 -0.98687
147.8 -1.9124
148 -2.5925
148.2 -3.0462
148.4 -3.2702
148.6 -3.6644
148.8 -2.6225
149 -1.01
149.2 0.84484
149.4 2.2525
149.6 3.42
149.8 2.9494
150 1.8739
150.2 0.5225
150.4 -0.36688
150.6 -1.1628
150.8 -1.6545
151 -2.1375
151.2 -2.7394
151.4 -3.1981
151.6 -3.1119
151.8 -1.6881
152 0.055313
152.2 1.6644
152.4 3.25
152.6 4.805
152.8 4.6122
153 3.1948
153.2 1.7244
153.4 0.48548
153.6 -0.36125
153.8 -1.1465
154 -1.835
154.2 -2.485
154.4 -3.0542
154.6 -3.2994
154.8 -3.4466
155 -2.0667
155.2 -0.71125
155.4 0.87562
155.6 2.6225
155.8 3.9375
156 4.22
156.2 2.8428
156.4 1.4384
156.6 0.50903
156.8 -0.3475
157 -1.3975
157.2 -2.0768
157.4 -2.6125
157.6 -3.0341
157.8 -3.5606
158 -3.3767
158.2 -1.8787
158.4 -0.14406
158.6 1.4053
158.8 2.7525
159 3.95
159.2 3.6964
159.4 2.6131
159.6 1.1472
159.8 -0.11563
160 -0.95437
160.2 -1.7966
160.4 -2.3555
160.6 -3.14
160.8 -3.6023
161 -3.8359
161.2 -3.3987
161.4 -1.9735
161.6 -0.6625
161.8 0.60156
162 1.93
162.2 3.3936
162.4 3.6409
162.6 2.3487
162.8 0.83187
163 -0.31875
163.2 -1.0694
163.4 -1.7879
163.6 -2.29
163.8 -2.9625
164 -3.3425
164.2 -3.6875
164.4 -4.0837
164.6 -3.7003
164.8 -2.7163
165 -1.1
165.2 0.53548
165.4 2.0809
165.6 3.0713
165.8 3.5744
166 2.2887
166.2 0.73938
166.4 -0.53719
166.6 -1.5225
166.8 -2.09
167 -2.5428
167.2 -2.9961
167.4 -3.4119
167.6 -3.8047
167.8 -4.0478
168 -4.26
168.2 -3.88
168.4 -2.7881
168.6 -1.7316
168.8 -0.27545
169 1.3225
169.2 2.5575
169.4 2.1384
169.6 0.9625
169.8 -0.32
170 -1.2164
170.2 -1.8787
170.4 -2.6669
170.6 -3.1087
170.8 -3.3687
171 -3.77
171.2 -4.045
171.4 -4.2803
171.6 -4.5434
171.8 -3.7879
172 -2.6366
172.2 -1.3375
172.4 0.059697
172.6 0.90625
172.8 1.4662
173 0.62515
173.2 -0.545
173.4 -1.655
173.6 -2.42
173.8 -3.1456
174 -3.5925
174.2 -3.8771
174.4 -4.1139
174.6 -4.2125
174.8 -4.5603
175 -4.6459
175.2 -4.3725
175.4 -3.2819
175.6 -2.22
175.8 -1.3687
176 -0.30941
176.2 0.67
176.4 0.44344
176.6 -0.42906
176.8 -1.6931
177 -2.6038
177.2 -3.1672
177.4 -3.599
177.6 -3.895
177.8 -4.215
178 -4.4284
178.2 -4.4694
178.4 -4.4981
178.6 -4.5625
178.8 -4.3916
179 -3.467
179.2 -2.29
179.4 -1.1719
179.6 -0.12542
179.8 0.41
180 0.1075
180.2 -0.91576
180.4 -2.1109
180.6 -2.79
180.8 -3.33
181 -3.8072
181.2 -4.0684
181.4 -4.15
181.6 -4.2884
181.8 -4.32
182 -4.5618
182.2 -3.765
182.4 -2.755
182.6 -1.6752
182.8 -0.47562
183 0.27484
183.2 0.81844
183.4 -0.006875
183.6 -1.1625
183.8 -2.075
184 -2.9053
184.2 -3.2925
184.4 -3.5744
184.6 -3.7713
184.8 -3.8931
185 -4.2137
185.2 -4.2837
185.4 -3.5481
185.6 -2.341
185.8 -1.0937
186 0.00375
186.2 1.3455
186.4 2.7956
186.6 2.6675
186.8 1.445
187 -0.070312
187.2 -1.1328
187.4 -1.9294
187.6 -2.5097
187.8 -3.1087
188 -3.5259
188.2 -3.8312
188.4 -4.085
188.6 -4.1281
188.8 -3.385
189 -2.1281
189.2 -0.61333
189.4 0.96375
189.6 2.7116
189.8 3.7084
190 4.015
190.2 2.5
190.4 1.0312
190.6 -0.2575
190.8 -1.319
191 -2.0287
191.2 -2.5241
191.4 -3.06
191.6 -3.5919
191.8 -3.9025
192 -4.1381
192.2 -3.2984
192.4 -1.8394
192.6 -0.42063
192.8 0.62781
193 2.2529
193.2 3.7
193.4 4.1242
193.6 2.7694
193.8 1.2284
194 -0.099375
194.2 -1.0681
194.4 -1.8741
194.6 -2.5425
194.8 -3.075
195 -3.4742
195.2 -3.8294
195.4 -4.0506
195.6 -3.6319
195.8 -2.6087
196 -1.1462
196.2 0.32
196.4 1.8625
196.6 2.9025
196.8 3.5981
197 2.5713
197.2 1.2878
197.4 0.0675
197.6 -1.2227
197.8 -1.95
198 -2.5494
198.2 -3.0459
198.4 -3.5513
198.6 -4.0256
198.8 -3.3544
199 -1.8762
199.2 -0.36781
199.4 0.85471
199.6 2.1375
199.8 3.1137
200 2.7381
200.2 1.3952
200.4 -0.25938
200.6 -1.3128
200.8 -1.82
201 -2.3923
201.2 -2.8125
201.4 -3.4084
201.6 -3.7394
201.8 -3.9541
202 -3.4516
202.2 -2.32
202.4 -0.99364
202.6 0.44812
202.8 1.8184
203 3.1345
203.2 2.9681
203.4 1.6831
203.6 0.26125
203.8 -0.7825
204 -1.5788
204.2 -2.3891
204.4 -2.8394
204.6 -3.2194
204.8 -3.5471
205 -3.9463
205.2 -4.1991
205.4 -4.07
205.6 -3.0974
205.8 -1.8459
206 -0.59273
206.2 0.54937
206.4 1.7097
206.6 2.2794
206.8 1.2444
207 -0.37719
207.2 -1.4209
207.4 -2.1613
207.6 -2.7678
207.8 -3.1423
208 -3.6769
208.2 -3.9525
208.4 -4.1944
208.6 -4.3303
208.8 -4.3725
209 -4.15
209.2 -3.1662
209.4 -2.12
209.6 -1.0244
209.8 -0.065
210 0.63594
210.2 0.075455
210.4 -1.0313
210.6 -1.9719
210.8 -2.7642
211 -3.3175
211.2 -3.6675
211.4 -3.9044
211.6 -4.09
211.8 -4.0775
212 -4.365
212.2 -4.4484
212.4 -4.46
212.6 -4.2713
212.8 -3.4365
213 -2.7416
213.2 -1.6127
213.4 -0.27125
213.6 0.92323
213.8 1.3877
214 0.46125
214.2 -0.88812
214.4 -1.8136
214.6 -2.4469
214.8 -2.9625
215 -3.215
215.2 -3.6456
215.4 -3.8103
215.6 -3.9325
215.8 -4.06
216 -3.4525
216.2 -2.6488
216.4 -1.4712
216.6 -0.145
216.8 0.96271
217 1.9612
217.2 1.7
217.4 0.50576
217.6 -0.7525
217.8 -1.78
218 -2.47
218.2 -3.1325
218.4 -3.4803
218.6 -3.7779
218.8 -3.9738
219 -4.2381
219.2 -4.3481
219.4 -4.41
219.6 -4.01
219.8 -3.1741
220 -2.4933
220.2 -1.5297
220.4 -0.5397
220.6 0.34156
220.8 0.10156
221 -0.995
221.2 -2.4466
221.4 -3.1928
221.6 -3.6294
221.8 -3.9625
222 -4.0732
222.2 -4.4281
222.4 -4.535
222.6 -4.55
222.8 -4.53
223 -4.4625
223.2 -4.4669
223.4 -4.0881
223.6 -3.1344
223.8 -2.0316
224 -0.97
224.2 0.2675
224.4 1.12
224.6 1.2097
224.8 0.28156
225 -0.68323
225.2 -1.6231
225.4 -2.5912
225.6 -3.1491
225.8 -3.4812
226 -3.785
226.2 -3.93
226.4 -4.3062
226.6 -4.4681
226.8 -3.8319
227 -2.7709
227.2 -1.5138
227.4 -0.58
227.6 1.0325
227.8 2.4256
228 2.5494
228.2 1.2125
228.4 -0.23531
228.6 -1.2684
228.8 -1.9564
229 -2.4875
229.2 -3.0648
229.4 -3.4466
229.6 -3.6619
229.8 -3.9438
230 -4.0294
230.2 -3.9325
230.4 -3
230.6 -1.7475
230.8 -0.63906
231 0.50906
231.2 1.3644
231.4 1.5225
231.6 0.43219
231.8 -0.84031
232 -1.8275
232.2 -2.6487
232.4 -3.1128
232.6 -3.4425
232.8 -3.7506
233 -4.1773
233.2 -4.3709
233.4 -4.42
233.6 -4.1625
233.8 -3.1691
234 -2.3472
234.2 -1.2773
234.4 -0.15562
234.6 0.73937
234.8 0.44281
235 -0.77
235.2 -1.72
235.4 -2.4525
235.6 -3.0628
235.8 -3.4675
236 -3.8294
236.2 -4.0156
236.4 -4.1384
236.6 -4.3
236.8 -4.4042
237 -3.7063
237.2 -2.6125
237.4 -1.4606
237.6 -0.29314
237.8 0.42813
238 0.8675
238.2 0.14
238.4 -0.86455
238.6 -1.9216
238.8 -2.8025
239 -3.2175
239.2 -3.5131
239.4 -3.8197
239.6 -4.035
239.8 -4.355
240 -4.4765
240.2 -4.3822
240.4 -3.6537
240.6 -2.8487
240.8 -1.8519
241 -0.9525
241.2 -0.64375
241.4 -1.3645
241.6 -2.5412
241.8 -3.1803
242 -3.596
242.2 -3.92
242.4 -4.211
242.6 -4.4256
242.8 -4.5112
243 -4.4925
243.2 -4.485
243.4 -4.4778
243.6 -3.775
243.8 -2.6776
244 -1.52
244.2 -0.61935
244.4 -0.17677
244.6 -0.59375
244.8 -1.5188
245 -2.3704
245.2 -3.0867
245.4 -3.5631
245.6 -3.8237
245.8 -4.0634
246 -4.26
246.2 -4.3
246.4 -4.5428
246.6 -3.795
246.8 -2.6545
247 -1.3919
247.2 -0.14871
247.4 1.0609
247.6 2.1962
247.8 1.8762
248 0.55909
248.2 -0.64437
248.4 -1.9021
248.6 -2.6781
248.8 -3.1511
249 -3.5875
249.2 -3.845
249.4 -4.2755
249.6 -4.4009
249.8 -4.47
250 -3.7938
250.2 -2.8742
250.4 -1.7391
250.6 -0.37667
250.8 1.0538
251 2.0091
251.2 1.5294
251.4 0.27226
251.6 -1.0569
251.8 -1.8928
252 -2.7366
252.2 -3.25
252.4 -3.5186
252.6 -3.8503
252.8 -4.0022
253 -4.35
253.2 -4.3275
253.4 -3.4891
253.6 -2.4768
253.8 -1.3512
254 -0.63333
254.2 0.12375
254.4 -0.46032
254.6 -1.6331
254.8 -2.6303
255 -3.4444
255.2 -3.72
255.4 -3.8525
255.6 -4.0325
255.8 -4.2481
256 -4.4925
256.2 -4.5652
256.4 -3.7569
256.6 -2.5868
256.8 -1.5762
257 -0.40375
257.2 0.70875
257.4 1.4021
257.6 0.335
257.8 -1.0984
258 -2.0663
258.2 -2.66
258.4 -3.1975
258.6 -3.7622
258.8 -4.0691
259 -4.24
259.2 -4.2817
259.4 -3.2838
259.6 -2.3994
259.8 -1.2659
260 -0.06125
260.2 0.98
260.4 1.595
260.6 0.44156
260.8 -0.72375
261 -1.6481
261.2 -2.3487
261.4 -3.0887
261.6 -3.53
261.8 -3.805
262 -4.0753
262.2 -4.1556
262.4 -4.45
262.6 -4.2069
262.8 -3.3194
263 -2.2734
263.2 -1.15
263.4 -0.29875
263.6 0.30625
263.8 -0.35063
264 -1.3881
264.2 -2.2952
264.4 -3.1653
264.6 -3.5472
264.8 -3.7325
265 -3.9255
265.2 -3.9822
265.4 -4.2712
265.6 -4.3875
265.8 -3.8964
266 -2.6697
266.2 -1.5725
266.4 -0.33
266.6 0.79273
266.8 1.8803
267 1.6056
267.2 0.62375
267.4 -0.48969
267.6 -1.5237
267.8 -2.2625
268 -2.695
268.2 -3.0547
268.4 -3.3019
268.6 -3.6369
268.8 -3.7842
269 -2.5206
269.2 -1.0137
269.4 0.44
269.6 1.6755
269.8 3.2472
270 3.7738
270.2 2.8375
270.4 1.3553
270.6 -0.105
270.8 -1.1894
271 -1.985
271.2 -2.6181
271.4 -3.2284
271.6 -3.5887
271.8 -3.8512
272 -3.4473
272.2 -1.8284
272.4 -0.6971
272.6 0.79875
272.8 2.4894
273 3.7369
273.2 2.9225
273.4 1.59
273.6 0.23677
273.8 -0.78636
274 -1.695
274.2 -2.4655
274.4 -2.9253
274.6 -3.2687
274.8 -3.6425
275 -3.7364
275.2 -2.9691
275.4 -1.5748
275.6 0.135
275.8 1.8075
276 3.3666
276.2 2.8687
276.4 1.434
276.6 0.0625
276.8 -0.98059
277 -1.7222
277.2 -2.62
277.4 -3.08
277.6 -3.3697
277.8 -3.7013
278 -3.8858
278.2 -4.0569
278.4 -3.1158
278.6 -1.5294
278.8 0.00625
279 1.3462
279.2 2.2916
279.4 2.3031
279.6 1.0903
279.8 -0.32687
280 -1.4591
280.2 -2.1406
280.4 -2.615
280.6 -3.0375
280.8 -3.3509
281 -3.8012
281.2 -4.0169
281.4 -4.1581
281.6 -4.1069
281.8 -3.2539
282 -2.3863
282.2 -1.4438
282.4 -0.76187
282.6 -0.87806
282.8 -1.675
283 -2.4975
283.2 -2.9075
283.4 -3.3
283.6 -3.6475
283.8 -4.1106
284 -4.2766
284.2 -4.4256
284.4 -4.2326
284.6 -3.4128
284.8 -2.719
285 -1.5938
285.2 -0.67333
285.4 -0.03375
285.6 -0.75452
285.8 -1.6944
286 -2.4081
286.2 -2.9631
286.4 -3.315
286.6 -3.815
286.8 -4.0097
287 -4.1378
287.2 -4.2537
287.4 -4.3303
287.6 -4.1884
287.8 -3.2116
288 -1.8975
288.2 -0.68875
288.4 0.10938
288.6 0.77667
288.8 0.16375
289 -0.86906
289.2 -1.8528
289.4 -2.76
289.6 -3.2475
289.8 -3.5716
290 -3.8725
290.2 -4.1687
290.4 -4.3563
290.6 -4.4462
290.8 -4.3391
291 -3.4688
291.2 -2.5311
291.4 -1.4381
291.6 -0.14875
291.8 0.86187
292 0.22187
292.2 -1.0606
292.4 -1.925
292.6 -2.5575
292.8 -3.1215
293 -3.7278
293.2 -4.1212
293.4 -4.2888
293.6 -4.4219
293.8 -4.4172
294 -3.9775
294.2 -2.9245
294.4 -1.7375
294.6 -0.565
294.8 0.087188
295 -0.054516
295.2 -1.0206
295.4 -1.9097
295.6 -2.6872
295.8 -3.53
296 -3.9925
296.2 -4.2278
296.4 -4.4281
296.6 -4.5355
296.8 -4.71
297 -4.7281
297.2 -4.7006
297.4 -4.585
297.6 -3.8225
297.8 -3.2684
298 -2.3269
298.2 -1.2094
298.4 -0.255
298.6 0.4775
298.8 -0.14531
299 -1.3875
299.2 -2.18
299.4 -2.7303
299.6 -3.2894
299.8 -3.6381
