0 0 0 0 0 0 0
0.2 0.31327 -0.55081 -0.14969 -0.81719 0.57891 0.1056
0.4 0.633 -1.5363 -0.52644 -2.1076 1.3921 -0.068759
0.6 1.1606 -3.0854 -0.92792 -3.2354 1.5413 -1.165
0.8 1.6881 -4.7562 -0.82348 -5.0364 2.031 -1.7774
1 2.3969 -6.5316 -0.43221 -6.4192 1.8998 -2.604
1.2 2.9111 -8.1364 -0.017177 -7.0039 1.5983 -3.5692
1.4 3.2199 -9.4142 0.12233 -7.0588 1.1587 -4.7108
1.6 3.2769 -10.132 0.53917 -7.3066 1.3437 -5.2151
1.8 3.1848 -10.41 1.2091 -7.0915 1.1762 -5.5082
2 3.0083 -10.359 1.9507 -6.3864 0.59657 -5.8777
2.2 2.5746 -9.371 2.0071 -5.1823 0.14188 -5.5534
2.4 1.9571 -8.0467 2.439 -4.2897 0.059239 -4.8323
2.6 1.1559 -6.4831 3.0022 -2.6331 -0.30216 -4.2621
2.8 0.29986 -5.0452 3.4695 -1.2106 -0.84454 -3.8895
3 -0.3993 -3.7199 3.6758 -0.45281 -0.70844 -2.7022
3.2 -0.88844 -2.8837 3.9246 -0.10179 -0.5127 -1.7391
3.4 -1.1213 -2.4944 4.2347 0.40728 -0.73739 -1.1041
3.6 -1.287 -2.1976 4.0822 0.90163 -1.1896 -1.3095
3.8 -1.2123 -1.8344 3.5906 0.83862 -0.98366 -0.82341
4 -0.98325 -1.6832 3.1501 0.63058 -0.47445 -0.81132
4.2 -0.67319 -1.6871 3.0152 1.0283 -0.59423 -1.1904
4.4 -0.54997 -1.5187 2.77 0.93846 -0.5806 -1.5889
4.6 -0.32072 -1.5446 2.5804 0.42931 -0.39083 -1.328
4.8 -0.21388 -1.6246 2.2408 0.64862 -0.020673 -0.97447
5 -0.24657 -1.5338 1.881 1.3986 -0.13449 -0.94603
5.2 -0.38128 -1.0002 1.4241 1.511 0.21195 -0.60057
5.4 -0.40748 -0.63488 0.93081 1.3408 0.61121 -0.28525
5.6 -0.23493 -0.63339 0.6726 0.69115 0.99039 0.082227
5.8 0.060125 -0.67234 -0.30981 0.041536 0.75653 0.068217
6 0.51719 -0.98579 -0.95137 -1.6669 1.2988 0.29248
6.2 1.2562 -2.068 -1.1999 -3.0975 1.225 -0.13019
6.4 1.8336 -3.8168 -0.66576 -4.0486 1.3478 -1.2814
6.6 2.2424 -5.4262 -0.12704 -4.8154 1.2117 -2.297
6.8 2.4003 -6.7081 0.52709 -5.4504 1.3439 -3.1723
7 2.394 -7.3991 0.94908 -4.8934 1.1111 -4.0812
7.2 2.0143 -7.101 1.2203 -3.6134 0.25535 -4.9884
7.4 1.4418 -5.7394 1.2965 -2.4631 -0.068525 -4.2598
7.6 0.73839 -4.2953 1.8007 -1.6792 0.064767 -3.115
7.8 0.079835 -3.3733 2.4668 -0.32621 -0.23749 -2.4071
8 -0.45146 -2.6298 2.6709 0.63274 -0.37028 -2.0752
8.2 -0.67327 -2.0669 2.5808 1.0316 -0.53722 -1.4179
8.4 -0.61657 -1.6877 2.5431 1.1759 -0.38804 -0.60855
8.6 -0.57364 -1.5224 2.3039 1.431 -0.64986 -0.69008
8.8 -0.39 -1.27 1.5861 0.47237 -0.38645 -0.39566
9 0.075456 -1.5955 0.85513 -0.96773 -0.00022216 -0.26515
9.2 0.78072 -2.6879 0.56916 -2.5316 0.41368 -0.15333
9.4 1.2898 -4.2248 0.51768 -3.2909 0.28764 -1.1937
9.6 1.6067 -5.6402 0.54897 -4.211 0.45472 -2.0547
9.8 1.9361 -6.853 0.81212 -4.8819 0.4959 -3.1174
10 2.0581 -7.407 1.258 -4.177 0.14267 -4.0636
10.2 1.7265 -6.7107 1.501 -2.991 -0.38248 -4.6105
10.4 1.155 -5.3411 1.7965 -2.1359 -0.19166 -3.7869
10.6 0.52884 -4.0891 2.3997 -1.1783 -0.31326 -2.8469
10.8 -0.086363 -3.3838 3.1226 -0.28972 -0.50151 -2.1549
11 -0.5254 -2.6629 3.4314 0.31967 -0.73354 -1.5859
11.2 -0.69969 -2.1874 3.4019 0.42401 -0.40053 -0.99155
11.4 -0.66939 -1.8562 3.1886 1.0274 -0.33409 -0.61076
11.6 -0.61519 -1.6115 2.5101 1.2605 -0.70048 -0.71583
11.8 -0.39135 -1.2528 1.5673 0.38032 -0.35753 -0.4013
12 -0.036438 -1.5738 0.7968 -1.3836 0.4892 -0.4095
12.2 0.45275 -2.4914 0.37994 -2.3717 1.0849 -0.81569
12.4 0.67865 -3.3681 0.19156 -2.6875 0.96038 -1.4791
12.6 1.0245 -4.037 0.18446 -2.9683 0.75168 -1.9519
12.8 1.291 -4.2338 0.31986 -2.3929 0.27098 -2.4187
13 1.1654 -4.0893 1.0522 -1.6793 0.034033 -2.6149
13.2 0.64874 -3.1769 1.3726 -0.58881 -0.13836 -2.4438
13.4 0.18718 -2.4104 1.836 -0.51565 0.25583 -1.61
13.6 -0.12552 -1.9266 1.9696 0.41362 0.33012 -1.3029
13.8 -0.34628 -1.7049 2.0236 1.4181 0.048727 -1.1825
14 -0.54396 -1.0425 1.6052 1.8429 0.23191 -0.75711
14.2 -0.40836 -0.70078 1.148 1.1419 0.48266 -0.18448
14.4 -0.11646 -0.83247 0.74448 0.33219 0.72373 -0.069651
14.6 0.28802 -1.2909 0.28659 -1.0256 0.86246 -0.29851
14.8 0.73515 -1.7954 -0.21532 -2.3722 1.1702 -0.43446
15 1.1448 -2.3863 -0.39256 -3.1386 1.3354 -0.80221
15.2 1.3113 -3.0772 -0.082714 -2.7343 1.1547 -1.6025
15.4 1.0375 -2.9879 -0.0073737 -1.7395 0.90969 -2.2818
15.6 0.91403 -2.5325 0.11897 -1.2727 0.80494 -2.046
15.8 0.84691 -1.9615 0.33607 -0.46614 0.46111 -1.7272
16 0.66265 -1.6497 0.80402 0.49246 0.12086 -1.4731
16.2 0.42929 -1.0957 0.85131 1.0213 -0.087601 -1.1251
16.4 0.24121 -0.6887 0.62348 0.9619 0.43616 -0.44204
16.6 0.32414 -0.42607 0.38242 1.3328 0.48677 -0.27812
16.8 0.21776 -0.25672 0.095236 1.6015 0.45904 -0.62675
17 0.33587 0.098906 -0.69728 0.59478 0.6115 -0.7287
17.2 0.69489 0.047529 -1.3712 -1.1225 1.2787 -0.13293
17.4 1.185 -0.66077 -1.5863 -2.1001 1.5618 -0.2923
17.6 1.4273 -1.5599 -1.6176 -2.1713 1.4738 -1.1137
17.8 1.5732 -2.0648 -1.5524 -2.6314 1.5807 -1.3386
18 1.5942 -2.1681 -1.4715 -2.415 1.5592 -1.6783
18.2 1.4394 -2.0284 -0.87603 -1.5291 1.3779 -1.6619
18.4 1.0268 -1.3991 -0.75218 0.091219 0.75567 -2.0979
18.6 0.75729 -0.82226 -0.63351 0.054313 0.99655 -1.3587
18.8 0.74998 -0.49024 -0.73189 -0.11354 1.2677 -0.60275
19 0.68653 -0.43851 -0.57867 0.3013 1.1537 -0.58397
19.2 0.53075 -0.066619 -0.90667 0.69715 0.81784 -0.81989
19.4 0.47604 0.35811 -1.4686 -0.22967 1.3382 -0.21399
19.6 0.72951 0.22613 -2.045 -1.0915 1.8253 0.060092
19.8 1.0798 -0.39721 -2.3712 -1.6639 2.0252 -0.43491
20 1.4799 -1.0054 -2.6966 -2.1412 1.8141 -1.1327
20.2 1.7836 -1.6204 -2.5266 -3.3387 2.0613 -1.3913
20.4 1.9822 -2.0131 -2.0202 -3.3859 1.9427 -1.4272
20.6 1.8514 -2.0846 -1.2194 -2.5895 1.4512 -1.9722
20.8 1.425 -1.4192 -1.1375 -1.3507 1.1712 -1.8873
21 1.2212 -0.97417 -1.0006 -1.4688 1.5608 -1.2802
21.2 1.2014 -0.67943 -0.97368 -0.6551 1.3748 -0.89507
21.4 1.2025 -0.49283 -0.94312 0.19261 0.90989 -0.88538
21.6 1.062 0.044673 -1.3206 0.30659 1.0641 -0.4836
21.8 0.98328 0.34939 -1.6512 -0.37555 1.7801 -0.089115
22 1.0991 0.27398 -2.0575 -0.78164 2.026 -0.27282
22.2 1.2642 -0.037683 -2.7105 -1.2461 1.9619 -1.0461
22.4 1.6261 -0.36344 -3.3724 -2.3297 2.0922 -1.1938
22.6 1.953 -1.0872 -3.55 -3.5021 2.3554 -1.4436
22.8 2.2168 -2.0445 -3.0866 -3.674 2.2602 -1.9107
23 2.2556 -2.4422 -2.7014 -3.0275 1.5813 -2.6014
23.2 2.2088 -2.2401 -2.5741 -2.6707 1.4789 -2.3593
23.4 2.1752 -1.6833 -2.339 -1.7295 1.2872 -1.9403
23.6 1.8447 -1.2559 -1.9563 -0.62825 1.1787 -1.8353
23.8 1.4953 -0.72196 -1.7846 0.043858 0.92933 -1.8037
24 1.2061 -0.21791 -1.9202 -0.17114 1.4543 -1.1925
24.2 1.1774 0.041721 -2.0714 -0.17759 1.8166 -0.74778
24.4 1.1262 0.17033 -2.0955 0.60607 1.7561 -1.0507
24.6 1.0432 0.54342 -2.5434 0.42536 1.6589 -0.92359
24.8 1.174 0.73559 -3.1439 -0.65781 1.8702 -0.40396
25 1.5247 0.42077 -3.5742 -1.6296 2.0432 -0.058601
25.2 1.8188 -0.3204 -3.765 -1.8882 1.9014 -0.94666
25.4 2.028 -0.951 -3.8677 -2.6194 2.1484 -1.3653
25.6 2.2149 -1.685 -3.5498 -3.8436 2.4927 -1.6308
25.8 2.4143 -2.3988 -3.1372 -4.0773 2.4091 -2.0212
26 2.2988 -2.7698 -2.6681 -3.188 2.0046 -2.7978
26.2 2.0773 -2.3026 -2.798 -2.2534 1.7799 -2.7054
26.4 1.9109 -1.6428 -2.6078 -1.9909 1.8621 -2.0195
26.6 1.6961 -1.2062 -2.096 -1.2587 1.8491 -1.6997
26.8 1.562 -0.84639 -1.671 -0.67231 1.4303 -1.5925
27 1.3885 -0.36116 -1.7607 -0.57759 1.6404 -1.1635
27.2 1.429 -0.026914 -1.9497 -0.66383 1.8074 -0.73642
27.4 1.401 0.14371 -2.165 -0.13041 1.9606 -0.79594
27.6 1.3343 0.52385 -2.8969 0.19437 2.3006 -0.43589
27.8 1.3768 0.8337 -3.6046 -0.35297 2.6144 0.089074
28 1.6724 0.61051 -4.2044 -2.1339 3.3554 0.49562
28.2 2.04 -0.23466 -4.0498 -2.6192 2.7091 -0.65995
28.4 2.222 -0.93674 -3.8749 -3.0012 2.4516 -1.8232
28.6 2.2724 -1.1801 -3.6952 -3.6504 2.7746 -1.971
28.8 2.3136 -1.1866 -3.356 -3.5319 2.9017 -1.9119
29 2.2144 -1.0231 -2.8495 -2.2675 2.2568 -2.0493
29.2 1.9968 -0.51074 -2.9345 -1.296 1.6658 -2.1024
29.4 1.7513 -0.086845 -2.9393 -1.3492 1.9284 -1.5534
29.6 1.7573 0.1849 -3.1784 -0.85445 1.9812 -1.0756
29.8 1.69 0.26737 -3.1783 -0.29023 1.8996 -1.2143
30 1.6566 0.73931 -4.0818 0.016247 1.5383 -1.2252
30.2 1.7227 0.85652 -4.5216 -1.498 2.2423 -0.66197
30.4 1.9802 0.42438 -4.8469 -2.3545 2.511 -0.64141
30.6 2.3373 -0.472 -4.5043 -3.0199 2.4846 -1.1392
30.8 2.5488 -1.0501 -4.4511 -3.7567 2.588 -1.561
31 2.6796 -1.3652 -4.226 -4.4794 2.8245 -1.6328
31.2 2.6252 -1.459 -3.6498 -3.6626 2.7301 -2.0036
31.4 2.2412 -1.1748 -3.138 -2.0836 2.3854 -2.4189
31.6 1.9523 -0.53799 -2.9623 -1.4272 2.2642 -2.0938
31.8 1.7823 -0.097983 -3.0394 -1.3645 2.5132 -1.5146
32 1.7235 0.1012 -2.9239 -0.99997 2.6114 -1.3494
32.2 1.5331 0.40239 -3.1445 -0.26243 2.1715 -1.8424
32.4 1.4434 0.8394 -3.5977 -0.7055 2.3861 -1.1145
32.6 1.607 0.92981 -4.093 -1.6242 2.7166 -0.46117
32.8 1.8581 0.42888 -4.4851 -2.1682 3.0011 -0.50793
33 2.1937 -0.1268 -4.7802 -2.5911 2.7637 -1.4412
33.2 2.5539 -0.79995 -4.7329 -4.39 3.0956 -1.3325
33.4 2.9263 -1.835 -4.287 -5.7583 3.2946 -1.2814
33.6 3.0921 -3.3436 -3.6497 -6.3864 3.2872 -1.9317
33.8 3.2207 -4.8868 -3.0567 -6.7112 2.9378 -2.9242
34 3.3394 -6.3156 -2.5204 -7.2003 2.7942 -3.5874
34.2 3.5686 -7.309 -1.8935 -7.0699 2.3039 -4.1061
34.4 3.3509 -7.5781 -1.3012 -5.7862 1.8453 -5.1539
34.6 2.7614 -6.4921 -1.1286 -4.3476 1.5503 -5.2098
34.8 1.9079 -4.9998 -0.57815 -3.6127 1.8929 -4.3914
35 1.0999 -3.5821 -0.18167 -1.9519 1.544 -3.5851
35.2 0.59146 -2.7918 0.59556 -0.70612 0.90442 -3.151
35.4 0.23974 -2.0081 0.76442 0.069994 0.59893 -2.6325
35.6 0.14877 -1.4849 0.8632 -0.033364 0.7567 -1.9093
35.8 0.12618 -1.2414 0.6455 0.045789 0.90396 -1.5549
36 0.26893 -1.2224 0.0034456 -0.27924 0.85048 -1.5994
36.2 0.66078 -1.2275 -0.92513 -1.6402 1.2712 -1.2194
36.4 1.2054 -1.8467 -1.3399 -3.3416 1.7432 -1.1124
36.6 1.7641 -2.8511 -1.1553 -4.109 1.7996 -1.3575
36.8 1.8995 -3.8598 -0.69422 -4.5373 1.6354 -1.9809
37 2.0844 -4.7275 -0.34332 -5.0768 1.6943 -2.3809
37.2 2.214 -5.3347 -0.14268 -5.0491 1.4898 -3.0892
37.4 2.2223 -5.4174 0.20895 -3.9842 0.94751 -3.6906
37.6 1.8476 -4.5849 0.33501 -2.3881 0.29938 -4.0355
37.8 1.2604 -3.3407 0.66877 -1.7005 0.63859 -2.7634
38 0.72336 -2.4495 0.93496 -0.69943 0.75445 -1.94
38.2 0.38418 -2.0218 1.2817 0.52825 0.22298 -1.7739
38.4 0.18052 -1.4571 0.84079 0.92134 -0.32447 -1.9399
38.6 0.28933 -1.1751 0.36137 -0.15973 0.054145 -1.1653
38.8 0.59411 -1.4627 -0.28276 -1.4993 0.78393 -0.80701
39 1.0617 -2.3656 -0.45997 -2.6486 1.0124 -1.1472
39.2 1.4541 -3.1401 -0.47656 -3.6713 1.049 -1.652
39.4 1.8177 -3.979 -0.18221 -4.7647 1.0291 -1.9515
39.6 2.1823 -5.0667 0.16825 -5.2691 0.97263 -2.2299
39.8 2.3727 -6.1508 0.46234 -5.1222 0.54315 -3.2518
40 2.3674 -6.4412 0.34169 -4.5856 0.35223 -3.7318
40.2 2.0649 -5.9333 0.63391 -3.9002 0.54543 -3.7621
40.4 1.5602 -4.9937 1.0601 -2.3647 0.25888 -3.5572
40.6 0.79098 -3.8598 1.6701 -1.1453 0.11027 -3.1261
40.8 0.25748 -2.8755 1.9771 -0.69647 0.14661 -1.9596
41 -0.019362 -2.2815 2.1259 -0.27468 0.26295 -1.2143
41.2 -0.080394 -2.0117 2.2682 0.57788 -0.1086 -1.0879
41.4 -0.23685 -1.4218 1.4979 0.98351 -0.17247 -1.1668
41.6 -0.049534 -1.1143 0.79408 -0.26666 0.42087 -0.57457
41.8 0.39786 -1.4729 0.18567 -1.9146 1.0815 -0.2458
42 1.0221 -2.5272 0.204 -3.0359 1.1981 -0.7062
42.2 1.3157 -3.4269 0.18321 -3.827 1.2454 -1.3128
42.4 1.5937 -4.3655 0.54728 -4.784 1.3281 -1.8214
42.6 1.796 -5.2295 0.81337 -4.8147 1.055 -2.5654
42.8 1.7668 -5.5735 1.0936 -3.9156 0.44947 -3.5173
43 1.4546 -4.9245 1.1134 -3.082 0.49025 -3.4124
43.2 1.1235 -3.9066 1.3483 -2.5289 0.7011 -2.7276
43.4 0.65337 -3.1164 1.8377 -1.2651 0.62537 -2.0732
43.6 0.20596 -2.534 2.2735 -0.31865 0.2365 -1.7614
43.8 -0.14547 -1.8887 2.1987 0.3173 0.33207 -1.2025
44 -0.19159 -1.3777 1.908 0.71263 0.55294 -0.86941
44.2 -0.13842 -1.1647 1.4854 1.1226 0.57363 -0.85436
44.4 0.028112 -0.93204 0.7644 0.57865 0.50475 -0.55238
44.6 0.48244 -1.0772 0.12865 -1.2105 0.87227 0.24831
44.8 0.99842 -1.6822 -0.27294 -2.2816 1.1258 0.08967
45 1.3105 -2.7476 -0.028623 -3.0377 1.4152 -0.75114
45.2 1.2902 -3.3545 0.0019751 -3.1137 1.4942 -1.7849
45.4 1.286 -3.4783 0.28004 -3.3754 1.6814 -2.0307
45.6 1.2247 -3.1532 0.56663 -2.289 1.3104 -2.2237
45.8 0.94124 -2.5858 1.0542 -1.124 0.74078 -2.2663
46 0.58515 -1.8118 1.1174 -0.6957 0.88596 -1.4522
46.2 0.36257 -1.2881 1.0848 -0.59003 1.1891 -0.9139
46.4 0.34645 -1.0188 1.0498 0.12816 1.1357 -0.70447
46.6 0.29398 -0.64631 0.64297 0.9322 0.60868 -0.9341
46.8 0.38764 -0.05648 -0.021345 0.32557 0.70197 -0.24964
47 0.52768 0.020607 -0.77834 -0.60091 1.2597 -0.045313
47.2 0.85076 -0.59806 -0.90847 -1.5961 1.8319 -0.21606
47.4 1.0865 -1.4086 -0.98291 -2.2683 1.7257 -1.0654
47.6 1.3484 -2.1681 -0.88574 -3.1233 1.6773 -1.4863
47.8 1.5695 -2.6756 -0.72482 -3.1516 1.2519 -1.9545
48 1.435 -2.8924 -0.30844 -2.2407 1.166 -2.4376
48.2 1.1122 -2.377 -0.19597 -1.1889 0.94202 -2.4924
48.4 0.85803 -1.8129 -0.074696 -1.0771 1.3691 -1.9198
48.6 0.76048 -1.4435 0.021165 -0.43563 1.0967 -1.6281
48.8 0.60153 -1.1633 0.028418 0.82989 0.714 -1.535
49 0.44283 -0.60259 -0.36357 1.5336 0.62205 -1.3061
49.2 0.51361 -0.27744 -0.77027 1.4043 0.85348 -0.71007
49.4 0.6203 -0.21681 -0.92359 1.0158 1.1519 -0.6102
49.6 0.89046 -0.24334 -1.3977 0.28715 0.84966 -0.78028
49.8 1.1481 -0.20154 -2.0651 -0.75547 1.1789 -0.76515
50 1.625 -0.71892 -2.3003 -2.4072 1.4587 -0.74128
50.2 1.8575 -1.6105 -1.9539 -3.0685 1.839 -1.2154
50.4 1.8404 -2.2329 -1.7441 -2.9663 1.6439 -2.1059
50.6 1.748 -2.3757 -1.6966 -2.8393 1.9365 -2.25
50.8 1.66 -2.1899 -1.4959 -2.3219 1.9775 -2.2408
51 1.5356 -1.7781 -0.71963 -1.4419 1.5143 -1.9249
51.2 1.309 -1.0873 -0.66114 -0.43714 0.91223 -1.8768
51.4 1.144 -0.53421 -0.78143 -0.27968 1.1208 -1.1945
51.6 1.0959 -0.30084 -0.89897 0.053954 1.3512 -0.89761
51.8 0.93218 -0.20799 -1.2078 0.37085 1.3882 -1.0236
52 1.0367 0.10407 -2.0369 -0.31393 1.5575 -1.0377
52.2 1.2291 -0.058259 -2.9302 -1.5316 2.13 -0.83371
52.4 1.7483 -0.84085 -2.9907 -2.621 2.4573 -0.83117
52.6 1.9569 -1.7806 -2.8974 -2.766 2.1652 -1.6984
52.8 2.2257 -2.3264 -2.4897 -3.3826 1.9064 -2.0484
53 2.2115 -2.5518 -2.0887 -3.5862 2.0031 -2.3295
53.2 2.0616 -2.5061 -1.6349 -2.3361 1.4923 -2.5376
53.4 1.6587 -2.0026 -1.358 -1.0229 0.86774 -2.8568
53.6 1.3531 -1.3014 -1.2191 -0.69103 1.0382 -2.0217
53.8 1.323 -0.82669 -1.0127 -0.79055 1.1678 -1.2035
54 1.2591 -0.6858 -0.81594 -0.21097 1.0643 -1.0681
54.2 1.1471 -0.29376 -1.1168 0.20652 0.791 -1.3057
54.4 1.0555 0.1061 -1.6317 -0.78985 1.4566 -0.59993
54.6 1.2965 0.018878 -2.1139 -1.8415 2.2137 -0.0022027
54.8 1.5458 -0.59672 -2.473 -2.3873 2.3339 -0.38834
55 1.7212 -1.1213 -2.9283 -2.5713 2.4304 -1.109
55.2 1.939 -1.8054 -2.9509 -3.2241 2.2713 -1.9505
55.4 2.1415 -2.2667 -2.7035 -3.2814 2.0163 -2.2628
55.6 2.1822 -2.6395 -1.9692 -2.6031 1.251 -3.0163
55.8 1.9461 -2.183 -1.7629 -1.9761 1.2828 -2.5844
56 1.8233 -1.6788 -1.7336 -1.6068 1.4434 -2.0863
56.2 1.6807 -1.3238 -1.4226 -0.90871 1.62 -1.7341
56.4 1.5398 -0.9916 -1.174 0.0078766 1.021 -1.8029
56.6 1.2532 -0.42879 -1.2021 -0.083004 1.3523 -1.1385
56.8 1.3006 0.015985 -1.5197 -0.16381 1.1788 -0.62969
57 1.3693 0.10343 -1.8817 -0.094823 1.1387 -0.73857
57.2 1.4981 0.1784 -2.6768 -0.25719 0.97368 -0.97236
57.4 1.7544 0.076514 -3.4266 -1.658 1.6252 -0.54477
57.6 1.9884 -0.50095 -3.8103 -2.7387 2.4941 -0.58074
57.8 2.2575 -1.3892 -3.4628 -2.9981 2.5693 -1.2502
58 2.1615 -1.9896 -3.1986 -2.746 2.3303 -2.482
58.2 2.2683 -2.1656 -2.7975 -3.161 2.2822 -2.5176
58.4 2.1825 -2.0377 -2.3688 -2.9308 2.4041 -2.5654
58.6 1.9875 -1.7679 -1.8109 -1.7112 1.9672 -2.4794
58.8 1.5842 -1.1494 -1.6532 -1.0285 1.8945 -2.311
59 1.4266 -0.71161 -1.5598 -1.2379 2.037 -1.4852
59.2 1.4589 -0.41409 -1.5142 -0.89025 2.0513 -1.0747
59.4 1.4306 -0.21123 -1.7232 -0.22128 1.5767 -1.0639
59.6 1.4531 0.34882 -2.4959 -0.44409 1.4798 -1.298
59.8 1.5506 0.46995 -3.1055 -1.8506 2.1355 -0.82838
60 1.8571 -0.023843 -3.3043 -2.9274 2.6755 -0.82328
60.2 2.0811 -0.96055 -3.2874 -3.2031 2.624 -1.4034
60.4 2.2087 -1.5233 -3.1142 -3.8981 2.9497 -1.55
60.6 2.3026 -1.8766 -2.8994 -4.0978 2.9305 -1.7874
60.8 2.2744 -1.9167 -2.4583 -2.945 2.3144 -2.1162
61 2.0009 -1.6519 -2.1088 -1.6736 1.5954 -2.6832
61.2 1.8412 -1.0627 -1.8923 -1.5329 1.4722 -1.898
61.4 1.7354 -0.68142 -1.6149 -1.693 1.9529 -1.1175
61.6 1.7897 -0.56555 -1.4769 -0.86915 1.3805 -1.0209
61.8 1.7589 -0.37334 -1.7181 -0.086676 0.87132 -1.0589
62 1.5677 0.047914 -2.4174 -0.2245 1.2232 -0.72236
62.2 1.5696 0.18322 -3.1106 -0.90243 1.8383 -0.50374
62.4 1.6682 -0.089673 -3.5831 -1.3042 2.4419 -0.96712
62.6 1.9791 -0.50833 -4.0322 -2.1752 2.4375 -1.3908
62.8 2.3575 -1.1518 -4.0784 -3.5572 2.7431 -1.234
63 2.5389 -1.8475 -3.794 -4.2182 2.796 -1.5853
63.2 2.6351 -2.5033 -2.9204 -4.2502 2.4581 -2.1164
63.4 2.4685 -2.3332 -2.6544 -3.4244 2.0099 -2.6279
63.6 2.4386 -1.891 -2.538 -3.1283 1.7601 -2.2695
63.8 2.2158 -1.3641 -2.4608 -1.866 1.7002 -2.2002
64 1.9254 -1.0064 -2.2296 -0.69173 1.3831 -2.1388
64.2 1.6268 -0.44471 -2.4657 -0.35892 1.7989 -1.6938
64.4 1.5752 -0.14391 -2.8806 -0.45313 2.014 -1.1068
64.6 1.654 -0.073487 -3.3197 -0.36797 2.0798 -0.98801
64.8 1.742 -0.12383 -3.9709 -0.42643 1.7988 -1.4921
65 1.936 -0.16281 -4.5237 -1.8067 2.2626 -1.296
65.2 2.3829 -0.86321 -4.4378 -4.1093 2.9997 -0.98837
65.4 2.8439 -2.1851 -4.0843 -5.2816 3.3884 -1.2365
65.6 3.2614 -3.8718 -3.7954 -5.9241 2.9877 -2.2461
65.8 3.4718 -5.565 -3.6203 -6.6406 3.3604 -2.858
66 3.7435 -7.2936 -2.8997 -7.706 3.3015 -3.6137
66.2 3.9493 -8.8255 -1.9397 -7.9172 3.0861 -4.5722
66.4 3.7864 -9.2711 -1.1165 -7.4883 2.5055 -5.5433
66.6 3.3267 -8.726 -0.40016 -6.606 2.2364 -5.5183
66.8 2.5681 -7.2775 0.44519 -4.8781 1.5369 -5.2996
67 1.727 -5.8086 1.1975 -2.9338 0.5944 -4.7816
67.2 0.94214 -4.3614 1.518 -1.7754 0.2591 -3.7752
67.4 0.37298 -3.4098 1.8815 -1.2908 0.2991 -2.4935
67.6 0.047935 -2.7802 2.2458 -0.63393 0.34257 -1.8044
67.8 -0.17852 -2.4714 2.2856 0.45242 -0.10746 -1.9253
68 -0.291 -2.0054 1.5966 0.057225 0.12828 -1.6343
68.2 0.21779 -2.2916 0.66783 -1.2168 0.35634 -0.92822
68.4 1.0007 -3.3877 -0.0032429 -2.6236 0.60022 -1.2595
68.6 1.8147 -4.9086 -0.28697 -3.3647 0.43034 -2.1156
68.8 2.1416 -6.0653 -0.11215 -4.3868 0.72768 -3.1814
69 2.388 -7.1042 0.42354 -5.3988 0.96097 -3.6676
69.2 2.653 -8.2578 1.1407 -5.9973 0.88221 -4.2319
69.4 2.5887 -8.9935 1.5399 -5.8498 0.69421 -4.9375
69.6 2.3798 -9.0649 1.6449 -5.6047 0.52598 -5.1222
69.8 2.0828 -8.3777 1.8234 -4.5339 0.17821 -5.1894
70 1.5903 -7.1463 2.1495 -2.9229 -0.47461 -4.974
70.2 0.97958 -5.532 2.3332 -1.5768 -0.85312 -4.3951
70.4 0.30098 -4.0823 2.5857 -0.94311 -0.40497 -2.9362
70.6 -0.079251 -3.2272 3.0484 -0.59976 -0.21622 -1.8789
70.8 -0.39682 -2.7666 3.2753 0.53455 -0.56471 -1.6114
71 -0.58572 -2.2023 2.927 1.0278 -1.0122 -1.5447
71.2 -0.62141 -1.8315 2.3078 0.82481 -0.7651 -1.1492
71.4 -0.33751 -1.7222 1.9 0.65074 -0.38639 -0.86181
71.6 -0.13463 -1.7154 1.7464 0.86378 -0.33798 -1.2915
71.8 0.0064495 -1.3882 1.5668 0.6054 -0.012788 -1.369
72 0.36205 -1.4667 1.4767 -0.13066 0.2522 -1.4106
72.2 0.62605 -1.5764 1.3646 0.10099 0.38631 -1.4501
72.4 0.69506 -1.5353 0.96694 0.97099 0.060374 -1.6871
72.6 0.52938 -1.0201 0.48296 1.1471 0.43788 -1.1319
72.8 0.47427 -0.77324 0.17788 0.81735 0.95831 -0.72701
73 0.44806 -0.71728 -0.22926 0.85619 1.1705 -0.51209
73.2 0.60427 -0.51862 -1.1547 0.42217 0.78826 -0.75606
73.4 0.97959 -0.61794 -2.1045 -0.81574 1.1175 -0.13896
73.6 1.6696 -1.3168 -2.2503 -2.7388 1.394 -0.052265
73.8 2.2246 -2.6499 -1.8643 -3.7829 1.6318 -0.6309
74 2.472 -3.8065 -1.3751 -4.7264 1.7596 -1.5303
74.2 2.6712 -5.0248 -1.1684 -5.0766 1.6406 -2.4886
74.4 2.8117 -5.9244 -0.62054 -4.7466 1.2793 -3.4057
74.6 2.6676 -6.0291 -0.35832 -3.5282 0.66888 -4.3059
74.8 2.1351 -5.114 -0.19505 -2.8768 1.0713 -3.8172
75 1.5699 -3.9657 0.13432 -1.9033 1.1374 -3.0803
75.2 0.97254 -3.2291 0.93301 -0.88665 1.04 -2.4154
75.4 0.6449 -2.5526 1.3804 -0.16439 0.449 -1.8521
75.6 0.45643 -2.0545 1.422 0.095928 0.38435 -1.2452
75.8 0.48128 -1.6215 1.2875 0.44166 0.1916 -0.98676
76 0.47539 -1.4586 0.79087 0.8082 0.052361 -1.205
76.2 0.58897 -1.2081 -0.27298 0.14521 0.3607 -0.78833
76.4 0.90469 -1.541 -1.2832 -1.3544 1.0605 -0.46044
76.6 1.398 -2.5014 -1.6585 -2.6569 1.461 -0.7626
76.8 1.8997 -3.9199 -1.2868 -3.5222 1.2282 -1.9078
77 2.3638 -5.2 -0.98132 -4.7232 1.1502 -2.5238
77.2 2.751 -6.309 -0.54985 -5.5871 1.1503 -3.1136
77.4 2.8376 -7.0714 -0.093027 -5.1344 0.84742 -3.9903
77.6 2.5256 -6.8373 0.28626 -4.2197 0.3377 -4.6476
77.8 2.1633 -5.8506 0.51828 -3.4911 0.22987 -3.9884
78 1.6634 -4.5502 0.85914 -2.31 0.09502 -3.3029
78.2 1.0722 -3.7069 1.4825 -0.9039 0.013713 -2.6355
78.4 0.47762 -2.8839 1.7892 0.090053 -0.053298 -2.1685
78.6 0.16805 -2.366 1.9763 0.065805 0.3793 -1.2071
78.8 0.14042 -1.9478 1.9846 0.12213 0.6538 -0.72325
79 0.081048 -1.7946 1.5327 0.44219 0.63284 -0.8288
79.2 0.22158 -1.4564 0.62767 -0.4015 0.59611 -0.63924
79.4 0.54959 -1.5784 -0.0042482 -1.9658 1.2561 -0.20452
79.6 1.0957 -2.1951 -0.19636 -3.0066 1.2868 -0.54536
79.8 1.3721 -3.0656 -0.10346 -3.1977 1.33 -1.3377
80 1.5062 -3.5367 -0.18608 -3.5651 1.3688 -1.834
80.2 1.6896 -3.7733 -0.19044 -3.5341 1.3204 -2.1465
80.4 1.6093 -3.7511 0.14946 -2.4884 0.9771 -2.4394
80.6 1.292 -3.1641 0.23336 -0.69342 0.22574 -2.6408
80.8 0.85422 -2.3696 0.26607 -0.11432 0.43927 -1.8274
81 0.67718 -1.8109 0.23953 0.35782 0.78452 -1.4062
81.2 0.54353 -1.5682 0.46431 0.88839 0.92185 -1.23
81.4 0.35148 -1.1436 0.21742 1.3112 0.72763 -1.157
81.6 0.44024 -0.77275 -0.18744 0.59496 0.66996 -0.4252
81.8 0.64431 -0.77335 -0.90665 -0.30923 0.82121 -0.28888
82 1.0557 -1.2661 -1.4394 -1.3084 0.92729 -0.74916
82.2 1.395 -1.7061 -2.0223 -2.2214 1.3862 -1.337
82.4 1.7087 -2.2767 -1.8732 -3.6414 2.238 -1.3523
82.6 1.8526 -2.7778 -1.406 -3.5321 2.4928 -1.6601
82.8 1.6832 -2.8815 -0.53984 -2.8578 2.051 -2.0214
83 1.4484 -2.3763 -0.67353 -1.6766 1.5039 -2.1098
83.2 1.3011 -1.8936 -0.46503 -1.3 1.4439 -1.7207
83.4 1.2136 -1.6386 -0.40428 -0.29739 1.0929 -1.4744
83.6 0.94993 -1.2788 -0.35142 0.44349 0.84359 -1.2585
83.8 0.86801 -0.85283 -0.53284 0.40612 1.0826 -0.61654
84 0.92253 -0.62735 -0.95399 0.50948 1.3653 -0.51405
84.2 1.0034 -0.58874 -1.0752 0.9025 1.4862 -0.61685
84.4 0.86899 -0.21743 -1.5817 1.137 1.2532 -0.70045
84.6 0.80667 0.087838 -2.0017 0.083439 1.7335 -0.23698
84.8 1.005 0.083562 -2.5296 -0.56707 1.9603 -0.25064
85 1.2837 -0.20767 -2.7644 -1.0939 2.0383 -0.80282
85.2 1.6276 -0.27292 -3.1284 -1.6375 2.1174 -0.71896
85.4 1.8855 -0.39717 -3.1662 -2.3322 2.4194 -0.54795
85.6 1.9499 -0.55864 -2.8877 -1.7753 2.2923 -0.70921
85.8 1.7323 -0.54556 -2.8524 -0.54915 1.7162 -1.2517
86 1.5513 -0.15791 -2.9683 -0.45612 1.6471 -0.9293
86.2 1.5603 0.12591 -3.188 -0.56272 1.8865 -0.55709
86.4 1.6703 0.18506 -3.3083 -0.0054921 1.7754 -0.55944
86.6 1.6818 0.36412 -4.0182 -0.18086 1.6021 -0.64239
86.8 1.8489 0.35806 -4.6957 -1.3695 1.8364 -0.18872
87 2.2015 -0.11787 -4.7268 -3.0255 2.2767 -0.063875
87.2 2.5002 -1.0203 -4.427 -3.689 2.4579 -0.8019
87.4 2.6017 -1.7781 -4.1709 -4.0619 2.5931 -1.4421
87.6 2.6641 -2.3464 -4.0532 -4.1478 2.4825 -1.9851
87.8 2.6919 -2.5555 -3.3765 -3.5899 2.0993 -2.2028
88 2.4241 -2.245 -2.8842 -1.9156 1.3674 -2.5336
88.2 2.0407 -1.4453 -2.5726 -1.3183 1.5666 -1.8302
88.4 1.7527 -0.8085 -2.6138 -1.0073 2.1234 -1.171
88.6 1.7828 -0.56103 -2.2386 -0.59175 1.9283 -0.88246
88.8 1.5762 -0.26189 -2.4104 -0.0010693 1.5902 -1.1801
89 1.557 0.15412 -2.7193 -0.39681 1.5001 -0.56572
89.2 1.4751 0.3473 -3.2857 -1.0856 2.1409 -0.3059
89.4 1.8075 0.071348 -3.6351 -1.4773 1.9918 -0.43007
89.6 2.0082 -0.32668 -4.1588 -2.1281 2.2303 -0.91673
89.8 2.3443 -0.82718 -4.4574 -3.3296 2.4273 -1.012
90 2.5365 -1.5405 -4.2946 -4.1755 2.9656 -1.2005
90.2 2.5706 -2.1489 -3.5586 -3.9152 2.7321 -2.106
90.4 2.4355 -2.1066 -3.31 -3.0609 2.1404 -2.8071
90.6 2.3248 -1.6882 -3.0181 -2.7834 2.1935 -2.4074
90.8 2.1862 -1.2061 -2.8064 -1.7739 2.1475 -2.0394
91 1.9286 -0.85702 -2.3152 -0.83303 2.197 -1.748
91.2 1.7068 -0.27022 -2.3917 -0.46006 2.1371 -1.5164
91.4 1.5912 0.093853 -2.8404 -0.78339 2.394 -0.95677
91.6 1.702 0.16167 -3.3017 -0.89349 2.3902 -0.67105
91.8 1.8846 -0.025037 -3.7712 -1.3412 2.1453 -1.0027
92 2.1738 -0.14717 -4.2977 -2.8219 2.4692 -0.9522
92.2 2.6877 -0.77583 -4.3988 -4.7353 2.6862 -0.70338
92.4 2.9985 -1.9944 -4.2405 -5.7174 3.0376 -1.0305
92.6 3.3305 -3.6124 -3.8455 -6.4429 2.5077 -1.7047
92.8 3.4974 -5.2765 -3.6452 -7.2457 2.7866 -2.464
93 3.798 -7.0828 -2.9981 -8.2516 2.7209 -3.3177
93.2 4.021 -8.8337 -2.3569 -8.5921 2.931 -4.4139
93.4 4.2253 -10.172 -1.5852 -9.1487 2.9096 -5.1826
93.6 4.2057 -10.909 -0.95631 -9.1531 2.9979 -5.4798
93.8 3.7457 -10.76 0.71273 -8.25 2.6341 -5.6308
94 2.9154 -10.308 2.7622 -6.2762 1.4605 -6.042
94.2 1.8212 -9.6488 5.0095 -4.9069 0.22271 -5.8105
94.4 0.8554 -9.2336 6.4429 -3.5715 -1.0012 -5.6724
94.6 0.084731 -8.4729 7.085 -2.0787 -1.9705 -5.4054
94.8 -0.67724 -7.153 7.1428 -0.21626 -2.6228 -4.8649
95 -1.3162 -5.3917 6.7277 0.74369 -2.724 -3.3286
95.2 -1.5987 -4.4017 6.5537 0.77224 -2.3581 -2.0548
95.4 -1.6168 -3.7974 6.3119 1.2546 -2.472 -1.445
95.6 -1.6004 -3.3642 5.7381 1.4937 -2.53 -1.4138
95.8 -1.5397 -2.6249 4.4523 1.1758 -1.9138 -1.1729
96 -1.1593 -2.6321 3.2552 -0.202 -0.92802 -0.80732
96.2 -0.49595 -3.5307 2.7215 -1.2969 -0.34298 -1.2738
96.4 0.12108 -4.8357 2.6874 -2.594 -0.24771 -1.731
96.6 0.69557 -6.0265 2.8067 -3.8725 -0.20153 -2.3783
96.8 1.1921 -7.3707 3.0352 -4.7997 -0.10703 -3.1911
97 1.603 -8.8048 3.2784 -4.9995 -0.29506 -4.1166
97.2 1.6321 -9.637 3.3586 -4.8692 -0.36942 -4.9433
97.4 1.4453 -9.584 3.3491 -4.3328 -0.52852 -5.2238
97.6 1.1489 -8.891 3.8353 -3.7359 -0.64671 -5.1254
97.8 0.56482 -7.6224 4.1811 -2.1169 -1.081 -4.9359
98 -0.063422 -6.0153 4.3299 -1.1535 -1.0497 -3.8946
98.2 -0.67832 -4.6984 4.3642 -0.29963 -0.84313 -2.7222
98.4 -1.0933 -3.9305 4.5791 0.64363 -0.9342 -1.9556
98.6 -1.4435 -3.4477 4.8931 1.5341 -1.207 -1.576
98.8 -1.4972 -2.7066 4.3373 1.9542 -1.5923 -1.0507
99 -1.2883 -2.3695 3.6678 1.0453 -1.0726 -0.30886
99.2 -0.78406 -2.6959 2.8694 -0.10301 -0.31315 -0.085774
99.4 -0.28393 -3.4204 2.2561 -1.2748 0.12572 -0.79389
99.6 0.24 -4.2227 1.9746 -2.4618 0.33997 -1.2991
99.8 0.70898 -5.3639 2.2475 -3.5429 0.27345 -2.1412
100 1.0861 -6.9181 2.7414 -4.3087 0.25745 -2.8679
100.2 1.2189 -8.2397 2.8515 -4.6267 0.16059 -3.7662
100.4 1.3947 -9.2042 2.752 -4.5294 0.031121 -4.4822
100.6 1.3947 -9.4729 2.7578 -3.9949 -0.27831 -5.1887
100.8 1.258 -9.0057 3.051 -3.1893 -0.54191 -5.497
101 0.88535 -7.5733 3.2513 -2.595 -0.65283 -5.0466
101.2 0.39559 -6.1039 3.6256 -2.0525 -0.39969 -3.7475
101.4 -0.19645 -4.9244 4.1533 -0.62765 -0.58008 -2.893
101.6 -0.83809 -4.1279 4.7674 0.73122 -1.2177 -2.2934
101.8 -1.0679 -3.3385 4.5761 1.2728 -1.5119 -1.459
102 -0.95486 -3.0682 4.0268 0.62697 -1.4633 -0.82634
102.2 -0.41775 -3.5292 2.9779 -0.32014 -1.0714 -0.51864
102.4 0.02056 -4.4872 2.314 -2.1729 -0.16229 -1.0771
102.6 0.70392 -5.6362 1.8801 -3.5034 0.27397 -1.6509
102.8 1.1586 -6.8597 2.2707 -4.7241 0.65171 -2.5227
103 1.5693 -8.118 2.6135 -4.6798 0.20223 -3.4999
103.2 1.5701 -8.708 2.9195 -4.657 -0.28848 -4.2855
103.4 1.3685 -8.4161 3.023 -4.1325 -0.44683 -4.3034
103.6 0.97005 -7.5918 3.2023 -3.0516 -0.64609 -4.2596
103.8 0.34811 -6.4154 3.348 -1.415 -0.81971 -4.0827
104 -0.26318 -5.0128 3.332 -0.3568 -0.77093 -3.459
104.2 -0.80443 -3.9955 3.8226 -0.32029 -0.31421 -2.4256
104.4 -1.1627 -3.3497 4.4062 0.31327 -0.042201 -1.47
104.6 -1.4567 -3.0555 4.7148 1.2068 -0.42774 -1.3048
104.8 -1.501 -2.2951 4.3937 1.7794 -0.72212 -0.61209
105 -1.3306 -1.8919 3.9657 1.6827 -0.85985 -0.15702
105.2 -1.1327 -1.8299 3.845 1.7199 -0.75169 0.060478
105.4 -0.96824 -1.7998 3.2062 2.3249 -0.95468 -0.50399
105.6 -0.74386 -1.5312 2.8103 1.7592 -0.2591 -0.29044
105.8 -0.28064 -1.4475 2.3309 1.3286 0.058116 -0.47387
106 0.0098634 -1.5112 2.279 1.1189 0.33293 -0.7471
106.2 0.22266 -1.4304 1.951 1.4877 -0.23661 -1.2851
106.4 0.11582 -1.1738 1.5249 1.1186 0.33419 -0.84287
106.6 0.1665 -1.1311 1.0393 0.79131 0.74508 -0.54509
106.8 0.18911 -1.4431 0.37659 0.010029 1.1768 -0.72715
107 0.6212 -2.0124 -0.55517 -1.4078 1.3766 -1.0728
107.2 1.3154 -3.3227 -0.89588 -3.7541 1.7504 -1.3143
107.4 2.1454 -5.4099 -0.56216 -5.3122 1.7768 -2.267
107.6 2.4801 -7.3526 0.39222 -6.3592 1.9392 -3.2844
107.8 2.5495 -8.6533 1.0599 -6.7876 1.9662 -4.2298
108 2.5348 -9.4033 1.7545 -6.8097 1.7374 -4.8437
108.2 2.6112 -9.7707 2.1587 -5.846 0.87118 -5.4943
108.4 2.2149 -9.142 2.5582 -4.672 0.09197 -5.6399
108.6 1.5058 -7.7789 3.0978 -3.6072 -0.11506 -4.9487
108.8 0.57155 -6.1534 3.9495 -2.2744 -0.27935 -3.9662
109 -0.22211 -4.9881 4.578 -0.82957 -0.64235 -3.1919
109.2 -0.80511 -3.8069 4.6017 0.38128 -0.9322 -2.297
109.4 -1.1127 -3.0961 4.6082 0.96104 -0.79287 -1.4364
109.6 -1.2845 -2.6361 4.5661 1.7354 -0.86782 -1.1739
109.8 -1.4242 -2.3558 4.5206 2.5651 -0.88448 -0.97177
110 -1.4978 -1.7778 4.0813 2.7253 -0.8227 -0.6774
110.2 -1.3071 -1.4476 3.4814 2.0953 -0.63717 -0.05036
110.4 -0.92202 -1.6569 2.8477 1.0965 -0.28924 0.19067
110.6 -0.46851 -2.1963 2.0356 -0.10782 -0.081532 -0.15274
110.8 0.20047 -2.6995 1.3339 -1.3547 0.21069 -0.40048
111 0.87896 -3.5809 1.2935 -2.5769 0.24509 -1.1052
111.2 1.2596 -4.5471 1.4189 -2.5299 -0.049497 -1.9834
111.4 1.1368 -4.8221 1.5897 -2.1756 -0.21675 -2.7503
111.6 0.90751 -4.3893 1.5891 -1.6653 -0.097316 -2.584
111.8 0.56501 -3.5771 2.0742 -0.89893 0.19816 -2.3256
112 -0.031341 -2.9649 2.5854 0.52184 0.36514 -2.1177
112.2 -0.55715 -2.221 2.773 1.5891 0.26849 -2.1435
112.4 -0.71941 -1.6987 2.6841 1.7001 0.48998 -1.3952
112.6 -0.48945 -1.4693 2.665 1.7043 0.28745 -0.76159
112.8 -0.42768 -1.3865 2.4646 1.8916 -0.18517 -0.64683
113 -0.16527 -0.97221 1.3816 1.334 -0.30914 -0.28235
113.2 0.23811 -0.95095 0.56932 0.020224 -0.017134 0.040965
113.4 0.69616 -1.5735 0.014208 -1.165 0.61568 -0.044345
113.6 0.95574 -2.5683 0.1763 -2.0069 0.88154 -0.93515
113.8 1.127 -3.3269 0.082426 -2.6487 1.034 -1.6915
114 1.4207 -3.8386 0.30493 -3.032 1.1385 -2.2208
114.2 1.3807 -3.9031 0.64512 -1.9738 0.90695 -2.544
114.4 0.90015 -3.304 0.92825 -0.44737 0.54437 -2.9585
114.6 0.40293 -2.362 0.97621 0.44087 0.69649 -2.1224
114.8 0.29625 -1.7911 1.3144 0.70345 0.67999 -1.3956
115 0.21587 -1.5332 1.6105 1.406 0.40203 -1.136
115.2 0.034586 -1.1635 1.4923 1.8328 0.10768 -1.3656
115.4 -0.099696 -0.73253 1.0227 1.4216 0.37387 -0.75291
115.6 0.10097 -0.63249 0.53958 0.67224 0.77226 -0.014391
115.8 0.35868 -0.90262 0.14003 0.092824 0.88438 -0.10299
116 0.60393 -1.0907 -0.66045 -0.78842 1.2342 -0.37923
116.2 0.95845 -1.5507 -1.0461 -2.1314 1.6598 -0.73948
116.4 1.251 -2.2471 -0.93169 -2.7361 1.7859 -1.118
116.6 1.2851 -2.6917 -0.54526 -2.0427 1.2444 -2.1549
116.8 1.0492 -2.4665 -0.57369 -1.1958 1.195 -2.2165
117 0.99497 -2.0483 -0.40347 -0.73248 1.1662 -1.9213
117.2 0.85038 -1.6469 -0.014364 0.071019 1.1816 -1.4921
117.4 0.60067 -1.2492 0.3291 0.90854 0.66411 -1.8311
117.6 0.34048 -0.64161 -0.016104 1.3626 0.83656 -1.3689
117.8 0.38626 -0.32036 -0.35158 1.3386 1.0046 -0.94798
118 0.48809 -0.26079 -0.59758 1.8816 0.94138 -0.76458
118.2 0.47816 0.011303 -0.88788 1.5203 0.86759 -0.70148
118.4 0.56379 0.38793 -1.6301 0.22426 1.3274 -0.15698
118.6 0.92771 0.14622 -1.8336 -1.721 2.0454 0.31255
118.8 1.3469 -0.61491 -1.9546 -2.4943 2.3026 -0.00052734
119 1.5658 -1.2776 -1.9509 -2.8526 2.3536 -0.51614
119.2 1.6744 -1.7003 -2.0068 -2.9853 2.4156 -1.0481
119.4 1.6438 -1.7696 -1.6285 -2.4894 2.3936 -1.5204
119.6 1.4792 -1.5962 -1.0699 -1.2004 1.7851 -1.9506
119.8 1.2106 -0.89532 -1.0145 -0.24548 1.4724 -1.7602
120 1.1285 -0.3881 -0.97885 -0.56976 1.8461 -0.87006
120.2 1.0509 -0.12459 -1.1578 0.094532 1.9665 -0.69185
120.4 0.90828 0.036963 -1.2172 0.80401 1.7334 -0.97056
120.6 0.87319 0.50349 -1.8815 0.60528 1.3503 -1.0757
120.8 1.0704 0.65682 -2.2445 -0.95157 1.8318 -0.31908
121 1.4718 0.18359 -2.6526 -2.0304 2.0665 -0.011372
121.2 1.7356 -0.56566 -2.8439 -2.4959 2.0878 -0.52228
121.4 1.8505 -1.0872 -3.2499 -2.5346 2.1019 -1.2054
121.6 1.9961 -1.3424 -2.96 -2.7504 2.1877 -1.6854
121.8 1.9288 -1.3283 -2.4668 -1.3905 2.0173 -2.0293
122 1.6725 -0.99603 -2.0551 -0.21263 1.4967 -2.4455
122.2 1.4039 -0.38255 -2.2509 -0.014005 1.5438 -1.8248
122.4 1.384 -0.062115 -2.2504 -0.44572 1.907 -1.0327
122.6 1.3428 0.056284 -2.2534 -0.096512 1.7765 -0.95138
122.8 1.1949 0.32958 -2.5075 0.51365 1.5051 -0.93189
123 1.1762 0.77111 -3.2234 0.091111 1.4442 -0.4303
123.2 1.3998 0.75888 -3.4784 -1.0852 1.8975 0.081385
123.4 1.7824 0.27678 -3.471 -1.9588 1.9176 -0.30705
123.6 2.0142 -0.28749 -3.5816 -2.7551 2.052 -1.0233
123.8 2.3508 -0.63839 -3.8183 -3.3779 2.2104 -1.0217
124 2.5719 -0.91173 -3.6988 -3.3945 2.4392 -1.0508
124.2 2.5337 -0.96948 -3.177 -2.4114 1.8013 -1.3694
124.4 2.1927 -0.40545 -3.2501 -1.3071 1.4271 -1.7233
124.6 2.0361 0.081043 -3.427 -1.1992 1.525 -1.1417
124.8 1.9101 0.45049 -3.472 -0.75351 2.0008 -0.81591
125 1.7134 0.51281 -3.4019 -0.057597 2.0581 -0.93147
125.2 1.4701 0.85609 -3.94 0.14815 2.1422 -1.0732
125.4 1.4678 1.1365 -4.68 -0.35271 2.2982 -0.74361
125.6 1.6775 1.1335 -4.7892 -0.96223 2.6916 -0.22667
125.8 1.9118 0.88129 -4.9863 -0.85775 2.2747 -0.59331
126 2.1766 0.77074 -5.4259 -1.4837 2.0566 -0.74817
126.2 2.4579 0.48421 -6.0007 -2.4003 2.3235 -0.52491
126.4 2.7558 0.13214 -5.8434 -2.3417 2.2096 -0.81058
126.6 2.6151 -0.097612 -5.3556 -1.3709 2.0343 -1.621
126.8 2.3367 0.12026 -5.3197 -0.91658 1.9896 -2.1576
127 2.1399 0.41937 -5.3323 -1.4373 2.5458 -1.6642
127.2 2.2169 0.54682 -5.1681 -1.329 2.7504 -1.343
127.4 2.1868 0.67896 -4.9052 -0.68421 2.2945 -1.4939
127.6 2.1138 1.0749 -5.2808 -0.57034 2.2365 -1.2618
127.8 2.0797 1.3097 -5.6324 -1.3817 2.8133 -0.74977
128 2.1194 1.3449 -5.9586 -1.4268 3.2476 -0.83742
128.2 2.2457 1.2219 -6.0583 -1.5743 3.2273 -1.2899
128.4 2.4264 1.2394 -6.4546 -2.5845 3.4501 -1.3796
128.6 2.7384 0.99775 -6.7163 -3.7426 3.9258 -0.91379
128.8 3.0717 0.52487 -6.2739 -3.8533 3.593 -0.98137
129 3.118 0.28358 -5.9902 -2.4427 2.7719 -1.6888
129.2 3.0467 0.50534 -5.9928 -2.4461 2.7567 -1.4698
129.4 2.8775 0.78166 -6.3462 -2.4109 3.2994 -1.1477
129.6 2.7833 0.90931 -6.5904 -1.5196 3.2336 -1.2124
129.8 2.7037 1.0877 -6.6627 -0.79236 2.6258 -1.7853
130 2.6732 1.437 -7.0268 -1.1918 2.7381 -1.3056
130.2 2.7858 1.5504 -7.2758 -2.1793 3.17 -0.89635
130.4 2.9062 1.4272 -7.5547 -2.1979 3.1204 -0.97836
130.6 2.9731 1.2989 -7.8249 -2.0182 2.8822 -1.6907
130.8 3.0364 1.3652 -8.3656 -3.0075 3.3055 -1.5001
131 3.1779 1.172 -8.5574 -4.0916 4.1461 -1.0845
131.2 3.3954 0.56583 -7.8649 -4.6229 4.423 -1.0091
131.4 3.4044 0.12055 -7.3479 -4.2436 4.0676 -1.8361
131.6 3.4252 0.032784 -7.2429 -4.2528 3.9455 -1.7853
131.8 3.4488 0.27388 -7.4352 -3.5921 3.6265 -1.6947
132 3.3997 0.47395 -7.1958 -2.5852 3.4056 -1.6801
132.2 3.206 0.75836 -7.1017 -1.6512 3.1547 -2.2102
132.4 2.997 1.1819 -7.2894 -2.0068 3.7154 -1.7739
132.6 3.1085 1.4479 -7.5766 -2.3191 3.8259 -1.1831
132.8 3.119 1.4462 -7.5642 -2.4303 3.7415 -1.0227
133 3.172 1.3366 -7.829 -2.82 3.5818 -1.4095
133.2 3.2863 1.1801 -8.3582 -4.4008 4.1893 -1.3222
133.4 3.6529 0.64075 -8.6688 -5.7514 4.3743 -1.0171
133.6 3.9071 -0.44483 -8.2639 -6.3241 4.4257 -1.4793
133.8 4.0361 -1.4654 -7.7844 -6.4128 3.855 -2.3395
134 4.0906 -2.5378 -7.1955 -7.1743 4.0627 -2.5684
134.2 4.2519 -3.6557 -6.3157 -7.9211 3.8562 -2.5867
134.4 4.2782 -4.9286 -5.3468 -7.7888 3.552 -3.0257
134.6 4.1254 -5.7171 -4.7226 -7.0826 3.0685 -3.9685
134.8 3.7621 -5.339 -4.4291 -6.6123 3.3142 -3.9776
135 3.5231 -4.3513 -4.0374 -5.4057 2.8521 -3.5997
135.2 2.9603 -3.2777 -3.0303 -3.8284 2.4421 -3.2547
135.4 2.3751 -2.1841 -2.5094 -2.4402 1.9548 -2.9146
135.6 1.8152 -1.3315 -2.2087 -2.0882 2.2742 -2.1467
135.8 1.7457 -0.91013 -2.7736 -2.0523 2.316 -1.5585
136 1.9919 -1.2715 -3.4422 -2.5727 2.248 -1.5468
136.2 2.4041 -2.0755 -4.3542 -3.8193 2.2557 -2.2285
136.4 2.982 -3.1221 -4.4128 -6.0035 2.8852 -1.9828
136.6 3.594 -4.3904 -3.7718 -7.392 2.9022 -2.3961
136.8 3.8811 -5.8745 -2.4853 -7.8153 2.6221 -2.9379
137 3.7274 -7.0041 -1.5179 -7.9085 2.2043 -3.951
137.2 3.3869 -7.9739 -0.6699 -8.107 2.2427 -4.4756
137.4 3.1729 -8.7605 0.10559 -7.7933 1.8651 -4.9229
137.6 3.0247 -9.4757 0.66205 -7.0137 1.397 -5.4814
137.8 2.9349 -9.5732 1.0706 -6.532 0.74851 -5.5651
138 2.6369 -9.0359 1.298 -5.7156 0.62023 -5.4212
138.2 2.3287 -8.1016 1.7938 -4.7412 0.12995 -5.023
138.4 1.5563 -6.7957 2.0931 -2.8607 0.0065499 -5.0271
138.6 0.76959 -5.09 2.2964 -1.7979 0.032878 -4.1205
138.8 0.10949 -3.8708 2.4851 -1.2108 0.34916 -3.0416
139 -0.15642 -3.1189 2.6042 -0.5521 0.064252 -1.963
139.2 -0.16178 -2.9741 2.3557 -0.57374 -0.50502 -1.7737
139.4 0.13787 -3.0735 1.1917 -1.3122 -0.21482 -1.7866
139.6 0.84258 -3.9128 0.55023 -3.1183 0.31076 -1.796
139.8 1.568 -5.5718 0.48506 -4.4878 1.2302 -2.5085
140 2.2515 -7.2542 1.2397 -5.5871 1.004 -3.3254
140.2 2.4287 -8.4516 1.8338 -6.4655 1.2912 -4.0097
140.4 2.6132 -9.4175 2.6809 -6.9797 0.9295 -4.5506
140.6 2.5892 -10.223 3.4047 -6.8692 0.73069 -5.1921
140.8 2.5516 -10.597 3.9531 -6.3287 0.052578 -5.8754
141 2.2377 -10.127 3.8938 -5.5646 -0.049907 -5.5906
141.2 1.7695 -9.372 3.984 -4.5207 -0.27463 -5.3513
141.4 1.2639 -8.5806 3.9781 -3.1296 -0.60356 -5.1993
141.6 0.73945 -7.4473 3.97 -2.0607 -0.9348 -4.7749
141.8 0.24066 -6.0135 4.152 -1.5771 -0.66626 -3.5633
142 -0.26759 -4.756 4.3106 -0.81762 -0.56744 -2.6201
142.2 -0.72007 -3.9286 4.7622 0.16139 -0.7688 -1.9492
142.4 -1.2698 -3.0751 4.3272 0.8512 -0.97686 -1.7994
142.6 -1.3466 -2.5546 3.7163 0.29875 -0.59629 -0.97934
142.8 -1.152 -2.742 2.8973 -0.57584 0.0049366 -0.86705
143 -0.47879 -3.792 2.5586 -1.5668 0.14835 -1.1443
143.2 0.0075007 -4.88 2.464 -2.7298 0.21777 -1.824
143.4 0.44921 -6.0241 2.78 -3.7459 0.37655 -2.3964
143.6 0.6691 -6.9266 3.1975 -3.9564 0.16164 -3.083
143.8 0.64457 -7.443 3.6082 -3.5851 -0.11956 -3.6074
144 0.53341 -7.3172 3.6378 -3.339 -0.31441 -3.9367
144.2 0.50928 -7.1914 3.8301 -3.4358 -0.22396 -3.9021
144.4 0.48149 -7.1768 4.0543 -2.9675 -0.29258 -4.0766
144.6 0.45095 -7.0467 4.2226 -2.4654 -0.74792 -4.1392
144.8 0.4472 -6.8437 4.4889 -2.4812 -0.64801 -3.9171
145 0.46056 -6.9897 4.963 -2.6685 -0.69198 -4.2055
145.2 0.35139 -7.2182 5.5279 -2.5455 -0.61919 -4.3048
145.4 0.038814 -6.9831 5.4668 -2.2166 -0.80309 -3.9766
145.6 -0.17443 -6.3274 5.1469 -1.6957 -0.75598 -3.3767
145.8 -0.44159 -5.4096 4.7806 -0.55461 -0.74501 -2.9148
146 -0.69234 -4.5653 4.9086 0.54962 -1.173 -2.7633
146.2 -1.0122 -3.5949 4.8149 1.138 -1.1222 -1.9641
146.4 -0.98205 -3.0412 4.872 1.1766 -1.0568 -1.2809
146.6 -0.92332 -2.7495 4.2801 1.4447 -1.1449 -1.0419
146.8 -0.634 -2.6554 3.3723 0.77214 -1.0646 -1.0575
147 -0.065385 -2.7798 2.3137 -0.66776 -0.62481 -0.44384
147.2 0.63429 -3.5473 1.9313 -2.4608 0.13133 -0.66301
147.4 1.2724 -4.9459 2.0116 -3.1808 0.32157 -1.4118
147.6 1.5824 -6.2354 2.2929 -3.9558 0.37904 -2.4954
147.8 1.8633 -7.4152 2.5165 -4.4108 0.27563 -3.1416
148 1.9422 -7.8908 2.9255 -4.0517 0.0065286 -3.703
148.2 1.5159 -7.4908 3.1762 -2.9345 -0.37768 -4.2342
148.4 0.86755 -6.1452 3.0876 -2.0685 -0.2241 -3.7137
148.6 0.28247 -4.9755 3.3435 -1.4893 0.012333 -2.9431
148.8 -0.21266 -4.0927 3.7712 -0.43051 -0.012653 -2.2174
149 -0.53777 -3.4208 4.1328 0.67856 -0.55906 -1.9817
149.2 -0.76106 -2.7021 4.1668 1.0766 -0.4619 -1.1215
149.4 -0.73886 -2.3296 3.9476 1.1618 -0.3929 -0.66888
149.6 -0.71637 -2.0771 3.5692 1.258 -0.46804 -0.41897
149.8 -0.63137 -1.6984 2.4652 0.84036 -0.59465 -0.56115
150 -0.32561 -1.4753 1.4851 -0.56296 0.11608 0.089263
150.2 0.22395 -1.9665 0.85397 -1.6888 0.799 0.26
150.4 0.66036 -2.9875 0.84458 -2.0405 0.73964 -0.36824
150.6 0.91314 -3.9811 0.86131 -2.5101 0.76361 -1.0504
150.8 1.1536 -4.8307 1.1067 -3.0636 0.81731 -1.715
151 1.1713 -4.9984 1.4517 -2.4045 0.83846 -2.2714
151.2 0.89638 -4.5652 1.9139 -0.86349 0.36042 -2.8364
151.4 0.32582 -3.4313 1.9545 0.22742 0.20148 -2.3257
151.6 0.15995 -2.7842 2.1581 0.59373 0.15613 -1.38
151.8 0.041265 -2.3424 2.4157 1.3541 -0.10493 -0.90278
152 -0.12674 -2.034 2.4141 2.4174 -0.40782 -1.0792
152.2 -0.36001 -1.3239 1.9206 2.1859 -0.067783 -0.56891
152.4 -0.30099 -1.0386 1.2301 1.0692 0.47611 0.11467
152.6 0.043505 -1.2975 0.6774 0.25596 0.53018 0.21692
152.8 0.43698 -1.8715 0.12954 -0.75025 0.65171 -0.13202
153 0.85525 -2.328 -0.22108 -1.9208 1.198 -0.43674
153.2 1.2524 -2.9617 -0.14786 -3.005 1.4904 -0.80697
153.4 1.4712 -3.7277 0.28113 -2.9082 1.3097 -1.6159
153.6 1.4007 -3.8856 0.49219 -2.1805 0.61297 -2.5509
153.8 1.2122 -3.4399 0.62959 -1.8124 0.82358 -2.3333
154 1.0067 -2.7877 0.8467 -1.0528 1.0702 -2.0192
154.2 0.63209 -2.3555 1.3205 0.13506 1.0481 -1.836
154.4 0.23658 -1.7394 1.2287 1.3318 0.73187 -2.0695
154.6 0.16727 -1.2297 1.2341 1.0155 0.77236 -1.0025
154.8 0.19359 -0.92443 1.0111 0.98414 1.0247 -0.28472
155 0.30087 -0.96692 0.8566 0.73438 0.89973 -0.11563
155.2 0.39122 -0.83905 -0.14687 -0.073455 1.1192 -0.16022
155.4 0.70682 -0.99597 -1.0422 -1.785 1.8078 0.12691
155.6 1.1807 -1.7319 -1.3528 -2.969 2.2339 0.01355
155.8 1.4882 -2.8853 -0.99709 -3.2796 2.1632 -0.9616
156 1.7352 -4.0229 -0.86974 -3.927 1.9054 -1.7303
156.2 1.9951 -5.2453 -0.66588 -4.7396 2.0409 -2.3372
156.4 2.3467 -6.4998 -0.37073 -5.0553 1.8275 -2.9887
156.6 2.4511 -7.1117 0.12339 -4.249 1.0523 -4.1748
156.8 2.1294 -6.4374 0.26193 -3.5359 0.7858 -4.3487
157 1.6307 -5.274 0.56667 -3.0075 0.89013 -3.7465
157.2 1.0778 -4.1611 1.1923 -1.711 0.90209 -2.944
157.4 0.636 -3.4847 1.8061 -0.20562 0.31199 -2.5633
157.6 0.10402 -2.5914 1.9782 0.58834 0.30151 -1.8406
157.8 0.00043405 -2.0931 2.0897 0.49363 0.36358 -1.1985
158 -0.063012 -1.7509 1.99 0.64071 0.49205 -0.71328
158.2 0.050482 -1.5984 1.495 0.65476 0.4358 -0.82882
158.4 0.28432 -1.4199 0.29424 -0.66606 1.108 -0.43589
158.6 0.62804 -1.7508 -0.32464 -2.1057 1.7695 -0.29773
158.8 1.1759 -2.7839 -0.30997 -3.271 1.7794 -0.59187
159 1.5207 -4.1155 -0.012742 -3.6742 1.3577 -1.5329
159.2 1.9205 -5.3403 0.049856 -4.5674 1.1727 -2.1879
159.4 2.219 -6.6113 0.03566 -5.0981 1.2668 -2.959
159.6 2.5032 -7.8268 0.4855 -5.4564 1.253 -3.832
159.8 2.5158 -8.3651 0.74242 -4.9473 0.83634 -4.6666
160 2.226 -7.8125 0.93749 -4.5228 0.87151 -4.472
160.2 1.6893 -6.6035 1.4219 -3.6894 0.89388 -3.923
160.4 1.0025 -5.269 2.0118 -2.1891 0.57815 -3.174
160.6 0.41658 -4.1773 2.5499 -1.1583 0.18029 -2.7289
160.8 -0.0082588 -3.1721 2.549 -0.34849 -0.0038624 -1.6709
161 -0.22628 -2.6008 2.8016 -0.0074014 0.16106 -1.1414
161.2 -0.38642 -2.3787 2.8543 0.96021 -0.14297 -1.0376
161.4 -0.54911 -1.9266 2.3447 1.4023 -0.33695 -1.023
161.6 -0.39951 -1.5055 1.3928 0.62498 0.18126 -0.30249
161.8 -0.10393 -1.6512 0.76337 -0.75064 1.0611 0.058907
162 0.51331 -2.4204 0.41787 -1.6151 1.1149 -0.33909
162.2 0.77004 -3.2384 0.21088 -2.3709 1.2738 -1.0476
162.4 1.1762 -3.9036 0.37075 -3.2252 1.1665 -1.419
162.6 1.2511 -4.424 0.59608 -3.4044 1.4269 -2.0096
162.8 1.2369 -4.6077 1.1046 -2.5523 0.82172 -2.6725
163 0.97444 -4.0171 1.0617 -1.7915 0.59901 -2.7639
163.2 0.85067 -3.2058 1.202 -1.3676 0.65048 -1.8995
163.4 0.69133 -2.6144 1.5495 -0.52916 0.45607 -1.2489
163.6 0.29019 -2.1628 1.8764 0.83959 0.14679 -1.1944
163.8 -0.098424 -1.4879 1.7485 1.3818 0.23653 -0.96588
164 -0.33554 -1.0341 1.567 1.2815 0.77912 -0.56697
164.2 -0.20882 -0.85195 1.2349 1.3363 0.84893 -0.17695
164.4 -0.050032 -0.89313 0.54059 0.8811 0.83881 -0.33067
164.6 0.33514 -0.82732 -0.50245 -0.33922 1.1353 -0.096257
164.8 0.9594 -1.4044 -0.94703 -2.2113 1.5436 -0.074494
165 1.384 -2.3321 -0.71802 -2.9683 1.711 -0.56136
165.2 1.4795 -3.2419 -0.33714 -3.3247 1.6538 -1.5659
165.4 1.4956 -3.6654 -0.36018 -3.3588 1.7753 -1.8299
165.6 1.5642 -3.8204 -0.50816 -2.8116 1.4924 -2.1215
165.8 1.4554 -3.5766 -0.057285 -1.6511 0.98234 -2.3318
166 1.0631 -2.8436 0.1859 -0.64153 0.51809 -2.6135
166.2 0.70644 -2.062 0.52842 -0.58295 1.0921 -1.7028
166.4 0.59042 -1.5594 0.56639 0.079388 1.2457 -1.1248
166.6 0.55856 -1.3261 0.74616 1.1013 0.88887 -0.90616
166.8 0.32637 -0.81545 0.3544 1.6631 0.73008 -0.8442
167 0.29231 -0.4815 -0.089308 0.99153 0.9092 -0.29977
167.2 0.41348 -0.50292 -0.7013 0.31103 1.2916 -0.084007
167.4 0.72303 -0.94804 -1.4293 -0.034351 1.324 -0.71387
167.6 1.0775 -1.2993 -1.9593 -1.2717 1.8138 -0.82308
167.8 1.5391 -1.9433 -1.8969 -2.6907 2.2269 -0.8898
168 1.8254 -2.6638 -1.4274 -3.1374 2.2504 -1.2416
168.2 1.7691 -3.1016 -1.0205 -2.3883 1.7791 -2.215
168.4 1.5634 -2.7624 -0.89957 -2.0522 1.8293 -2.1362
168.6 1.5034 -2.1739 -0.81062 -1.5138 1.6189 -1.9024
168.8 1.3944 -1.7908 -0.37999 -0.44625 1.1153 -1.6438
169 1.1189 -1.3043 -0.20815 0.49272 0.73103 -1.4958
169.2 0.89794 -0.82297 -0.15074 0.52433 0.87485 -0.8045
169.4 0.8887 -0.44407 -0.5448 0.82759 1.0913 -0.42157
169.6 0.9362 -0.35533 -0.6318 1.1938 0.98762 -0.39259
169.8 0.92303 -0.046937 -1.3148 0.93019 0.77344 -0.65803
170 1.0759 0.14189 -1.9991 -0.54727 1.2362 -0.2085
170.2 1.4344 -0.18111 -2.6401 -1.7066 1.7097 -0.21719
170.4 1.7538 -1.0798 -2.7296 -1.9315 1.959 -0.73059
170.6 1.9002 -1.9175 -2.6744 -2.3525 2.1403 -1.5692
170.8 2.1346 -2.8064 -2.5589 -3.3044 2.2205 -1.8447
171 2.3933 -3.9017 -1.9406 -4.1057 2.1511 -1.996
171.2 2.4976 -4.8727 -1.4854 -3.8965 1.7818 -2.4558
171.4 2.325 -4.9207 -1.4213 -3.5379 1.8466 -3.0056
171.6 2.0714 -4.33 -1.2954 -3.1925 2.2603 -2.9398
171.8 1.7425 -3.4646 -0.84545 -2.1009 2.2742 -2.7228
172 1.3356 -2.639 -0.36419 -0.75519 1.618 -2.5421
172.2 0.92926 -1.742 -0.22279 0.11397 1.3952 -1.8225
172.4 0.91446 -1.3137 -0.22575 0.19713 1.1365 -1.211
172.6 0.75179 -1.0817 -0.27915 0.65074 1.3287 -1.0354
172.8 0.66415 -0.87577 -0.86863 0.61595 1.162 -1.4947
173 0.748 -0.67854 -1.7847 -0.39043 1.8792 -0.95331
173.2 1.2073 -0.96651 -2.4589 -1.9056 2.2205 -0.58832
173.4 1.7514 -1.8453 -2.2417 -2.8088 2.2632 -0.80932
173.6 2.0864 -2.7005 -1.8707 -3.53 1.7782 -1.3823
173.8 2.2977 -3.4771 -1.4173 -4.7724 1.9425 -1.4003
174 2.3996 -4.24 -1.084 -5.1339 2.0902 -1.7147
174.2 2.3514 -4.8515 -0.69802 -4.475 2.0474 -2.4903
174.4 1.9683 -4.4544 -0.85602 -3.2752 2.0734 -3.1266
174.6 1.8618 -3.7164 -0.93524 -2.7472 1.9276 -2.6439
174.8 1.7108 -2.8748 -0.70183 -1.7692 1.4655 -2.2638
175 1.4926 -2.3734 -0.19642 -0.77711 0.82277 -2.0356
175.2 1.0025 -1.6064 -0.1119 -0.11139 0.86783 -1.6064
175.4 0.78823 -1.1328 -0.26482 -0.231 1.3883 -0.72635
175.6 0.75938 -0.86443 -0.45738 0.22882 1.501 -0.44813
175.8 0.63789 -0.71334 -0.83124 0.77371 1.4556 -0.7043
176 0.74679 -0.24622 -1.7158 0.086664 1.5048 -0.82033
176.2 1.1426 -0.19196 -2.4422 -1.3553 1.8725 -0.33766
176.4 1.7167 -0.81279 -2.4987 -2.6562 2.1594 -0.25422
176.6 1.8648 -1.6871 -2.3227 -3.3424 2.5014 -0.81796
176.8 1.9276 -2.4137 -2.2497 -3.963 2.8136 -1.279
177 2.1889 -3.3117 -2.1761 -4.3099 2.4883 -1.8451
177.2 2.3934 -4.3764 -1.987 -3.9113 1.9874 -2.4312
177.4 2.341 -4.9334 -1.8116 -3.5011 1.7682 -3.3344
177.6 2.2365 -4.6753 -1.5981 -3.5487 2.0187 -3.1408
177.8 1.9305 -3.8311 -1.2314 -2.8856 2.3457 -2.7483
178 1.6632 -3.0416 -0.6804 -1.6243 1.4856 -2.3072
178.2 1.1229 -2.0881 -0.55563 -0.34421 1.0045 -2.1594
178.4 0.80546 -1.433 -0.3031 -0.24772 1.2313 -1.5171
178.6 0.63805 -0.98027 -0.26224 0.34297 1.5776 -1.1821
178.8 0.54807 -0.73125 -0.47268 0.8134 1.4351 -1.1498
179 0.77454 -0.34426 -1.4725 0.37125 1.1729 -0.88244
179.2 1.1192 -0.41511 -2.1556 -1.1887 1.6912 -0.23001
179.4 1.6466 -1.0347 -2.2799 -2.5347 2.2027 0.0036547
179.6 1.9105 -1.9099 -2.143 -3.1813 2.417 -0.73037
179.8 2.0735 -2.4773 -2.0085 -3.9336 2.5769 -1.2783
180 2.1866 -2.8316 -1.7614 -4.3508 2.772 -1.6885
180.2 2.2087 -2.9027 -1.3727 -3.375 2.1284 -2.1044
180.4 1.9927 -2.4513 -1.2003 -2.098 1.4476 -2.5806
180.6 1.7913 -1.7545 -1.2488 -1.3863 1.4099 -1.8896
180.8 1.5719 -1.1891 -1.1785 -0.76293 1.7783 -1.3316
181 1.3028 -0.90532 -0.9183 0.29687 1.7087 -1.419
181.2 1.1312 -0.50482 -0.91413 0.61853 1.3986 -1.4658
181.4 1.138 -0.07779 -1.1599 0.19468 1.2318 -0.8571
181.6 1.335 0.15938 -1.6272 0.033489 1.3839 -0.1259
181.8 1.3684 0.2294 -2.2325 0.24508 1.5421 -0.46523
182 1.4343 0.34078 -3.3394 -0.37138 2.0747 -0.56969
182.2 1.7774 0.034848 -3.8016 -2.255 2.7116 -0.3381
182.4 2.1666 -0.58431 -3.8025 -3.2163 2.9309 -0.42158
182.6 2.3591 -1.1613 -3.2229 -3.1144 2.7017 -1.1583
182.8 2.2395 -1.1531 -3.0432 -2.6633 2.5941 -1.599
183 2.2204 -0.95342 -2.9682 -2.5337 2.6178 -1.3062
183.2 2.1358 -0.65619 -2.6826 -1.582 2.5617 -1.3128
183.4 1.9152 -0.26962 -2.4449 -0.37664 2.1859 -1.5725
183.6 1.6353 0.26778 -2.8045 0.097584 2.4029 -1.3432
183.8 1.5533 0.61026 -3.0035 -0.14173 2.7181 -0.83304
184 1.587 0.64205 -3.3404 0.036612 2.7982 -0.80898
184.2 1.6488 0.74079 -3.8237 -0.28656 2.5981 -1.0535
184.4 1.9382 0.81413 -4.8076 -1.4417 2.9688 -0.55687
184.6 2.3242 0.3811 -5.2556 -2.9587 3.612 -0.24891
184.8 2.7399 -0.59336 -4.796 -4.1806 4.0193 -0.31016
185 2.9095 -1.5903 -4.4689 -4.4315 3.5914 -1.3642
185.2 3.1186 -2.31 -4.0837 -5.208 3.3657 -1.5228
185.4 3.2683 -2.6294 -3.8361 -4.8275 3.0196 -1.7885
185.6 3.0991 -2.5964 -3.2455 -3.4653 2.3829 -2.2735
185.8 2.7829 -1.9475 -2.8799 -2.5488 1.9745 -2.323
186 2.4315 -1.2119 -2.9179 -2.0439 2.1225 -1.7291
186.2 2.3936 -0.62642 -2.8111 -1.5141 2.0033 -1.0313
186.4 2.1874 -0.34403 -2.6552 -0.52824 1.904 -1.1137
186.6 1.9249 0.18585 -3.0226 0.15941 1.5631 -1.3559
186.8 1.7723 0.55219 -3.3533 -0.47255 2.17 -0.87168
187 1.9278 0.70615 -4.0249 -0.68102 2.0978 -0.5119
187.2 2.1407 0.38142 -4.2871 -1.1779 2.3005 -0.63453
187.4 2.4209 0.056216 -4.9275 -2.2251 2.4818 -1.0183
187.6 2.6292 -0.52608 -5.2762 -4.0558 3.4919 -0.84207
187.8 3.0711 -1.8041 -4.9129 -5.7304 3.9544 -0.87078
188 3.3845 -3.341 -4.4617 -6.2883 3.867 -1.4793
188.2 3.5565 -4.9375 -4.2123 -6.7813 3.8246 -2.627
188.4 3.8048 -6.4454 -3.6629 -7.6782 3.7409 -3.337
188.6 4.0782 -7.9142 -3.118 -8.0496 3.412 -4.048
188.8 4.3561 -9.1931 -2.2823 -8.1425 2.815 -4.8676
189 4.2649 -9.7422 -1.5785 -7.942 2.6903 -5.2207
189.2 3.8119 -9.4916 -0.54413 -7.1197 2.3228 -5.4715
189.4 3.1071 -8.6485 0.50436 -5.4576 1.5727 -5.5909
189.6 2.2661 -7.2049 0.83813 -3.4286 0.64352 -5.8058
189.8 1.5853 -5.5165 1.1514 -2.8864 0.69266 -4.2916
190 1.1675 -4.1016 1.3536 -2.1718 0.44059 -3.1272
190.2 0.77466 -3.3704 2.0091 -1.3285 0.086316 -2.2288
190.4 0.35336 -2.7422 2.0145 0.14222 -0.40381 -2.1085
190.6 -0.11881 -2.0658 1.9513 0.28255 0.17284 -1.1921
190.8 -0.16858 -1.6389 1.5054 0.12191 0.38887 -0.52338
191 0.0081377 -1.8334 1.2495 -0.70147 0.55642 -0.34737
191.2 0.34754 -2.2415 0.43111 -1.6799 0.61434 -0.87403
191.4 0.79184 -2.8644 -0.17297 -2.8226 1.0892 -0.99671
191.6 1.3494 -3.8743 -0.3102 -3.7054 1.264 -1.5236
191.8 1.8249 -5.3326 0.044506 -4.3852 1.146 -2.1087
192 2.1222 -6.785 0.40745 -5.5699 1.1821 -2.9628
192.2 2.4002 -8.3022 0.77852 -6.9256 1.6705 -3.368
192.4 2.7976 -9.7218 1.151 -7.8311 1.7383 -4.17
192.6 3.2017 -11.091 1.4762 -8.0954 1.6055 -5.0357
192.8 3.3512 -11.923 1.7203 -8.3321 1.5053 -5.6755
193 3.2807 -12.666 2.4767 -8.4391 1.522 -6.0836
193.2 3.0874 -12.966 3.7715 -8.0306 1.2082 -6.5511
193.4 2.5658 -12.937 5.5438 -6.8092 0.31111 -6.8865
193.6 1.6382 -12.616 7.1986 -5.7708 -0.6497 -6.7703
193.8 0.5839 -12.448 8.9526 -4.8753 -1.949 -6.462
194 -0.21221 -12.207 10.024 -4.1581 -3.2585 -6.423
194.2 -0.57218 -11.369 10.229 -2.9553 -4.3854 -6.1006
194.4 -1.1466 -9.8492 9.6879 -1.6098 -4.7637 -5.1476
194.6 -1.8127 -8.1848 8.9827 -0.23087 -4.4861 -4.0178
194.8 -2.4456 -6.7208 8.1263 0.8669 -3.9038 -3.2422
195 -2.6784 -5.3641 7.1298 1.4263 -3.2149 -2.5633
195.2 -2.4541 -4.6232 6.3466 1.4363 -2.5292 -2.0186
195.4 -2.0104 -4.4001 5.9382 1.2944 -2.1299 -1.9001
195.6 -1.466 -4.4372 5.9416 1.2192 -2.2468 -2.0782
195.8 -1.0215 -4.3207 5.7997 1.1535 -2.1583 -2.2388
196 -0.59828 -4.5158 5.7879 0.82053 -1.8848 -2.4654
196.2 -0.29624 -4.8282 5.6615 1.0725 -1.7276 -2.7311
196.4 -0.43371 -4.7674 5.351 1.3575 -1.7058 -2.8847
196.6 -0.4993 -4.2354 4.8219 1.4158 -1.5289 -2.4272
196.8 -0.5537 -3.6372 4.5165 1.6176 -1.0255 -2.0013
197 -0.56742 -3.2276 4.1399 2.2301 -1.0642 -1.8911
197.2 -0.65949 -2.5169 3.3456 2.5833 -1.1688 -1.4577
197.4 -0.46677 -2.3198 2.4832 1.5491 -0.75004 -0.89828
197.6 0.042634 -2.6249 1.8386 -0.01091 -0.26418 -0.61911
197.8 0.73951 -3.5323 1.4916 -1.5297 0.020783 -0.98447
198 1.1884 -4.3388 1.284 -2.4577 0.34055 -1.4342
198.2 1.5536 -5.281 1.446 -3.1561 0.47876 -2.2236
198.4 1.6124 -6.4375 1.8962 -3.5421 0.86279 -3.0006
198.6 1.5115 -7.0342 2.1144 -3.332 0.6499 -3.8325
198.8 1.3978 -7.0605 2.408 -3.1577 0.53621 -3.8702
199 1.2448 -6.4155 2.6597 -2.0691 0.033618 -3.7064
199.2 0.98144 -5.5997 2.9848 -1.2887 -0.41908 -2.9602
199.4 0.62216 -4.4237 2.873 -0.61153 -0.51847 -2.0986
199.6 0.29826 -3.6119 3.0942 -0.32418 -0.34934 -1.3149
199.8 -0.10817 -3.0911 3.2429 0.90892 -0.31249 -1.441
200 -0.46487 -2.5776 3.2071 1.9283 -0.43979 -1.3281
200.2 -0.61008 -1.9126 2.7164 2.2679 -0.31554 -0.88206
200.4 -0.39428 -1.6264 2.1724 1.568 -0.078612 -0.23823
200.6 -0.10905 -1.8191 1.379 1.039 0.060822 -0.36816
200.8 0.24002 -2.1004 0.37421 -0.044035 0.4861 -0.27384
201 0.71136 -2.8432 0.029688 -1.5975 1.001 -0.44887
201.2 1.2515 -4.0355 0.18484 -3.0898 1.2738 -0.89474
201.4 1.6075 -5.581 0.40644 -3.4605 0.77094 -2.1813
201.6 1.7836 -6.763 0.66157 -4.0441 0.73644 -2.8599
201.8 1.9329 -7.5064 0.9378 -3.9517 0.52521 -3.767
202 1.752 -7.3828 1.633 -3.2607 0.40907 -4.2261
202.2 1.2483 -6.284 2.0437 -2.0273 -0.03776 -4.4616
202.4 0.65742 -4.8318 2.3896 -1.3887 0.098107 -3.1567
202.6 0.17702 -3.821 2.8754 -0.59764 0.12497 -2.1984
202.8 -0.23089 -3.36 3.2928 0.73286 -0.29783 -1.8753
203 -0.60661 -2.6967 3.2374 1.4544 -0.63302 -1.7851
203.2 -0.68692 -2.2488 2.96 1.1552 -0.7547 -1.0275
203.4 -0.51466 -2.1901 2.3492 0.56557 -0.32394 -0.25588
203.6 -0.12201 -2.6486 1.7858 -0.15873 -0.34254 -0.2564
203.8 0.43119 -3.3014 1.0665 -1.6091 0.17611 -0.15779
204 1.1363 -4.5634 0.83768 -3.3151 0.48115 -0.78143
204.2 1.7432 -6.1866 0.94836 -4.3812 0.75185 -1.7076
204.4 2.0541 -7.7053 1.2276 -4.7093 0.55074 -3.2718
204.6 2.2011 -8.7008 1.458 -5.0632 0.65948 -3.8618
204.8 2.2607 -9.2279 1.7917 -5.0479 0.40342 -4.4463
205 1.9258 -8.9988 2.2351 -3.9852 0.12633 -4.885
205.2 1.2889 -7.7649 2.4265 -2.6299 -0.47103 -5.0111
205.4 0.64487 -6.2338 2.7963 -1.9578 -0.10395 -3.6322
205.6 0.054991 -4.9636 3.1592 -0.8896 -0.13878 -2.6824
205.8 -0.40004 -4.3235 3.8676 0.18219 -0.56039 -2.2576
206 -0.84505 -3.4778 3.8045 1.1577 -0.9064 -1.9577
206.2 -0.9837 -2.9428 3.8336 1.0766 -0.83177 -1.1964
206.4 -0.85079 -2.7566 3.3838 0.66557 -0.62324 -0.45572
206.6 -0.53672 -2.9258 2.6595 0.20535 -0.68211 -0.5897
206.8 -0.20593 -3.0999 1.7062 -0.97657 0.010568 -0.48476
207 0.22493 -3.82 1.4066 -2.1584 0.69941 -0.91395
207.2 0.38394 -4.848 1.5185 -2.6134 1.4335 -1.6308
207.4 0.5044 -5.548 1.8404 -2.4475 0.91582 -2.7518
207.6 0.50283 -5.3437 1.8333 -2.0328 0.68284 -2.8328
207.8 0.50549 -4.7554 2.1471 -1.4579 0.33817 -2.6364
208 0.19815 -4.0477 2.8036 -0.17853 0.011651 -2.2222
208.2 -0.055711 -3.2449 3.232 0.59345 -0.47598 -1.82
208.4 -0.28118 -2.5583 3.2115 1.0486 -0.27354 -1.0356
208.6 -0.3947 -2.1643 3.0108 1.5935 -0.26164 -0.668
208.8 -0.57973 -1.9327 2.7041 1.969 -0.20806 -0.61881
209 -0.51064 -1.5286 1.9613 1.0328 -0.044829 -0.61152
209.2 -0.15878 -1.5883 1.25 -0.41575 0.59573 -0.24091
209.4 0.30265 -2.3182 0.82045 -1.5731 1.2883 -0.33407
209.6 0.70546 -3.3119 0.67917 -1.8454 1.0029 -1.0261
209.8 1.0326 -4.0325 0.64216 -2.5334 0.93324 -1.4427
210 1.4013 -4.3797 0.60958 -2.4047 0.49319 -1.9846
210.2 1.307 -4.3639 1.0009 -1.5639 0.40734 -2.3673
210.4 0.86913 -3.7013 1.3154 -0.47445 0.26253 -2.5592
210.6 0.2924 -2.9221 1.4844 -0.12952 0.71108 -1.6873
210.8 0.018836 -2.3902 1.7085 0.31163 0.89872 -0.9869
211 -0.1867 -2.0841 1.743 1.4582 0.40484 -1.0056
211.2 -0.32085 -1.5108 1.6049 2.0006 0.076214 -1.0967
211.4 -0.30591 -1.0495 1.2144 1.41 0.20607 -0.5745
211.6 -0.033103 -1.1399 0.80033 0.48512 0.81636 -0.17983
211.8 0.34087 -1.6383 0.058922 0.013903 0.81077 -0.53787
212 0.7747 -2.0913 -0.58037 -1.0697 1.2735 -0.72892
212.2 1.2969 -2.8827 -0.58118 -2.5435 1.2991 -0.83907
212.4 1.7068 -4.0695 -0.27692 -3.5777 1.343 -1.2541
212.6 1.8079 -4.9312 0.028573 -3.315 0.73461 -2.4598
212.8 1.7372 -4.8371 0.13567 -2.8302 0.56143 -2.8661
213 1.395 -4.1289 0.56159 -2.2323 0.93504 -2.8504
213.2 0.84125 -3.3603 1.2256 -0.95452 0.9884 -2.6281
213.4 0.18902 -2.636 1.4398 0.29309 0.75955 -2.7161
213.6 -0.047114 -1.9899 1.4242 0.77996 0.63914 -1.907
213.8 -0.042346 -1.6403 1.1606 1.0866 0.62691 -1.208
214 0.0508 -1.6717 0.6354 0.95217 0.51276 -1.0254
214.2 0.40406 -1.8263 -0.36555 -0.02628 0.66385 -1.1114
214.4 0.94251 -2.327 -1.0921 -1.9177 1.1917 -0.84141
214.6 1.567 -3.5082 -1.0635 -3.4825 1.852 -0.94765
214.8 1.8895 -4.8609 -0.81586 -3.9079 1.5627 -1.9175
215 2.1184 -6.1346 -0.41385 -4.8532 1.5511 -2.648
215.2 2.3869 -7.2679 0.049271 -5.5182 1.3432 -3.2777
215.4 2.6554 -8.2767 0.6535 -5.7807 1.1022 -3.7698
215.6 2.5263 -8.603 0.84444 -4.9626 0.66727 -4.7915
215.8 2.1633 -8.0182 1.1006 -4.3362 0.70084 -4.6815
216 1.5519 -6.9634 1.5579 -3.3916 0.85616 -4.3207
216.2 0.96041 -5.7562 2.1533 -1.9059 0.21298 -3.6329
216.4 0.29852 -4.4319 2.4746 -0.72228 -0.25079 -3.1883
216.6 -0.017336 -3.5942 2.8533 -0.62994 -0.19145 -1.8396
216.8 -0.28114 -2.9304 3.1954 -0.25451 0.052565 -1.1503
217 -0.50062 -2.5949 3.3241 0.70076 -0.32033 -0.92703
217.2 -0.71364 -1.8831 2.859 1.2386 -0.32959 -0.90811
217.4 -0.7406 -1.4937 2.1944 0.76595 0.060233 -0.40896
217.6 -0.46443 -1.6177 1.5014 -0.10377 0.63413 -0.14239
217.8 -0.016733 -2.0655 0.75763 -0.75206 0.64844 -0.53689
218 0.53886 -2.5033 0.11399 -1.9545 0.85014 -0.65714
218.2 1.0116 -3.424 0.11882 -3.3376 1.2401 -0.96862
218.4 1.373 -4.6167 0.37107 -3.97 1.3163 -1.4373
218.6 1.4018 -5.5448 0.64477 -3.7134 1.083 -2.7441
218.8 1.2939 -5.4614 0.75366 -3.3631 1.118 -2.9903
219 1.0963 -4.8169 1.1179 -2.675 1.1209 -2.9373
219.2 0.75798 -4.0439 1.6076 -1.3257 0.65918 -2.5771
219.4 0.38367 -3.1611 1.817 -0.29854 0.15484 -2.2701
219.6 0.050501 -2.4876 1.8985 0.078709 0.28582 -1.4122
219.8 -0.06611 -2.021 1.9231 0.63955 0.35471 -0.72448
220 -0.27899 -1.8119 1.6841 1.3205 0.21355 -0.75271
220.2 -0.15801 -1.3861 0.67863 0.91405 -0.081991 -0.82329
220.4 0.18439 -1.379 -0.12846 -0.43756 0.31339 -0.57358
220.6 0.85519 -2.0292 -0.42751 -2.0277 0.69609 -0.35085
220.8 1.2321 -3.1239 -0.38569 -2.6342 0.96712 -1.0756
221 1.4523 -4.1599 -0.585 -3.2438 1.2652 -1.6913
221.2 1.8057 -5.4646 -0.45449 -4.1738 1.459 -2.4784
221.4 2.339 -6.822 -0.13213 -4.6077 1.1674 -3.1213
221.6 2.4518 -7.4609 0.25545 -4.6115 0.85166 -4.0877
221.8 2.2128 -6.9495 0.36238 -3.9648 0.92431 -3.9668
222 1.6173 -5.7684 0.77181 -2.8533 0.91266 -3.4967
222.2 0.97655 -4.5782 1.3768 -1.2689 0.46256 -3.0576
222.4 0.38916 -3.3943 1.7608 -0.19289 -0.12723 -2.5844
222.6 -0.057445 -2.6135 1.8921 0.26863 -0.010637 -1.8691
222.8 -0.17711 -2.1413 1.955 0.83479 0.11951 -1.2515
223 -0.34264 -1.9023 1.7913 1.9141 0.0425 -1.31
223.2 -0.41653 -1.2885 1.4022 1.7125 0.27089 -0.7812
223.4 -0.25135 -1.026 0.78148 0.90974 0.48211 -0.23414
223.6 0.094301 -1.3032 0.50234 -0.58015 1.0328 0.25745
223.8 0.55143 -1.9485 0.098224 -1.4319 1.0231 -0.48961
224 0.94919 -2.5323 -0.27626 -2.5033 1.3597 -0.83225
224.2 1.4022 -3.3471 -0.3531 -3.3835 1.4331 -1.3616
224.4 1.6295 -4.2676 -0.24904 -3.1599 1.3554 -2.1459
224.6 1.5712 -4.6579 -0.25856 -2.4179 0.86801 -3.3198
224.8 1.2983 -4.0873 -0.41761 -1.9531 1.2003 -3.0338
225 1.128 -3.2726 -0.095553 -1.273 1.1384 -2.3985
225.2 0.77048 -2.6503 0.66028 -0.28224 0.96727 -2.0781
225.4 0.46294 -1.9932 0.98972 0.29921 0.57823 -1.9103
225.6 0.22051 -1.4406 0.91679 0.46004 0.73153 -1.1951
225.8 0.2104 -1.0765 0.76472 0.69458 1.0287 -0.40437
226 0.22305 -0.89149 0.39106 1.4893 0.4498 -0.43295
226.2 0.16491 -0.39501 -0.39666 1.0005 0.74013 -0.30076
226.4 0.42253 -0.27105 -1.0836 -0.54194 1.3746 0.17198
226.6 0.75251 -0.62223 -1.3247 -1.676 2.2363 0.32545
226.8 1.1133 -1.2972 -1.2277 -1.7529 2.0555 -0.34953
227 1.2082 -1.5124 -1.3029 -1.703 2.1602 -0.58443
227.2 1.2351 -1.4825 -1.3628 -1.389 2.1904 -0.82241
227.4 1.1576 -1.3276 -1.0186 -0.49135 1.8953 -1.1255
227.6 0.93004 -0.96999 -0.80987 0.51238 1.1661 -1.6597
227.8 0.80274 -0.42574 -0.79148 0.33256 1.3642 -0.71375
228 0.85488 -0.040256 -0.95688 0.32693 1.6012 -0.15113
228.2 0.8898 0.026439 -0.93523 0.98563 1.7708 -0.16822
228.4 0.87198 0.30975 -1.2041 1.511 1.5061 -0.45526
228.6 0.83662 0.59621 -1.7433 0.84881 2.1221 0.069974
228.8 1.0961 0.6443 -2.3889 0.24116 2.057 0.35076
229 1.3081 0.29104 -2.7406 -0.57117 2.382 0.19968
229.2 1.6313 -0.031056 -3.3923 -1.4669 2.2767 -0.24669
229.4 1.9269 -0.55632 -3.6929 -3.0705 3.0132 -0.1428
229.6 2.3389 -1.5105 -3.7465 -3.9028 3.106 -0.42108
229.8 2.5307 -2.9698 -3.373 -4.5362 3.1317 -1.1364
230 2.8112 -4.4103 -3.1834 -5.3499 2.9345 -1.9041
230.2 3.0879 -5.8412 -2.8738 -6.419 3.0496 -2.5826
230.4 3.4404 -7.0915 -2.4055 -6.2749 2.572 -3.5132
230.6 3.4341 -7.6744 -1.8779 -5.4805 2.0439 -4.4287
230.8 3.0665 -7.0198 -1.4367 -4.6856 1.6109 -4.6711
231 2.5944 -5.8094 -0.64375 -4.085 1.3919 -4.1096
231.2 1.9196 -4.4688 0.24313 -2.7907 1.1164 -3.4899
231.4 1.3335 -3.3271 0.7768 -1.462 0.47735 -2.9894
231.6 0.85814 -2.401 0.90837 -0.71771 0.50996 -2.0661
231.8 0.66304 -1.7989 1.1401 -0.41644 0.55084 -1.3848
232 0.45765 -1.5292 1.2152 0.49983 0.4934 -1.2911
232.2 0.2878 -1.1238 1.0617 1.0053 0.19215 -1.6365
232.4 0.17486 -0.6998 0.50875 0.68981 0.63256 -0.941
232.6 0.35592 -0.54309 0.13237 0.47345 1.094 -0.47164
232.8 0.43995 -0.53384 -0.19442 0.83644 1.2273 -0.5595
233 0.52599 -0.34327 -0.61395 0.7863 1.3827 -1.0217
233.2 0.74009 -0.23651 -0.92309 -0.21251 1.7809 -0.79842
233.4 1.0966 -0.2767 -1.1214 -0.25306 1.9225 -0.7752
233.6 1.4106 -0.35723 -1.2264 0.1123 1.4376 -0.96196
233.8 1.6621 -0.21381 -1.504 0.038639 1.2864 -0.76175
234 1.7566 -0.26171 -1.753 -0.65581 1.6328 -0.42188
234.2 1.8295 -0.32776 -1.7438 -0.56842 1.9132 -0.29529
234.4 1.66 -0.10587 -2.3143 -0.32287 1.7206 -0.46563
234.6 1.7921 0.029786 -2.8887 -1.3986 1.9096 0.063393
234.8 2.0886 -0.32782 -3.5661 -2.7534 2.173 0.22653
235 2.5592 -1.4102 -3.8242 -3.6837 2.1519 -0.44349
235.2 2.8704 -2.7246 -3.7499 -4.5973 2.5007 -1.2095
235.4 3.2697 -4.3648 -3.3767 -5.6085 2.5419 -1.8031
235.6 3.6662 -6.0512 -2.6785 -6.4575 2.693 -2.5708
235.8 3.9066 -7.2949 -2.2656 -5.8824 1.8265 -3.7678
236 3.4958 -7.1696 -1.901 -5.2622 1.779 -4.3379
236.2 2.9263 -6.2445 -1.3528 -4.2544 1.4927 -4.3179
236.4 2.2321 -4.9225 -0.46125 -2.7588 1.0538 -4.0437
236.6 1.6879 -3.6461 0.037332 -1.691 0.51026 -3.109
236.8 1.2533 -2.6086 0.23566 -1.0966 0.28057 -1.8759
237 0.97084 -1.8636 0.3535 -0.27939 0.37108 -1.1714
237.2 0.64466 -1.5541 0.59902 0.49771 0.5479 -1.2115
237.4 0.38842 -0.9806 0.15854 0.92902 0.54435 -1.0741
237.6 0.43786 -0.75609 -0.7742 0.11948 0.88255 -0.39648
237.8 0.93564 -1.1128 -1.456 -0.9239 0.82606 -0.18407
238 1.5514 -2.3097 -1.8037 -2.1227 0.91437 -0.70899
238.2 2.0387 -3.6309 -1.7999 -3.6623 1.4351 -1.2725
238.4 2.581 -5.1127 -1.7221 -4.9436 1.5116 -1.8596
238.6 3.096 -6.8091 -1.3676 -5.797 1.5747 -2.7921
238.8 3.4969 -8.3962 -1.0197 -6.2531 1.1543 -3.7818
239 3.5615 -9.3481 -0.66143 -7.1507 1.6852 -4.0158
239.2 3.4997 -9.9749 -0.37999 -7.065 1.6305 -4.5503
239.4 3.3778 -10.173 0.23484 -6.2834 1.3177 -5.1564
239.6 2.9937 -9.3308 0.55174 -4.8064 0.34071 -5.5932
239.8 2.3564 -7.693 1.0862 -4.1023 0.20006 -4.5365
240 1.6256 -5.99 1.4627 -2.7599 -0.32849 -3.6834
240.2 0.83594 -4.7438 2.0282 -1.3871 -0.28831 -2.9501
240.4 0.27594 -3.6463 2.19 -0.10578 -0.71848 -2.5523
240.6 -0.10035 -2.8672 2.4213 0.35976 -0.2209 -1.7015
240.8 -0.24814 -2.4068 2.6091 0.81633 -0.3229 -1.294
241 -0.37203 -2.2249 2.6445 1.344 -0.50319 -1.0336
241.2 -0.35514 -1.7894 1.8656 0.9554 -0.60105 -0.73762
241.4 0.0059351 -1.7167 0.9003 -0.52698 0.21343 0.20817
241.6 0.50816 -2.4012 0.18591 -1.6414 0.91298 -0.012112
241.8 0.83779 -3.4201 0.21788 -2.5879 1.44 -0.73634
242 1.0855 -4.171 0.35943 -3.6009 1.4365 -1.5861
242.2 1.3412 -4.9412 0.60448 -4.4609 1.544 -2.1025
242.4 1.6383 -5.6479 0.80807 -4.28 1.18 -2.5952
242.6 1.5497 -5.8033 0.62516 -2.9811 0.48465 -3.576
242.8 1.2836 -4.9988 0.49378 -2.1856 0.46597 -3.3309
243 0.9572 -4.1204 0.71203 -1.5515 0.68447 -2.811
243.2 0.63568 -3.4169 1.4834 -0.48804 0.478 -2.1157
243.4 0.27971 -2.8896 1.7984 0.5635 -0.054084 -2.0283
243.6 -0.09592 -2.1382 1.7241 0.87877 0.088212 -1.324
243.8 -0.18259 -1.6911 1.4434 1.2002 0.57324 -0.8968
244 -0.12993 -1.5398 1.3257 1.4842 0.29607 -0.75025
244.2 0.054433 -1.3687 0.50703 1.1351 0.10864 -0.59065
244.4 0.4363 -1.3748 -0.39086 -0.40817 0.48197 0.0042463
244.6 0.8469 -1.9254 -0.93259 -1.8556 1.227 0.0057388
244.8 1.2705 -2.8818 -0.74233 -2.5464 1.4055 -0.72435
245 1.3919 -3.6858 -0.74257 -3.0581 1.2834 -1.4298
245.2 1.7399 -4.6328 -0.52379 -4.0826 1.3904 -1.6621
245.4 2.1381 -5.8577 -0.30291 -4.6988 1.2016 -2.1675
245.6 2.4406 -7.1478 0.1841 -4.9374 1.029 -3.0562
245.8 2.4939 -7.6051 0.17315 -4.7082 0.75197 -3.7968
246 2.2194 -7.2787 0.44906 -4.3383 0.97609 -4.2382
246.2 1.8978 -6.315 0.94281 -2.9899 0.42461 -4.1316
246.4 1.2498 -5.0343 1.5728 -1.38 -0.040739 -3.8449
246.6 0.64983 -3.7128 1.7685 -0.59757 0.079797 -2.5298
246.8 0.13869 -2.9175 1.9839 -0.23425 0.65877 -1.6965
247 -0.17598 -2.5631 2.1715 0.5007 0.81629 -1.3412
247.2 -0.38435 -2.2218 1.9473 1.2843 0.29373 -1.6712
247.4 -0.24816 -1.7457 1.4471 0.34522 0.21266 -0.67093
247.6 0.20291 -1.8893 0.74366 -1.2045 0.36774 -0.12215
247.8 0.66086 -2.5232 0.25668 -2.3693 0.81196 -0.10748
248 0.97061 -3.35 -0.25117 -2.7931 0.96604 -1.314
248.2 1.2485 -4.0781 -0.38009 -3.6026 1.681 -1.323
248.4 1.6686 -4.988 -0.22699 -4.3124 1.5845 -1.7335
248.6 1.8069 -5.8315 0.23486 -3.9063 1.3843 -2.6478
248.8 1.5801 -5.6419 0.44627 -3.1923 0.82748 -3.756
249 1.2119 -4.7808 0.65833 -2.468 0.94861 -3.4634
249.2 0.82244 -3.7816 1.223 -1.5003 0.96102 -2.7312
249.4 0.40918 -3.2195 1.8661 -0.14449 0.4219 -2.4309
249.6 -0.040321 -2.6369 2.2002 0.345 0.42409 -1.9218
249.8 -0.22821 -2.2892 2.2173 0.44795 0.59227 -1.3501
250 -0.18716 -2.0536 1.9784 0.95411 0.66298 -0.96878
250.2 -0.16368 -1.7975 1.5622 1.5016 0.26091 -1.2534
250.4 -0.11234 -1.1828 0.49454 0.9677 0.31599 -0.66233
250.6 0.15817 -1.0862 -0.23103 -0.79316 1.0841 0.13009
250.8 0.61482 -1.6382 -0.36722 -1.9603 1.5377 0.27162
251 0.76764 -2.4397 -0.22581 -2.5151 1.8782 -0.28966
251.2 0.92938 -2.7076 -0.26747 -2.7719 1.9349 -0.61896
251.4 0.99954 -2.6737 -0.34731 -2.2318 1.8252 -1.0214
251.6 1.0722 -2.5004 -0.043635 -0.78291 1.1732 -1.3959
251.8 0.84691 -1.9715 0.077405 0.16232 0.77691 -1.2417
252 0.70736 -1.505 -0.16867 0.034884 0.93938 -0.53008
252.2 0.9251 -1.4642 -0.72026 -0.86823 1.2559 -0.039188
252.4 1.3586 -2.2515 -1.3153 -1.8576 1.4045 -0.39019
252.6 1.8813 -3.164 -2.0292 -2.8596 1.452 -0.75706
252.8 2.2371 -4.3777 -1.8994 -4.2277 1.903 -1.3873
253 2.5748 -5.5882 -1.4523 -4.8286 1.8391 -2.246
253.2 2.6792 -6.6992 -0.71315 -5.0085 1.5575 -3.4712
253.4 2.5794 -6.8092 -0.41805 -4.6441 1.2167 -3.8638
253.6 2.2599 -6.2329 -0.016037 -4.0221 1.038 -3.8638
253.8 1.7214 -5.1791 0.5278 -2.6154 0.84328 -3.6374
254 1.1236 -4.153 0.79273 -1.2838 0.41795 -3.2754
254.2 0.6375 -3.1309 0.8821 -0.66946 0.59102 -2.368
254.4 0.38788 -2.5391 0.98968 -0.16682 0.49843 -1.8201
254.6 0.29972 -2.2693 1.36 0.60636 0.32382 -1.6252
254.8 0.060427 -1.7846 1.0252 1.3605 -0.18398 -1.6121
255 0.097268 -1.3554 0.50793 0.57369 0.19493 -0.59896
255.2 0.28192 -1.4921 0.082483 -0.80866 0.82981 -0.29571
255.4 0.76561 -2.1379 -0.41291 -1.5545 1.0876 -0.448
255.6 1.0542 -2.7182 -0.77081 -2.2623 1.2059 -1.2789
255.8 1.4182 -3.2366 -0.9321 -2.7494 1.2925 -1.5062
256 1.6719 -3.9232 -0.62116 -3.2672 1.429 -1.9869
256.2 1.7375 -4.7284 -0.22843 -2.93 1.1889 -2.7832
256.4 1.6249 -4.7008 -0.16852 -2.8393 1.1939 -3.2243
256.6 1.538 -4.2022 -0.12617 -2.6782 1.1698 -3.0141
256.8 1.4958 -3.5716 0.19369 -1.6368 0.79672 -2.5612
257 1.1944 -2.8896 0.55403 -0.4193 0.22263 -2.2162
257.2 0.83297 -2.1474 0.60272 0.088012 0.30712 -1.5236
257.4 0.64107 -1.6706 0.7518 -0.18703 0.66572 -0.9484
257.6 0.62743 -1.4686 0.68345 0.28872 0.87677 -0.6552
257.8 0.6451 -1.1155 0.17542 0.82136 0.33547 -0.99097
258 0.69887 -0.50865 -0.72723 0.29725 0.80859 -0.28375
258.2 0.96097 -0.41714 -1.3805 -1.1716 1.5119 0.17997
258.4 1.2929 -0.97824 -1.5611 -1.9929 2.1778 -0.036952
258.6 1.5114 -1.7285 -1.5709 -2.7973 2.5131 -1.01
258.8 1.78 -2.304 -1.6337 -3.4664 2.9058 -1.2623
259 1.9284 -2.8139 -1.4963 -3.643 3.098 -1.6826
259.2 1.9369 -3.1149 -1.2506 -2.546 2.4243 -2.2599
259.4 1.6339 -2.7224 -1.0787 -1.824 1.8291 -2.5496
259.6 1.3545 -2.1483 -0.87261 -1.6885 1.9336 -1.9367
259.8 1.307 -1.5791 -0.55995 -1.0465 1.8639 -1.3942
260 1.1549 -1.2637 -0.3202 0.16517 1.5992 -1.4248
260.2 1.0266 -0.63461 -0.58991 0.67826 1.1679 -1.1469
260.4 0.95143 -0.26584 -0.99653 0.38191 1.5136 -0.5153
260.6 1.1 -0.066594 -1.4172 0.19851 1.3781 -0.32431
260.8 1.2676 -0.073185 -2.0669 0.31709 1.3723 -0.67006
261 1.4655 0.035257 -2.8922 -0.67544 1.5819 -0.95771
261.2 1.7535 -0.11295 -3.5019 -1.8792 2.4814 -0.67747
261.4 2.0512 -0.66799 -3.3929 -2.1998 2.5185 -1.0135
261.6 2.1644 -1.0719 -3.2695 -1.4859 1.9581 -1.4904
261.8 2.0592 -0.96847 -2.9492 -1.7937 2.1207 -1.2844
262 1.9324 -0.7105 -2.926 -1.6252 2.4203 -1.1119
262.2 1.8503 -0.53719 -2.555 -0.95734 2.5345 -1.0169
262.4 1.673 -0.21763 -2.777 0.27312 1.9317 -1.6207
262.6 1.5572 0.18418 -2.9971 -0.0010052 2.1901 -1.0031
262.8 1.5101 0.43142 -3.0506 -0.62127 2.8679 -0.53815
263 1.6544 0.43522 -3.3939 -0.51165 2.7398 -0.5026
263.2 1.7833 0.50297 -4.0896 -0.36643 2.3634 -1.1712
263.4 2.18 0.49119 -4.9039 -2.031 2.6121 -0.61391
263.6 2.6778 0.017152 -5.0789 -3.8156 3.2813 -0.11787
263.8 3.0537 -0.95105 -4.7331 -4.3932 3.4818 -0.51758
264 3.141 -1.8091 -4.5123 -4.4447 3.3197 -1.3773
264.2 3.2612 -2.7771 -4.1118 -5.4864 3.5292 -1.6662
264.4 3.5818 -3.9711 -3.6675 -6.3645 3.4328 -1.7784
264.6 3.79 -5.2087 -3.0167 -6.5759 3.2145 -2.5545
264.8 3.735 -5.5837 -2.9767 -5.6467 2.3819 -3.7362
265 3.3314 -4.953 -2.7803 -5.0739 2.5022 -3.7746
265.2 3.069 -3.901 -2.3013 -3.8684 1.7948 -3.3713
265.4 2.2904 -2.9894 -1.6559 -2.1794 1.6798 -3.167
265.6 1.8208 -2.1517 -1.1741 -1.4136 1.136 -2.7161
265.8 1.3592 -1.5256 -1.0838 -1.2672 1.6447 -1.9347
266 1.45 -1.2635 -1.3615 -1.1524 1.3875 -1.3992
266.2 1.7733 -1.5756 -2.0382 -1.6013 1.237 -1.4065
266.4 2.3418 -2.1611 -3.266 -2.7415 1.4175 -1.4177
266.6 3.0401 -3.4845 -3.7165 -5.3065 2.6237 -1.3137
266.8 3.7067 -5.2904 -3.6214 -6.7927 3.2997 -1.8132
267 3.9492 -6.9405 -2.8656 -7.2538 3.4268 -3.2144
267.2 4.1697 -8.1333 -2.2597 -7.6751 2.9035 -4.2101
267.4 4.1361 -9.1673 -1.4748 -7.7571 2.7834 -5.0486
267.6 4.2569 -10.214 -0.42033 -7.9994 2.3432 -5.5771
267.8 4.2079 -10.903 0.34618 -7.1707 1.5549 -6.2934
268 3.8721 -10.649 0.80113 -6.6761 1.4311 -6.1947
268.2 3.3427 -10.054 1.4067 -5.9314 1.2513 -6.0126
268.4 2.822 -9.2635 1.7656 -4.6483 0.65648 -5.9844
268.6 2.3146 -8.0277 1.9935 -3.425 0.02631 -5.8171
268.8 1.7251 -6.3934 1.8957 -2.4721 -0.015706 -4.7862
269 1.0457 -5.006 2.3119 -1.8801 0.38896 -3.6626
269.2 0.37288 -4.001 2.9551 -0.73929 0.26792 -2.7628
269.4 -0.18112 -3.228 2.9125 0.74116 -0.45073 -2.5533
269.6 -0.474 -2.4515 2.7122 1.2847 -0.7496 -1.6064
269.8 -0.49825 -2.1635 2.1804 1.0728 -0.71584 -0.98212
270 -0.30254 -2.2671 1.7522 0.59912 -0.74567 -0.86503
270.2 0.0042694 -2.457 1.0839 -0.42546 -0.31381 -1.0344
270.4 0.48474 -2.7693 0.41592 -1.7001 0.39699 -1.0425
270.6 1.0718 -3.424 0.40516 -2.7859 0.94408 -1.1923
270.8 1.3654 -4.3028 0.56515 -2.9372 0.97292 -2.0073
271 1.3442 -4.4405 0.51799 -2.4318 0.73833 -2.6217
271.2 1.2574 -4.1358 0.35387 -2.0218 0.8658 -2.7015
271.4 1.2267 -3.5676 0.55532 -1.0466 0.3625 -2.5096
271.6 0.9172 -3.0068 0.9586 0.16042 0.059432 -2.3325
271.8 0.52749 -2.2157 1.1569 0.84563 0.054802 -1.8086
272 0.22491 -1.7484 1.127 0.99205 0.70092 -1.3031
272.2 0.20321 -1.4349 1.1276 1.4179 0.7809 -1.0274
272.4 0.12965 -1.1994 0.9679 2.0507 0.30824 -1.353
272.6 0.22347 -0.53385 0.35066 1.2102 0.40058 -0.74987
272.8 0.34717 -0.28303 -0.28662 0.1267 0.85711 -0.28175
273 0.91256 -0.86531 -0.74856 -1.5565 1.4854 0.018981
273.2 1.2131 -1.7341 -0.91065 -1.9013 1.3294 -0.8828
273.4 1.5472 -2.3575 -1.0129 -2.8605 1.5786 -1.0911
273.6 1.712 -2.7983 -0.87789 -3.1001 1.7793 -1.681
273.8 1.6781 -2.9987 -0.53258 -2.4606 1.86 -2.0519
274 1.4222 -2.7164 -0.3302 -1.2559 1.2648 -2.7421
274.2 1.095 -2.0647 -0.4554 -0.77491 1.4407 -2.1301
274.4 0.99559 -1.5844 -0.3535 -0.59809 1.6461 -1.5666
274.6 0.85105 -1.3622 -0.10933 0.34477 1.5502 -1.497
274.8 0.69162 -0.97499 -0.14198 1.136 1.1987 -1.6165
275 0.71628 -0.56151 -0.37202 0.85002 1.1846 -0.94715
275.2 0.81652 -0.37399 -0.86481 1.0685 1.4408 -0.54122
275.4 0.8758 -0.3277 -1.1382 1.5357 1.3223 -0.64785
275.6 0.77805 -0.032833 -2.1064 1.3064 1.3441 -0.82081
275.8 1.0585 0.059711 -2.6 -0.36759 1.782 -0.21683
276 1.4363 -0.34907 -3.0919 -1.8229 2.4527 -0.16702
276.2 1.8638 -1.2292 -2.9541 -2.428 2.7259 -0.62481
276.4 2.0993 -2.1749 -3.1352 -3.2183 2.785 -1.264
276.6 2.5012 -3.5389 -3.018 -4.7265 3.0955 -1.5058
276.8 3.0448 -5.322 -2.8 -6.2277 3.0191 -2.0577
277 3.5915 -7.1565 -2.5621 -6.9385 2.7007 -3.1707
277.2 4.0031 -8.673 -1.9636 -8.171 2.6744 -3.9896
277.4 4.1917 -10.02 -0.49853 -9.0427 2.9037 -4.8529
277.6 4.1596 -11.059 1.9435 -9.8567 3.1203 -5.5237
277.8 3.8696 -11.941 4.712 -10.206 2.7086 -6.404
278 3.3983 -12.783 7.2205 -10.789 2.3276 -6.7792
278.2 2.922 -13.824 9.2136 -10.687 1.2527 -7.7227
278.4 2.5653 -14.859 10.975 -10.519 0.32634 -8.6535
278.6 2.2281 -15.787 12.609 -10.446 -0.75697 -9.1733
278.8 1.8444 -16.448 14.073 -10.474 -1.4451 -9.4095
279 1.3314 -16.921 15.24 -9.9751 -2.5683 -9.6098
279.2 1.0834 -16.588 15.581 -8.5154 -3.6291 -10.07
279.4 0.51887 -15.582 14.999 -6.7208 -4.5037 -9.6387
279.6 -0.080492 -13.879 13.67 -4.633 -4.8214 -8.7503
279.8 -1.0237 -11.916 12.017 -2.8252 -4.8265 -7.3019
280 -1.5414 -9.8395 10.311 -1.2043 -4.9112 -5.9176
280.2 -1.612 -8.4735 9.0207 -0.43629 -4.6721 -4.2828
280.4 -1.191 -8.007 8.0567 0.081232 -4.5284 -3.9048
280.6 -0.79023 -8.0868 7.6575 0.080527 -4.1128 -4.0626
280.8 -0.61346 -7.9942 7.5667 -0.019553 -3.6817 -4.6158
281 -0.43433 -7.9964 7.6664 -0.3466 -3.3442 -4.877
281.2 -0.2906 -8.115 7.7512 -0.36991 -3.0671 -4.9804
281.4 -0.18743 -8.3024 7.8304 -0.31735 -3.178 -5.1199
281.6 -0.29123 -7.8863 7.5283 -0.21713 -2.8954 -4.7627
281.8 -0.32655 -7.3228 7.1401 -0.12033 -2.6305 -4.3854
282 -0.46805 -6.6536 6.8444 0.43465 -2.2284 -4.0754
282.2 -0.67645 -5.8251 6.3798 1.0376 -2.2357 -3.3048
282.4 -0.79549 -5.1 6.0241 1.3047 -1.9414 -2.4038
282.6 -0.84918 -4.6835 5.7369 1.5692 -1.9697 -2.0099
282.8 -0.86071 -4.3799 5.2861 1.7854 -1.9377 -2.1342
283 -0.74076 -3.7842 4.4831 1.216 -1.6569 -1.4496
283.2 -0.30422 -3.7966 3.8175 -0.1658 -1.1743 -0.88197
283.4 0.31655 -4.5425 3.3171 -1.6116 -0.70126 -0.93843
283.6 0.95445 -5.988 3.2704 -2.8126 -0.8118 -1.943
283.8 1.4044 -7.3962 3.4425 -3.8204 -0.50348 -2.6987
284 1.8083 -8.5726 3.7046 -4.1849 -0.51949 -3.7718
284.2 1.736 -8.8603 3.9736 -3.243 -0.84689 -4.7021
284.4 1.2523 -7.9429 3.7992 -2.0597 -1.1019 -4.9976
284.6 0.80523 -6.6669 3.9295 -1.2333 -1.1114 -4.2421
284.8 0.31452 -5.7523 4.2705 -0.12357 -1.0563 -3.6048
285 -0.086933 -5.0377 4.6499 0.90942 -1.4336 -2.8601
285.2 -0.40497 -4.2415 4.7493 1.4567 -1.3661 -1.9315
285.4 -0.42598 -3.7141 4.7348 1.6961 -1.3615 -1.3721
285.6 -0.34379 -3.4785 4.9073 2.1723 -1.3879 -1.2398
285.8 -0.52063 -2.9835 4.4812 2.5696 -1.5283 -1.3755
286 -0.62602 -2.3589 3.7811 2.015 -1.0409 -0.70763
286.2 -0.58905 -2.1757 3.0238 1.0949 -0.24727 -0.38248
286.4 -0.27992 -2.5251 2.5817 0.45658 0.059131 -0.56959
286.6 -0.13679 -2.8448 1.9275 -0.0038708 0.41091 -1.0969
286.8 0.35324 -3.5425 1.8032 -0.99459 0.40975 -1.1328
287 0.62052 -4.4177 1.8409 -1.3738 0.3387 -1.7544
287.2 0.91359 -5.2061 2.2266 -1.1816 -0.18552 -2.4294
287.4 0.93728 -5.0628 2.0766 -0.81512 -0.42444 -2.8428
287.6 0.98585 -4.5695 2.0864 -0.76331 -0.039069 -2.5753
287.8 0.86011 -3.9876 2.4513 0.15618 -0.1264 -2.3819
288 0.5302 -3.3755 2.9071 1.2613 -0.57848 -2.4045
288.2 0.25635 -2.5809 2.7931 1.6951 -0.6014 -1.6238
288.4 0.17352 -2.1655 2.7509 1.5108 -0.2223 -1.1379
288.6 0.036446 -2.0326 2.5829 1.8716 0.28119 -1.0411
288.8 -0.10826 -1.7349 1.9375 2.2663 0.01789 -1.532
289 -0.0242 -1.3165 0.89322 1.2863 0.20809 -0.83546
289.2 0.37076 -1.5521 0.076862 -0.072699 0.65332 -0.45181
289.4 0.8527 -2.5569 -0.041954 -1.0013 0.75542 -0.56673
289.6 1.0568 -3.778 0.017044 -1.4508 0.81951 -1.4309
289.8 1.3219 -4.7049 0.097883 -2.3273 0.90566 -1.8207
290 1.5226 -5.1936 0.41445 -2.5365 0.89849 -2.4421
290.2 1.5029 -5.1754 0.54414 -1.1561 0.48922 -3.4318
290.4 1.1547 -4.3478 0.58228 -0.37818 0.38848 -3.3413
290.6 0.90635 -3.4882 0.64523 -0.093976 0.67885 -2.5415
290.8 0.74539 -2.8769 1.1735 0.0092969 0.80404 -1.8939
291 0.56971 -2.5247 1.5349 1.1871 0.40137 -1.9149
291.2 0.162 -1.8531 1.3473 2.0267 0.17147 -2.1319
291.4 0.15191 -1.3643 1.0991 1.9568 0.34533 -1.2754
291.6 0.22491 -1.1316 0.79299 1.699 0.51588 -0.793
291.8 0.43173 -1.357 0.43294 1.2242 0.49906 -0.69549
292 0.56002 -1.4378 -0.48867 0.32696 0.63319 -1.0677
292.2 1.0557 -1.8186 -0.86308 -1.6025 0.99465 -0.81508
292.4 1.4846 -2.6744 -0.7647 -2.3805 1.4251 -1.0381
292.6 1.6855 -3.565 -0.34961 -2.457 1.2817 -1.6933
292.8 1.4901 -3.6875 -0.40959 -2.0885 1.4673 -2.2623
293 1.4389 -3.3977 -0.48238 -1.8396 1.4952 -2.304
293.2 1.4819 -2.9487 -0.11305 -1.1126 1.0919 -2.0098
293.4 1.3239 -2.5157 0.31851 0.25846 0.44462 -2.1944
293.6 1.1526 -1.6745 0.56367 0.79887 0.020015 -1.7211
293.8 1.0219 -1.1105 0.37556 0.72539 0.56253 -0.98306
294 1.0502 -0.84176 0.37866 0.9336 0.63184 -0.59802
294.2 0.89636 -0.75419 0.39715 1.2586 0.52547 -0.84934
294.4 0.85844 -0.34228 -0.46845 0.9109 0.38993 -0.84615
294.6 0.94372 -0.35502 -1.1978 -0.32126 1.1282 -0.49574
294.8 1.261 -1.1227 -1.7646 -1.3091 1.6866 -0.64645
295 1.5941 -2.3067 -1.6823 -2.0087 1.667 -1.297
295.2 1.9088 -3.4169 -1.6897 -3.3163 1.7433 -1.5677
295.4 2.2559 -4.5853 -1.6532 -3.9725 1.6208 -2.2677
295.6 2.4928 -5.3704 -1.1935 -3.8166 1.3412 -2.9176
295.8 2.4046 -5.356 -0.97074 -2.515 0.59097 -3.8492
296 2.1433 -4.2896 -0.81005 -2.0149 0.5923 -3.2446
296.2 1.7815 -3.3121 -0.51034 -1.5948 1.0917 -2.5351
296.4 1.5018 -2.703 0.2281 -0.56872 0.81529 -2.3391
296.6 1.19 -2.1249 0.59811 0.67003 0.33381 -2.4347
296.8 0.95185 -1.3757 0.34159 1.2251 0.24898 -1.74
297 0.8519 -0.9655 -0.059289 1.0683 0.70452 -1.1219
297.2 0.7617 -0.88216 -0.26445 1.1286 0.88223 -0.84242
297.4 0.66787 -0.82318 -0.81497 0.74203 0.68825 -1.3757
297.6 0.76819 -0.64589 -1.5671 -0.52564 1.3139 -0.81559
297.8 1.1545 -1.1718 -1.8727 -2.2097 2.0304 -0.73954
298 1.5726 -2.3551 -1.7659 -2.7953 2.0877 -1.1742
298.2 1.868 -3.6747 -1.8362 -2.893 1.5078 -2.5557
298.4 2.2725 -4.8938 -1.9882 -3.6611 1.5868 -2.9125
298.6 2.7262 -5.8814 -1.8366 -4.0229 1.492 -3.5861
298.8 2.8392 -6.2504 -1.0695 -3.7864 1.445 -4.1421
299 2.4689 -5.4459 -0.84686 -2.5729 0.87717 -4.4391
299.2 1.9187 -4.1625 -0.58046 -1.9709 1.176 -3.5302
299.4 1.5728 -3.1821 -0.15146 -1.0568 0.94061 -2.7617
299.6 1.2063 -2.5956 0.36451 0.33579 0.28214 -2.7502
299.8 0.86649 -1.7953 0.44708 1.1329 -0.309 -2.6416
300 0.62952 -1.3128 0.2569 1.421 -0.47604 -2.3696
