0.0
0.3251953125
-1.9267578125
-0.2744140625
0.3798828125
-0.228515625
0.5009765625
0.2568359375
-0.4609375
0.5146484375
0.1650390625
0.53125
-0.005859375
-0.0087890625
-0.685546875
0.02734375
-0.169921875
-0.2275390625
-0.544921875
0.0732421875
0.0224609375
-0.078125
0.056640625
0.6845703125
0.154296875
0.7841796875
-0.2255859375
0.16796875
-0.3076171875
0.01953125
-1.2646484375
0.4228515625
-0.0302734375
0.2734375
0.765625
0.8740234375
0.8583984375
0.3427734375
0.412109375
0.02734375
0.42578125
0.60546875
0.8583984375
0.126953125
0.48046875
0.6171875
0.41015625
0.44921875
-0.3388671875
-0.3623046875
0.2333984375
-0.509765625
-0.01953125
-0.974609375
0.328125
0.6298828125
-0.3310546875
0.6044921875
-0.001953125
0.1181640625
0.1484375
-0.0693359375
0.666015625
0.447265625
-0.02734375
-1.259765625
0.44921875
0.3310546875
0.080078125
0.576171875
0.513671875
0.232421875
0.8779296875
0.2919921875
0.009765625
0.0595703125
0.7939453125
0.3427734375
0.2705078125
0.8310546875
0.4375
0.646484375
-0.1279296875
0.6630859375
0.6826171875
0.408203125
0.5673828125
-0.7587890625
0.9130859375
-0.2509765625
0.1484375
0.0732421875
-0.943359375
0.8095703125
0.9482421875
0.2646484375
0.5390625
-0.052734375
0.77734375
0.4033203125
0.8037109375
0.91796875
0.291015625
0.1728515625
-0.3359375
0.412109375
0.435546875
-0.107421875
0.87109375
0.4404296875
0.2978515625
0.5576171875
0.5390625
0.056640625
0.30078125
0.5244140625
0.673828125
0.4462890625
0.857421875
0.4755859375
0.6611328125
0.7578125
0.6533203125
0.3037109375
0.5283203125
0.55078125
0.408203125
0.376953125
0.6650390625
0.734375
0.3505859375
0.123046875
0.771484375
0.3193359375
0.8662109375
1.453125
0.3349609375
0.8603515625
1.134765625
0.4189453125
0.6884765625
0.7001953125
0.984375
0.361328125
0.751953125
0.16015625
0.5615234375
-0.109375
0.1416015625
0.1064453125
0.0703125
-0.0791015625
-0.8076171875
0.8974609375
0.4267578125
1.0849609375
0.55859375
0.689453125
0.1220703125
0.1640625
0.80859375
0.9638671875
0.7978515625
0.2783203125
0.11328125
0.3134765625
0.3984375
0.4150390625
1.1748046875
0.2724609375
0.6513671875
0.41015625
1.3828125
0.8134765625
0.26953125
0.427734375
1.171875
1.0859375
0.72265625
0.9990234375
0.9482421875
0.46484375
0.5439453125
0.423828125
0.6435546875
0.380859375
0.458984375
0.5126953125
1.3974609375
-0.2529296875
0.62890625
0.1142578125
0.8115234375
0.736328125
0.5263671875
0.6787109375
0.2890625
-0.0224609375
0.3359375
0.353515625
0.9287109375
0.7783203125
0.5400390625
1.328125
0.7265625
0.90234375
0.40234375
0.787109375
0.4375
1.1767578125
0.669921875
0.517578125
0.482421875
1.041015625
0.5087890625
0.2841796875
1.1328125
0.701171875
0.4599609375
0.2431640625
0.580078125
0.4677734375
0.671875
0.796875
0.5869140625
0.41796875
1.080078125
0.8701171875
0.765625
1.037109375
0.125
0.4521484375
1.021484375
-0.4248046875
-0.166015625
1.0185546875
0.6318359375
0.888671875
0.619140625
0.943359375
0.859375
1.09765625
0.74609375
0.3544921875
0.5458984375
0.708984375
0.6904296875
0.857421875
0.59375
0.75390625
0.7958984375
0.9775390625
0.845703125
0.3359375
0.943359375
0.5859375
0.2333984375
0.001953125
0.849609375
0.3779296875
0.6787109375
0.1494140625
0.4912109375
0.94140625
0.736328125
0.40234375
0.75390625
0.404296875
0.4775390625
0.4892578125
1.146484375
0.9248046875
0.9521484375
1.005859375
0.8525390625
0.5625
0.3095703125
0.185546875
0.4267578125
0.80859375
0.744140625
0.82421875
0.3740234375
0.1953125
0.9775390625
0.98828125
1.345703125
1.080078125
1.0498046875
0.8798828125
1.01953125
0.49609375
0.705078125
0.4990234375
0.62109375
0.4423828125
0.16796875
1.0458984375
0.611328125
0.53125
0.72265625
0.9462890625
0.7041015625
0.5771484375
0.919921875
1.7705078125
1.7080078125
0.876953125
1.0166015625
1.203125
0.755859375
0.5537109375
1.1630859375
0.3984375
1.240234375
0.912109375
0.80859375
1.05078125
0.2373046875
0.072265625
0.44140625
0.5283203125
0.421875
0.9267578125
1.126953125
0.7021484375
0.6865234375
0.3642578125
0.4990234375
0.373046875
0.51953125
0.0478515625
0.6826171875
1.2099609375
0.828125
0.515625
0.2578125
0.70703125
1.189453125
0.7841796875
0.7001953125
1.0986328125
0.7197265625
-0.5205078125
0.4638671875
1.0771484375
0.8369140625
0.568359375
0.1318359375
1.23828125
1.2119140625
0.814453125
1.00390625
0.07421875
0.67578125
0.2919921875
0.8544921875
0.794921875
0.80859375
0.6123046875
0.9521484375
0.25390625
0.8203125
0.6005859375
1.09375
1.0078125
0.9755859375
0.2158203125
0.8642578125
0.6552734375
0.7099609375
0.544921875
0.3212890625
0.6796875
1.3447265625
0.2646484375
0.95703125
0.5859375
0.880859375
1.0068359375
1.0419921875
0.75390625
0.9580078125
1.0673828125
0.59765625
0.720703125
0.5048828125
0.787109375
1.2646484375
0.4638671875
0.57421875
1.171875
0.955078125
0.9208984375
0.8203125
1.1845703125
1.18359375
0.3505859375
0.40625
1.08984375
1.095703125
1.359375
0.486328125
1.169921875
0.8427734375
0.9111328125
0.298828125
1.166015625
0.466796875
0.9619140625
0.8818359375
0.623046875
0.9365234375
0.9697265625
0.8349609375
0.6611328125
0.6162109375
0.8154296875
1.1826171875
1.1474609375
1.1435546875
0.58984375
0.5537109375
1.326171875
0.2607421875
1.0673828125
1.056640625
0.9619140625
1.0849609375
0.927734375
1.087890625
0.998046875
1.3134765625
0.8662109375
1.015625
0.7138671875
0.76953125
0.419921875
0.6181640625
0.306640625
1.0380859375
0.6650390625
1.1728515625
0.103515625
0.93359375
0.48046875
0.7880859375
1.1484375
0.9423828125
0.541015625
0.845703125
0.75
0.6201171875
0.7607421875
0.7255859375
1.220703125
0.6376953125
1.126953125
1.1669921875
0.400390625
1.169921875
0.8115234375
1.0751953125
0.3251953125
0.556640625
0.646484375
1.12109375
0.533203125
1.08203125
0.6728515625
0.8017578125
0.794921875
-0.3779296875
1.09765625
0.5107421875
0.58203125
1.0068359375
1.1201171875
0.58203125
0.431640625
1.029296875
0.8779296875
0.9658203125
1.10546875
0.3642578125
1.2568359375
0.9482421875
0.8359375
0.6416015625
1.521484375
1.4677734375
0.6279296875
1.1650390625
1.1796875
0.3408203125
0.98828125
1.0595703125
0.857421875
0.82421875
1.236328125
1.2060546875
1.123046875
0.8330078125
0.5615234375
1.162109375
0.1572265625
0.921875
1.251953125
0.93359375
0.76953125
0.9208984375
1.0322265625
0.90234375
1.1708984375
1.0302734375
0.8994140625
0.908203125
1.2626953125
0.5166015625
1.4326171875
1.275390625
0.845703125
1.3359375
0.6650390625
0.1201171875
0.98828125
0.6875
0.732421875
1.0361328125
0.96875
0.919921875
0.056640625
0.6005859375
0.7119140625
0.939453125
1.3251953125
0.9287109375
1.423828125
0.533203125
0.8095703125
-0.330078125
1.02734375
1.5751953125
0.6337890625
1.720703125
0.876953125
0.4365234375
0.771484375
1.1337890625
0.7861328125
0.77734375
0.44140625
1.0546875
1.2080078125
0.4755859375
0.83984375
0.9248046875
0.50390625
0.9267578125
1.146484375
0.8212890625
1.1357421875
1.185546875
-0.0107421875
0.8779296875
1.19140625
0.9375
1.07421875
0.912109375
1.046875
0.7548828125
0.8310546875
0.9130859375
1.294921875
1.248046875
0.611328125
1.55078125
1.1767578125
0.9072265625
0.6220703125
1.0712890625
1.2431640625
1.4365234375
1.2861328125
0.9501953125
1.0732421875
1.357421875
0.556640625
0.681640625
0.7392578125
0.673828125
1.1015625
0.998046875
0.8017578125
0.54296875
1.3291015625
1.18359375
1.142578125
0.6923828125
0.84375
0.857421875
0.4951171875
0.5947265625
0.5341796875
0.4345703125
1.609375
0.8828125
1.041015625
0.9365234375
0.5556640625
0.9443359375
1.189453125
0.5537109375
0.4833984375
0.6533203125
1.126953125
1.443359375
0.6630859375
1.45703125
0.6376953125
0.890625
1.1240234375
0.849609375
0.6591796875
1.3427734375
1.302734375
1.0107421875
0.6923828125
1.1708984375
0.7587890625
0.2822265625
0.6552734375
1.1005859375
1.013671875
0.7392578125
0.5556640625
1.3662109375
0.9833984375
1.1826171875
0.7958984375
1.15234375
0.4326171875
1.2158203125
1.0986328125
0.6396484375
1.3583984375
1.203125
1.208984375
1.216796875
1.0087890625
0.951171875
0.9873046875
0.625
1.265625
1.1083984375
1.134765625
0.9873046875
1.1171875
0.6142578125
0.677734375
1.1396484375
1.1748046875
1.248046875
1.2109375
0.11328125
1.0712890625
1.201171875
0.6767578125
1.484375
1.1953125
1.2265625
1.0205078125
1.021484375
1.0615234375
1.3623046875
1.060546875
1.2421875
1.1015625
0.9697265625
0.6435546875
0.7265625
0.640625
1.013671875
0.4599609375
0.99609375
-0.2275390625
0.99609375
0.79296875
0.78125
0.3798828125
0.9150390625
1.009765625
0.6181640625
1.30859375
1.1806640625
0.416015625
0.740234375
0.9169921875
0.9482421875
0.92578125
1.0927734375
0.484375
0.708984375
0.412109375
0.59375
0.3779296875
1.0478515625
1.1494140625
1.1806640625
1.001953125
1.09765625
0.81640625
1.0810546875
1.154296875
1.2265625
1.1123046875
1.1201171875
1.0283203125
0.744140625
0.8017578125
1.3291015625
0.8310546875
1.0927734375
1.2265625
0.859375
0.8837890625
0.873046875
0.8681640625
1.4306640625
1.37109375
0.935546875
0.8701171875
1.1982421875
0.96484375
0.4306640625
1.1240234375
1.0634765625
0.9541015625
1.08203125
1.26953125
1.2109375
0.8447265625
0.6982421875
1.291015625
1.2607421875
0.78515625
1.1015625
-0.1455078125
0.7919921875
1.158203125
1.0400390625
0.400390625
1.126953125
1.1884765625
0.9814453125
1.0986328125
0.8828125
1.06640625
0.8203125
1.2236328125
1.0703125
1.1650390625
1.0439453125
1.04296875
0.474609375
0.8037109375
0.916015625
0.8681640625
0.37890625
1.0439453125
0.6875
0.619140625
0.7021484375
1.4208984375
0.748046875
1.2958984375
0.951171875
1.361328125
0.8251953125
1.1376953125
1.0380859375
0.9560546875
1.0498046875
0.89453125
1.021484375
1.00390625
1.3681640625
0.919921875
0.873046875
1.48828125
1.16796875
0.7958984375
0.9326171875
0.9736328125
-1.1005859375
1.259765625
1.078125
1.4931640625
0.935546875
0.8466796875
0.8173828125
0.7490234375
1.4873046875
1.24609375
0.5517578125
1.083984375
0.4501953125
0.6396484375
0.4638671875
0.80859375
0.755859375
1.0068359375
0.861328125
1.6669921875
1.0283203125
1.1171875
1.0302734375
1.2880859375
1.1943359375
0.7509765625
0.9658203125
0.990234375
0.58984375
0.9658203125
1.1708984375
0.9638671875
1.064453125
0.701171875
0.9873046875
1.150390625
1.197265625
0.8662109375
1.0654296875
0.8798828125
1.2890625
1.0537109375
0.306640625
1.087890625
0.767578125
1.1083984375
0.4140625
0.9189453125
0.9404296875
1.208984375
0.92578125
0.4033203125
0.962890625
1.0703125
0.5068359375
1.017578125
0.91015625
1.044921875
0.7705078125
1.1748046875
0.634765625
1.64453125
0.966796875
0.6962890625
1.2509765625
0.6533203125
1.25
0.6318359375
0.51171875
0.994140625
0.7802734375
0.8349609375
0.5234375
0.6181640625
0.83984375
0.3115234375
1.4072265625
0.794921875
0.8291015625
0.7646484375
1.04296875
0.84375
1.69921875
0.3779296875
0.9599609375
1.302734375
0.8642578125
0.8447265625
0.8447265625
0.474609375
0.634765625
0.693359375
0.9462890625
0.7666015625
1.0322265625
0.6611328125
0.455078125
0.638671875
0.8203125
1.396484375
1.28125
1.2060546875
1.23828125
0.9375
1.1708984375
1.0703125
1.38671875
0.7958984375
1.2578125
0.72265625
1.1474609375
0.4580078125
0.8251953125
1.2451171875
1.3955078125
0.7490234375
1.259765625
1.291015625
1.0615234375
1.3447265625
1.171875
1.216796875
1.2041015625
0.6552734375
1.0908203125
0.6083984375
0.9150390625
-0.0595703125
0.6884765625
1.345703125
1.068359375
1.138671875
0.6787109375
0.60546875
0.8603515625
0.615234375
0.66796875
0.4873046875
0.609375
0.873046875
1.138671875
1.1162109375
0.775390625
0.55859375
0.791015625
1.056640625
0.9755859375
0.5283203125
0.494140625
1.2685546875
0.8037109375
0.830078125
0.6728515625
1.078125
0.8583984375
0.94140625
0.9052734375
0.3916015625
1.1767578125
0.701171875
0.9208984375
1.1298828125
1.0595703125
0.9970703125
0.5986328125
0.521484375
1.0322265625
0.42578125
0.818359375
0.931640625
0.8466796875
0.8291015625
1.095703125
0.8271484375
0.57421875
0.921875
0.5791015625
0.5625
0.5224609375
1.080078125
0.84375
1.36328125
1.0625
1.0087890625
0.80078125
0.8916015625
0.533203125
1.0224609375
1.36328125
0.7998046875
0.95703125
1.2509765625
0.4072265625
1.1015625
0.109375
0.109375
0.9296875
1.4091796875
0.8857421875
1.2705078125
1.3212890625
1.1484375
0.9228515625
1.13671875
0.8916015625
1.107421875
0.7412109375
0.7783203125
0.6572265625
0.98828125
0.74609375
1.3134765625
0.2744140625
0.93359375
0.84765625
1.16796875
1.57421875
1.2392578125
0.7578125
1.1083984375
1.2099609375
0.99609375
0.9697265625
0.8603515625
0.5986328125
0.595703125
0.3642578125
0.853515625
1.25
1.32421875
1.1220703125
1.0224609375
1.22265625
0.6982421875
1.0703125
0.5703125
0.634765625
0.91796875
1.2705078125
1.2734375
0.9951171875
0.7666015625
0.9501953125
1.0947265625
0.9169921875
1.1171875
0.59375
0.9697265625
1.287109375
0.708984375
1.2666015625
1.0048828125
0.9111328125
1.126953125
1.0185546875
1.3232421875
0.939453125
0.662109375
1.4306640625
0.4482421875
0.7783203125
0.810546875
0.6142578125
0.9755859375
0.9638671875
1.0224609375
0.5400390625
1.1455078125
0.337890625
1.5673828125
1.0830078125
0.4384765625
0.8857421875
1.47265625
0.7412109375
0.998046875
1.005859375
1.13671875
0.8056640625
0.6484375
0.7783203125
1.0693359375
0.662109375
0.4423828125
0.9208984375
1.28515625
0.32421875
1.0029296875
0.8623046875
1.044921875
0.59765625
0.42578125
0.533203125
0.6025390625
0.8212890625
1.408203125
1.0
0.953125
1.087890625
1.3212890625
0.5849609375
0.66796875
1.5009765625
1.294921875
1.2060546875
1.23828125
0.8359375
1.2939453125
1.396484375
0.9462890625
0.6865234375
0.9501953125
1.0322265625
0.5732421875
1.0517578125
0.4130859375
0.7822265625
0.9501953125
0.98828125
1.1142578125
0.8818359375
1.0224609375
1.1337890625
0.869140625
1.3046875
0.6025390625
0.9853515625
1.4052734375
0.970703125
0.8486328125
1.1279296875
0.7392578125
1.279296875
0.7451171875
0.8544921875
0.5810546875
0.837890625
0.5625
1.21875
1.3134765625
0.443359375
0.5322265625
0.7265625
0.7705078125
1.0107421875
1.369140625
0.9580078125
1.06640625
1.1416015625
1.216796875
0.8974609375
1.06640625
0.6015625
0.99609375
0.736328125
0.84375
0.841796875
0.97265625
0.9482421875
1.1728515625
1.0498046875
1.2021484375
0.5341796875
0.7685546875
0.6884765625
1.005859375
0.9384765625
0.4560546875
0.7900390625
1.2841796875
0.6162109375
0.28125
0.919921875
1.2763671875
0.7900390625
0.3193359375
0.9560546875
1.123046875
1.126953125
0.5439453125
0.7578125
0.87890625
1.02734375
0.9462890625
0.9404296875
1.28125
0.8544921875
1.025390625
1.640625
1.0498046875
0.552734375
1.02734375
1.5478515625
0.96875
1.255859375
1.265625
0.9169921875
0.486328125
1.54296875
0.99609375
0.806640625
1.7294921875
1.52734375
1.6455078125
1.029296875
1.244140625
1.0634765625
1.2451171875
1.2158203125
1.0078125
1.1806640625
0.63671875
0.5087890625
1.0576171875
1.4892578125
1.1787109375
1.181640625
1.5205078125
1.146484375
0.44921875
0.33203125
1.0400390625
0.9189453125
1.1396484375
1.0439453125
1.2216796875
1.265625
1.0771484375
0.892578125
1.01953125
1.1015625
0.8369140625
0.5380859375
1.2177734375
1.0419921875
0.244140625
0.611328125
0.8359375
0.947265625
1.2294921875
0.8125
0.66015625
0.8671875
1.4697265625
1.4697265625
1.6474609375
0.947265625
0.822265625
0.615234375
1.0693359375
1.095703125
0.65625
1.513671875
0.39453125
0.41796875
1.1904296875
0.95703125
0.958984375
0.9111328125
0.6865234375
0.8505859375
0.4443359375
1.185546875
1.4638671875
0.87890625
1.1171875
0.9404296875
1.326171875
1.125
0.3974609375
0.88671875
0.52734375
1.51953125
1.1533203125
1.328125
0.9794921875
1.1748046875
0.662109375
1.2451171875
0.6669921875
0.9619140625
0.6630859375
0.9658203125
1.0498046875
0.15234375
0.6455078125
0.8544921875
1.021484375
1.0078125
1.5517578125
1.126953125
1.3984375
0.5654296875
0.6611328125
1.1962890625
1.12890625
1.4541015625
-0.4296875
1.140625
1.3203125
0.96875
1.0888671875
1.03515625
1.14453125
1.037109375
1.201171875
0.798828125
0.9111328125
1.0009765625
0.501953125
0.7470703125
0.888671875
1.4873046875
1.1708984375
0.6630859375
0.4755859375
0.79296875
1.2783203125
1.1572265625
0.8564453125
1.15234375
0.9951171875
0.642578125
1.244140625
0.6591796875
0.8359375
0.974609375
0.212890625
1.59375
1.0625
0.5283203125
0.6357421875
1.1923828125
0.9599609375
1.3427734375
1.2841796875
0.6025390625
0.7470703125
1.1083984375
1.173828125
1.0966796875
0.7841796875
0.5830078125
0.9033203125
1.10546875
0.9951171875
1.25390625
0.763671875
1.1728515625
0.99609375
1.361328125
1.2197265625
1.166015625
0.6005859375
0.7978515625
0.8837890625
0.8994140625
1.291015625
0.6337890625
0.8955078125
1.3720703125
1.251953125
0.8837890625
0.76171875
0.83984375
0.8955078125
1.0234375
1.4638671875
0.3681640625
1.4404296875
1.0947265625
0.455078125
1.1455078125
1.1298828125
1.0205078125
0.9267578125
0.671875
1.5986328125
1.3935546875
0.91796875
1.3193359375
1.7646484375
0.7255859375
0.9462890625
1.0595703125
1.181640625
1.4013671875
0.791015625
1.4072265625
0.8779296875
1.0341796875
0.9912109375
0.533203125
1.3505859375
0.349609375
-0.58203125
1.068359375
0.9599609375
1.189453125
1.1591796875
1.24609375
1.2255859375
1.0888671875
1.3173828125
1.052734375
0.6611328125
1.1171875
0.9580078125
0.841796875
0.8095703125
1.013671875
1.078125
0.9306640625
0.4296875
0.7158203125
0.806640625
0.9404296875
1.0947265625
0.33984375
0.73046875
0.87890625
0.9267578125
0.87109375
0.8193359375
1.1796875
0.9853515625
1.0869140625
0.8623046875
0.90234375
0.7822265625
0.9248046875
0.88671875
0.9580078125
1.1533203125
1.3046875
0.7392578125
1.34765625
1.27734375
0.9501953125
0.607421875
1.4208984375
0.9560546875
0.62890625
1.1611328125
0.8427734375
1.43359375
0.8271484375
0.93359375
0.78125
1.3837890625
0.935546875
0.556640625
1.1953125
1.0146484375
0.4423828125
1.2939453125
1.2041015625
1.4169921875
1.1328125
1.1787109375
1.0908203125
1.2919921875
1.2431640625
0.9072265625
1.099609375
1.126953125
0.970703125
0.5791015625
1.1884765625
0.6943359375
0.84765625
0.33984375
0.8466796875
0.880859375
0.9921875
0.7314453125
0.884765625
0.81640625
0.4140625
1.2626953125
0.8828125
0.8193359375
0.8193359375
1.0556640625
0.927734375
1.3076171875
0.705078125
1.154296875
0.912109375
1.130859375
1.18359375
1.46875
0.94140625
1.08203125
0.505859375
0.8544921875
0.3876953125
1.1806640625
1.1806640625
1.150390625
0.671875
0.8779296875
1.0400390625
1.45703125
0.68359375
1.4716796875
0.7451171875
0.8310546875
1.345703125
0.6181640625
0.9296875
1.0625
0.9541015625
0.5341796875
1.25390625
0.9296875
1.037109375
1.0634765625
1.029296875
0.900390625
1.1123046875
1.3203125
1.3935546875
1.4423828125
1.0068359375
0.6435546875
1.0498046875
0.6455078125
1.626953125
1.390625
0.501953125
0.064453125
1.2294921875
0.7919921875
1.2587890625
1.0791015625
0.32421875
1.177734375
1.2177734375
1.2373046875
0.5908203125
1.2021484375
0.9990234375
1.5283203125
1.4619140625
1.123046875
0.7392578125
1.3857421875
1.609375
0.7490234375
1.0419921875
0.623046875
0.751953125
0.9765625
1.1025390625
1.3642578125
0.861328125
1.0009765625
1.1474609375
1.3037109375
1.138671875
1.0888671875
1.501953125
0.8359375
0.833984375
0.9404296875
1.078125
0.7958984375
0.3759765625
0.7314453125
0.951171875
0.9794921875
0.8154296875
0.9267578125
1.181640625
-0.2373046875
1.0546875
0.87109375
1.2353515625
1.1376953125
1.400390625
1.560546875
0.8251953125
0.8251953125
0.46875
0.7392578125
1.044921875
1.2294921875
1.158203125
1.4375
0.8046875
0.7431640625
0.80078125
0.580078125
1.005859375
1.0966796875
1.263671875
1.0771484375
1.2216796875
1.060546875
1.5751953125
0.5693359375
1.0546875
1.341796875
0.9423828125
1.1875
1.0869140625
1.083984375
0.7265625
0.720703125
1.193359375
1.40625
1.2978515625
1.177734375
1.001953125
0.544921875
0.5673828125
1.306640625
0.638671875
0.720703125
0.6630859375
1.03125
0.7177734375
1.3974609375
1.1455078125
1.5986328125
0.9970703125
1.1484375
1.4775390625
1.111328125
1.62109375
1.4130859375
1.5673828125
0.666015625
1.1259765625
0.8916015625
0.8349609375
0.8544921875
1.02734375
1.4658203125
1.1435546875
1.2744140625
0.783203125
0.6767578125
1.4638671875
1.0
1.005859375
0.8896484375
0.8486328125
1.2421875
0.978515625
0.63671875
0.9697265625
0.6875
0.4716796875
1.353515625
0.6826171875
1.1611328125
1.060546875
0.919921875
1.15625
1.154296875
1.1708984375
0.837890625
1.138671875
0.841796875
1.2783203125
1.033203125
1.134765625
0.91015625
1.3818359375
0.8037109375
1.3037109375
1.404296875
1.54296875
1.54296875
0.6396484375
1.357421875
0.74609375
0.8779296875
1.0126953125
0.3466796875
1.0078125
1.427734375
0.3779296875
1.166015625
1.4248046875
1.4677734375
1.25390625
0.607421875
0.6083984375
0.6826171875
0.9716796875
0.658203125
0.56640625
1.0849609375
0.8291015625
1.4443359375
0.94921875
0.9990234375
0.7216796875
0.744140625
0.837890625
1.3798828125
0.404296875
0.810546875
1.3896484375
1.1669921875
1.0615234375
0.4775390625
1.087890625
0.5087890625
0.6884765625
1.0791015625
0.6005859375
1.3974609375
0.673828125
0.4072265625
0.580078125
0.6318359375
1.2060546875
0.8466796875
1.0771484375
1.3203125
0.173828125
0.8662109375
1.5908203125
1.330078125
1.3583984375
1.0029296875
1.0029296875
1.2353515625
1.3134765625
0.8076171875
0.8662109375
0.5068359375
0.953125
0.6904296875
0.53515625
1.234375
1.138671875
1.103515625
0.87890625
0.8154296875
0.3701171875
0.9921875
0.97265625
0.5888671875
1.2880859375
1.5439453125
1.1083984375
0.9775390625
0.4716796875
1.2216796875
0.55859375
0.76171875
1.267578125
0.8759765625
0.87109375
0.9365234375
1.0322265625
0.701171875
1.1689453125
0.92578125
0.974609375
1.7255859375
1.2197265625
0.8525390625
0.89453125
1.5166015625
1.109375
1.1875
0.9677734375
1.2900390625
0.8779296875
0.9423828125
1.18359375
1.3154296875
0.93359375
0.90234375
0.8701171875
1.421875
0.9873046875
1.0751953125
0.9775390625
0.9111328125
0.7587890625
1.03125
1.52734375
0.970703125
1.2978515625
1.1533203125
1.1845703125
1.4462890625
1.3359375
0.82421875
1.140625
0.57421875
0.72265625
0.7802734375
1.091796875
1.2041015625
0.8037109375
0.9501953125
1.0107421875
1.1875
0.5302734375
0.8388671875
0.509765625
1.1767578125
1.146484375
0.4404296875
1.091796875
1.28515625
1.197265625
0.703125
1.0830078125
1.2021484375
1.498046875
1.7158203125
1.37890625
1.2587890625
0.732421875
0.978515625
1.388671875
1.3115234375
1.74609375
1.2451171875
1.263671875
0.779296875
1.349609375
1.1591796875
1.3115234375
1.1376953125
0.720703125
1.16796875
1.6494140625
1.0673828125
1.2724609375
1.3251953125
0.75390625
1.015625
1.7724609375
1.533203125
1.228515625
1.2275390625
1.6982421875
1.748046875
1.0634765625
1.4453125
1.0654296875
1.251953125
1.1767578125
1.3388671875
1.404296875
1.380859375
1.08203125
1.3232421875
1.4140625
1.1904296875
0.681640625
1.5546875
1.3828125
1.083984375
1.142578125
1.1064453125
1.4853515625
1.26171875
1.4580078125
1.40625
1.0615234375
1.8134765625
1.0654296875
1.810546875
1.1494140625
1.4384765625
1.166015625
1.48046875
1.3505859375
1.091796875
1.0615234375
1.48828125
1.798828125
1.8330078125
1.595703125
1.02734375
1.802734375
1.2099609375
1.8544921875
1.4345703125
0.9755859375
0.595703125
1.4697265625
1.52734375
2.6064453125
2.1943359375
2.498046875
2.3017578125
1.990234375
2.9404296875
3.51953125
3.5205078125
3.673828125
3.1591796875
3.4873046875
4.0
4.7041015625
4.548828125
4.6103515625
4.693359375
4.7822265625
5.2900390625
5.1142578125
5.576171875
5.7109375
5.9033203125
5.6357421875
5.900390625
6.357421875
5.5810546875
5.84765625
6.130859375
6.73828125
6.103515625
6.4599609375
6.6328125
6.6162109375
6.37890625
5.7138671875
6.2626953125
5.9853515625
6.349609375
6.0380859375
6.18359375
6.337890625
6.6728515625
6.033203125
6.16015625
6.2646484375
5.8486328125
5.70703125
5.4990234375
6.0244140625
5.638671875
5.7587890625
5.0205078125
4.8330078125
5.2490234375
5.2060546875
4.794921875
4.658203125
4.1279296875
4.5283203125
4.607421875
4.591796875
3.8896484375
2.5458984375
2.3994140625
2.4814453125
1.9736328125
1.75390625
1.6162109375
0.91796875
0.859375
1.3486328125
1.6435546875
0.93359375
1.5498046875
1.65234375
1.693359375
1.4052734375
1.6669921875
1.720703125
1.1142578125
1.7412109375
1.9443359375
1.876953125
1.15625
1.884765625
1.109375
1.5615234375
1.38671875
1.0048828125
1.216796875
1.46875
1.6533203125
1.369140625
1.4541015625
1.57421875
1.3037109375
1.1552734375
1.5419921875
1.4892578125
1.1767578125
1.3447265625
1.2587890625
1.5771484375
2.06640625
1.0654296875
1.3828125
1.498046875
1.4169921875
1.224609375
0.9970703125
1.1015625
1.4931640625
1.529296875
0.9609375
1.0927734375
1.740234375
1.630859375
1.7890625
1.7294921875
1.962890625
2.01953125
1.47265625
2.181640625
2.00390625
1.501953125
2.052734375
2.326171875
2.498046875
2.1435546875
2.32421875
1.921875
2.0849609375
2.453125
3.1669921875
3.2236328125
3.322265625
3.03515625
3.2431640625
3.919921875
3.646484375
3.31640625
3.7890625
3.6181640625
4.0771484375
4.28125
3.966796875
3.8857421875
4.7177734375
5.5556640625
5.494140625
4.7880859375
4.88671875
5.6494140625
6.0283203125
5.830078125
5.896484375
4.861328125
5.4208984375
5.3720703125
6.0654296875
6.4775390625
6.01953125
6.1201171875
6.4228515625
6.46875
6.1728515625
6.7705078125
6.6328125
5.6279296875
6.4443359375
6.0234375
6.083984375
6.234375
6.119140625
6.5751953125
6.732421875
6.892578125
6.7900390625
6.611328125
6.2236328125
6.3955078125
6.5341796875
6.1259765625
7.2744140625
6.8544921875
7.3720703125
6.1826171875
6.08203125
6.57421875
6.5517578125
5.4970703125
6.041015625
5.7001953125
5.8857421875
5.9599609375
6.2421875
6.134765625
6.08984375
6.0751953125
6.0146484375
6.09375
5.509765625
5.421875
5.787109375
5.5732421875
5.408203125
5.0400390625
4.8369140625
4.5341796875
4.998046875
4.9912109375
4.2802734375
4.5478515625
4.1142578125
3.62890625
3.7099609375
3.5380859375
3.2275390625
3.646484375
3.453125
3.03125
2.4208984375
2.7646484375
2.40234375
2.3486328125
1.806640625
1.8369140625
0.80078125
1.7705078125
1.5107421875
1.626953125
1.6806640625
1.431640625
1.212890625
1.1943359375
1.7138671875
0.9970703125
1.4853515625
1.1845703125
1.54296875
1.4765625
1.2705078125
1.625
1.6943359375
1.6943359375
2.001953125
0.8740234375
1.4228515625
0.96875
1.5703125
1.1572265625
1.576171875
0.8173828125
1.5517578125
1.5732421875
1.349609375
1.4501953125
1.33203125
1.798828125
1.205078125
1.4189453125
1.666015625
1.57421875
1.259765625
1.572265625
1.37109375
1.7900390625
1.630859375
1.68359375
0.7451171875
1.3642578125
1.19140625
0.9482421875
1.33203125
1.2001953125
2.009765625
1.900390625
1.4384765625
1.123046875
1.431640625
1.8310546875
2.1630859375
2.1884765625
2.2333984375
1.8125
2.4970703125
2.5380859375
2.9970703125
2.7412109375
2.9814453125
3.5146484375
3.373046875
3.912109375
4.0478515625
3.53515625
3.5908203125
4.484375
4.7998046875
4.140625
5.06640625
4.7177734375
5.0556640625
5.560546875
4.888671875
4.904296875
5.640625
5.240234375
5.0341796875
4.6484375
5.232421875
4.7822265625
4.7294921875
5.3720703125
5.0966796875
4.33203125
4.2919921875
3.8759765625
3.81640625
4.0
3.390625
3.33984375
3.103515625
2.453125
2.71875
1.5107421875
2.119140625
1.29296875
0.98046875
0.5439453125
1.0263671875
1.521484375
1.5859375
1.1376953125
1.1533203125
1.140625
1.181640625
0.8349609375
0.77734375
1.1572265625
1.646484375
1.470703125
1.2607421875
1.4462890625
0.7607421875
0.630859375
0.8486328125
0.96484375
1.16015625
1.234375
0.798828125
1.595703125
0.5693359375
0.8017578125
1.1572265625
1.171875
1.0986328125
1.642578125
1.0087890625
1.1982421875
1.5341796875
0.77734375
1.0791015625
1.3876953125
1.2333984375
1.005859375
1.2939453125
1.294921875
1.181640625
0.9794921875
0.953125
1.5361328125
1.34375
1.123046875
0.9736328125
1.041015625
1.431640625
0.923828125
1.3427734375
0.94140625
0.939453125
1.291015625
1.5029296875
1.109375
1.048828125
1.2255859375
1.3974609375
1.166015625
0.67578125
0.78125
1.2646484375
1.328125
1.166015625
1.193359375
1.2880859375
1.5517578125
0.7412109375
0.640625
1.2763671875
1.2451171875
0.861328125
1.5673828125
1.228515625
1.126953125
1.611328125
0.9853515625
1.228515625
1.48046875
1.337890625
1.7275390625
0.7919921875
1.1630859375
1.02734375
1.2802734375
0.8115234375
0.7783203125
1.4287109375
0.96484375
0.8876953125
1.0986328125
1.0751953125
0.876953125
1.1044921875
1.041015625
0.7705078125
0.998046875
1.203125
1.5009765625
0.7998046875
1.294921875
1.3671875
1.6533203125
1.328125
1.2236328125
1.6083984375
1.693359375
2.046875
1.75390625
1.861328125
1.736328125
1.5673828125
2.00390625
2.1279296875
2.384765625
2.1044921875
2.623046875
2.515625
2.9375
3.0556640625
3.126953125
3.4130859375
3.5712890625
3.5107421875
3.8291015625
3.759765625
3.9619140625
3.048828125
3.96484375
4.3076171875
3.56640625
4.193359375
4.12109375
4.60546875
4.6796875
4.80859375
5.2353515625
4.818359375
5.1298828125
4.8056640625
5.728515625
6.2021484375
6.3466796875
6.3935546875
6.04296875
6.623046875
6.646484375
5.7119140625
6.8330078125
6.7353515625
6.34375
6.126953125
6.6826171875
6.673828125
6.466796875
6.0732421875
7.0703125
5.595703125
6.427734375
6.6962890625
6.8876953125
6.3466796875
5.671875
5.978515625
6.6806640625
5.923828125
6.609375
6.146484375
5.48046875
6.025390625
6.2685546875
6.2509765625
5.48828125
5.4248046875
5.8134765625
5.634765625
6.3193359375
5.7353515625
5.52734375
5.3212890625
5.05859375
5.2919921875
4.5234375
4.1767578125
4.3984375
4.900390625
5.03125
4.7548828125
4.419921875
4.20703125
3.9892578125
3.86328125
3.677734375
4.1142578125
2.958984375
3.537109375
3.439453125
3.0009765625
3.30078125
2.80078125
2.4189453125
2.5029296875
2.3564453125
2.4228515625
2.5126953125
2.2314453125
2.166015625
1.8564453125
1.8671875
1.974609375
1.859375
1.3427734375
1.48828125
1.3359375
1.453125
1.900390625
1.0087890625
1.001953125
1.0625
1.5087890625
1.4287109375
1.88671875
1.3447265625
1.111328125
1.4638671875
1.9580078125
1.44921875
1.4619140625
1.76171875
1.2587890625
1.6904296875
1.8359375
1.3525390625
1.44921875
1.16015625
1.16015625
1.134765625
1.0703125
1.599609375
1.79296875
1.84765625
1.37109375
1.6630859375
1.2958984375
1.4140625
1.162109375
1.390625
1.6376953125
1.501953125
1.4921875
1.7099609375
1.66796875
1.888671875
1.7587890625
1.8310546875
1.703125
1.01171875
1.5927734375
0.9560546875
1.3798828125
1.2841796875
1.7001953125
1.0166015625
1.3642578125
2.1865234375
1.623046875
1.2314453125
1.1181640625
1.6328125
1.4609375
1.384765625
1.3759765625
1.4111328125
0.9296875
1.3017578125
1.650390625
0.9111328125
1.2685546875
1.9013671875
1.0615234375
1.8046875
1.3916015625
1.73828125
1.556640625
1.7802734375
1.1748046875
1.7353515625
1.7685546875
1.927734375
2.0908203125
1.85546875
1.8955078125
2.0556640625
2.2021484375
2.107421875
2.216796875
2.1181640625
2.2646484375
3.1474609375
3.4130859375
3.2041015625
3.220703125
3.5595703125
3.291015625
3.59375
3.5400390625
3.9560546875
3.9697265625
4.6162109375
5.251953125
4.8037109375
4.5029296875
4.9169921875
5.294921875
5.5888671875
5.107421875
5.517578125
5.7041015625
5.7626953125
5.849609375
6.10546875
6.4140625
6.1826171875
6.0732421875
6.5068359375
5.50390625
6.7431640625
6.4375
6.03125
6.0078125
6.30078125
6.05078125
6.958984375
6.0849609375
6.8818359375
6.80859375
6.490234375
6.52734375
6.37109375
6.5947265625
7.1328125
6.345703125
6.7333984375
6.6572265625
6.7822265625
6.7802734375
6.306640625
6.4775390625
6.501953125
7.0751953125
6.552734375
6.724609375
6.685546875
6.05859375
6.7978515625
6.2353515625
6.625
5.822265625
6.4794921875
6.8330078125
6.091796875
6.494140625
6.2548828125
6.0185546875
5.90234375
6.1806640625
5.9609375
5.28125
6.259765625
5.7138671875
6.1630859375
5.390625
6.0615234375
5.806640625
5.98046875
5.78515625
5.9287109375
5.5166015625
5.337890625
4.6533203125
4.9453125
4.7216796875
4.1708984375
4.2607421875
4.8974609375
4.2939453125
4.1376953125
3.70703125
4.513671875
4.2626953125
4.0048828125
3.568359375
3.498046875
3.2275390625
3.7841796875
3.052734375
3.1630859375
2.85546875
2.8818359375
2.2001953125
2.5400390625
1.6474609375
2.037109375
1.4912109375
1.6923828125
1.53515625
1.9775390625
1.498046875
1.1318359375
1.3232421875
1.0673828125
0.8388671875
1.6357421875
1.625
1.2705078125
1.138671875
1.6748046875
1.3388671875
1.65234375
1.400390625
1.705078125
0.7822265625
1.2421875
1.6845703125
1.552734375
1.919921875
1.0517578125
1.302734375
1.0517578125
1.7744140625
1.466796875
1.9755859375
1.84375
1.3544921875
1.8369140625
1.4775390625
1.7421875
1.2841796875
1.23046875
1.974609375
1.103515625
1.837890625
1.0791015625
1.33203125
1.5986328125
2.009765625
1.4580078125
1.2138671875
1.3544921875
1.453125
1.07421875
1.484375
1.4951171875
1.6279296875
1.875
0.9453125
0.681640625
1.48046875
1.4580078125
1.91796875
1.451171875
1.44140625
1.41015625
2.1474609375
1.3330078125
1.44140625
1.568359375
1.9365234375
1.2197265625
1.8740234375
1.892578125
1.3583984375
1.84375
0.87109375
1.8330078125
1.556640625
1.70703125
1.5
1.244140625
1.697265625
1.93359375
2.0419921875
1.5712890625
1.1884765625
1.4609375
1.7197265625
1.3427734375
1.1806640625
1.6064453125
1.8896484375
1.6201171875
1.51171875
1.8720703125
2.1171875
1.7451171875
1.65234375
1.94921875
1.66015625
1.73828125
1.9736328125
2.1787109375
2.3251953125
2.06640625
1.8408203125
2.25
1.970703125
2.375
2.1640625
2.029296875
2.248046875
1.6552734375
2.14453125
2.271484375
2.40625
1.9345703125
2.2060546875
2.60546875
1.8466796875
2.138671875
2.2900390625
1.85546875
2.2919921875
2.13671875
2.1611328125
2.14453125
2.150390625
2.310546875
2.498046875
2.3505859375
2.4990234375
2.2021484375
2.2109375
2.369140625
3.0302734375
2.8212890625
2.6201171875
2.6435546875
2.353515625
2.546875
3.154296875
3.171875
2.7529296875
2.970703125
3.17578125
2.1416015625
3.0751953125
2.201171875
2.67578125
2.2373046875
2.775390625
2.8056640625
3.138671875
2.861328125
3.2041015625
2.8974609375
2.9365234375
2.802734375
2.783203125
2.6591796875
2.994140625
2.943359375
2.7548828125
2.9599609375
3.1962890625
3.2041015625
3.05859375
2.9609375
3.2548828125
3.189453125
3.228515625
3.6220703125
3.0634765625
3.587890625
3.44140625
3.375
3.0849609375
2.9609375
3.6494140625
2.8134765625
3.4765625
3.33203125
3.234375
2.859375
3.4951171875
3.087890625
2.826171875
3.078125
2.5595703125
2.4111328125
1.2197265625
0.9970703125
0.8857421875
1.2451171875
1.3046875
1.1611328125
1.2568359375
1.4306640625
1.201171875
1.677734375
1.1787109375
1.306640625
1.3935546875
1.1005859375
1.3427734375
0.5185546875
1.0546875
1.03125
1.0400390625
1.123046875
0.8447265625
0.8154296875
0.623046875
0.8349609375
1.208984375
1.623046875
1.4208984375
1.0068359375
1.4326171875
0.5419921875
1.3779296875
1.4052734375
1.48046875
1.4189453125
1.361328125
0.9609375
0.484375
1.3115234375
0.9794921875
0.93359375
1.0458984375
0.8740234375
0.7451171875
0.9765625
1.572265625
1.1416015625
0.9912109375
1.59765625
0.974609375
1.05078125
1.1171875
1.5693359375
0.9267578125
1.4609375
1.486328125
1.2119140625
1.66796875
0.8330078125
0.9384765625
0.548828125
1.2119140625
1.6220703125
1.533203125
1.740234375
1.166015625
1.427734375
1.427734375
1.791015625
1.818359375
1.64453125
1.703125
1.5283203125
1.4287109375
1.8408203125
2.2587890625
1.49609375
1.943359375
2.2822265625
2.947265625
2.51953125
2.5517578125
2.912109375
2.982421875
2.98046875
3.283203125
2.8203125
2.8603515625
2.0703125
3.853515625
3.3564453125
3.1279296875
3.4853515625
3.833984375
3.4365234375
3.5595703125
3.58203125
4.03125
3.509765625
3.5185546875
3.6708984375
3.9677734375
3.462890625
3.548828125
3.8486328125
4.1015625
4.2373046875
3.2548828125
2.84765625
3.123046875
3.0986328125
2.9990234375
3.4775390625
2.6298828125
3.12109375
3.1259765625
2.8505859375
2.9482421875
2.619140625
2.9560546875
3.16796875
3.001953125
2.572265625
2.814453125
2.943359375
3.1357421875
3.201171875
3.3037109375
2.4931640625
2.9130859375
3.2119140625
2.9677734375
2.8662109375
3.3935546875
3.076171875
3.5576171875
3.404296875
3.0
3.6328125
3.119140625
3.6181640625
3.6201171875
3.90625
4.1943359375
3.6611328125
3.833984375
4.7255859375
4.8671875
4.57421875
4.7021484375
5.0849609375
5.6220703125
4.712890625
5.1298828125
5.037109375
5.5234375
5.4951171875
6.138671875
5.6767578125
5.30859375
5.232421875
5.6123046875
5.4970703125
5.2021484375
5.09375
5.169921875
4.951171875
5.5244140625
5.9833984375
5.3671875
6.0791015625
5.2001953125
4.5732421875
3.9853515625
4.07421875
3.984375
3.6796875
3.5986328125
3.0615234375
2.869140625
2.9287109375
3.1787109375
3.015625
2.4287109375
1.9736328125
1.6650390625
1.6083984375
0.7841796875
1.30859375
1.337890625
1.7666015625
1.103515625
2.0126953125
0.759765625
1.3408203125
0.7724609375
1.4453125
1.1982421875
1.2646484375
0.978515625
1.421875
1.388671875
0.7275390625
1.3779296875
1.12109375
1.017578125
1.287109375
1.3408203125
0.9091796875
1.818359375
1.3935546875
1.2548828125
1.2314453125
0.8046875
0.8046875
1.1748046875
0.9111328125
1.080078125
1.4140625
1.54296875
1.2236328125
1.17578125
0.73828125
1.568359375
1.568359375
0.369140625
0.8583984375
1.5048828125
0.40234375
1.26953125
1.263671875
1.1728515625
1.171875
1.345703125
0.953125
0.8720703125
1.13671875
0.9580078125
0.9814453125
1.1240234375
1.3994140625
1.4111328125
1.25
1.3251953125
0.8447265625
1.1220703125
1.193359375
0.94140625
1.4130859375
1.0087890625
1.1767578125
1.49609375
1.31640625
0.767578125
1.1572265625
0.53515625
1.099609375
1.037109375
0.9814453125
1.7998046875
1.771484375
1.0830078125
1.5361328125
1.1630859375
0.8828125
1.3525390625
1.275390625
1.77734375
1.12890625
1.1318359375
1.11328125
1.48828125
1.5888671875
1.333984375
1.7119140625
1.337890625
0.8330078125
0.99609375
0.490234375
1.0927734375
1.1943359375
1.142578125
1.1669921875
1.6953125
0.8095703125
1.125
0.8134765625
1.7880859375
1.2021484375
1.26171875
1.408203125
0.7294921875
1.30859375
0.904296875
1.3076171875
1.76953125
1.498046875
1.2041015625
1.2919921875
1.2431640625
1.1748046875
1.384765625
1.26171875
1.35546875
1.3896484375
1.474609375
1.6650390625
1.6513671875
1.6484375
1.2998046875
1.47265625
1.361328125
1.2021484375
1.0849609375
1.1640625
1.39453125
1.3388671875
1.0419921875
0.6318359375
1.361328125
0.8154296875
0.8671875
1.021484375
1.5498046875
1.224609375
1.3876953125
1.552734375
1.3876953125
0.7998046875
1.1533203125
0.7314453125
1.34375
1.265625
1.34375
1.2783203125
1.7080078125
1.158203125
1.23828125
0.7021484375
0.6689453125
1.7001953125
1.1064453125
1.2685546875
1.19921875
1.482421875
1.646484375
0.9677734375
0.9130859375
1.1962890625
1.2890625
0.9619140625
1.2099609375
1.1748046875
1.59765625
1.064453125
1.2822265625
1.9921875
0.873046875
1.0986328125
1.236328125
0.8203125
1.0849609375
1.0927734375
1.0634765625
0.8671875
1.2138671875
1.095703125
1.697265625
1.470703125
1.0537109375
1.6181640625
1.03125
1.375
1.48828125
0.9208984375
0.7041015625
1.00390625
1.412109375
1.150390625
0.78515625
1.2529296875
1.3623046875
0.9619140625
1.810546875
1.20703125
1.2421875
1.05078125
1.203125
1.0693359375
1.107421875
0.814453125
1.49609375
1.3017578125
1.291015625
1.072265625
1.572265625
1.2880859375
1.5908203125
0.8564453125
0.6904296875
1.3759765625
0.58203125
1.4609375
1.2470703125
1.513671875
1.1005859375
1.130859375
1.33203125
1.4345703125
1.1875
1.28125
1.5634765625
1.533203125
1.5927734375
0.7421875
1.6357421875
1.1318359375
1.1328125
1.626953125
1.37109375
1.8154296875
1.69921875
1.3369140625
1.4052734375
1.607421875
1.7021484375
1.203125
1.3095703125
1.2626953125
1.30078125
1.5673828125
1.20703125
1.4287109375
0.9013671875
1.12890625
0.8056640625
1.2060546875
1.3447265625
1.732421875
1.4169921875
1.3271484375
1.181640625
1.0927734375
1.009765625
0.9853515625
1.486328125
1.1640625
1.138671875
1.185546875
1.123046875
1.1796875
1.2548828125
1.5810546875
1.6123046875
1.2685546875
0.978515625
1.03515625
1.12109375
1.341796875
1.658203125
0.984375
1.5068359375
1.708984375
1.82421875
1.4736328125
0.609375
1.001953125
1.2412109375
0.7861328125
1.662109375
1.16015625
0.734375
0.7490234375
0.751953125
1.349609375
1.2587890625
0.7822265625
1.587890625
0.732421875
1.2265625
1.080078125
1.0009765625
1.22265625
1.310546875
1.2822265625
1.2021484375
1.240234375
1.484375
1.53125
1.4833984375
1.40234375
0.9296875
0.751953125
1.3564453125
1.5390625
0.35546875
1.58203125
1.380859375
0.9794921875
1.759765625
1.4775390625
0.7197265625
1.099609375
1.19140625
0.9375
1.587890625
0.7685546875
1.095703125
1.28125
0.8193359375
1.736328125
1.0703125
1.1748046875
1.2646484375
1.42578125
1.55859375
2.056640625
0.7919921875
2.181640625
1.560546875
0.9130859375
1.5595703125
1.3994140625
1.357421875
0.76953125
0.9091796875
1.1416015625
1.435546875
1.4814453125
1.0224609375
0.8037109375
0.78515625
0.7626953125
1.1953125
0.8955078125
1.1689453125
1.3681640625
1.5703125
1.1474609375
1.2314453125
1.72265625
1.5234375
1.7548828125
0.5859375
1.146484375
1.0537109375
1.7373046875
0.9833984375
1.259765625
0.63671875
1.1591796875
0.7724609375
0.0654296875
0.9541015625
1.4326171875
0.7197265625
1.0966796875
1.322265625
1.322265625
1.3984375
1.1572265625
0.9892578125
0.8486328125
1.3212890625
1.0400390625
1.216796875
1.2001953125
0.8515625
1.126953125
0.9375
0.7216796875
0.900390625
1.2255859375
1.45703125
1.375
1.23828125
1.3564453125
1.5078125
1.3076171875
1.212890625
0.9755859375
0.8251953125
1.6591796875
1.849609375
0.8330078125
1.3525390625
1.73828125
0.890625
0.99609375
1.109375
1.2109375
0.556640625
1.427734375
0.9599609375
1.4833984375
0.7763671875
1.234375
1.6708984375
1.80859375
1.3466796875
1.0625
1.4423828125
0.4091796875
1.171875
1.0322265625
1.1337890625
1.49609375
1.65234375
1.5732421875
0.9619140625
0.884765625
1.12109375
0.7978515625
0.859375
0.8369140625
1.3232421875
1.25390625
0.4130859375
0.8642578125
1.2734375
1.123046875
0.2548828125
1.0908203125
0.8349609375
1.212890625
1.5791015625
1.3984375
1.2333984375
1.6318359375
1.1904296875
0.775390625
0.9892578125
1.392578125
1.2939453125
1.4453125
0.8798828125
1.251953125
1.2900390625
1.357421875
1.5361328125
1.7841796875
1.001953125
1.5341796875
0.7783203125
0.93359375
0.81640625
1.1650390625
1.1806640625
0.9697265625
1.01953125
1.53515625
1.5478515625
1.39453125
1.248046875
1.2509765625
1.4150390625
1.4091796875
1.0859375
1.51953125
1.5048828125
1.1201171875
1.103515625
1.2177734375
1.7451171875
1.185546875
1.3857421875
1.4619140625
0.9912109375
1.458984375
1.517578125
0.958984375
1.263671875
1.31640625
1.6630859375
1.765625
1.2177734375
1.1865234375
1.603515625
1.0615234375
1.498046875
1.0458984375
1.4853515625
1.3154296875
1.248046875
1.09375
1.2294921875
0.8203125
1.556640625
0.841796875
1.279296875
0.8154296875
0.921875
1.73828125
1.3642578125
1.1494140625
1.1201171875
1.7099609375
1.283203125
1.357421875
1.328125
1.21484375
1.333984375
1.3583984375
1.478515625
1.466796875
1.3701171875
1.0361328125
1.314453125
1.3251953125
0.1875
1.5146484375
1.232421875
0.8525390625
1.3701171875
0.970703125
1.3046875
1.05078125
1.4501953125
1.3232421875
1.14453125
1.3642578125
0.923828125
0.982421875
0.9814453125
1.578125
1.4716796875
1.251953125
1.0693359375
1.5185546875
0.9599609375
1.5185546875
1.0986328125
1.2236328125
1.3623046875
0.927734375
1.634765625
1.099609375
1.353515625
1.7919921875
1.0380859375
1.6083984375
1.5107421875
1.3828125
1.0830078125
1.5068359375
1.220703125
1.123046875
1.103515625
1.451171875
0.369140625
1.310546875
1.5908203125
0.396484375
0.62890625
1.4765625
1.0576171875
0.99609375
1.248046875
1.4892578125
0.7197265625
0.634765625
1.26953125
1.5126953125
1.271484375
1.63671875
1.607421875
1.1064453125
1.2431640625
0.7744140625
1.1669921875
1.0263671875
0.564453125
1.111328125
1.40234375
1.5556640625
1.1796875
1.1201171875
0.8271484375
0.998046875
1.6953125
1.5771484375
0.798828125
1.4013671875
1.5068359375
0.943359375
1.39453125
1.267578125
1.484375
1.1259765625
1.041015625
1.326171875
1.3369140625
0.705078125
0.748046875
0.724609375
1.0322265625
1.4443359375
1.369140625
1.3251953125
1.1884765625
1.052734375
1.375
1.537109375
1.51953125
1.01171875
1.67578125
0.919921875
1.0791015625
0.7724609375
1.25390625
1.09375
1.521484375
1.2802734375
1.0166015625
1.3544921875
1.2705078125
1.3466796875
1.15625
1.4248046875
1.259765625
1.1865234375
0.533203125
0.6318359375
1.1416015625
1.1630859375
0.494140625
1.1650390625
0.1064453125
1.251953125
1.1982421875
1.0546875
1.91015625
1.0166015625
1.1181640625
0.984375
1.3125
0.794921875
1.376953125
1.416015625
1.3701171875
1.4541015625
1.0078125
0.9306640625
1.5693359375
1.0888671875
1.28515625
1.64453125
1.603515625
1.44921875
1.296875
1.34765625
1.4873046875
1.056640625
0.978515625
0.767578125
1.7890625
1.251953125
1.3408203125
1.1357421875
1.576171875
1.1318359375
1.2490234375
1.2373046875
1.2529296875
0.8056640625
1.158203125
1.15625
1.25
1.3408203125
1.388671875
0.8505859375
1.2080078125
1.3798828125
1.240234375
1.03515625
1.23046875
1.271484375
0.9765625
1.0888671875
0.642578125
0.642578125
1.5673828125
1.119140625
1.05859375
1.0517578125
1.4833984375
1.1416015625
1.54296875
1.59765625
1.4521484375
1.1435546875
1.2998046875
0.8701171875
1.2724609375
1.2529296875
1.208984375
1.6328125
1.1416015625
1.4384765625
1.037109375
0.923828125
0.896484375
1.1376953125
1.01171875
0.826171875
1.2080078125
1.5107421875
0.822265625
1.50390625
1.3203125
1.3046875
1.333984375
1.5390625
1.2236328125
1.5732421875
1.181640625
1.201171875
1.185546875
1.884765625
0.974609375
0.994140625
1.298828125
0.865234375
1.595703125
0.9638671875
1.484375
0.919921875
1.013671875
1.3369140625
1.634765625
0.8388671875
1.58203125
1.5107421875
1.59765625
1.4814453125
1.1806640625
1.3193359375
1.134765625
0.9560546875
1.0263671875
0.83984375
1.2099609375
1.27734375
1.62890625
0.9580078125
1.5263671875
1.7177734375
0.9013671875
1.0009765625
1.41015625
0.8115234375
0.896484375
0.8369140625
1.58984375
1.0185546875
1.3232421875
0.896484375
1.01953125
1.6689453125
0.869140625
1.294921875
0.8046875
1.5146484375
1.345703125
1.2109375
1.0380859375
1.2578125
1.1962890625
0.7744140625
1.4453125
1.3369140625
1.4638671875
0.859375
1.7451171875
0.87890625
1.2080078125
1.3564453125
1.2509765625
1.7255859375
0.7548828125
1.2197265625
0.669921875
1.05859375
0.9658203125
1.666015625
1.650390625
1.375
1.1103515625
1.1083984375
1.4619140625
0.30859375
1.376953125
1.0048828125
1.2783203125
1.318359375
1.3974609375
1.576171875
1.4833984375
1.2509765625
1.21875
1.5380859375
1.3291015625
1.341796875
1.2021484375
1.462890625
1.49609375
1.1083984375
1.3173828125
1.0791015625
1.3603515625
1.46484375
1.4306640625
1.125
0.3251953125
1.1796875
1.279296875
1.421875
0.96484375
1.3369140625
1.94140625
1.3798828125
1.2578125
1.720703125
0.92578125
1.0771484375
1.2880859375
0.8642578125
0.6416015625
1.0419921875
1.134765625
1.109375
1.4931640625
0.9443359375
1.4296875
0.966796875
1.25
1.849609375
0.9580078125
1.283203125
1.0712890625
1.3310546875
1.591796875
1.1044921875
1.2255859375
1.23828125
0.8671875
1.0517578125
1.1181640625
0.9521484375
1.22265625
1.0390625
1.283203125
1.0703125
1.541015625
1.255859375
1.2109375
0.7626953125
0.7626953125
1.2880859375
1.2265625
1.3974609375
1.2529296875
1.1953125
1.0576171875
1.2490234375
1.0556640625
0.857421875
1.1201171875
0.828125
0.7099609375
1.6982421875
1.4228515625
1.5849609375
0.9970703125
1.234375
1.2763671875
1.5595703125
1.5595703125
1.125
1.365234375
1.2939453125
1.3994140625
1.5
1.5830078125
1.5830078125
1.3095703125
1.41015625
1.2099609375
1.255859375
1.6123046875
1.16015625
1.240234375
1.453125
1.6181640625
1.4326171875
1.20703125
1.671875
1.0615234375
0.92578125
1.1533203125
0.6943359375
0.876953125
1.07421875
1.1279296875
1.1904296875
1.173828125
0.970703125
1.3046875
1.07421875
0.9853515625
1.2685546875
1.005859375
1.361328125
1.3515625
0.7919921875
1.3388671875
1.1220703125
1.1259765625
1.138671875
1.3154296875
1.021484375
1.0732421875
1.396484375
1.4912109375
1.5576171875
1.359375
1.037109375
1.2099609375
0.95703125
1.09375
1.0048828125
1.4697265625
1.00390625
1.0888671875
0.986328125
0.8759765625
1.1630859375
1.1533203125
1.4501953125
1.177734375
1.046875
1.046875
1.1103515625
1.712890625
0.84375
1.3603515625
1.115234375
1.673828125
1.515625
1.1044921875
1.1552734375
0.7451171875
1.228515625
1.2587890625
1.1708984375
1.25390625
1.42578125
1.27734375
1.169921875
1.1396484375
1.1259765625
1.5576171875
1.7744140625
1.6435546875
1.0986328125
1.505859375
0.7177734375
1.2705078125
1.25
1.4306640625
1.71484375
1.8818359375
1.267578125
1.296875
1.677734375
1.078125
1.654296875
1.359375
1.52734375
1.326171875
1.2802734375
1.2802734375
1.326171875
1.4267578125
0.923828125
1.783203125
1.4111328125
1.1904296875
1.5166015625
0.8583984375
1.80859375
1.03515625
0.9716796875
1.4951171875
1.046875
1.3505859375
0.986328125
1.2685546875
1.0927734375
1.2685546875
1.5830078125
1.0771484375
0.71875
1.009765625
1.2880859375
1.625
1.6875
1.1181640625
0.9609375
1.4140625
1.333984375
1.115234375
1.2021484375
1.7373046875
1.46875
1.228515625
1.5537109375
1.2197265625
1.5234375
1.470703125
1.1123046875
1.0869140625
1.11328125
1.630859375
1.380859375
1.4248046875
0.76953125
1.2783203125
1.228515625
1.59765625
1.4716796875
0.7373046875
1.2138671875
1.3515625
1.33984375
1.3076171875
1.224609375
1.2353515625
1.197265625
1.669921875
0.71484375
0.9462890625
0.8349609375
1.2841796875
1.8154296875
0.92578125
0.8779296875
1.09375
1.6591796875
1.412109375
1.4736328125
1.30078125
1.12890625
1.2548828125
0.9697265625
1.2294921875
0.5380859375
1.4072265625
1.01953125
1.181640625
1.615234375
1.35546875
1.2763671875
1.576171875
1.2578125
1.4248046875
1.291015625
1.19921875
1.197265625
1.2919921875
0.796875
1.19140625
1.296875
1.5146484375
1.2841796875
1.1748046875
1.1279296875
1.6904296875
1.150390625
1.015625
1.412109375
1.521484375
1.0439453125
1.630859375
1.4716796875
1.5849609375
1.275390625
0.5791015625
0.91796875
0.8759765625
1.3251953125
1.3623046875
0.4892578125
1.3095703125
1.22265625
0.7041015625
1.3955078125
1.2880859375
1.2255859375
1.7451171875
1.2841796875
1.791015625
1.1240234375
1.3046875
1.1025390625
1.1298828125
0.888671875
1.6279296875
1.3876953125
0.9794921875
1.0107421875
0.9775390625
0.724609375
1.1064453125
1.5908203125
1.3388671875
0.7060546875
1.0966796875
1.052734375
0.736328125
1.3251953125
1.3359375
1.236328125
1.80078125
0.8232421875
1.0810546875
1.3427734375
0.5595703125
1.466796875
1.380859375
1.5615234375
1.59765625
1.09765625
1.2158203125
1.072265625
1.0908203125
1.0771484375
0.8017578125
0.9873046875
0.6669921875
0.9013671875
1.4296875
1.1474609375
1.3720703125
1.4482421875
1.3310546875
1.171875
1.837890625
1.298828125
1.5595703125
1.470703125
1.3984375
1.537109375
1.4443359375
1.1669921875
1.423828125
-0.3447265625
1.0791015625
1.07421875
0.6552734375
1.46875
1.728515625
1.013671875
1.5625
0.9970703125
1.3486328125
1.509765625
1.2109375
1.2880859375
1.939453125
1.025390625
1.1904296875
1.3896484375
1.2880859375
0.771484375
1.052734375
0.81640625
1.0830078125
0.99609375
1.642578125
0.9697265625
0.8671875
0.4677734375
1.55078125
1.42578125
1.197265625
1.2392578125
1.416015625
1.896484375
1.4072265625
1.79296875
1.384765625
1.814453125
1.3203125
1.458984375
1.017578125
1.18359375
1.353515625
1.251953125
0.40234375
1.6416015625
1.5888671875
1.1826171875
0.96484375
1.5673828125
1.30859375
1.15625
1.228515625
1.1513671875
1.6083984375
1.3603515625
1.3037109375
1.5185546875
1.1640625
1.1953125
1.4541015625
1.4541015625
0.70703125
1.7021484375
1.3671875
1.3056640625
0.779296875
1.451171875
0.80859375
1.4375
1.4267578125
1.4921875
1.208984375
1.6201171875
1.560546875
1.2626953125
1.25390625
0.7763671875
1.1025390625
1.0166015625
1.228515625
0.65625
1.8349609375
1.14453125
0.974609375
1.3935546875
1.4736328125
1.103515625
1.4404296875
0.8564453125
1.3525390625
1.173828125
0.869140625
1.1181640625
0.83984375
1.4267578125
1.228515625
1.7392578125
1.927734375
1.16796875
1.0703125
0.42578125
0.9619140625
1.23046875
1.2275390625
1.4970703125
0.91015625
0.74609375
1.064453125
0.6513671875
1.0732421875
1.4033203125
1.44140625
1.6142578125
1.5322265625
1.28125
1.4736328125
1.2353515625
1.11328125
1.1796875
1.240234375
0.8642578125
1.416015625
1.4580078125
1.541015625
1.359375
1.6103515625
1.4052734375
1.263671875
0.96875
1.2041015625
1.4111328125
0.580078125
0.951171875
1.34375
1.392578125
1.642578125
1.521484375
1.4189453125
1.572265625
1.1201171875
1.55859375
1.21875
1.162109375
0.720703125
1.431640625
1.4765625
1.33984375
1.814453125
0.849609375
1.5283203125
1.0947265625
1.4267578125
1.2333984375
1.0849609375
1.2744140625
1.294921875
1.7568359375
1.1591796875
1.005859375
1.119140625
1.482421875
1.3505859375
1.1279296875
0.9345703125
0.771484375
1.048828125
0.8369140625
0.6611328125
1.14453125
0.65625
1.0966796875
1.21484375
0.94921875
1.1142578125
0.927734375
1.185546875
1.22265625
1.447265625
1.00390625
1.1943359375
1.32421875
1.30078125
1.4306640625
0.9619140625
1.046875
0.8056640625
0.9404296875
1.296875
1.0078125
0.833984375
1.3056640625
1.8076171875
2.080078125
1.28125
1.138671875
0.30078125
1.1630859375
0.9453125
1.0712890625
1.0283203125
1.34375
1.1416015625
1.1572265625
1.2890625
1.1064453125
1.1630859375
1.384765625
1.6103515625
1.037109375
1.115234375
1.064453125
1.4384765625
1.2958984375
1.349609375
1.5390625
1.275390625
1.3115234375
1.4921875
0.2177734375
1.380859375
1.7509765625
1.5498046875
1.6162109375
1.2392578125
1.224609375
0.9169921875
1.3056640625
1.1298828125
1.361328125
0.9599609375
1.6455078125
0.587890625
0.5576171875
1.4169921875
1.103515625
0.8349609375
0.9931640625
0.857421875
0.9423828125
1.13671875
1.85546875
1.16015625
1.2783203125
0.8642578125
1.2373046875
1.7314453125
0.76953125
1.1455078125
1.537109375
1.09375
0.916015625
1.8193359375
1.6767578125
1.4765625
0.8359375
0.966796875
1.078125
1.4921875
1.62890625
1.3544921875
1.6884765625
1.7509765625
1.619140625
1.3720703125
1.365234375
1.1513671875
0.9814453125
1.3330078125
1.0615234375
1.216796875
1.2783203125
1.2724609375
1.67578125
0.8935546875
1.5078125
0.88671875
1.275390625
0.9580078125
1.0615234375
0.75390625
1.197265625
0.8330078125
0.822265625
1.5654296875
0.7578125
1.0712890625
1.216796875
1.4189453125
1.2958984375
0.939453125
1.3125
1.2333984375
1.6240234375
1.107421875
1.53515625
1.2275390625
1.4814453125
1.2763671875
1.146484375
1.044921875
1.2939453125
0.4228515625
1.3916015625
1.4462890625
1.19140625
1.240234375
1.130859375
1.4501953125
1.416015625
1.28515625
1.4375
1.1611328125
0.740234375
0.8388671875
1.3076171875
1.1396484375
1.2646484375
1.4609375
1.0390625
1.080078125
0.8564453125
0.8935546875
1.6728515625
1.0908203125
0.9130859375
1.14453125
1.1357421875
1.0595703125
0.611328125
0.73046875
1.3740234375
0.951171875
1.2138671875
1.2841796875
1.14453125
1.4248046875
0.9453125
1.3291015625
0.82421875
1.53125
0.9326171875
1.04296875
1.6953125
0.833984375
1.3857421875
1.25390625
1.2109375
1.3515625
1.337890625
1.1337890625
0.76953125
1.3193359375
0.833984375
0.259765625
1.1787109375
1.861328125
0.998046875
1.09765625
1.5380859375
0.8173828125
1.5986328125
1.5810546875
1.419921875
1.2880859375
1.5703125
1.5576171875
1.1630859375
0.7265625
1.4921875
1.369140625
1.61328125
1.072265625
1.1357421875
1.0029296875
1.822265625
1.5478515625
0.7978515625
1.5087890625
1.2314453125
0.9423828125
1.2392578125
1.123046875
0.9375
1.19921875
0.7294921875
0.7890625
1.2919921875
1.3193359375
1.0986328125
1.412109375
1.2431640625
1.0224609375
1.744140625
1.3173828125
1.654296875
1.08984375
1.578125
1.26953125
1.0556640625
0.8251953125
0.6728515625
1.1875
1.552734375
0.884765625
1.708984375
1.2509765625
1.3876953125
1.4560546875
1.0185546875
1.0185546875
1.4130859375
0.4306640625
1.3515625
1.3994140625
1.87109375
1.2783203125
0.71875
1.6640625
0.484375
1.4892578125
0.6943359375
1.01953125
1.2958984375
1.1875
1.4326171875
1.0029296875
0.8828125
1.24609375
1.283203125
1.013671875
1.3740234375
1.6357421875
1.6728515625
0.8779296875
0.8779296875
1.40625
1.564453125
1.3369140625
1.0908203125
0.919921875
1.1328125
1.3330078125
1.3583984375
1.0439453125
1.26171875
1.1806640625
1.45703125
0.30078125
1.2392578125
1.5009765625
1.54296875
1.611328125
0.9931640625
1.3544921875
1.0849609375
1.1630859375
0.96875
1.3564453125
1.2939453125
1.0380859375
1.2607421875
1.39453125
1.056640625
1.1494140625
1.0693359375
0.908203125
0.9091796875
1.4267578125
1.6806640625
1.041015625
1.6240234375
0.8544921875
0.837890625
1.4658203125
1.3544921875
1.3212890625
1.3876953125
1.224609375
1.423828125
1.2158203125
1.1416015625
1.349609375
0.578125
1.423828125
1.365234375
1.037109375
0.802734375
1.359375
1.056640625
1.1171875
1.1494140625
1.4267578125
1.1591796875
1.482421875
1.0087890625
1.4775390625
0.6689453125
1.2734375
0.9599609375
0.4296875
1.0712890625
0.67578125
1.404296875
1.0048828125
0.9658203125
1.373046875
0.8203125
1.5859375
1.2626953125
1.2578125
1.4150390625
0.7744140625
1.1865234375
1.62890625
1.359375
0.896484375
1.4345703125
0.818359375
1.1591796875
0.697265625
1.375
1.1083984375
0.71875
1.4560546875
0.8935546875
1.529296875
1.166015625
1.6015625
1.08984375
0.7041015625
1.2373046875
0.919921875
1.416015625
1.0126953125
1.3154296875
0.98828125
1.4140625
1.197265625
1.4677734375
1.578125
1.3408203125
0.2177734375
1.265625
1.447265625
1.423828125
1.017578125
1.1796875
1.61328125
1.041015625
1.16015625
1.205078125
1.5869140625
0.89453125
1.4775390625
1.130859375
1.384765625
1.3603515625
1.2900390625
0.87109375
1.146484375
1.232421875
0.990234375
0.9501953125
0.8779296875
1.248046875
1.357421875
1.279296875
1.3994140625
1.5791015625
1.0966796875
1.328125
1.3291015625
1.302734375
1.5703125
1.18359375
1.275390625
1.2216796875
1.0068359375
1.6474609375
1.40625
1.333984375
1.658203125
0.728515625
1.3251953125
0.7421875
1.388671875
1.4423828125
1.0087890625
1.6064453125
1.4111328125
1.2744140625
1.400390625
1.2392578125
1.3291015625
1.2421875
1.3623046875
1.4541015625
1.3525390625
1.140625
1.560546875
1.9794921875
1.607421875
1.130859375
0.9267578125
0.70703125
1.6123046875
1.2783203125
1.3984375
0.974609375
1.1162109375
1.78125
0.9765625
1.513671875
1.142578125
0.896484375
1.2392578125
1.720703125
1.19921875
1.2373046875
1.1396484375
0.91015625
1.080078125
0.7119140625
1.353515625
0.896484375
0.9814453125
1.291015625
1.2509765625
1.9580078125
1.412109375
1.810546875
0.8125
1.44140625
1.400390625
1.2783203125
0.3974609375
1.3623046875
0.8603515625
1.0869140625
1.5146484375
1.0654296875
1.0810546875
0.9423828125
1.154296875
0.5791015625
1.2373046875
1.4755859375
1.3974609375
1.48828125
1.6201171875
0.44921875
1.1845703125
1.7646484375
1.07421875
0.9853515625
1.2578125
1.341796875
1.18359375
0.5400390625
1.501953125
1.4345703125
0.5732421875
1.2880859375
1.25390625
1.0126953125
1.55078125
1.5078125
1.2724609375
0.8876953125
1.3828125
1.130859375
1.08984375
1.0751953125
1.09765625
0.6689453125
1.462890625
1.509765625
1.466796875
0.77734375
1.1884765625
1.474609375
1.212890625
1.2109375
1.2294921875
1.3388671875
0.6865234375
0.7412109375
0.984375
1.1591796875
1.6875
1.4111328125
1.3759765625
1.240234375
1.732421875
1.642578125
1.7236328125
1.1611328125
1.45703125
0.9970703125
1.1513671875
1.21875
1.5380859375
1.2646484375
1.5341796875
1.4755859375
1.5361328125
1.341796875
0.7041015625
0.958984375
0.953125
1.2314453125
1.005859375
1.44921875
1.34765625
1.509765625
0.57421875
1.36328125
1.1357421875
1.4228515625
1.1142578125
0.99609375
1.1953125
1.248046875
0.6552734375
1.38671875
0.9775390625
1.380859375
1.0283203125
0.7939453125
1.1650390625
0.919921875
1.2529296875
1.1337890625
0.921875
1.1005859375
1.73828125
1.42578125
1.34765625
1.873046875
1.3779296875
1.017578125
0.8447265625
1.193359375
1.4912109375
1.07421875
1.7568359375
1.1845703125
1.271484375
1.556640625
1.2841796875
0.9609375
0.96875
1.2900390625
1.6015625
1.185546875
1.4111328125
1.0732421875
1.140625
1.5556640625
0.73046875
1.1435546875
1.5712890625
1.34375
1.3955078125
1.37109375
1.67578125
1.3642578125
1.5732421875
0.2783203125
1.111328125
1.4326171875
1.4541015625
1.0400390625
1.6025390625
1.365234375
1.927734375
1.693359375
1.4892578125
1.5078125
0.7138671875
0.6962890625
1.4345703125
1.013671875
1.6279296875
1.197265625
1.3330078125
1.341796875
1.74609375
1.5341796875
1.7509765625
1.26953125
1.619140625
0.8515625
1.6259765625
1.6630859375
1.671875
1.3095703125
1.4677734375
1.228515625
1.947265625
1.78515625
1.7431640625
0.681640625
1.5859375
1.46484375
0.86328125
1.119140625
1.482421875
1.02734375
1.41796875
0.853515625
1.412109375
1.8076171875
0.994140625
1.521484375
1.5771484375
0.818359375
0.9794921875
1.34765625
0.9501953125
0.9716796875
0.89453125
1.52734375
1.662109375
1.099609375
1.044921875
0.69921875
1.3662109375
0.9375
1.173828125
1.62109375
1.5927734375
1.2392578125
1.0283203125
1.2646484375
1.2666015625
1.10546875
1.1142578125
1.1357421875
1.1376953125
1.3525390625
1.162109375
0.5439453125
1.0673828125
1.1201171875
1.0068359375
1.4375
1.06640625
1.0244140625
1.26953125
1.4296875
0.716796875
1.4736328125
1.13671875
1.16796875
0.9599609375
1.1689453125
1.4775390625
1.1796875
1.4228515625
1.396484375
1.568359375
1.0986328125
1.4462890625
1.55078125
1.0322265625
1.2158203125
1.490234375
0.826171875
1.7861328125
1.556640625
1.341796875
1.44140625
0.81640625
1.2080078125
1.5341796875
1.2587890625
1.2587890625
1.625
1.240234375
1.1708984375
1.0791015625
1.90625
1.40234375
1.20703125
1.6474609375
1.4765625
1.255859375
1.474609375
1.482421875
0.958984375
1.40234375
1.1923828125
1.169921875
0.8505859375
1.484375
1.203125
1.09375
1.3388671875
0.6552734375
1.439453125
1.1865234375
1.609375
1.2900390625
0.8310546875
1.5556640625
0.625
0.904296875
1.2314453125
1.259765625
1.22265625
0.6552734375
1.2607421875
0.9736328125
1.2666015625
1.6298828125
1.28515625
0.97265625
1.236328125
1.0810546875
0.9091796875
1.412109375
1.5537109375
1.6513671875
0.7060546875
1.306640625
1.025390625
1.6865234375
1.076171875
1.16015625
1.3759765625
1.330078125
1.3251953125
0.873046875
0.8701171875
1.5234375
1.1923828125
1.2255859375
1.0400390625
1.150390625
0.892578125
1.08203125
1.353515625
1.189453125
0.9697265625
1.3525390625
1.365234375
1.513671875
0.6611328125
0.8349609375
0.6240234375
1.45703125
1.16015625
0.8994140625
1.0703125
1.4462890625
0.8798828125
1.0146484375
1.29296875
1.291015625
0.345703125
1.5244140625
0.9580078125
0.95703125
0.7177734375
0.7177734375
1.1826171875
1.142578125
1.333984375
1.048828125
1.36328125
1.0927734375
0.48046875
1.318359375
0.96484375
1.0888671875
1.072265625
1.0126953125
1.4150390625
1.484375
0.658203125
1.1767578125
1.109375
0.537109375
0.5888671875
1.1181640625
1.0087890625
1.2607421875
1.3388671875
-0.0185546875
1.2890625
1.8056640625
1.1103515625
1.0478515625
0.8671875
1.251953125
1.548828125
1.1162109375
0.857421875
1.193359375
0.7255859375
0.9462890625
1.3837890625
1.2412109375
1.3056640625
1.14453125
1.3369140625
1.77734375
1.0322265625
1.5478515625
1.578125
1.1982421875
1.1982421875
1.04296875
1.1669921875
1.3837890625
0.8896484375
1.763671875
1.49609375
0.6171875
1.5166015625
1.2255859375
1.330078125
1.4384765625
1.447265625
1.3671875
0.7529296875
1.326171875
1.337890625
1.1376953125
0.849609375
1.427734375
1.1884765625
1.1298828125
0.8583984375
1.412109375
0.810546875
0.6337890625
1.4296875
0.8154296875
1.2734375
0.9443359375
0.7509765625
1.50390625
0.58203125
1.662109375
1.17578125
0.6875
1.1904296875
0.6845703125
1.1982421875
1.552734375
1.1044921875
1.6123046875
1.36328125
1.361328125
1.705078125
1.3154296875
1.1728515625
1.6337890625
1.6435546875
1.294921875
1.0908203125
1.462890625
0.9892578125
0.7421875
1.205078125
1.5498046875
-0.09765625
1.2314453125
1.1025390625
1.2900390625
1.28125
1.2734375
1.23046875
1.2109375
0.94140625
1.115234375
1.5185546875
1.0771484375
0.9052734375
0.484375
1.4296875
0.4658203125
1.0205078125
1.2080078125
0.703125
1.251953125
1.181640625
1.0234375
1.4208984375
1.376953125
1.384765625
1.3359375
1.00390625
1.5009765625
1.5927734375
1.7705078125
1.0908203125
1.3828125
1.3623046875
1.0205078125
1.55078125
1.4873046875
1.0205078125
1.2763671875
0.591796875
1.0888671875
1.564453125
1.0146484375
-0.013671875
1.0869140625
0.671875
1.248046875
1.49609375
1.2080078125
1.46875
1.396484375
0.9033203125
1.5830078125
1.396484375
1.2197265625
0.9091796875
1.3876953125
1.18359375
1.513671875
1.1689453125
0.7265625
0.533203125
1.7099609375
1.6318359375
1.560546875
1.47265625
0.9892578125
1.392578125
1.4765625
1.591796875
1.2294921875
0.923828125
0.892578125
1.353515625
1.337890625
1.0322265625
1.2607421875
1.2763671875
1.2978515625
1.111328125
1.37890625
