0 -0.000799124671123863 -0.00135328054841466 -0.0999876493948761 0 -9.93923337957349E-17 6.98852347001261E-18
0 3.5527136788005E-15 1.13686837721616E-13 2.8421709430404E-14 0 -9.93923337957349E-17 6.98852347001261E-18
0.0159999999996217 0.000799124671129192 0.00135328054852835 0.099987649394933 0 -9.93923337957349E-17 6.98852347001261E-18
0.0969999999997526 0.101974802630743 0.202487076683838 0.196469141099726 0.17361214204688 0.172024193405582 0.170261337009302
0.143999999999323 0.40375289489587 0.304581978619808 0.392700163182155 0.347740113408013 0.343527979254864 0.341045291937326
0.17699999999968 0.50393948479584 0.404371853022326 0.390548844764652 0.405897671859366 0.400579721256124 0.398089673434145
0.256999999999607 0.403143733613261 0.403219339255656 0.291357674514671 0.347740113408013 0.343527979254864 0.341045291937326
0.391999999999825 -0.000799124671123863 -0.00135328054841466 -0.0999876493948761 0 -9.93923337957349E-17 6.98852347001261E-18
0.455999999999221 0.100795751182584 0.00115251376678316 0.0991911702499806 0.0578134974568628 0.0573990282628612 0.0566958033537525
0.567999999999302 0.403942858284388 0.404572619804071 0.391345323909576 0.37082791463429 0.365910048444431 0.41082130756374
0.703999999999724 0.20117230447107 0.200933029353564 0.0956850125598976 0.231597406732196 0.229250099337334 0.227131179094016
0.719999999999345 0.200373179799945 0.199579748805149 -0.00430263683500698 0.103587945691021 0.149941918415083 0.148315345905798
0.752999999999702 0.100186589899975 0.0997898744027452 -0.00215131841750349 0.0578134974568628 0.0573990282628612 0.0566958033537525
0.783999999999651 -0.000799124671123863 -0.00135328054841466 -0.0999876493948761 0 -9.93923337957349E-17 6.98852347001261E-18
0.799999999999272 -0.000799124671123863 -0.00135328054841466 -0.0999876493948761 0 -9.93923337957349E-17 6.98852347001261E-18
0.832999999999629 0.000799124671129192 0.00135328054852835 0.099987649394933 0.0349462799251677 0.034716103900055 -0.0128966448076925
0.847999999999956 0.100795751182584 0.00115251376678316 0.0991911702499806 0.0578134974568628 0.0573990282628612 0.0566958033537525
0.8799999999992 0.101784839242226 0.102496435499575 0.197823980372277 0.115684191850539 0.114740464527238 0.113449563697755
0.911999999999352 0.202770553813322 0.203639590450507 0.295660311349678 0.231597406732196 0.229250099337334 0.227131179094016
0.959999999999127 0.303946231772935 0.404773386585816 0.3921418030545 0.347740113408013 0.343527979254864 0.341045291937326
1.00799999999981 0.403942858284388 0.404572619804071 0.391345323909576 0.405897671859366 0.400579721256124 0.398089673434145
1.02499999999964 0.403942858284388 0.404572619804071 0.391345323909576 0.405897671859366 0.400579721256124 0.398089673434145
1.05699999999979 0.303147107101809 0.403420106037402 0.292154153659595 0.347740113408013 0.343527979254864 0.341045291937326
1.07199999999921 0.302158019042166 0.30207618430461 0.19352134353727 0.277618428746749 0.321599989990703 0.318976315780496
1.14399999999932 0.100186589899975 0.0997898744027452 -0.00215131841750349 0.0578134974568628 0.0573990282628612 0.0566958033537525
1.20799999999963 3.5527136788005E-15 1.13686837721616E-13 2.8421709430404E-14 0 -9.93923337957349E-17 6.98852347001261E-18
1.23999999999978 0.100795751182584 0.00115251376678316 0.0991911702499806 0.0349462799251677 0.034716103900055 -0.0128966448076925
1.28899999999976 0.20178146575368 0.102295668717716 0.197027501227353 0.115684191850539 0.114740464527238 0.113449563697755
1.33599999999933 0.303756268384419 0.304782745401553 0.393496642327079 0.289640044411712 0.286418066589096 0.284059145584235
1.39999999999964 0.403942858284388 0.404572619804071 0.391345323909576 0.405897671859366 0.400579721256124 0.398089673434145
1.46399999999994 0.303147107101809 0.403420106037402 0.292154153659595 0.347740113408013 0.343527979254864 0.341045291937326
1.49599999999919 0.201362267859588 0.300923670537941 0.0943301732873465 0.231597406732196 0.229250099337334 0.227131179094016
1.54399999999987 0.100186589899975 0.0997898744027452 -0.00215131841750349 0.0578134974568628 0.0573990282628612 0.0566958033537525
1.59199999999964 3.5527136788005E-15 1.13686837721616E-13 2.8421709430404E-14 0 -9.93923337957349E-17 6.98852347001261E-18
1.67299999999977 0.100985714571101 0.10114315495116 0.0978363309774011 0.0806627509144083 0.127311750439273 0.0786809804867074
1.71999999999935 0.202770553813322 0.203639590450507 0.295660311349678 0.219550884837313 0.264438566222196 0.262031157887092
1.77599999999984 0.403942858284388 0.404572619804071 0.391345323909576 0.37082791463429 0.365910048444431 0.41082130756374
1.85599999999977 0.303147107101809 0.403420106037402 0.292154153659595 0.347740113408013 0.343527979254864 0.341045291937326
1.90499999999975 0.20117230447107 0.200933029353564 0.0956850125598976 0.196576429098748 0.194562466885064 0.23993719442109
1.93599999999969 0.200183216411428 0.0995891076208864 -0.00294779756242747 0.115684191850539 0.114740464527238 0.113449563697755
2.00799999999981 3.5527136788005E-15 1.13686837721616E-13 2.8421709430404E-14 0 -9.93923337957349E-17 6.98852347001261E-18
2.07199999999921 0.100605787794066 -0.0988381274175936 0.10054600952256 0.141343272393161 -0.0959234922974222 -0.0481320056186439
2.11999999999989 3.92711170622562E-05 -0.398609284188865 0.105407006485223 0.329708300090077 -0.23962820898734 -0.097051317318385
2.15199999999913 -0.199534784011751 -0.596835752445713 0.209697292715106 0.470814550945276 -0.383048426820426 -0.0986657659371354
2.18399999999929 -0.199724747400268 -0.69682639363009 0.211052131987685 0.552815554216635 -0.396152481767747 -0.112218740227029
2.26399999999921 -0.0991189596062068 -0.795664521047684 0.311598141510217 0.611957748780232 -0.479091879660292 -0.148102965060192
2.32899999999972 -0.299072941512051 -1.19387227167294 0.418598106285287 0.928877600044622 -0.684107194366288 -0.213804934411657
2.38400000000001 -0.299262904900568 -1.29386291285732 0.419952945557867 1.08170827570279 -0.862961508103672 -0.252760942503214
2.41599999999926 -0.299262904900568 -1.29386291285732 0.419952945557867 1.08170827570279 -0.862961508103672 -0.252760942503214
2.48099999999977 -0.39823117223532 -1.59092750853165 0.624789241310339 1.21046193592173 -0.924173091740131 -0.268356267598588
2.51199999999972 -0.497998564241197 -1.88934538475451 0.729637887667877 1.31627597466138 -1.05514424972961 -0.306848981517789
2.57600000000002 -0.697153421475919 -2.28619985483158 0.936625501837852 1.53847762434072 -1.21261948189107 -0.326407908986122
2.59199999999964 -0.597346758352982 -2.38639126279747 0.93718386196548 1.53847762434072 -1.21261948189107 -0.326407908986122
2.66399999999976 -0.699321560983721 -2.58887833948143 0.740714720865753 1.55011779220272 -1.29551260906297 -0.31530663983489
2.70399999999972 -0.899655469666602 -3.18706737247555 0.850424364185955 1.63136615410692 -1.35693342721958 -0.283323660555653
2.75999999999931 -0.997176179930559 -3.98002533242618 1.36199780448598 1.75920365653563 -1.46666994746476 -0.25350605227612
2.79299999999967 -0.99656701864795 -4.07866269306214 1.46334029315344 1.75920365653563 -1.46666994746476 -0.25350605227612
2.85599999999977 -1.09713353532495 -4.37843384983341 1.4682012901161 1.79367647278827 -1.48008917517671 -0.219738893812392
2.90499999999975 -1.29624912144262 -5.17389760409924 1.78059591077127 1.90995453856501 -1.5070563820734 -0.201019749436739
2.95199999999932 -1.69615708525431 -5.97031310534999 1.99459584032138 2.02540657801558 -1.58247891875828 -0.13585638814783
3.02499999999964 -1.69691693880837 -6.37027567008727 2.00001519741167 2.03754268639279 -1.61724002575016 -0.171839266387668
3.05699999999979 -1.69729686558541 -6.57025695245602 2.0027248759568 2.07194897182048 -1.63084648586791 -0.138185906584405
3.11999999999989 -2.09735552166856 -7.86527237908012 2.32348665126472 2.24480096646032 -1.65086480456156 -0.016516604532213
3.18399999999929 -2.39745682235732 -8.76187928829711 2.53804494094246 2.38325894480178 -1.65757045078865 0.0714607644770276
3.23199999999997 -2.29765015923438 -8.86207069626312 2.53860330107011 2.38325894480178 -1.65757045078865 0.0714607644770276
3.27999999999975 -2.49779410452875 -9.36026908807287 2.64695810511776 2.38222352253404 -1.70617835708135 0.117834117532526
3.3119999999999 -2.69751885192902 -10.0570954817028 2.85801023710545 2.41543130209113 -1.76874282424697 0.19773176133265
3.37599999999929 -2.99701099133517 -11.0523397515557 3.1739110154507 2.48276429987081 -1.84544642324756 0.311064692259739
3.40899999999965 -2.89720432821223 -11.1525311595218 3.17446937557833 2.48276429987081 -1.84544642324756 0.311064692259739
3.45599999999922 -2.99777084488924 -11.4523023162931 3.17933037254099 2.51700393284352 -1.85951287965016 0.344553308088106
3.48899999999958 -3.09711903900102 -11.949348194336 3.38687634683856 2.51568225583039 -1.90828298107876 0.390803335861185
3.56099999999969 -3.49637857041304 -13.2430103404116 3.80762577154138 2.67456913275684 -1.9446096412853 0.594331042732762
3.57600000000002 -3.49576940913044 -13.3416477010475 3.90896826020884 2.67456913275684 -1.9446096412853 0.594331042732762
3.64099999999962 -3.59694508709005 -13.5427814971829 3.81248676850404 2.70872189879451 -1.95890851481713 0.627750668797188
3.67299999999977 -3.59690581597299 -13.9413907813719 3.91789377498921 2.77854797275614 -1.93861501532977 0.648442099390556
3.73599999999988 -3.99757363333875 -15.13776884736 4.13731306162961 3.09058595583585 -1.92152780196012 0.810712145754417
3.76800000000003 -4.19813677652721 -15.4373392373495 4.1429705377372 3.19624508742074 -1.86689569378605 0.818806641982134
3.82399999999961 -4.09772095212166 -15.6361680059515 4.24487138653234 3.23040588258139 -1.8815253497996 0.852161710595629
3.90499999999975 -4.49701975465075 -16.5312208678382 4.56021380474994 3.5991789928677 -1.86156700076599 1.11767092954784
3.93599999999969 -4.79716032645656 -17.0292184928661 4.66936508794248 3.84159981299576 -1.86754877836432 1.25901034618175
3.98499999999967 -4.89711768185096 -17.4276270102732 4.77556857357266 3.96815673932005 -1.84408353177795 1.38313548846146
4.01599999999962 -4.89730764523947 -17.5276176514576 4.77692341284524 3.96815673932005 -1.84408353177795 1.38313548846146
4.09699999999975 -4.89871593119321 -17.4303335713702 4.57559327478285 4.02763261359495 -1.65267324923081 1.53915369140898
4.1279999999997 -4.89871593119321 -17.4303335713702 4.57559327478285 4.02881441946509 -1.51493848337647 1.63743063861047
4.14399999999932 -4.79773021662211 -17.3291904164191 4.67342960576022 4.05327773531309 -1.44602719677851 1.66196399116252
4.20799999999963 -4.89772684313357 -17.3289896496373 4.67422608490514 4.06619702708155 -1.34270453624883 1.72337652059812
4.27199999999993 -4.89852596780469 -17.3303429301858 4.57423843551027 4.03012714245333 -1.37719148650678 1.73568139018061
4.30399999999918 -4.8991351290873 -17.2317055695499 4.47289594684278 3.94826409328786 -1.36191182121196 1.75138668623328
4.36899999999969 -4.79875857579882 -17.0319250539631 4.4693897891527 3.85293178751116 -1.36194184975989 1.84960891888885
4.39999999999964 -4.79875857579882 -17.0319250539631 4.4693897891527 3.85293178751116 -1.36194184975989 1.84960891888885
4.47199999999975 -4.69857198589884 -16.9321351795604 4.4672384707352 3.82058907361389 -1.2969069557851 1.77031149519024
4.50399999999991 -4.69720297106217 -16.6308099754591 4.56316160231239 3.77476928436142 -1.24718771430888 1.77352616935569
4.5679999999993 -4.5980447403389 -16.2337547386003 4.35697046728734 3.69637102220267 -1.13265618169229 1.69720045940295
4.64799999999923 -4.49766818705042 -16.0339742230133 4.35346430959726 3.62771569758682 -1.1024368057943 1.62998171147639
4.68099999999959 -4.39790079504454 -15.7355563467906 4.24861566323972 3.53625672236535 -1.09188952253465 1.49248230628954
4.69599999999991 -4.29813340303866 -15.4371384705678 4.14376701688215 3.43162381624012 -1.09654949148115 1.43755979200631
4.7529999999997 -4.09962697820361 -14.5430373556659 3.73002990755955 3.05034899174848 -1.03296854986987 1.15906728954091
4.78399999999965 -3.99925042491512 -14.3432568400789 3.72652374986947 2.99318447939615 -1.03849337328453 1.05521300131951
4.86499999999978 -3.89948303290924 -14.0448389638564 3.62167510351188 2.93601229233196 -1.04417273821566 0.95137449057821
4.89599999999973 -3.79933571412633 -13.5464398052648 3.51411677860921 2.8679521040935 -1.1049532721969 0.741239106523192
4.95999999999913 -3.59824195188938 -12.5482882075333 3.39898777819869 2.6392963771972 -1.13019132791777 0.326305844286994
4.97599999999966 -3.598851113172 -12.4496508468974 3.29764528953123 2.61666953040836 -1.15085925601775 0.256377303054545
4.99199999999928 -3.49866452327202 -12.3498609724948 3.29549397111373 2.61666953040836 -1.15085925601775 0.256377303054545
5.0649999999996 -3.39889713126615 -12.051443096272 3.19064532475616 2.53613946370236 -1.22706457744531 0.129265318818442
5.09699999999975 -3.19856322258327 -11.453254063278 3.08093568143593 2.38596265228612 -1.32443703175046 -0.0186814996708605
5.15999999999985 -2.79709628054638 -10.2555227167413 2.96150404419043 2.08569927397645 -1.56886629310425 -0.267237619626268
5.19200000000001 -2.79751547844047 -10.0568947149211 2.85880671625037 2.0160563158444 -1.59011146608261 -0.288026966747472
5.25699999999961 -2.69694896176347 -9.75712355814983 2.85394571928774 2.00595284984637 -1.64612895450816 -0.393626271772526
5.27999999999975 -2.59699160636908 -9.3587150407426 2.74774223365762 2.06546996985253 -1.68081393253845 -0.478512866513025
5.34399999999914 -2.39669696880325 -8.3619167235596 2.53262558385217 2.09332469034352 -1.74455019849499 -0.785209230461612
5.42399999999998 -2.29753873807998 -7.9648614867009 2.32643444882717 2.10608154165384 -1.73105640958922 -0.867760618159937
5.45599999999922 -2.19697222140298 -7.66509032992963 2.32157345186451 2.11833698756803 -1.76577183503991 -0.903778967797522
5.50399999999991 -2.09724410051416 -6.96806316951802 2.11131779902178 2.05082067504008 -1.92644396665709 -1.0193670914607
5.53599999999915 -1.89550190587754 -6.46715821661121 2.20293829376394 2.07546319213663 -1.99586474226882 -1.09142886201887
5.60099999999966 -1.79615371176576 -5.97011233856824 1.9953923194663 2.03082840725211 -2.08699625517661 -1.18389250233935
5.6239999999998 -1.89516125021757 -5.86856765005371 2.09482160873361 2.03082840725211 -2.08699625517661 -1.18389250233935
5.69599999999991 -1.49403496384066 -5.26942687007477 2.08350665651841 1.92757611651839 -2.04759997913796 -1.28422101239844
5.70399999999972 -1.39346844716366 -4.96965571330338 2.07864565955578 1.94035625408588 -2.03430312327663 -1.36675914727588
5.76800000000003 -1.09374707325193 -4.27303008645526 1.86679704842314 1.83695363456977 -1.99531049819739 -1.46718465012705
5.79999999999927 -1.09355710986341 -4.17303944527089 1.86544220915056 1.80246649374429 -1.98237973429629 -1.5006813094323
5.86499999999978 -0.993370519963444 -4.07324957086826 1.86329089073305 1.73323989822009 -2.00446790609187 -1.52104674739803
5.89599999999973 -0.893793091346085 -3.87482233582978 1.75979708364807 1.61683567121534 -2.02679773989731 -1.49238977159557
5.97599999999966 -0.793036611280565 -3.47506053787424 1.75358124741282 1.39676777372685 -2.05855485349297 -1.51764811647545
6.00799999999981 -0.793036611280565 -3.47506053787424 1.75358124741282 1.36202642985744 -2.0935190989634 -1.50444190269094
6.05699999999979 -0.792047523220919 -3.37371661614134 1.85221405753518 1.39676777372685 -2.05855485349297 -1.51764811647545
6.08799999999974 -0.691251772038342 -3.37256410237478 1.9514052277851 1.43149797291168 -2.02358564016196 -1.53084598620478
6.10399999999936 -0.691061808649826 -3.27257346119052 1.95005038851252 1.46621703863872 -1.98861146511763 -1.54403552245891
6.17699999999968 -0.691481006543917 -3.07394545937018 1.84735306057252 1.51339652406738 -1.98843278535727 -1.59299546988188
6.25699999999961 -0.591484380032464 -3.07414622615192 1.84655658142756 1.46621703863872 -1.98861146511763 -1.54403552245891
6.28899999999976 -0.591294416643947 -2.97415558496755 1.84520174215501 1.44421567266699 -2.01070103353779 -1.61335544233857
6.34399999999914 -0.489509577401726 -2.87165914946809 2.04302572252729 1.40952276161862 -2.04568574375921 -1.60015073457156
6.39199999999983 -0.490118738684334 -2.77302178883224 1.94168323385981 1.38733150918276 -2.11548373938433 -1.62268565845605
6.45599999999922 -0.390921236844008 -2.7745758361624 1.84089910531998 1.35288390825717 -2.10281648330651 -1.6562119543237
6.47199999999975 -0.390921236844008 -2.7745758361624 1.84089910531998 1.36541325011704 -2.13763563906567 -1.69195230687876
6.48899999999958 -0.290924610332553 -2.77477660294414 1.84010262617505 1.36541325011704 -2.13763563906567 -1.69195230687876
6.5679999999993 -0.191537145103711 -2.67634000909015 1.73796365836264 1.33433613102075 -2.16930595554634 -1.91294143417528
6.60099999999966 -0.0907413939211317 -2.67518749532337 1.8371548286126 1.34691603673125 -2.20411711311897 -1.9486773624797
6.66399999999976 -0.191727108492229 -2.77633065027453 1.7393184976352 1.33433613102075 -2.16930595554634 -1.91294143417528
6.74399999999969 -0.391871053786591 -3.27452904208417 1.84767330168285 1.30920373499191 -2.09966839784811 -1.84150151711386
6.77599999999984 -0.391261892503982 -3.37316640272002 1.9490157903503 1.30920373499191 -2.09966839784811 -1.84150151711386
6.83999999999924 -0.391451855892498 -3.47315704390439 1.95037062962288 1.24012493295862 -2.12216288686448 -1.86176715828499
6.87299999999959 -0.492018372569504 -3.77292820067566 1.95523162658554 1.27471486747541 -2.08714203869034 -1.87504058283827
6.95199999999932 -0.891087940593012 -4.96659970556686 2.37462621201578 1.39093097671928 -2.06443170905642 -1.90373844651527
6.97599999999966 -0.891467867370045 -5.16658098793562 2.37733589056091 1.35641375290406 -2.05190166928212 -1.93727432874658
7.05699999999979 -0.892646918818205 -5.36791555085267 2.28005791971117 1.36897552743271 -2.08671273696044 -1.97299661639425
7.08799999999974 -0.991805149541474 -5.76497078771149 2.48624905473616 1.40351539224417 -2.05166596597017 -1.98626051271428
7.16799999999967 -1.29129728894762 -6.76021505756421 2.80214983308142 1.46005177783917 -1.99435398178012 -1.93022772381577
7.19999999999982 -1.29228637700726 -6.861558979297 2.70351702295912 1.46005177783917 -1.99435398178012 -1.93022772381577
7.27999999999975 -1.29125801783056 -7.15882434175319 2.90755683956661 1.47256127096613 -2.07675718669834 -1.91922057800326
7.3119999999999 -1.2912187467135 -7.55743362594217 3.0129638460518 1.47247643033479 -2.12438534715602 -1.87247491549353
7.40899999999965 -1.29155940237348 -8.15602419249967 3.12108053108216 1.49724734655724 -2.28926751694476 -1.85066291883371
7.4409999999998 -1.291749365762 -8.25601483368405 3.12243537035474 1.49724734655724 -2.28926751694476 -1.85066291883371
7.50399999999991 -1.49067498849114 -8.9514879467655 3.4334751517373 1.53137933031923 -2.34964930798452 -1.77059323440943
7.52799999999934 -1.59063234388554 -9.34989646417273 3.53967863736742 1.53104301673022 -2.39738019756324 -1.72395453335277
7.60799999999927 -1.69157878733957 -9.84964890331264 3.54724931287521 1.53065023266664 -2.44512966664909 -1.67733259504731
7.65599999999995 -1.79275446529918 -10.0507826994481 3.45076782117042 1.61183095532573 -2.50549712919042 -1.64655879243768
7.71999999999935 -2.1928523924994 -10.9471888418831 3.66612258999314 1.87734911305458 -2.61754697639587 -1.53215227532854
7.7529999999997 -2.39360549907637 -11.346749873057 3.6731349053733 2.00505973464316 -2.7261259575831 -1.50477734303919
7.82399999999961 -2.39417538924192 -11.64672179661 3.67719942319101 2.08595354146608 -2.78707291921794 -1.47466418182469
7.85599999999977 -2.49375281785928 -11.8451490316485 3.780693230276 2.12086383682744 -2.75210799818753 -1.48786233010059
7.91999999999916 -2.89385074505949 -12.7415551740837 3.99604799909869 2.25834926179067 -2.75682925675723 -1.40171118307493
7.96799999999985 -3.19399131686531 -13.2395527991116 4.10519928229124 2.37412869726892 -2.78311019534689 -1.38498408778142
8.04799999999977 -3.09456458051941 -13.5397254894464 4.10846732096402 2.40908550605623 -2.74814937031299 -1.39812910685537
8.09699999999975 -3.1945219359138 -13.9381340068536 4.21467080659417 2.51161029802015 -2.78834682175961 -1.29896407974411
8.15199999999913 -3.29326096874297 -14.5338172455325 4.52355926955926 2.67084432761833 -2.77292530401061 -1.1435444934728
8.18399999999929 -3.29364089552001 -14.7337985279013 4.52626894810439 2.7059112314709 -2.73799563876478 -1.15661598070331
8.26399999999921 -3.39500653686814 -15.034922965221 4.43114229567215 2.73911392217758 -2.8001746805314 -1.07752818895994
8.3119999999999 -3.59553040893954 -15.7331026393994 4.54220677826493 2.79391443114721 -2.84166652813044 -0.929028066436333
8.37599999999929 -3.89525178285126 -16.4297282662476 4.75405538939756 2.83620775049341 -2.84891448817057 -0.74404018607322
8.39999999999964 -3.89525178285126 -16.4297282662476 4.75405538939756 2.83620775049341 -2.84891448817057 -0.74404018607322
8.46399999999994 -3.99581829952826 -16.7294994230189 4.75891638636023 2.92727624665096 -2.80734602486804 -0.654547718157321
8.49599999999919 -4.19615220821114 -17.3276884560129 4.8686260296804 3.1205385275001 -2.80816003250207 -0.466115303137997
8.57600000000002 -4.49606354551138 -18.1243047240455 5.08182948008562 3.4405960766344 -2.73456713282409 -0.200854368056635
8.65599999999995 -4.59663006218839 -18.4240758808166 5.08669047704825 3.49647480921869 -2.72896681203343 -0.0982329250838936
8.68799999999919 -4.69658741758278 -18.8224843982239 5.19289396267837 3.58632920679735 -2.73805406681054 0.0373021646617167
8.75999999999931 -5.19767105935409 -19.8200336956099 5.31041240052372 3.89137308605544 -2.73260845035572 0.43114512273383
8.83999999999924 -5.29724848797145 -20.0184609306485 5.41390620760868 3.94907852488278 -2.67847485877634 0.488302671958221
8.87299999999959 -5.29584020201772 -20.115745010736 5.61523634567106 4.06469618003493 -2.70802628838719 0.504273942703581
8.91999999999916 -5.29599089428917 -20.6143449361093 5.72199819142881 4.27391564144345 -2.64911211646877 0.564778733506946
9 -5.39575828629505 -20.9127628123319 5.82684683778638 4.45930384492 -2.65945875852955 0.600735496023689
9.0649999999996 -5.39594824968356 -21.0127534535163 5.82820167705896 4.51526910860829 -2.65568618150265 0.70348980278312
9.09699999999975 -5.49712392764318 -21.2138872496517 5.73172018535411 4.57122393886729 -2.65206613434892 0.806256620287416
9.10399999999936 -5.59731051754315 -21.3136771240543 5.73387150377161 4.66313915731945 -2.61397573145229 0.896507944636052
9.16799999999967 -5.49628553185499 -21.6111432532922 5.93711484123421 4.78902007392912 -2.5915795629009 1.0195646458973
9.19999999999982 -5.49647549524351 -21.7111338944766 5.93846968050678 4.82290755890292 -2.60712283803287 1.05229502651554
9.26399999999921 -5.59826033448573 -21.813630329976 5.74064570013448 4.81113138562164 -2.57294223987338 1.08966619419141
9.35999999999967 -5.69859761665716 -22.4120201297519 5.84955886430978 4.88402936729458 -2.36662111032561 1.16441784790564
9.37599999999929 -5.79878420655713 -22.5118100041544 5.85171018272729 4.88402936729458 -2.36662111032561 1.16441784790564
9.44899999999961 -5.79878420655713 -22.5118100041544 5.85171018272729 4.88402936729458 -2.36662111032561 1.16441784790564
9.46399999999994 -5.79878420655713 -22.5118100041544 5.85171018272729 4.83626676420428 -2.36702036366043 1.21419112016227
9.54399999999987 -5.89699262033781 -22.4089120350914 6.05112712138944 4.67281564563029 -2.3365956065691 1.24796108945582
9.57600000000002 -5.89699262033781 -22.4089120350914 6.05112712138944 4.62502049608271 -2.33692252124367 1.29765852129866
9.64099999999962 -5.89699262033781 -22.4089120350914 6.05112712138944 4.55500978489349 -2.35595222408014 1.27721253826009
9.67299999999977 -5.89699262033781 -22.4089120350914 6.05112712138944 4.52107536912428 -2.34046133927232 1.24431362935258
9.73599999999988 -5.79779511849749 -22.4104660824215 5.95034299284961 4.33539888874698 -2.32903546876948 1.20764600545101
9.76800000000003 -5.79779511849749 -22.4104660824215 5.95034299284961 4.2536462837717 -2.3139296912152 1.2242856770301
9.82399999999961 -5.7984042797801 -22.3118287217857 5.84900050418216 4.2176046478869 -2.348484438636 1.23678336315258
9.83999999999924 -5.79920340445122 -22.3131820023341 5.74901285478722 4.2176046478869 -2.348484438636 1.23678336315258
9.91999999999916 -5.89904933869122 -21.8143813101791 5.6430474881744 4.01041567453756 -2.21887710846855 1.22831967866992
9.95199999999932 -5.99946516309676 -21.6155525415772 5.54114663937929 3.9188645065655 -2.11971656071182 1.23602575064671
10.0319999999992 -5.90007769786792 -21.517115947723 5.43900767156688 3.837075660745 -2.10470407369102 1.25230147051677
10.0479999999998 -5.8998877344794 -21.4171253065387 5.4376528322943 3.80306090495726 -2.08958393679646 1.21914911154215
10.1279999999997 -5.99775549260011 -20.7156367709182 5.52895308592613 3.43431921542622 -1.74326955418797 1.29282524384217
10.1599999999999 -5.89817806398275 -20.5172095358796 5.42545927884115 3.26062832354596 -1.62954704806262 1.31487604285515
10.2079999999996 -5.89779813720572 -20.3172282535108 5.42274960029602 3.21468141026031 -1.58015777174367 1.31793953404306
10.2239999999993 -5.89779813720572 -20.3172282535108 5.42274960029602 3.21468141026031 -1.58015777174367 1.31793953404306
10.3119999999999 -5.89547930542646 -19.5159498434878 5.51189853551031 3.09923934503264 -1.41222589809079 1.39681908421962
10.3289999999997 -5.7959018768091 -19.3175226084492 5.40840472842532 3.05325168011113 -1.36285779663697 1.39965265209498
10.3919999999998 -5.89734606039134 -18.821428477391 5.10246406302272 2.92534311372112 -1.29867873887777 1.41763341382124
10.4089999999997 -5.79734943387989 -18.8216292441728 5.10166758387777 2.92534311372112 -1.29867873887777 1.41763341382124
10.4889999999996 -5.69701215170846 -18.223239444397 4.99275441970249 2.87931757700324 -1.24935537248638 1.42029120220839
10.5209999999997 -5.49667824302558 -17.625050411403 4.88304477638229 2.81070805246677 -1.22010226097997 1.352858854697
10.5839999999998 -5.39714008552528 -17.0280138921754 4.67414396281211 2.73028974190302 -1.15629736992286 1.32163471539547
10.6009999999997 -5.39695012213676 -16.928023250991 4.67278912353953 2.69446579343575 -1.19082149039024 1.33414851636834
10.6879999999992 -5.19840442618465 -16.4325314202783 4.3644590207021 2.43835260951205 -1.06309282109237 1.36864247265694
10.7199999999993 -5.09783790950765 -16.1327602635071 4.35959802373944 2.31023957945897 -0.999312859299996 1.38554547306521
10.7999999999993 -4.99769059072474 -15.6343611049156 4.25203969883677 2.10010196100617 -0.920997897275308 1.41674335755032
10.8159999999998 -4.99769059072474 -15.6343611049156 4.25203969883677 2.10010196100617 -0.920997897275308 1.41674335755032
10.8959999999997 -4.99434339976878 -15.1303480573486 4.54522845065858 2.04211402306012 -0.837086230439652 1.45457804547673
10.9119999999994 -4.89377688309177 -14.8305769005772 4.54036745369592 2.03033844964312 -0.802242749010135 1.49048191244748
10.9919999999993 -4.79583697493372 -14.2362469424468 4.13149134133593 1.90209995846057 -0.738579607480396 1.5065685674668
11.0079999999998 -4.79583697493372 -14.2362469424468 4.13149134133593 1.90209995846057 -0.738579607480396 1.5065685674668
11.1039999999994 -4.69432064131413 -13.4365225797537 4.11985614801043 1.89032848630666 -0.703703122083883 1.54239785414756
11.1119999999992 -4.59455324930826 -13.1381047035309 4.01500750165289 1.8785660719921 -0.668821828254992 1.57821738419472
11.1769999999997 -4.49440593052535 -12.6397055449395 3.90744917675016 1.8785660719921 -0.668821828254992 1.57821738419472
11.2079999999996 -4.49421596713683 -12.5397149037551 3.90609433747761 1.8785660719921 -0.668821828254992 1.57821738419472
11.2889999999998 -4.19350550516546 -11.7417453551741 3.79287853646733 1.78810796204399 -0.61272563500085 1.39322067851751
11.3199999999997 -3.89298500658261 -11.0437664477774 3.68101757472962 1.74375796333936 -0.605992709317495 1.20659874316867
11.384 -3.5938727939535 -10.2485034602934 3.3678264749295 1.63005649050562 -0.571934364905284 0.951570688367557
11.3999999999996 -3.49368620405353 -10.1487135858908 3.365675156512 1.63005649050562 -0.571934364905284 0.951570688367557
11.4159999999993 -3.49368620405353 -10.1487135858908 3.365675156512 1.63005649050562 -0.571934364905284 0.951570688367557
11.4959999999992 -3.19278577869365 -9.25075339612545 3.25110451622916 1.64383468896082 -0.649509191620839 0.727834169455672
11.5119999999997 -3.09301838668777 -8.95233551990248 3.1462558698716 1.65574909822004 -0.684410378608869 0.692148667485479
11.5679999999993 -2.59433211892984 -7.95884606416178 2.72877448384159 1.59966301933192 -0.783140704409898 0.447007237474269
11.6009999999997 -2.49414552902987 -7.85905618975926 2.72662316542409 1.59966301933192 -0.783140704409898 0.447007237474269
11.6809999999996 -2.39357901235287 -7.5592850329881 2.72176216846142 1.56431546239956 -0.817802656307811 0.459739000533437
11.7599999999993 -1.99325185064708 -6.96149753355746 2.61045956685135 1.50636726425592 -0.873842436555149 0.402726931404107
11.7759999999998 -1.99386101192969 -6.8628601729215 2.50911707818383 1.50636726425592 -0.873842436555149 0.402726931404107
11.8729999999996 -1.99310115837562 -6.46289760818411 2.50369772109354 1.55296384532806 -0.922268710709355 0.401142871192738
11.9049999999997 -1.89314380298123 -6.0644890907771 2.39749423546343 1.55296384532806 -0.922268710709355 0.401142871192738
11.9519999999993 -1.59300323117541 -5.5664914657491 2.28834295227085 1.61156178852494 -1.00559783561574 0.363789526095249
11.9679999999998 -1.59262330439838 -5.36651018338034 2.28563327372569 1.61156178852494 -1.00559783561574 0.363789526095249
12.0569999999998 -1.49304587578102 -5.16808294834186 2.18213946664073 1.62358899211498 -1.04047924575311 0.328067968679942
12.0879999999997 -1.29328185726369 -4.86986583890086 2.07649434113824 1.64767048950159 -1.11022741282084 0.256594747476759
12.1519999999991 -0.893753820229025 -4.27343162001876 1.86520409013326 1.75367123251886 -1.1936451726956 0.170402761559534
12.1839999999993 -0.894173018123118 -4.07480361819853 1.7625067621932 1.76573694343135 -1.22848523157007 0.134594281266921
12.2489999999998 -0.894173018123118 -4.07480361819853 1.7625067621932 1.76573694343135 -1.22848523157007 0.134594281266921
12.2799999999997 -0.89337389345199 -4.07345033765 1.8624944115881 1.81230456429554 -1.27688322042496 0.132637592391358
12.3599999999997 -0.793187303552021 -3.97366046324737 1.8603430931706 1.83562127928882 -1.39482671246341 0.107575181547793
12.4559999999992 -0.793377266940537 -4.07365110443175 1.86169793244318 1.87093427931191 -1.36011032508865 0.0947478622925857
12.5209999999997 -0.694749655265761 -4.37517707531515 1.76497832172106 1.83562127928882 -1.39482671246341 0.107575181547793
12.5519999999997 -0.595132955531342 -4.57535912446565 1.76689152112127 1.8477171581014 -1.42964051307073 0.0716980057198121
12.6329999999998 -0.595322918919861 -4.67534976565003 1.76824636039385 1.8477171581014 -1.42964051307073 0.0716980057198121
12.6959999999999 -0.694900347537221 -4.87377700068839 1.87174016747883 1.87006015951119 -1.40843870513568 0.141371042958793
12.7839999999997 -0.894854329443067 -5.27198475131377 1.97874013225388 1.87006015951119 -1.40843870513568 0.141371042958793
12.8649999999998 -0.8952342562201 -5.47196603368241 1.98144981079901 1.87006015951119 -1.40843870513568 0.141371042958793
12.9599999999991 -1.2947230221377 -6.46700953675338 2.29814706828921 1.88214873898168 -1.44324631267944 0.10547562281847
13.0249999999996 -1.19510632240328 -6.66719158590399 2.30006026768942 1.88214873898168 -1.44324631267944 0.10547562281847
13.1039999999994 -1.5958134108861 -7.46496036770327 2.41407254784465 1.85892158084635 -1.51276656868362 0.0824151889585152
13.1369999999997 -1.8947356601267 -8.16023271400297 2.7259088083722 1.85892158084635 -1.51276656868362 0.0824151889585152
13.2079999999996 -1.99549214019222 -8.55999451195862 2.73212464460741 1.85892158084635 -1.51276656868362 0.0824151889585152
13.2889999999998 -2.19521688759249 -9.25682090558848 2.9431767765951 1.89331729274373 -1.52639414966738 0.116156240205512
13.3199999999997 -2.49554742278683 -9.85480917180087 3.05368289906019 1.92770241088305 -1.54005511619918 0.149886180118475
13.384 -2.79526879669855 -10.551434798649 3.26553151019286 1.99745581699702 -1.51904819003405 0.17078147071479
13.4809999999998 -2.79560945235852 -11.1500253652067 3.37364819522318 2.01976888809267 -1.4980035933064 0.240474743616086
13.5439999999999 -3.194299093605 -12.1437155877292 3.79033310210826 2.2161268654773 -1.44919796131309 0.385819351281214
13.576 -3.19486898377055 -12.4436875112822 3.794397619926 2.28597729226468 -1.42844982601078 0.406790458414269
13.6479999999992 -3.29543550044755 -12.7434586680536 3.79925861688864 2.35473797859905 -1.45640776116258 0.474189076510644
13.6639999999998 -3.29562546383607 -12.8434493092378 3.80061345616122 2.4365856413618 -1.47048521816978 0.459015855308293
13.7359999999999 -3.59511760324222 -13.8386935790905 4.11651423450641 2.76129636096468 -1.48607178564778 0.586539132164497
13.808 -3.69667320797887 -14.2398086575946 4.02274242134678 2.87619780538548 -1.56360727615762 0.650928080758145
13.8729999999996 -3.89563810182507 -14.5366724864873 4.22837519624417 2.9223741238209 -1.4741046904882 0.74459496162284
13.9519999999993 -4.29474694096564 -15.3317347071896 4.54236277518919 2.99014198585076 -1.27519520332004 1.05109862076001
13.9849999999997 -4.39512349425412 -15.5315152227766 4.54586893287927 2.97836419393034 -1.24057125454589 1.08746520868931
14.0479999999998 -4.39512349425412 -15.5315152227766 4.54586893287927 2.88470469935933 -1.19133014566242 1.13896293693112
14.1369999999997 -4.29413777968303 -15.4303720678255 4.64370526385665 2.56926051767133 -1.0289941441269 1.25879731774389
14.1999999999998 -4.39413440619448 -15.4301713010437 4.64450174300157 2.47554899163369 -0.979658281978212 1.30971283310105
14.2639999999992 -4.39436364070006 -15.1315526580393 4.54044957578898 2.3234129989827 -0.985244773907011 1.30303736054962
14.2959999999994 -4.39478283859415 -14.9329246562189 4.43775224784892 2.22965853627261 -0.935887454562156 1.35368625756461
14.3759999999993 -4.2946747909283 -14.0359162134386 4.22478691646106 1.86591131098847 -0.912159167796562 1.42416117364969
14.4559999999992 -4.2925066514205 -13.7332377287886 4.4206976974331 1.86727356014034 -0.863532502157771 1.37752814932301
14.4889999999996 -3.99076783027243 -13.2325335426636 4.51152171303033 1.92822511712007 -0.711037282975434 1.34158449851826
14.5439999999999 -3.29292670527978 -11.8421896168459 3.88705271283035 1.85090757520629 -0.363164387289494 1.26361882097943
14.6239999999998 -3.29395506445648 -11.5449242543898 3.68301289622286 1.87477808142537 -0.293737551714426 1.28684881345113
14.6879999999992 -3.09263206771396 -10.8453912996628 3.67193606302499 1.9000297720245 -0.266464293490193 1.1217557834361
14.768 -2.79257003814226 -9.55017510625714 3.351970766862 1.93752618229254 -0.225653717781741 0.874056404523023
14.7999999999993 -2.69219348485377 -9.35039459067013 3.34846460917191 1.97295623246054 -0.191032925942451 0.861523578232768
14.8729999999996 -2.49265870084202 -8.75355883822465 3.13876731645684 1.97224583943518 -0.378697426289155 0.813605604899834
14.9679999999998 -1.6946309859494 -7.26342503800424 2.51214699783932 1.98388964321743 -0.879462756825777 0.540032378964691
15.0079999999998 -1.69505018384349 -7.06479703618402 2.40944966989929 2.0303914758613 -0.928085021933915 0.538150535268689
15.0479999999998 -1.69406109578385 -6.96345311445111 2.50808248002159 2.01846763178059 -0.893271303018403 0.574032261896414
15.1199999999999 -1.0935899887837 -5.86746722321095 2.28842507436389 2.12391150232293 -0.837809476275224 0.582716880744263
15.1839999999993 -0.995040919343037 -5.37177462571628 1.98089145067138 2.11202119659578 -0.80300891214202 0.618623898757377
15.2489999999998 -0.994660992566004 -5.17179334334764 1.97818177212625 2.11202119659578 -0.80300891214202 0.618623898757377
15.3119999999999 -0.695928706713923 -4.57651163823232 1.66770035087134 2.05389312679376 -0.858616249396495 0.561368672900441
15.3919999999998 -0.395598171519588 -3.97852337201982 1.55719422840619 1.99582090151374 -0.914282732025504 0.504168976876049
15.4409999999998 -0.395598171519588 -3.97852337201982 1.55719422840619 2.0303914758613 -0.928085021933915 0.538150535268689
15.5039999999999 -0.395218244742553 -3.77854208965118 1.55448454986103 2.11230331478537 -0.942062190177531 0.523537729158326
15.5209999999997 -0.395218244742553 -3.77854208965118 1.55448454986103 2.11230331478537 -0.942062190177531 0.523537729158326
15.5679999999993 -0.395827406025164 -3.67990472901533 1.45314206119352 2.15878163674375 -0.990716357854914 0.521539024654056
15.6239999999998 -0.295640816125195 -3.58011485461282 1.45099074277601 2.19420733768097 -0.956049778953566 0.508873434638163
15.6559999999999 -0.294841691454067 -3.57876157406429 1.55097839217095 2.24067876895619 -1.00471962125551 0.506815721006043
15.7199999999993 -0.294651728065551 -3.47877093287991 1.54962355289837 2.42736688431384 -1.15087513993204 0.451547474719582
15.7999999999993 -0.294651728065551 -3.47877093287991 1.54962355289837 2.60203508021837 -1.26240131887801 0.431752568250146
15.8649999999998 -0.398526164581458 -4.68116442140729 1.36670280452438 2.56756301975704 -1.24833903157592 0.398027701865739
15.9279999999999 -1.00366781406041 -9.07413491063403 1.83104520496681 2.62589525311534 -1.33175357335481 0.359364824541659
15.9919999999993 -1.30600940429431 -11.5692387982521 2.16726857240067 2.67326540920519 -1.33171414032119 0.310474968462475
16.04 -1.30657929445986 -11.869210721805 2.17133309021838 2.67326540920519 -1.33171414032119 0.310474968462475
16.0649999999996 -1.30752911140245 -12.3691639277267 2.17810728658125 2.67326540920519 -1.33171414032119 0.310474968462475
16.1199999999999 -1.60797106775118 -13.8643614035013 2.50078226128934 2.70868096264769 -1.29700104561303 0.297802555322302
16.192 -1.70963809364222 -15.1626856915675 2.61917930037262 2.74408598592306 -1.26228294522531 0.285138774919341
16.2079999999996 -1.70963809364222 -15.1626856915675 2.61917930037262 2.74408598592306 -1.26228294522531 0.285138774919341
16.2569999999996 -1.71043721831335 -15.164038972116 2.51919165097775 2.70868096264769 -1.29700104561303 0.297802555322302
16.3199999999997 -1.7088389689711 -15.1613324110191 2.71916694976755 2.66132997581093 -1.29705146322535 0.34669206806505
16.3519999999999 -1.70864900558258 -15.0613417698347 2.71781211049498 2.61396051145672 -1.29707993649115 0.395563668548612
16.4159999999993 -1.70944813025371 -15.0626950503831 2.61782446110004 2.57850663514882 -1.33177105497244 0.408236763789929
16.4809999999998 -1.70746995413442 -14.8600072069175 2.81509008134475 2.61396051145672 -1.29707993649115 0.395563668548612
16.5359999999991 -1.70750922525148 -14.4613979227286 2.70968307485953 2.54501980465138 -1.26900157174693 0.328138918209357
16.6009999999997 -1.7087275478167 -14.2641232014569 2.50699809752459 2.50960193906996 -1.30370376472847 0.340826296886818
16.6639999999998 -1.60854095791673 -14.1643333270545 2.50484677910708 2.54501980465138 -1.26900157174693 0.328138918209357
16.7279999999992 -1.7075877674856 -13.6641793543508 2.49886906188914 2.46317782258499 -1.25501634346171 0.343229682382212
16.7929999999997 -1.60801033886824 -13.4657521193124 2.39537525480415 2.45123158949437 -1.22030756853734 0.379345558278806
16.8649999999998 -1.6076304120912 -13.2657708369437 2.39266557625902 2.45123158949437 -1.22030756853734 0.379345558278806
16.8799999999992 -1.60744044870269 -13.1657801957593 2.39131073698644 2.45123158949437 -1.22030756853734 0.379345558278806
16.8959999999997 -1.60725048531417 -13.065789554575 2.38995589771386 2.43929461307649 -1.18559383196152 0.415451485004425
16.9599999999991 -1.50729312991978 -12.6673810371678 2.28375241208374 2.40479357045313 -1.17162445178218 0.381662798912685
17.04 -1.50611407847162 -12.4660464742507 2.38103038293349 2.40479357045313 -1.17162445178218 0.381662798912685
17.1119999999992 -1.50615334958868 -12.0674371900617 2.27562337644832 2.35833947108577 -1.1229570642167 0.383922107875897
17.1839999999993 -1.50619262070574 -11.6688279058728 2.17021636996313 2.31098930357943 -1.12290479855668 0.432647564883035
17.2569999999996 -1.40520690613464 -11.5676847509218 2.2680527009405 2.31098930357943 -1.12290479855668 0.432647564883035
17.3359999999993 -1.40505621386318 -11.0690848255485 2.16129085518273 2.26453046686233 -1.07424155117876 0.434819624624315
17.4159999999993 -1.40467628708615 -10.8691035431798 2.1585811766376 2.25260003010767 -1.0394830482379 0.470822631827397
17.4889999999996 -1.30391980702063 -10.4693417452241 2.15236534040235 2.25260003010767 -1.0394830482379 0.470822631827397
17.5679999999993 -1.30376911474917 -9.9707418198509 2.04560349464455 2.20612676816138 -0.990824443053802 0.472908558284516
17.6479999999992 -1.30357915136065 -9.87075117866652 2.044248655372 2.20612676816138 -0.990824443053802 0.472908558284516
17.7279999999992 -1.20263270790662 -9.37099873952661 2.03667797986418 2.11230331478537 -0.942062190177531 0.523537729158326
17.7999999999993 -1.20286194241219 -9.07238009652201 1.93262581265159 2.11230331478537 -0.942062190177531 0.523537729158326
17.8329999999996 -1.20206281774107 -9.0710268159736 2.03261346204647 2.11230331478537 -0.942062190177531 0.523537729158326
17.8959999999997 -1.10149630106406 -8.77125565920244 2.02775246508381 2.10038626201509 -0.907265522204616 0.559456089468293
17.9279999999999 -1.10172553556964 -8.47263701619772 1.92370029787122 2.06580846705195 -0.893424090968242 0.525478533314009
18.0079999999998 -1.10115564540409 -8.17266509264471 1.91963578005348 2.06580846705195 -0.893424090968242 0.525478533314009
18.04 -1.10115564540409 -8.17266509264471 1.91963578005348 2.06580846705195 -0.893424090968242 0.525478533314009
18.0569999999998 -1.10115564540409 -8.17266509264471 1.91963578005348 2.05389312679376 -0.858616249396495 0.561368672900441
18.0719999999992 -1.10096568201557 -8.07267445146033 1.91828094078093 2.05389312679376 -0.858616249396495 0.561368672900441
18.1279999999997 -1.10081498974411 -7.5740745260872 1.81151909502316 1.97196746692256 -0.84463789731789 0.575885874388793
18.2239999999993 -1.00043843645563 -7.37429401050019 1.80801293733307 1.97196746692256 -0.84463789731789 0.575885874388793
18.2889999999998 -0.999678582901558 -6.9743314457628 1.80259358024279 1.96005436359864 -0.809808159612462 0.611729475143914
18.384 -0.9995278906301 -6.47573152038945 1.69583173448504 1.91353907087092 -0.761179871012368 0.613496975043702
18.4489999999996 -0.898732139447519 -6.47457900662278 1.79502290473496 1.94815032422675 -0.774973549813215 0.647563193216128
18.5279999999993 -0.89934130073013 -6.37594164598681 1.69368041606754 1.98358318105742 -0.740330515605654 0.63491755036521
18.5609999999997 -0.89934130073013 -6.37594164598681 1.69368041606754 2.01820163555764 -0.754163429412248 0.668979814306584
18.6079999999993 -0.79854554954755 -6.37478913222014 1.79287158631746 2.01820163555764 -0.754163429412248 0.668979814306584
18.6239999999998 -0.898542176059005 -6.3745883654384 1.79366806546241 2.01820163555764 -0.754163429412248 0.668979814306584
18.6409999999996 -0.898542176059005 -6.3745883654384 1.79366806546241 2.01820163555764 -0.754163429412248 0.668979814306584
18.7199999999993 -1.00089690546678 -6.77705672449099 1.59990860290785 1.88890915763162 -0.739916017050351 0.731838302964067
18.7929999999997 -1.09986517280153 -7.07412132016543 1.80474489866029 1.80694726145975 -0.725875238904096 0.746164823561763
18.8729999999996 -1.20062165286705 -7.47388311812108 1.8109607348955 1.85430109446363 -0.726115494042769 0.697742772231022
18.9359999999997 -1.59889209621943 -8.66620134246386 2.33034296972062 1.85585315293299 -0.629324159627188 0.604207320123551
18.9519999999993 -1.69926864950792 -8.86598185805065 2.3338491274107 1.86775315817448 -0.664181326974547 0.568439969326546
19.0479999999998 -1.80002512957344 -9.26574365600629 2.34006496364594 1.79840287788691 -0.636806042932612 0.500176895715417
19.1039999999994 -2.19970385887956 -10.3607778002615 2.6581170604087 1.68235799879095 -0.561107981915764 0.433373381107862
19.1369999999997 -2.49923526940276 -10.9574127859255 2.86861083226873 1.60093960859666 -0.499152652320028 0.400590020827993
19.2169999999996 -2.49919599828571 -11.3560220701145 2.97401783875392 1.56617872914543 -0.485672180952 0.366348853185266
19.2639999999992 -2.59957255157419 -11.5558025857014 2.97752399644401 1.60142638488607 -0.450980419328261 0.353654441363759
19.3439999999991 -2.99986044216292 -12.5521993693209 3.19423360453931 1.67189045326403 -0.381581956924492 0.328290838291207
19.3999999999996 -2.99883208298622 -12.8494647317771 3.3982734211468 1.67189045326403 -0.381581956924492 0.328290838291207
19.4639999999999 -2.99982117104586 -12.9508086535097 3.2996406110245 1.71862513819286 -0.429966911821452 0.32690098737794
19.5439999999999 -3.19817690360945 -13.3463098430382 3.60661587458932 1.82345979256153 -0.609924407753554 0.335064626632772
19.6079999999993 -3.1991659916691 -13.447653764771 3.50798306446703 1.8001323007107 -0.67948378077837 0.312022023865538
19.6239999999998 -3.1991659916691 -13.447653764771 3.50798306446703 1.8001323007107 -0.67948378077837 0.312022023865538
19.6879999999992 -3.29950327384053 -14.0460435645469 3.61689622864228 1.97466822738133 -0.838528217375493 0.340927011059435
19.7599999999993 -3.70097021587741 -15.2437749110835 3.73632786588783 2.25389612582333 -1.12987388130608 0.328949819626282
19.8239999999996 -3.60116355275448 -15.3439663190495 3.73688622601546 2.30037692100131 -1.17848745409952 0.326750973905284
19.9049999999997 -3.90263386827991 -16.541898432368 3.85552138411606 2.31143955139778 -1.26181370045975 0.337203783526057
19.9199999999992 -3.90358368522249 -17.0418516382897 3.86229558047893 2.3578787165859 -1.31045925810585 0.334890247353836
19.9849999999997 -4.10448748407093 -17.9400125948368 3.97606974161684 2.43972291627549 -1.32442284745733 0.319807018171159
20.04 -4.00468082094799 -18.040204002803 3.97662810174447 2.4043019472962 -1.35912052148235 0.332518825554445
20.1039999999994 -4.30364234130565 -18.3368670649137 4.18305735578676 2.4043019472962 -1.35912052148235 0.332518825554445
20.1839999999993 -4.70119220222102 -18.7306134403303 4.59161322703642 2.45070932602793 -1.40779742776032 0.3300895164758
20.2239999999993 -4.70199132689215 -18.7319667208787 4.49162557764151 2.41526834215941 -1.44249049697884 0.342811134284977
20.2569999999996 -4.70218129028066 -18.831957362063 4.49298041691409 2.41526834215941 -1.44249049697884 0.342811134284977
20.3359999999993 -4.70294114383473 -19.2319199268005 4.49839977400438 2.41628386229942 -1.39383123785266 0.296399598274212
20.3999999999996 -4.70313110722325 -19.3319105679848 4.49975461327696 2.38086086859873 -1.42852982523662 0.309128341788718
20.4639999999999 -4.8031277337347 -19.331709801203 4.50055109242189 2.4043019472962 -1.35912052148235 0.332518825554445
20.4809999999998 -4.80232860906358 -19.3303565206546 4.60053874181679 2.4043019472962 -1.35912052148235 0.332518825554445
20.5439999999999 -4.80152948439245 -19.3290032401061 4.70052639121167 2.42775884012058 -1.28971309894373 0.355924549923747
20.6079999999993 -4.80152948439245 -19.3290032401061 4.70052639121167 2.42775884012058 -1.28971309894373 0.355924549923747
20.6879999999992 -4.80054039633281 -19.2276593183734 4.79915920133405 2.43972291627549 -1.32442284745733 0.319807018171159
20.7599999999993 -4.90053702284426 -19.2274585515916 4.79995568047897 2.47417352603249 -1.33840093820136 0.353522312483823
20.808 -4.80054039633281 -19.2276593183734 4.79915920133405 2.50960193906996 -1.30370376472847 0.340826296886818
20.8399999999992 -4.80035043294429 -19.127668677189 4.79780436206147 2.49666353121896 -1.31771540632397 0.423380166475349
20.8879999999999 -4.90095622073835 -19.0288305497712 4.69725835253888 2.46086992331358 -1.21359468505478 0.531782464415107
20.9679999999998 -4.80099886534396 -18.6304220323642 4.59105486690879 2.42403325406496 -1.01932839143277 0.782194244481709
21.0319999999992 -4.80160802662657 -18.5317846717282 4.48971237824131 2.41218321935474 -0.984588360112953 0.818267439715783
21.0969999999998 -4.60184400810924 -18.2335675622871 4.38406725273882 2.39967553125042 -0.72089137883189 1.09199224487989
21.1679999999997 -4.30250256097455 -17.7369232178078 4.17492832015134 2.39912974464359 -0.401916986236504 1.47174645510457
21.232 -4.40151009942636 -17.6353785292932 4.27435760941862 2.42209811954841 -0.38149494151546 1.54189917705293
21.3119999999999 -4.30155274403196 -17.236970011886 4.16815412378847 2.41045948164886 -0.346704944269019 1.57788807699897
21.3759999999993 -4.20178535202609 -16.938552135663 4.06330547743093 2.36304471262335 -0.346398467715537 1.62625544723592
21.4559999999992 -4.20060630057793 -16.7372175727461 4.16058344828068 2.37468289901548 -0.381199293619648 1.59028487724103
21.4719999999998 -4.20041633718941 -16.6372269315617 4.1592286090081 2.37582857372312 -0.332328982109748 1.54369710448109
21.5209999999997 -4.09984982051241 -16.3374557747903 4.15436761204543 2.31819312660626 -0.338487145710801 1.43934611936093
21.6009999999997 -4.10007905501798 -16.0388371317857 4.05031544483285 2.26055070680819 -0.344800615740827 1.33501220458138
21.6559999999999 -3.9997025017295 -15.8390566161987 4.04680928714276 2.27224464170076 -0.379612941013379 1.29909598184767
21.7199999999993 -3.79898866626958 -15.0408863008362 3.9343899652774 2.34393806183718 -0.400705790891519 1.13219068458286
21.7759999999998 -3.69785225942703 -14.4411432205118 3.925464450497 2.34445783459431 -0.490925420267358 0.990190146247293
21.7999999999993 -3.69785225942703 -14.4411432205118 3.925464450497 2.34445783459431 -0.490925420267358 0.990190146247293
21.8799999999992 -3.69888061860373 -14.1438778580557 3.72142463388951 2.33271176920381 -0.456141248224994 1.02614480248853
21.9599999999991 -3.29977177946316 -13.3488156373534 3.40743705494447 2.274544445207 -0.37244463190748 1.0638478602731
22.04 -3.30019097735725 -13.1501876355331 3.30473972700446 2.23898563772736 -0.407031490814277 1.07633805647194
22.1039999999994 -3.1006561933455 -12.5533518830875 3.0950424342893 2.274544445207 -0.37244463190748 1.0638478602731
22.192 -2.80093481943377 -11.8567262562392 2.88319382315669 2.25157360638908 -0.393171156268792 0.993760496543785
22.2569999999996 -2.80055489265674 -11.6567449738706 2.88048414461156 2.28627982064984 -0.407244854818243 1.02793094397131
22.3359999999993 -2.40045696545653 -10.7603388314355 2.66512937578887 2.42680104069752 -0.366315662498023 1.07129466667681
22.4089999999997 -2.40049623657359 -10.3617295472465 2.55972236930364 2.4150979018548 -0.33154008557322 1.10726560024897
22.4719999999998 -2.39992634640804 -10.0617576236936 2.55565785148593 2.48621702492472 -0.262354390416413 1.08237487257229
22.5359999999991 -2.10020497249631 -9.36513199684532 2.34380924035332 2.54634274082105 -0.109593661791815 1.04687157292198
22.6009999999997 -2.00024761710192 -8.96672347943809 2.23760575472321 2.54699128704607 -0.0608124811579259 1.00021068741246
22.6639999999998 -2.00184586644417 -8.96943004053503 2.03763045593337 2.47665622224686 -0.0813066761122184 0.978364390629808
22.7439999999997 -1.80086352536162 -8.86848765236584 2.13467030776587 2.29003949714594 -0.0249765064124993 0.889525772601128
22.808 -1.80006440069049 -8.86713437181731 2.23465795716078 2.24344287285329 0.0237990728190922 0.891025905593951
22.8239999999996 -1.80006440069049 -8.86713437181731 2.23465795716078 2.24344287285329 0.0237990728190922 0.891025905593951
22.9049999999997 -1.80086352536162 -8.86848765236584 2.13467030776587 2.21973946487332 -0.0456576208645725 0.867663771887676
22.9679999999998 -1.90086015187308 -8.8682868855841 2.1354667869108 2.19605214981804 -0.115116274144364 0.844317681819788
23.0319999999992 -1.90086015187308 -8.8682868855841 2.1354667869108 2.19605214981804 -0.115116274144364 0.844317681819788
23.0879999999997 -1.80147268664423 -8.76985029172999 2.03332781909836 2.17176834637899 -0.233135696118771 0.867758632662111
23.1679999999997 -1.60391607875176 -8.37570238274986 1.62636490613863 2.15916221923085 -0.385973030111491 0.855326730759488
23.232 -1.60311695408064 -8.37434910220145 1.72635255553354 2.17094574968982 -0.420788940666663 0.8194640542222
23.2399999999998 -1.60311695408064 -8.37434910220145 1.72635255553354 2.15916221923085 -0.385973030111491 0.855326730759488
23.3199999999997 -1.60471520342289 -8.37705566329839 1.5263772567437 2.21761285241362 -0.330509912183692 0.912872360414514
23.3759999999993 -1.60471520342289 -8.37705566329839 1.5263772567437 2.25235971114072 -0.344521913602838 0.947073411182308
23.4639999999999 -1.50471857691144 -8.37725643008014 1.52558077759878 2.25235971114072 -0.344521913602838 0.947073411182308
23.5209999999997 -1.50532773819405 -8.27861906944429 1.42423828893132 2.19389449194645 -0.399939278255385 0.889513469926299
23.5839999999998 -1.40533111168259 -8.27881983622603 1.4234418097864 2.19389449194645 -0.399939278255385 0.889513469926299
23.6329999999998 -1.50532773819405 -8.27861906944429 1.42423828893132 2.19389449194645 -0.399939278255385 0.889513469926299
23.7129999999997 -1.50452861352292 -8.27726578889587 1.5242259383262 2.22937120749515 -0.365318438445491 0.876992411466582
23.7759999999998 -1.40514114829408 -8.17882919504166 1.42208697051382 2.22937120749515 -0.365318438445491 0.876992411466582
23.808 -1.4059402729652 -8.18018247559007 1.32209932111891 2.21761285241362 -0.330509912183692 0.912872360414514
23.8559999999998 -1.40514114829408 -8.17882919504166 1.42208697051382 2.21761285241362 -0.330509912183692 0.912872360414514
23.8879999999999 -1.4059402729652 -8.18018247559007 1.32209932111891 2.21761285241362 -0.330509912183692 0.912872360414514
23.9359999999997 -1.40673939763633 -8.1815357561386 1.22211167172404 2.25235971114072 -0.344521913602838 0.947073411182308
24.0159999999996 -1.4059402729652 -8.18018247559007 1.32209932111891 2.25235971114072 -0.344521913602838 0.947073411182308
24.0719999999992 -1.4059402729652 -8.18018247559007 1.32209932111891 2.25235971114072 -0.344521913602838 0.947073411182308
24.1519999999991 -1.40673939763633 -8.1815357561386 1.22211167172404 2.27536110979138 -0.323766975843966 1.01716998381107
24.2169999999996 -1.4059402729652 -8.18018247559007 1.32209932111891 2.27536110979138 -0.323766975843966 1.01716998381107
24.2889999999998 -1.40635947085929 -7.98155447376985 1.21940199317888 2.32260690024821 -0.323959119747433 0.968773813855506
24.3519999999999 -1.30598291757081 -7.78177395818295 1.21589583548879 2.34681229837923 -0.344864363095876 0.850248280034261
24.4159999999993 -1.30659207885342 -7.68313659754699 1.11455334682131 2.34748143580375 -0.296212006274151 0.803565128360823
24.4809999999998 -1.20621552556493 -7.48335608196021 1.11104718913123 2.31268381639538 -0.28222940719068 0.769366926660183
24.5609999999997 -1.20545567201087 -7.08339351722282 1.10562783204094 2.24305517218064 -0.254365513729024 0.700935776423936
24.5839999999998 -1.20545567201087 -7.08339351722282 1.10562783204094 2.25482844005628 -0.289165748301778 0.665066144594097
24.6479999999992 -1.20526570862235 -6.98340287603844 1.10427299276836 2.25482844005628 -0.289165748301778 0.665066144594097
24.7129999999997 -1.20351676700864 -6.48209638956826 1.19748644580042 2.25482844005628 -0.289165748301778 0.665066144594097
24.7759999999998 -1.10276028694312 -6.08233459161272 1.19127060956518 2.23124529782522 -0.358631514096711 0.64173038638556
24.8399999999992 -1.10276028694312 -6.08233459161272 1.19127060956518 2.23124529782522 -0.358631514096711 0.64173038638556
24.9049999999997 -1.0041719463854 -5.98525127830692 0.989143992357867 2.14983306210825 -0.296125430033543 0.609175863863362
24.9599999999991 -1.0041719463854 -5.98525127830692 0.989143992357867 2.10320108730658 -0.247498677807541 0.610751737635003
24.9919999999993 -1.0041719463854 -5.98525127830692 0.989143992357867 2.10320108730658 -0.247498677807541 0.610751737635003
25.0249999999996 -1.0041719463854 -5.98525127830692 0.989143992357867 2.10320108730658 -0.247498677807541 0.610751737635003
25.1039999999994 -1.09956378825861 -6.07692146941883 1.59122120714477 2.17394444361195 -0.317266269903887 0.490730598898626
25.1679999999997 -1.39654713249698 -6.17089668806409 1.99491608143171 2.23287435766089 -0.35216116025121 0.406450928050239
25.2489999999998 -1.39692705927402 -6.37087797043262 1.99762575997687 2.23287435766089 -0.35216116025121 0.406450928050239
25.2889999999998 -1.59806009262802 -6.97042028397527 2.00734775390217 2.23287435766089 -0.35216116025121 0.406450928050239
25.3039999999992 -1.59825005601654 -7.07041092515965 2.00870259317475 2.23287435766089 -0.35216116025121 0.406450928050239
25.3689999999997 -1.89915048137643 -7.96837111492493 2.12327323345764 2.27996261056616 -0.352229904251455 0.357996491650491
25.4319999999998 -1.80052286970165 -8.26989708580822 2.02655362273549 2.25654851913508 -0.421734563018826 0.334698540243511
25.4959999999992 -2.10062417039041 -9.1665039950251 2.24111191241329 2.45470761793565 -0.511824034824679 0.386649940993204
25.5439999999999 -2.50091206097913 -10.1629007786447 2.45782152050856 2.66389062321691 -0.685777766733595 0.448546387110667
25.576 -2.60086941637353 -10.5613092960516 2.56402500613865 2.74508570188524 -0.748592861642937 0.4802759099727
25.6239999999998 -2.50125271663911 -10.7614913452022 2.56593820553888 2.78047018899509 -0.713887401935627 0.467724305701922
25.6809999999996 -2.70139666193347 -11.259689737012 2.67429300958653 2.76872478509333 -0.817935101967768 0.40794595514716
25.7439999999997 -3.20084278324547 -12.6531417574902 3.0971937527068 2.8270425675986 -0.901343724844238 0.36940759760391
25.808 -3.30080013863986 -13.0515502748972 3.20339723833698 2.87351077380856 -0.950104154131682 0.366990764597882
25.8879999999999 -3.40193654548241 -13.6512933552216 3.21232275311735 2.80351786242021 -0.970715725762809 0.345784758822828
25.9519999999993 -3.70321689761933 -14.7492348273556 3.32960307194537 2.76813806654542 -1.00543545308591 0.358388059925507
26.0159999999996 -3.70359682439637 -14.9492161097243 3.3323127504905 2.78000942744245 -1.04008970485677 0.322177344646272
26.04 -3.80317425301373 -15.1476433447629 3.43580655757546 2.78000942744245 -1.04008970485677 0.322177344646272
26.0879999999997 -4.00308896380252 -15.944460379577 3.6482135288357 2.77919007134766 -1.08890042589903 0.368558308833556
26.1679999999997 -4.40295765649715 -17.1394851650168 3.96762046487103 2.84828163755039 -1.11718065547599 0.436044890078057
26.232 -4.4035275466627 -17.4394570885698 3.97168498268877 2.8601494985941 -1.15181641571167 0.399777807706521
26.2959999999994 -4.6040514187341 -18.1376367627482 4.08274946528155 2.96555119098976 -1.09658610423919 0.408294315952736
26.3289999999997 -4.9035828292573 -18.7342717484121 4.29324323714161 3.08280028063638 -1.07598514312058 0.380515390164091
26.3599999999997 -5.0035401846517 -19.1326802658192 4.39944672277173 3.11821278943481 -1.04126027144509 0.367948871762871
26.4559999999992 -5.10349754004609 -19.5310887832264 4.50565020840185 3.20919524316051 -1.09868217950007 0.551641894937061
26.5119999999997 -5.40321891395782 -20.2277144100746 4.71749881953446 3.45841240012411 -1.15562447140226 1.12910636025012
26.576 -5.50275707145812 -20.824750929302 4.92639963310464 3.6719479976942 -1.20164911082279 1.67286486982072
26.6079999999993 -5.50294703484664 -20.9247415704863 4.92775447237722 3.70623346353852 -1.21679562889674 1.70643093811811
26.6559999999999 -5.70233112658693 -21.0229773975586 5.03068991933455 3.74050723208615 -1.23197516893725 1.73998471120382
26.7279999999992 -5.80065096152202 -21.8172886380578 5.44227571023967 3.76136825327027 -1.26241250368924 1.85609781719206
26.7929999999997 -5.9004183535279 -22.1157065142808 5.54712435659724 3.79559551127201 -1.2776918352468 1.88962610311563
26.8649999999998 -5.90159740497605 -22.3170410771977 5.44984638574746 3.75947593153384 -1.31213868378507 1.90193683128321
26.8879999999999 -6.00117483359342 -22.5154683122363 5.55334019283245 3.75947593153384 -1.31213868378507 1.90193683128321
26.9359999999997 -6.20112881549926 -22.9136760628617 5.66034015760752 3.72334617115284 -1.34658043876654 1.91425659375032
27.0159999999996 -6.20150874227629 -23.1136573452304 5.66304983615268 3.68720621838889 -1.38101709401362 1.92658539960561
27.0799999999999 -6.20188866905333 -23.3136386275991 5.66575951469781 3.6169004507437 -1.40019340005631 1.90542131655157
27.1679999999997 -6.3010468997766 -23.7106938644578 5.87195064972286 3.5213899685016 -1.39999217987526 2.00345497757773
27.232 -6.40104352628805 -23.710493097676 5.87274712886779 3.48724520740506 -1.38476840728843 1.96991771590469
27.2959999999994 -6.50081091829393 -24.0089109738988 5.97759577522532 3.36404227943056 -1.30926037798468 1.75310973766053
27.3599999999997 -6.79855411608637 -24.5028487572814 6.38671000660261 3.19520853653552 -1.27406813970023 1.39586790169308
27.424 -6.69874745296343 -24.6030401652475 6.38726836673027 3.13831228686675 -1.27914329662128 1.29214702805443
27.4559999999992 -6.69775836490378 -24.5016962435147 6.48590117685256 3.17414899549294 -1.24459809333018 1.27967598963048
27.5039999999999 -6.69695924023266 -24.5003429629662 6.58588882624747 3.1865711227613 -1.14086570406531 1.34011434945388
27.6009999999997 -6.69756840151527 -24.4017056023304 6.48454633757999 3.23489685472982 -1.00259740217158 1.38814695095218
27.6729999999998 -6.69657931345563 -24.3003616805975 6.58317914770231 3.22278367927845 -0.878999854118444 1.56762594306944
27.768 -6.49860350766907 -24.1048417734378 6.27891356268259 3.14009527899938 -0.596984861522451 2.01153047145141
27.848 -6.69840679730345 -24.0044495986898 6.27915168169989 3.11549133824615 -0.577075855427923 2.13044220899638
27.9279999999999 -6.49883274217464 -23.8062231304332 6.17486139546997 3.02382165285919 -0.299658831745176 2.42086822777681
28.0079999999998 -6.40024440161692 -23.7091398171275 5.97273477826266 2.97820936505144 -0.160834765471067 2.56585604804832
28.0879999999997 -6.40226184885327 -23.5132183764041 5.67006215153285 2.77986217049944 -0.025651425855813 2.70255612792798
28.1679999999997 -6.20268779372445 -23.3149919081476 5.56577186530291 2.47822690722903 0.244150728715817 2.87764088546875
28.2399999999998 -6.40268104674736 -23.314590374584 5.56736482359278 2.41931395050675 0.279589966178606 2.96163874299944
28.2719999999999 -6.30249445684739 -23.2148005001815 5.56521350517528 2.31444021092772 0.364893950500271 3.04692066982164
28.3359999999993 -6.1037195263897 -23.0179273124731 5.36093556955049 2.05870436725258 0.585540784931633 3.21783096410768
28.4159999999993 -6.20432531418377 -22.9190891850556 5.2603895600279 1.94253015206113 0.706052439923635 3.33796377242547
28.4959999999992 -6.1047478855664 -22.7206619500171 5.15689575294294 1.74403283093512 0.842370649929967 3.47047600874669
28.5839999999998 -6.00498049356053 -22.4222440737941 5.05204710658538 1.52455096902741 1.09789294247737 3.62614406085632
28.6639999999998 -6.00479053017201 -22.3222534326097 5.05069226731283 1.50208296130942 1.1680665933845 3.697015757445
28.7599999999993 -5.60309435362955 -21.4231407290778 5.03531279727991 1.46014448562181 1.44788434991967 3.93288072657754
28.7759999999998 -5.60290439024103 -21.3231500878934 5.03395795800733 1.46014448562181 1.44788434991967 3.93288072657754
28.8559999999998 -5.60233450007548 -21.0231781643404 5.02989344018962 1.48541888930495 1.51707086158431 3.9563667343782
28.9359999999997 -5.20048763126156 -19.6254655354352 4.90775212439894 1.54882118787948 1.71081129550892 4.10946182416841
29.0159999999996 -5.10113943714977 -19.1284196573921 4.70020615010134 1.5742066995177 1.77997403693965 4.13303317277243
29.0879999999997 -5.00099211836686 -18.6300204988006 4.59264782519867 1.56314896684336 1.81508915370716 4.16840580810168
29.1199999999999 -4.8008481730725 -18.131822106991 4.48429302115102 1.51706096308615 1.86509178607526 4.16837292233223
29.1999999999998 -4.60211251373187 -17.5363396350937 4.17460807904098 1.47095222558877 1.91507701213552 4.16828158440955
29.2799999999997 -4.6013526601778 -17.1363770703563 4.16918872195069 1.53279208260338 2.01830362917219 4.18006264832291
29.3439999999991 -4.20205385764872 -16.2413242084697 3.85384630373315 1.53747339568177 2.20665879774892 4.22701448240691
29.3759999999993 -4.2018638942602 -16.1413335672853 3.85249146446057 1.50227950908703 2.22149690270584 4.19145622022186
29.4559999999992 -4.20129400409465 -15.8413616437322 3.84842694664283 1.5264855915718 2.24179938906751 4.26230838766568
29.4889999999996 -4.10213577337138 -15.4443064068736 3.64223581161778 1.56291403924544 2.27584257920122 4.25060639607433
29.5519999999997 -3.70165791939414 -14.3479189820697 3.42417136424996 1.62360668481094 2.33012513071504 4.30981716786685
29.6329999999998 -3.70249631518232 -13.9506629784293 3.21877670836986 1.58715973814787 2.29608969023703 4.32149278520663
29.6959999999999 -3.5011733184398 -13.2511300237023 3.20769987517198 1.49128337828913 2.25664374530597 4.22673132528756
29.7599999999993 -3.30186776893362 -12.3556756282521 2.89395041524423 1.2863082245958 2.11484257931504 4.16733153509788
29.8159999999998 -3.30228696682772 -12.157047626432 2.79125308730423 1.2863082245958 2.11484257931504 4.16733153509788
29.8959999999997 -3.10294214620448 -11.6602025151706 2.58291063386164 1.25038265701591 2.08737095736372 3.94330259939228
29.9599999999991 -2.8042098603524 -11.0649208100552 2.27242921260674 1.1893168332519 1.99028487993042 3.69603679870566
30.04 -2.70463243173504 -10.8664935750168 2.16893540552175 1.1662598892209 2.01814275407182 3.57797011062307
30.1039999999994 -2.60429514956361 -10.2681037752409 2.06002224134645 1.17668793756152 1.94034964316005 3.35446902627033
30.1839999999993 -2.40517956344595 -9.47264002097506 1.74762762069133 1.16389688915103 1.88996855168241 3.01295623167181
30.2399999999998 -2.30499297354598 -9.37285014657243 1.74547630227383 1.17517061403424 1.85480827118499 2.97781291861735
30.3199999999997 -2.20427576459751 -8.57447906442792 1.63385345955339 1.06559089636815 1.61753153900807 2.6849767589541
30.384 -2.00432178269167 -8.17627131380266 1.52685349477829 0.969167059226257 1.43614159431389 2.49820308182437
30.4639999999999 -2.00455101719724 -7.87765267079794 1.42280132756571 0.933988876601468 1.45003037997213 2.46293277045707
30.5279999999993 -1.90421373502582 -7.27926287102218 1.31388816339043 0.874499701130886 1.39435407612627 2.40478711422094
30.6079999999993 -1.905052130814 -6.88200686738162 1.10849350751033 0.803575397720263 1.37380662836505 2.38174833822876
30.6639999999998 -1.80486554091403 -6.7822169929791 1.10634218909283 0.85021625172244 1.32482147232657 2.38194081211579
30.7439999999997 -1.70509814890815 -6.48379911675613 1.00149354273529 0.932606802780077 1.31017272839924 2.36984511867293
30.7929999999997 -1.70570731019076 -6.38516175612028 0.900151054067805 0.944091499045185 1.27500990245136 2.3347327018836
30.8729999999996 -1.50392584443709 -6.28286608740279 1.09717855529516 1.40105922579501 1.01296084920119 2.17923510463528
30.9359999999997 -1.5045350057197 -6.18422872676683 0.995836066627675 2.43989964148037 0.23708756405261 1.79473283286975
31 -1.50533413039082 -6.18558200731536 0.89584841723277 2.94156295562188 -0.0741650311595418 1.6255386437784
31.0319999999992 -1.40533750387937 -6.18578277409711 0.895051938087846 2.94156295562188 -0.0741650311595418 1.6255386437784
31.0969999999998 -1.4061366285505 -6.18713605464552 0.795064288692942 2.94156295562188 -0.0741650311595418 1.6255386437784
31.1599999999999 -1.40514754049085 -6.08579213291273 0.893697098815267 3.01208175201078 -0.0542879896507365 1.64747320389582
31.2169999999996 -1.40434841581973 -6.0844388523642 0.993684748210171 3.01208175201078 -0.0542879896507365 1.64747320389582
31.2959999999994 -1.40632659193901 -6.2871266958299 0.796419127965521 2.94156295562188 -0.0741650311595418 1.6255386437784
31.3599999999997 -1.40510826937379 -6.48440141710148 0.999104105300461 2.90680789708418 -0.0595617517550812 1.5913344146745
31.4409999999998 -1.50529485927377 -6.58419129150411 1.00125542371799 2.90680789708418 -0.0595617517550812 1.5913344146745
31.5039999999999 -1.5056747860508 -6.78417257387287 1.00396510226312 2.94156295562188 -0.0741650311595418 1.6255386437784
31.5279999999993 -1.60426312660852 -6.88125588717855 1.20609171947044 2.97732016445121 -0.039645131622405 1.61327377293476
31.6239999999998 -1.60525221466816 -6.98259980891135 1.10745890934811 2.97732016445121 -0.039645131622405 1.61327377293476
31.6559999999999 -1.60445308999703 -6.98124652836293 1.20744655874302 2.97732016445121 -0.039645131622405 1.61327377293476
31.7199999999993 -1.60403389210294 -7.17987453018316 1.31014388668305 2.90680789708418 -0.0595617517550812 1.5913344146745
31.8159999999998 -1.7036113207203 -7.37830176522152 1.41363769376804 2.90680789708418 -0.0595617517550812 1.5913344146745
31.8959999999997 -1.70380128410882 -7.4782924064059 1.41499253304059 2.90680789708418 -0.0595617517550812 1.5913344146745
31.9849999999997 -1.80276955144357 -7.77535700208023 1.61982882879306 2.90680789708418 -0.0595617517550812 1.5913344146745
32.0649999999996 -1.80276955144357 -7.77535700208023 1.61982882879306 2.90680789708418 -0.0595617517550812 1.5913344146745
32.1439999999993 -1.80174119226687 -8.07262236453641 1.82386864540058 2.90680789708418 -0.0595617517550812 1.5913344146745
32.1769999999997 -1.80273028032651 -8.17396628626921 1.72523583527826 2.90680789708418 -0.0595617517550812 1.5913344146745
32.2169999999996 -1.90272690683796 -8.17376551948746 1.72603231442321 2.90680789708418 -0.0595617517550812 1.5913344146745
32.2569999999996 -1.90192778216684 -8.17241223893905 1.82601996381808 2.90680789708418 -0.0595617517550812 1.5913344146745
32.3289999999997 -1.90150858427274 -8.37104024075916 1.92871729175812 2.90680789708418 -0.0595617517550812 1.5913344146745
32.3599999999997 -1.90169854766126 -8.47103088194353 1.9300721310307 2.8720411624204 -0.0449921260326594 1.55711812204504
32.424 -1.90169854766126 -8.47103088194353 1.9300721310307 2.8720411624204 -0.0449921260326594 1.55711812204504
32.4559999999992 -1.90188851104978 -8.57102152312791 1.93142697030328 2.8720411624204 -0.0449921260326594 1.55711812204504
32.5609999999997 -2.00085677838453 -8.86808611880235 2.13626326605575 2.88357023014421 -0.0797023266142827 1.52098648022486
32.6329999999998 -1.90086015187308 -8.8682868855841 2.1354667869108 2.88357023014421 -0.0797023266142827 1.52098648022486
32.7279999999992 -2.00062754387895 -9.16670476180684 2.24031543326836 2.88357023014421 -0.0797023266142827 1.52098648022486
32.7929999999997 -2.00081750726747 -9.26669540299122 2.24167027254094 2.88357023014421 -0.0797023266142827 1.52098648022486
32.8239999999996 -2.10081413377892 -9.26649463620947 2.24246675168587 2.88357023014421 -0.0797023266142827 1.52098648022486
32.9049999999997 -2.09959581121371 -9.46376935748128 2.44515172902081 2.96558172104908 -0.0944262421238461 1.50673515468491
32.9279999999999 -2.09978577460222 -9.56375999866566 2.44650656829336 3.00129304002763 -0.0598833123109676 1.49445409058262
32.9919999999993 -2.09997573799074 -9.66375063985004 2.44786140756594 3.00129304002763 -0.0598833123109676 1.49445409058262
33.0249999999996 -2.09997573799074 -9.66375063985004 2.44786140756594 3.00129304002763 -0.0598833123109676 1.49445409058262
33.1039999999994 -2.09875741542552 -9.86102536112173 2.65054638490091 2.96558172104908 -0.0944262421238461 1.50673515468491
33.192 -2.19833484404288 -10.0594525961602 2.75404019198589 2.88357023014421 -0.0797023266142827 1.52098648022486
33.2799999999997 -2.29932055861397 -10.1605957511113 2.65620386100849 2.88357023014421 -0.0797023266142827 1.52098648022486
33.3119999999999 -2.19871477081991 -10.2594338785289 2.75674987053102 2.93081154074051 -0.0798638586489563 1.47254838372982
33.3599999999997 -2.19829557292582 -10.458061880349 2.85944719847106 2.93081154074051 -0.0798638586489563 1.47254838372982
33.3759999999993 -2.29829219943727 -10.4578611135672 2.86024367761598 2.93081154074051 -0.0798638586489563 1.47254838372982
33.4719999999998 -2.29848216282579 -10.5578517547516 2.86159851688856 2.93081154074051 -0.0798638586489563 1.47254838372982
33.5439999999999 -2.29726384026057 -10.7551264760235 3.0642834942235 2.93081154074051 -0.0798638586489563 1.47254838372982
33.6409999999996 -2.29825292832022 -10.8564703977562 2.96565068410118 2.89602973901615 -0.0653351335098118 1.4383495635702
33.6729999999998 -2.39684126887793 -10.9535537110619 3.16777730130852 2.93081154074051 -0.0798638586489563 1.47254838372982
33.7529999999997 -2.39642207098384 -11.1521817128822 3.27047462924855 2.89602973901615 -0.0653351335098118 1.4383495635702
33.848 -2.39741115904348 -11.253525634615 3.17184181912623 2.89602973901615 -0.0653351335098118 1.4383495635702
33.8799999999992 -2.39680199776087 -11.3521629952509 3.27318430779371 2.89602973901615 -0.0653351335098118 1.4383495635702
33.9359999999997 -2.39638279986678 -11.5507909970712 3.37588163573372 2.89602973901615 -0.0653351335098118 1.4383495635702
34.04 -2.49656938976675 -11.6505808714737 3.37803295415125 2.89602973901615 -0.0653351335098118 1.4383495635702
34.0649999999996 -2.49656938976675 -11.6505808714737 3.37803295415125 2.89602973901615 -0.0653351335098118 1.4383495635702
34.1279999999997 -2.49535106720153 -11.8478555927454 3.58071793148616 2.89602973901615 -0.0653351335098118 1.4383495635702
34.2239999999993 -2.5955376571015 -11.9476454671479 3.58286924990367 2.89602973901615 -0.0653351335098118 1.4383495635702
34.3039999999992 -2.59511845920741 -12.1462734689682 3.68556657784376 2.89602973901615 -0.0653351335098118 1.4383495635702
34.3999999999996 -2.59469926131332 -12.3449014707884 3.78826390578379 2.89602973901615 -0.0653351335098118 1.4383495635702
34.4559999999992 -2.59488922470183 -12.4448921119728 3.78961874505637 2.90757569620984 -0.10003620558745 1.40220873200622
34.4719999999998 -2.59488922470183 -12.4448921119728 3.78961874505637 2.90757569620984 -0.10003620558745 1.40220873200622
34.4889999999996 -2.59507918809035 -12.5448827531571 3.79097358432895 2.90757569620984 -0.10003620558745 1.40220873200622
34.5609999999997 -2.69385749203659 -12.7419567076472 3.99445504080882 2.97803435327961 -0.0800034864104719 1.42409200220324
34.5839999999998 -2.69385749203659 -12.7419567076472 3.99445504080882 3.01370860611651 -0.0454436413210525 1.41180350265515
34.6009999999997 -2.69385749203659 -12.7419567076472 3.99445504080882 3.01370860611651 -0.0454436413210525 1.41180350265515
34.6809999999996 -2.6940474554251 -12.8419473488315 3.9958098800814 2.94324172352925 -0.0654754612156982 1.38990426861543
34.7599999999993 -2.6930190962484 -13.1392127112877 4.19984969668891 2.94324172352925 -0.0654754612156982 1.38990426861543
34.7929999999997 -2.6930190962484 -13.1392127112877 4.19984969668891 2.90757569620984 -0.10003620558745 1.40220873200622
34.8559999999998 -2.7940048108195 -13.2403558662387 4.10201336571149 2.90757569620984 -0.10003620558745 1.40220873200622
34.9519999999993 -2.79297645164279 -13.5376212286948 4.30605318231903 2.90843750699554 -0.0509811104368322 1.35570449381269
35.0159999999996 -2.79217732697167 -13.5362679481464 4.40604083171394 2.87278971172546 -0.0855477160256481 1.36801631213568
35.1039999999994 -2.7925572537487 -13.7362492305151 4.40875051025907 2.90843750699554 -0.0509811104368322 1.35570449381269
35.1369999999997 -2.89194471897754 -13.8346858243692 4.51088947807148 2.90843750699554 -0.0509811104368322 1.35570449381269
35.1999999999998 -2.89213468236606 -13.9346764655536 4.51224431734406 2.90843750699554 -0.0509811104368322 1.35570449381269
35.2889999999998 -2.89232464575458 -14.034667106738 4.51359915661664 2.90843750699554 -0.0509811104368322 1.35570449381269
35.3199999999997 -2.99190207437194 -14.2330943417763 4.61709296370159 2.90843750699554 -0.0509811104368322 1.35570449381269
35.3999999999996 -2.99129291308933 -14.3317317024122 4.71843545236911 2.90843750699554 -0.0509811104368322 1.35570449381269
35.4809999999998 -2.99148287647785 -14.4317223435966 4.71979029164169 2.90843750699554 -0.0509811104368322 1.35570449381269
35.5609999999997 -2.98965539263002 -14.7276344255043 5.02381775764408 2.91999120720708 -0.0856778865565002 1.31956392809304
35.6329999999998 -2.98965539263002 -14.7276344255043 5.02381775764408 2.91999120720708 -0.0856778865565002 1.31956392809304
35.6639999999998 -2.99045451730115 -14.7289877060527 4.92383010824918 2.91999120720708 -0.0856778865565002 1.31956392809304
35.7279999999992 -2.9894654292415 -14.62764378432 5.0224629183715 2.90924126501028 -0.0019430293645687 1.30918209773131
35.7599999999993 -2.9894654292415 -14.62764378432 5.0224629183715 2.90924126501028 -0.0019430293645687 1.30918209773131
35.8239999999996 -2.9894654292415 -14.62764378432 5.0224629183715 2.90924126501028 -0.0019430293645687 1.30918209773131
35.8399999999992 -2.88946880273005 -14.6278445511017 5.02166643922658 2.90924126501028 -0.0019430293645687 1.30918209773131
35.9199999999992 -2.88988800062414 -14.4292165492814 4.91896911128651 2.68709603347482 0.0211294736966759 1.23290479549412
35.9919999999993 -2.79129966006642 -14.3321332359757 4.71684249407923 2.54627173620063 -0.0195068675373958 1.18906371120147
36.0249999999996 -2.89049716190675 -14.3305791886455 4.81762662261903 2.54627173620063 -0.0195068675373958 1.18906371120147
36.0719999999992 -2.7889415571701 -13.9294641101415 4.91139843577872 2.54695343071939 0.0293038642888008 1.14239267397788
36.1519999999991 -2.4914668650003 -12.7382983995655 4.29282503070363 2.47774917833479 0.106378262279206 1.02703161930722
36.232 -2.39169947299442 -12.4398805233426 4.18797638434609 2.45446213476368 0.0856824851913502 0.956777328801823
36.3119999999999 -2.19258388687676 -11.6444167690767 3.87558176369092 2.45403552508324 -0.0532938295649336 0.861453746460477
36.3439999999991 -1.99281986835943 -11.3461996596357 3.76993663818845 2.44201675443047 -0.157488822979454 0.802045005375988
36.424 -1.89305247635355 -11.0477817834128 3.66508799183092 2.45373224632088 -0.192257140886921 0.766104059643414
36.5119999999997 -1.59276121227628 -10.0511842330117 3.44917486288054 2.47647585734798 -0.449383159681618 0.645407463668074
36.5439999999999 -1.49261389349337 -9.55278507442017 3.34161653797784 2.53478568338274 -0.532878281304641 0.607450714084938
36.6239999999998 -1.39265653809897 -9.15437655701294 3.23541305234775 2.51118206449558 -0.602289284984436 0.583961222129429
36.7039999999997 -1.19213266602758 -8.45619688283455 3.12434856975494 2.48759459506991 -0.671702252791159 0.560487419674015
36.7359999999999 -0.891992094221759 -7.95819925780654 3.01519728656234 2.46402323154478 -0.741117173641888 0.537029262453422
36.7999999999993 -0.79283386349849 -7.56114402094784 2.80900615153735 2.39319691928006 -0.810471241391973 0.562220052421382
36.8959999999997 -0.791464848661816 -7.2598188168464 2.90492928311451 2.4159693394089 -0.789726732460581 0.632203882421988
36.9599999999991 -0.591320903367452 -6.76162042503665 2.79657447906689 2.4159693394089 -0.789726732460581 0.632203882421988
36.9849999999997 -0.591320903367452 -6.76162042503665 2.79657447906689 2.3805138759367 -0.82438474294661 0.644796387002907
37.0969999999998 -0.591550137873027 -6.46300178203205 2.69252231185428 2.4159693394089 -0.789726732460581 0.632203882421988
37.1769999999997 -0.393384368697948 -6.167491233688 2.38690188756198 2.39319691928006 -0.810471241391973 0.562220052421382
37.2719999999999 -0.392395280638306 -6.06614731195509 2.48553469768427 2.42861526682068 -0.775796703185504 0.549620377017345
37.3039999999992 -0.292208690738336 -5.96635743755246 2.48338337926677 2.42861526682068 -0.775796703185504 0.549620377017345
37.384 -0.292627888632428 -5.76772943573235 2.38068605132673 2.40582900233974 -0.796571116896228 0.479636134462519
37.4809999999998 -0.191642174061334 -5.6665862807813 2.47852238230411 2.40582900233974 -0.796571116896228 0.479636134462519
37.5519999999997 -0.0926739067265814 -5.36952168510686 2.27368608655166 2.40582900233974 -0.796571116896228 0.479636134462519
37.6479999999992 -0.0926739067265814 -5.36952168510686 2.27368608655166 2.40582900233974 -0.796571116896228 0.479636134462519
37.6809999999996 -0.0924839433380651 -5.2695310439226 2.27233124727911 2.44046793048005 -0.810534036479209 0.513586706320701
37.6959999999999 -0.0924839433380651 -5.2695310439226 2.27233124727911 2.46402323154478 -0.741117173641888 0.537029262453422
37.7759999999998 -0.0929031412321564 -5.07090304210226 2.16963391933908 2.48684915168046 -0.720395716188732 0.607044611505911
37.808 -0.0929031412321564 -5.07090304210226 2.16963391933908 2.48684915168046 -0.720395716188732 0.607044611505911
37.9049999999997 0.00648432399668408 -4.97246644824816 2.06749495152667 2.42861526682068 -0.775796703185504 0.549620377017345
37.9759999999997 0.107280075179267 -4.97131393448137 2.16668612177665 2.40582900233974 -0.796571116896228 0.479636134462519
38.0719999999992 0.0072834486678115 -4.97111316769963 2.16748260092157 2.42861526682068 -0.775796703185504 0.549620377017345
38.1039999999994 0.00808257333893714 -4.96975988715121 2.26747025031645 2.46402323154478 -0.741117173641888 0.537029262453422
38.1769999999997 0.00709348527929521 -5.071103808884 2.16883744019415 2.48684915168046 -0.720395716188732 0.607044611505911
38.2569999999996 0.00690352189077892 -5.17109445006838 2.1701922794667 2.44121021820399 -0.761880095945097 0.46702926409218
38.2889999999998 0.00591443383113344 -5.27243837180129 2.07155946934438 2.34840226628863 -0.803497540611962 0.375712018147348
38.3519999999999 -0.19244129873246 -5.66793956132983 2.37853473290923 2.17609438650791 -0.82520599562264 0.0640466257445168
38.384 -0.292627888632428 -5.76772943573235 2.38068605132673 2.08348276888486 -0.867522021763041 -0.0270743535303504
38.4639999999999 -0.19301118889801 -5.96791148488285 2.38259925072697 2.02607997737638 -0.87523926474909 -0.130884804942137
38.4959999999992 -0.29197945623276 -6.26497608055718 2.58743554647941 1.98071987169934 -0.917909621656163 -0.270505846228786
38.5609999999997 -0.691507493267421 -6.86141029943917 2.79872579748439 1.80855879181411 -0.942476118358942 -0.581686875321421
38.5839999999998 -0.691697456655939 -6.96140094062355 2.80008063675695 1.77379703600032 -0.929294256685461 -0.615664351193275
38.6639999999998 -0.592879881592644 -7.16293627032258 2.7020061867623 1.78593211394394 -0.964116197770082 -0.651405175606852
38.6959999999999 -0.692647273598523 -7.46135414654532 2.80685483311981 1.82068625413644 -0.977291907593417 -0.617446083128231
38.7759999999998 -0.891762859716184 -8.25681790081114 3.11924945377498 1.84331022772964 -0.955691713581926 -0.547720400585108
38.808 -0.891762859716184 -8.25681790081114 3.11924945377498 1.85543009320667 -0.99050133905753 -0.58349798665528
38.8879999999999 -1.09209676839907 -8.85500693380527 3.22895909709521 1.85543009320667 -0.99050133905753 -0.58349798665528
38.9679999999998 -1.39299719375895 -9.75296712357067 3.34352973737805 1.87969694478314 -1.06010575511026 -0.655083431489581
39.0719999999992 -1.49314451254186 -10.2513662821621 3.45108806228077 1.93870334444101 -1.14290876284259 -0.692845677408839
39.1519999999991 -1.89343240313059 -11.2477630657816 3.66779767037605 2.20805134858552 -1.30006515933574 -0.762975811444392
39.2569999999996 -1.89320316862501 -11.5463817087862 3.77184983758866 2.22020789344589 -1.3347824491272 -0.798962341583019
39.3289999999997 -1.99354045079644 -12.144771508562 3.88076300176394 2.30126579100503 -1.44453916025404 -0.721030782160695
39.4159999999993 -2.09250871813119 -12.4418361042364 4.08559929751635 2.31300173176879 -1.52755573582339 -0.71056298735212
39.4489999999996 -2.09368776957935 -12.6431706671535 3.98832132666664 2.30083903285756 -1.49286208898155 -0.674498987218118
39.5039999999999 -2.29444087615632 -13.0427316983272 3.9953336420468 2.35780774886732 -1.48516261572611 -0.571148403910178
39.5919999999996 -2.49496474822772 -13.7409113725058 4.10639812463955 2.40266739193472 -1.44293366078273 -0.431673131835452
39.6079999999993 -2.49496474822772 -13.7409113725058 4.10639812463955 2.40266739193472 -1.44293366078273 -0.431673131835452
39.6809999999996 -2.69533792802766 -13.9404911213109 4.11070076147459 2.43458033119308 -1.22730548881929 -0.160506952731012
39.768 -2.79590444470466 -14.2402622780821 4.11556175843722 2.48908790243442 -0.713264573928873 0.371824964928048
39.7999999999993 -2.79609440809318 -14.3402529192664 4.1169165977098 2.51256915652512 -0.643825580274236 0.395268252617919
39.8649999999998 -2.79590444470466 -14.2402622780821 4.11556175843722 2.50073627340257 -0.609099075814081 0.431298829702928
39.9519999999993 -2.69590781819321 -14.2404630448639 4.1147652792923 2.43052922489089 -0.490946615733561 0.505255295047023
39.9849999999997 -2.79510532003354 -14.2389089975337 4.21554940783216 2.43052922489089 -0.490946615733561 0.505255295047023
40.0479999999998 -2.69491873013357 -14.1391191231312 4.21339808941465 2.43052922489089 -0.490946615733561 0.505255295047023
40.1439999999993 -2.59195483944319 -13.8352881247145 4.50850004063668 2.45349603246347 -0.470144084542708 0.575323627450873
40.2239999999993 -2.59176487605467 -13.7352974835302 4.50714520136412 2.45349603246347 -0.470144084542708 0.575323627450873
40.3039999999992 -2.5925640007258 -13.7366507640786 4.40715755196922 2.45294356332643 -0.37987942568163 0.717378959175888
40.3289999999997 -2.59336312539692 -13.738004044627 4.30716990257432 2.44119105385953 -0.345120261231639 0.753350190318884
40.4089999999997 -2.69335975190837 -13.7378032778453 4.30796638171924 2.46423359856691 -0.324405598128497 0.823475749963591
40.424 -2.59317316200841 -13.6380134034426 4.30581506330174 2.42877867476857 -0.359046814812375 0.83596488251639
40.5039999999999 -2.59397228667953 -13.6393666839912 4.20582741390686 2.46353524926991 -0.373124202757416 0.870109771869426
40.5359999999991 -2.59397228667953 -13.6393666839912 4.20582741390686 2.46277906548432 -0.421860131750567 0.916725833643765
40.6009999999997 -2.59397228667953 -13.6393666839912 4.20582741390686 2.46277906548432 -0.421860131750567 0.916725833643765
40.6329999999998 -2.59397228667953 -13.6393666839912 4.20582741390686 2.46277906548432 -0.421860131750567 0.916725833643765
40.7279999999992 -2.4947747848392 -13.6409207313214 4.10504328536697 2.51123187168715 -0.463406879717794 0.679497796266611
40.7599999999993 -2.49458482145069 -13.5409300901371 4.10368844609442 2.54664183765921 -0.4287370267659 0.66698311305701
40.8239999999996 -2.39538731961036 -13.5424841374672 4.0029043175546 2.52363876061001 -0.449446330629883 0.596876580372038
40.848 -2.39538731961036 -13.5424841374672 4.0029043175546 2.52363876061001 -0.449446330629883 0.596876580372038
40.9449999999997 -2.39477815832775 -13.6411214981032 4.10424680622205 2.43052922489089 -0.490946615733561 0.505255295047023
40.9759999999997 -2.29417237053369 -13.7399596255209 4.20479281574461 2.43052922489089 -0.490946615733561 0.505255295047023
41.0569999999998 -2.39515808510478 -13.8411027804718 4.10695648476718 2.37225393079881 -0.546495693290196 0.447780808880717
41.1369999999997 -2.69449953223947 -14.3377471249512 4.31609541735469 2.3134352133471 -0.650657426292664 0.437013904035143
41.1679999999997 -2.79407696085684 -14.5361743599898 4.41958922443968 2.3134352133471 -0.650657426292664 0.437013904035143
41.2239999999993 -2.79487608552796 -14.5375276405382 4.31960157504477 2.24339367177655 -0.671512134309844 0.415592896438343
41.2569999999996 -2.795256012305 -14.737508922907 4.3223112535899 2.27809119163271 -0.685353351768559 0.449626126323201
41.3519999999999 -3.19493474161111 -15.8325430671622 4.64036335035263 2.38283373953752 -0.678451898951655 0.505060770624771
41.384 -3.09512807848818 -15.9327344751283 4.64092171048028 2.38283373953752 -0.678451898951655 0.505060770624771
41.4559999999992 -3.29489209700551 -16.2309515845695 4.7465668359828 2.39396897088529 -0.761827401103021 0.51565146135238
41.5519999999997 -3.79574650427124 -17.5271195249602 4.96813744104071 2.47509588479167 -0.824530510016007 0.547525744931602
41.616 -3.79551726976566 -17.8257381679648 5.07218960825335 2.52156002542116 -0.873280136986205 0.545373078841255
41.6479999999992 -3.79471814509454 -17.8243848874164 5.1721772576482 2.62620940421344 -0.866758860152645 0.60057787788328
41.7439999999997 -3.99444289249481 -18.5212112810462 5.38322938963591 3.31376962851 -1.09284219448059 0.60644511380077
41.848 -4.09481944578329 -18.7209917966333 5.386735547326 3.49912902804898 -1.15080201881051 0.691942667644861
41.9199999999992 -4.19458683778917 -19.0194096728561 5.49158419368356 3.52296948220679 -1.08161429465726 0.716018873985063
41.9449999999997 -4.19397767650656 -19.118047033492 5.59292668235102 3.55748451276742 -1.09623685199328 0.74963348344683
42.0079999999998 -4.19256939055283 -19.2153311135795 5.79425682041341 3.55748451276742 -1.09623685199328 0.74963348344683
42.04 -4.29237605367576 -19.1151397056134 5.79369846028578 3.54576962132857 -1.06172961551792 0.786196614372723
42.1369999999997 -4.39157355551609 -19.1135856582831 5.89448258882558 3.38259628174934 -0.894467642699987 0.913833032469582
42.1599999999999 -4.39077443084496 -19.112232377