0.0
0.029173612594604492
0.07660841941833496
0.10854411125183105
0.13982272148132324
0.18668818473815918
0.23405671119689941
0.2653021812438965
0.30054521560668945
0.3443582057952881
0.37560153007507324
0.40724778175354004
0.43852758407592773
0.4697699546813965
0.516634464263916
0.547842264175415
0.5791256427764893
0.6108272075653076
0.6577315330505371
0.6889729499816895
0.7206876277923584
0.7519631385803223
0.7832076549530029
0.8313055038452148
0.8616688251495361
0.8947060108184814
0.9244558811187744
0.9556584358215332
1.0037546157836914
1.0350384712219238
1.0662424564361572
1.1136021614074707
1.1452198028564453
1.1764273643493652
1.2081334590911865
1.2393794059753418
1.28641676902771
1.3341429233551025
1.365382194519043
1.402665138244629
1.4439821243286133
1.4752249717712402
1.5069303512573242
1.5382134914398193
1.5851833820343018
1.6168828010559082
1.6481640338897705
1.6794049739837646
1.711075782775879
1.7579777240753174
1.7916526794433594
1.8208906650543213
1.8677551746368408
1.9149870872497559
1.9462354183197021
1.9930973052978516
2.0404670238494873
2.0721607208251953
2.1039397716522217
2.1351420879364014
2.1663873195648193
2.204160213470459
2.2454464435577393
2.27669358253479
2.3240134716033936
2.355254888534546
2.3864967823028564
2.4181697368621826
2.465074062347412
2.5048530101776123
2.528054714202881
2.5748844146728516
2.6066269874572754
2.6379077434539795
2.669149398803711
2.705439567565918
2.7477331161499023
2.778973340988159
2.826342821121216
2.858156442642212
2.889400005340576
2.921100378036499
2.9523839950561523
2.99924635887146
3.030956745147705
3.0621988773345947
3.0934412479400635
3.140777587890625
3.171983003616333
3.2062346935272217
3.2510905265808105
3.2823357582092285
3.3295695781707764
3.361034631729126
3.4101414680480957
3.4398391246795654
3.471256732940674
3.50636625289917
3.534569263458252
3.58176589012146
3.615058183670044
3.660343885421753
3.6915860176086426
3.7233359813690186
3.7545816898345947
3.8018531799316406
3.833559036254883
3.8648061752319336
3.912306547164917
3.9435875415802
3.9908480644226074
4.022550344467163
4.055479049682617
4.085654973983765
4.132925271987915
4.164170980453491
4.2074573040008545
4.22715425491333
4.274020195007324
4.307766675949097
4.336765289306641
4.383625030517578
4.415313720703125
4.446592569351196
4.477836847305298
4.525170087814331
4.5564141273498535
4.587652683258057
4.619645595550537
4.666546821594238
4.697789907455444
4.7295286655426025
4.776394844055176
4.808677434921265
4.83937668800354
4.871089220046997
4.908728122711182
4.933931827545166
4.980792760848999
5.012495040893555
5.059398174285889
5.090972900390625
5.12267541885376
5.153961658477783
5.200935125350952
5.232681751251221
5.263926982879639
5.311183452606201
5.3583362102508545
5.389543533325195
5.436944484710693
5.468188524246216
5.50997519493103
5.531175851821899
5.578571796417236
5.610354661941528
5.641555309295654
5.6727986335754395
5.710588216781616
5.751888275146484
5.783131837844849
5.814833879470825
5.8461127281188965
5.894725799560547
5.924810171127319
5.956090450286865
5.987334489822388
6.034343481063843
6.065586090087891
6.096828460693359
6.128534317016602
6.159812927246094
6.206769704818726
6.238482475280762
6.269691228866577
6.316983461380005
6.3638527393341064
6.3951311111450195
6.4268269538879395
6.4581074714660645
6.511844635009766
6.55267333984375
6.583917856216431
6.61562180519104
6.662522792816162
6.693730592727661
6.725749731063843
6.757032871246338
6.788272857666016
6.8358705043792725
6.86714768409729
6.898390531539917
6.930129289627075
6.976991176605225
7.012419939041138
7.0401222705841064
7.071361303329468
7.112650394439697
7.149966716766357
7.181224346160889
7.212989568710327
7.244192123413086
7.2910239696502686
7.338795185089111
7.373065233230591
7.413308620452881
7.449092626571655
7.480335712432861
7.5136168003082275
7.558872938156128
7.590539216995239
7.637786626815796
7.6690673828125
7.700307846069336
7.7475666999816895
7.778809547424316
7.826465129852295
7.857821702957153
7.88906192779541
7.9362876415252686
7.967529773712158
8.014500141143799
8.045748710632324
8.077024936676025
8.114804029464722
8.14000415802002
8.186868667602539
8.218568563461304
8.249999046325684
8.281244039535522
8.330726623535156
8.375555753707886
8.406806707382202
8.438497304916382
8.46976375579834
8.517093181610107
8.548341512680054
8.579615592956543
8.626943111419678
8.658222913742065
8.689464092254639
8.721168994903564
8.768071174621582
8.799313306808472
8.83103895187378
8.862324476242065
8.909183025360107
8.940928936004639
8.98978304862976
9.02030086517334
9.051546335220337
9.082788944244385
9.117040395736694
9.161886930465698
9.193670988082886
9.225267887115479
9.272167682647705
9.303377628326416
9.350636005401611
9.38187861442566
9.42977523803711
9.461120128631592
9.492362022399902
9.524072885513306
9.570988655090332
9.602218389511108
9.63381838798523
9.680686712265015
9.711929559707642
9.743677139282227
9.774922370910645
9.822285890579224
9.853567838668823
9.884817838668823
9.93213963508606
9.96342134475708
10.010289192199707
10.042031049728394
10.073275327682495
10.106535911560059
10.136378288269043
10.18324589729309
10.219564437866211
10.24626350402832
10.29309344291687
10.324798107147217
10.356078147888184
10.402908086776733
10.434544563293457
10.481445789337158
10.512687921524048
10.544327020645142
10.575568675994873
10.622825145721436
10.654070377349854
10.685312509536743
10.720560789108276
10.764249563217163
10.795596837997437
10.827303886413574
10.8585844039917
10.90550184249878
10.952295064926147
10.983535766601562
11.021350145339966
11.046564102172852
11.09338665008545
11.125021696090698
11.15670919418335
11.2036874294281
11.235345602035522
11.266629457473755
11.313454866409302
11.360759496688843
11.391999959945679
11.42370057106018
11.454948663711548
11.486226558685303
11.533527612686157
11.564810514450073
11.611675500869751
11.643090963363647
11.674335956573486
11.705582857131958
11.752950429916382
11.78415560722351
11.82271957397461
11.863372325897217
11.894905090332031
11.927121639251709
11.958368062973022
11.989610195159912
12.022895336151123
12.068272590637207
12.099853515625
12.131564378738403
12.162847518920898
12.194087028503418
12.225759744644165
12.272664546966553
12.303903818130493
12.335569620132446
12.366851806640625
12.413682699203491
12.445387840270996
12.476661682128906
12.507904052734375
12.555200099945068
12.586477994918823
12.624255657196045
12.66504716873169
12.696320295333862
12.728024005889893
12.775501251220703
12.806743144989014
12.838370561599731
12.88553261756897
12.92428731918335
12.948451519012451
12.979697942733765
13.02701735496521
13.0603346824646
13.090046882629395
13.13736367225647
13.168811321258545
13.200092315673828
13.23179841041565
13.263081789016724
13.309942960739136
13.34123945236206
13.372483015060425
13.419349670410156
13.451099395751953
13.48233962059021
13.531264305114746
13.577017307281494
13.608296394348145
13.64001750946045
13.67129921913147
13.718128442764282
13.749764919281006
13.796631574630737
13.828450202941895
13.859732627868652
13.8909752368927
13.938270330429077
13.969549179077148
14.001227140426636
14.03292965888977
14.079830884933472
14.11134958267212
14.14309287071228
14.174336194992065
14.221204042434692
14.252957582473755
14.284197807312012
14.331453800201416
14.362700462341309
14.393945217132568
14.426759481430054
14.473122835159302
14.50436282157898
14.536067247390747
14.582968711853027
14.614420175552368
14.646058082580566
14.692921876907349
14.727171659469604
14.755887031555176
14.787080764770508
14.836466073989868
14.866600275039673
14.897873640060425
14.929502248764038
14.976859331130981
15.024101257324219
15.057528734207153
15.087228059768677
15.127947568893433
15.16573166847229
15.196975231170654
15.228149175643921
15.259431600570679
15.306298017501831
15.337937116622925
15.369219303131104
15.400463819503784
15.447477102279663
15.479026794433594
15.525891542434692
15.557484149932861
15.588690757751465
15.629008769989014
15.651713132858276
15.682960271835327
15.730279684066772
15.761560440063477
15.792801856994629
15.829583644866943
15.85575270652771
15.887502193450928
15.935040712356567
15.966325521469116
16.01372480392456
16.045426845550537
16.0766658782959
16.108105897903442
16.139806270599365
16.186813831329346
16.218093395233154
16.249831676483154
16.28107500076294
16.32999610900879
16.361274242401123
16.39144515991211
16.438528299331665
16.469808101654053
16.50105357170105
16.548416137695312
16.579625368118286
16.610870361328125
16.6582248210907
16.68948006629944
16.731250762939453
16.76803731918335
16.799280643463135
16.831532955169678
16.862715005874634
16.909618139266968
16.941428422927856
16.97267723083496
17.019571542739868
17.051271200180054
17.098101139068604
17.131850719451904
17.161112546920776
17.192421913146973
17.24031376838684
17.27213478088379
17.303338527679443
17.335010528564453
17.36699414253235
17.413861989974976
17.445706129074097
17.476985931396484
17.50822901725769
17.55556893348694
17.586772918701172
17.61804699897766
17.649786949157715
17.681031227111816
17.727946281433105
17.759687900543213
17.790934801101685
17.83268451690674
17.853827238082886
17.90125346183777
17.932964324951172
17.98024606704712
18.01148748397827
18.043187618255615
18.075686931610107
18.105888843536377
18.15321969985962
18.18446397781372
18.21570897102356
18.247403860092163
18.294002056121826
18.341217041015625
18.37246298789978
18.403743505477905
18.45109248161316
18.48233199119568
18.513575315475464
18.560799837112427
18.592042446136475
18.623285055160522
18.654924392700195
18.702373266220093
18.73378038406372
18.76506018638611
18.811928749084473
18.843632698059082
18.890535831451416
18.921777486801147
18.953542947769165
19.000369787216187
19.034687042236328
19.063318014144897
19.11021637916565
19.14181637763977
19.173097848892212
19.20464301109314
19.251998901367188
19.283587217330933
19.314862966537476
19.346537828445435
19.393542289733887
19.424824237823486
19.45646023750305
19.503328561782837
19.535316705703735
19.566522121429443
19.597764492034912
19.635544061660767
19.67636513710022
19.70809555053711
19.73979663848877
19.771076202392578
19.802321195602417
19.850138187408447
19.881620407104492
19.912860870361328
19.96013379096985
19.991936206817627
20.023181915283203
20.054922103881836
20.08616828918457
20.133028507232666
20.16482400894165
20.196070432662964
20.243396282196045
20.27464199066162
20.32154083251953
20.35261583328247
20.400404691696167
20.43712067604065
20.478938341140747
20.510146617889404
20.5417959690094
20.588663578033447
20.619941234588623
20.6516056060791
20.682887315750122
20.729752779006958
20.761473655700684
20.792718648910522
20.82396149635315
20.87177038192749
20.90305233001709
20.938332080841064
20.982723474502563
21.013311624526978
21.044912099838257
21.091778993606567
21.123021364212036
21.154226303100586
21.2010555267334
21.232298135757446
21.264045238494873
21.29529070854187
21.34309697151184
21.37434220314026
21.405585527420044
21.452945470809937
21.484195709228516
21.531055212020874
21.56285548210144
21.59432053565979
21.639601230621338
21.672850608825684
21.704129934310913
21.73987603187561
21.76704478263855
21.798330068588257
21.8456974029541
21.87697744369507
21.9082190990448
21.955443859100342
21.990018367767334
22.033769130706787
22.06551742553711
22.09672451019287
22.14408588409424
22.175330638885498
22.206573486328125
22.241391897201538
22.269558668136597
22.31731414794922
22.34948492050171
22.380765438079834
22.41200828552246
22.459296703338623
22.49050784111023
22.521748781204224
22.553455591201782
22.58473801612854
22.631598711013794
22.665019512176514
22.6946861743927
22.74208974838257
22.77337098121643
22.820237636566162
22.851942539215088
22.883222579956055
22.91446542739868
22.94617247581482
22.99355983734131
23.024803638458252
23.05640196800232
23.087682247161865
23.1349618434906
23.166594743728638
23.197837352752686
23.245515823364258
23.276993989944458
23.30823254585266
23.357122898101807
23.38732886314392
23.418566703796387
23.45025086402893
23.497475147247314
23.528719425201416
23.560465574264526
23.60732865333557
23.643610954284668
23.670276403427124
23.702085494995117
23.7499520778656
23.781461000442505
23.812705993652344
23.84387230873108
23.875152587890625
23.922455549240112
23.95416808128357
23.98559808731079
24.01710271835327
24.064369678497314
24.096033096313477
24.12727689743042
24.158977508544922
24.205848693847656
24.244630575180054
24.26883339881897
24.30007553100586
24.34788727760315
24.379167079925537
24.42599630355835
24.457738161087036
24.489089488983154
24.52029776573181
24.55203628540039
24.598937034606934
24.63018012046814
24.66119933128357
24.692411184310913
24.72368597984314
24.771058797836304
24.80229663848877
24.846076488494873
24.881402730941772
24.912642240524292
24.946425199508667
24.99125337600708
25.0225031375885
25.054198741912842
25.085480451583862
25.11672282218933
25.163711309432983
25.194952964782715
25.226195335388184
25.273571014404297
25.304769277572632
25.348025798797607
25.38331151008606
25.414552450180054
25.447831392288208
25.47753643989563
25.52495265007019
25.557188272476196
25.58847403526306
25.619709968566895
25.651418209075928
25.682703018188477
25.72956156730652
25.761266946792603
25.808133602142334
25.84898591041565
25.88727331161499
25.91848087310791
25.950119733810425
25.997130155563354
26.028372287750244
26.060083866119385
26.106985569000244
26.13819408416748
26.169906854629517
26.20118284225464
26.232428550720215
26.279717922210693
26.311489820480347
26.34973978996277
26.39005947113037
26.421272039413452
26.45297336578369
26.499840021133423
26.53108263015747
26.56297779083252
26.594447374343872
26.64130663871765
26.672996759414673
26.704238414764404
26.75146198272705
26.78270697593689
26.813949584960938
26.85061264038086
26.893475770950317
26.924713373184204
26.95642375946045
27.003292322158813
27.034568548202515
27.06628155708313
27.1131489276886
27.151434898376465
27.176103830337524
27.223477602005005
27.255077123641968
27.28636145591736
27.333187103271484
27.364925861358643
27.41182804107666
27.443070888519287
27.47470712661743
27.50598382949829
27.55339026451111
27.584669828414917
27.615901470184326
27.652705430984497
27.69445538520813
27.72573232650757
27.757334232330322
27.788620710372925
27.835477590560913
27.867072582244873
27.898319721221924
27.945183038711548
27.97681760787964
28.00868272781372
28.053187370300293
28.087479829788208
28.13430380821228
28.166207551956177
28.197659492492676
28.228933572769165
28.27620220184326
28.30744695663452
28.3389732837677
28.386317491531372
28.41752862930298
28.453308582305908
28.4961040019989
28.527345180511475
28.5747172832489
28.605960845947266
28.6372013092041
28.668907642364502
28.716251611709595
28.747658014297485
28.779404878616333
28.810643196105957
28.857903480529785
28.88967990875244
28.920923233032227
28.954710483551025
28.98391342163086
29.031355619430542
29.0630624294281
29.094335556030273
29.125585556030273
29.157304525375366
29.204782009124756
29.2363498210907
29.267956733703613
29.314858436584473
29.35557532310486
29.393327236175537
29.42460560798645
29.45741868019104
29.503275394439697
29.534518241882324
29.566219568252563
29.59749960899353
29.62874412536621
29.66044521331787
29.707345962524414
29.738906621932983
29.770606756210327
29.802147388458252
29.83339214324951
29.865094661712646
29.912001132965088
29.943239212036133
29.974982023239136
30.022425651550293
30.056260108947754
30.08542823791504
30.11667013168335
30.156455278396606
30.195276737213135
30.227076530456543
30.258780479431152
30.290059566497803
30.337484121322632
30.36961269378662
30.400858402252197
30.447761058807373
30.479400396347046
30.510676622390747
30.541921138763428
30.58867573738098
30.619954347610474
30.65766978263855
30.69889760017395
30.730350494384766
30.777709245681763
30.809492111206055
30.840854167938232
30.88820743560791
30.919411420822144
30.95822811126709
30.982428550720215
31.013672351837158
31.060998916625977
31.09228253364563
31.12352156639099
31.17138433456421
31.20266604423523
31.2339084148407
31.26561188697815
31.312515258789062
31.343725442886353
31.391093969345093
31.42233943939209
31.459124326705933
31.50091004371643
31.53215193748474
31.563865661621094
31.595147371292114
31.642101049423218
31.6738121509552
31.72067904472351
31.759430170059204
31.79925227165222
31.830464363098145
31.86209988594055
31.908966541290283
31.940208911895752
31.97215700149536
32.00360298156738
32.05047869682312
32.08222460746765
32.113430976867676
32.1606879234314
32.19197344779968
32.22317910194397
32.25992822647095
32.30174899101257
32.33295702934265
32.36469793319702
32.411564111709595
32.44280695915222
32.47454261779785
32.50578832626343
32.55265188217163
32.58439588546753
32.615607261657715
32.662962913513184
32.694244146347046
32.72548460960388
32.77280783653259
32.80405402183533
32.835336446762085
32.86696743965149
32.91383481025696
32.945114850997925
32.97670888900757
33.02361059188843
33.054856300354004
33.08649277687073
33.11777138710022
33.16520690917969
33.19648599624634
33.2277295589447
33.26251983642578
33.29071879386902
33.337642192840576
33.36932587623596
33.416226863861084
33.447471618652344
33.47867035865784
33.50991415977478
33.556859493255615
33.58859300613403
33.61983370780945
33.66308617591858
33.69837808609009
33.729586362838745
33.763368368148804
33.79256987571716
33.83943510055542
33.87113928794861
33.90242624282837
33.93366599082947
33.98091530799866
34.04344153404236
34.07551407814026
34.12238121032715
34.15362358093262
34.185261964797974
34.21650433540344
34.26437544822693
34.295188903808594
34.34209752082825
34.37408661842346
34.40548539161682
34.43688416481018
34.48421597480774
34.51549434661865
34.54723119735718
34.59459686279297
34.625805377960205
34.67305636405945
34.704652309417725
34.735859870910645
34.78311848640442
34.81436109542847
34.84563899040222
34.87733435630798
34.924201011657715
34.95544481277466
34.98715162277222
35.03401589393616
35.06580138206482
35.097010374069214
35.12824845314026
35.17557191848755
35.20685076713562
35.23809480667114
35.28542613983154
35.31667757034302
35.36349678039551
35.3951690196991
35.42638111114502
35.46669554710388
35.50535011291504
35.536559104919434
35.58381795883179
35.61559009552002
35.64688992500305
35.69384527206421
35.72508764266968
35.76680374145508
35.80374336242676
35.83498501777649
35.86680769920349
35.91406011581421
35.94529676437378
35.97698974609375
36.00826978683472
36.05509924888611
36.08673167228699
36.118285179138184
36.16533541679382
36.197072982788086
36.22831606864929
36.267595052719116
36.29129242897034
36.33812379837036
36.369752168655396
36.401036977767944
36.44789719581604
36.479604959487915
36.5108859539032
36.54212975502014
36.58910369873047
36.620347023010254
36.65158796310425
36.6832959651947
36.71457648277283
36.76144099235535
36.79318642616272
36.82443165779114
36.8717257976532
36.903008699417114
36.94984030723572
36.98157215118408
37.012853145599365
37.05968141555786
37.091426610946655
37.12318563461304
37.15446400642395
37.20125102996826
37.23249292373657
37.2702419757843
37.295414209365845
37.342238903045654
37.37419104576111
37.42109394073486
37.45230269432068
37.484047174453735
37.5153284072876
37.56219029426575
37.5939040184021
37.625144481658936
37.65638589859009
37.68813133239746
37.73498797416687
37.771273612976074
37.79797649383545
37.82918572425842
37.87654209136963
37.907822608947754
37.93906593322754
37.97185230255127
38.017677307128906
38.04888606071472
38.08052086830139
38.12742352485657
38.158785820007324
38.19052982330322
38.221781969070435
38.27222275733948
38.30094623565674
38.34777784347534
38.37952446937561
38.42642831802368
38.45766830444336
38.48940825462341
38.536269187927246
38.57302403450012
38.59919786453247
38.63044190406799
38.67776298522949
38.709043979644775
38.74026536941528
38.7735641002655
38.80322241783142
38.85058069229126
38.88229465484619
38.91357636451721
38.94503998756409
38.99240207672119
39.0236120223999
39.05485486984253
39.10218834877014
39.133429288864136
39.180686950683594
39.212032318115234
39.24324107170105
39.29010319709778
39.33693242073059
39.37475037574768
39.41557598114014
39.44681739807129
39.47849440574646
39.5102756023407
39.54151439666748
39.57529282569885
39.620580196380615
39.651819705963135
39.683526277542114
39.73042964935303
39.76184940338135
39.79355335235596
39.84045100212097
39.875733613967896
39.90340042114258
39.950300455093384
39.98199701309204
40.013243436813354
40.044522523880005
40.091843605041504
40.12312388420105
40.15589880943298
40.186519145965576
40.233423948287964
40.26466464996338
40.2963707447052
40.34323072433472
40.37697792053223
40.42168712615967
40.454620599746704
40.484636545181274
40.531540393829346
40.56278133392334
40.59453082084656
40.64139413833618
40.67767643928528
40.704375982284546
40.73563075065613
40.78299593925476
40.81427550315857
40.84552049636841
40.87830591201782
40.9241201877594
40.95536136627197
40.987040281295776
41.03394365310669
41.08127760887146
41.11255717277527
41.14379930496216
41.17907929420471
41.2067813873291
41.25369691848755
41.28536081314087
41.31664037704468
41.36402130126953
41.39522194862366
41.42646503448486
41.473841428756714
41.505579710006714
41.53682279586792
41.5801157951355
41.61544632911682
41.646687269210815
41.695598125457764
41.7256133556366
41.75686502456665
41.78856921195984
41.835688829422
41.866929054260254
41.89866828918457
41.945650815963745
41.98047375679016
42.00867986679077
42.039915561676025
42.08070516586304
42.11846303939819
42.14973998069763
42.18090748786926
42.212193727493286
42.24343252182007
42.29083847999573
42.33770966529846
42.38102173805237
42.417492151260376
42.46381402015686
42.49549460411072
42.527220249176025
42.55846309661865
42.605833530426025
42.6370747089386
42.668283462524414
42.70001029968262
42.74685859680176
42.78164029121399
42.809839725494385
42.841084718704224
42.88187003135681
42.919620752334595
42.96651840209961
42.99735355377197
43.028865337371826
43.06010866165161
43.107434034347534
43.13867402076721
43.16991996765137
43.20166277885437
43.232903480529785
43.28036189079285
43.3121223449707
43.343600273132324
43.38188600540161
43.40655493736267
43.45388865470886
43.50114679336548
43.532386302948
43.56362843513489
43.59533214569092
43.626612424850464
43.67366695404053
43.70541214942932
43.736658811569214
43.76789855957031
43.81526255607605
43.84703874588013
43.882816791534424
43.91001510620117
43.941258907318115
43.983041286468506
44.02007246017456
44.051310539245605
44.083091259002686
44.11429190635681
44.14553499221802
44.183319091796875
44.224108934402466
44.25535345077515
44.287068128585815
44.33393573760986
44.36521244049072
44.396920680999756
44.42820429801941
44.475064754486084
44.50671648979187
44.553577184677124
44.585322856903076
44.616602182388306
44.6639506816864
44.69595408439636
44.72751712799072
44.75875949859619
44.80611968040466
44.83745813369751
44.86869716644287
44.90036201477051
44.93164539337158
44.97850155830383
45.01021599769592
45.04145836830139
45.07269906997681
45.10443949699402
45.15130257606506
45.185585737228394
45.21428966522217
45.261149644851685
45.292850971221924
45.324130058288574
45.37096118927002
45.402708768844604
45.43395113945007
45.465192556381226
45.51252794265747
45.543763399124146
45.58656597137451
45.622384548187256
45.653635025024414
45.68653106689453
45.716734886169434
45.7479772567749
45.79583525657654
45.82743740081787
45.85864996910095
45.89082360267639
45.92210340499878
45.968966245651245
46.000749349594116
46.03202795982361
46.06327223777771
46.09497141838074
46.12625527381897
46.173229694366455
46.20496582984924
46.236509799957275
46.26774191856384
46.29944372177124
46.34631323814392
46.37758731842041
46.40929293632507
46.45615482330322
46.487937450408936
46.52091884613037
46.55058240890503
46.597909450531006
46.62919020652771
46.66043519973755
46.69213247299194
46.7390341758728
46.77027630805969
46.80197858810425
46.8332576751709
46.864506244659424
46.89621090888977
46.9438910484314
46.97513794898987
47.00688171386719
47.05374455451965
47.0890257358551
47.11673164367676
47.14797115325928
47.195287466049194
47.226566553115845
47.25781035423279
47.28927969932556
47.351768016815186
47.38958382606506
47.414458990097046
47.46128702163696
47.49300193786621
47.53986859321594
47.57114791870117
47.60285139083862
47.63413619995117
47.689969539642334
47.72829508781433
47.759501934051514
47.80687236785889
47.83811640739441
47.88494420051575
47.91665196418762
47.94789910316467
47.97913718223572
48.010876417160034
48.04209017753601
48.09102439880371
48.1207230091095
48.15196776390076
48.19124960899353
48.21494960784912
48.26181244850159
48.29347610473633
48.32475543022156
48.371623039245605
48.40332365036011
48.43457055091858
48.481467962265015
48.51318025588989
48.54441833496094
48.575663328170776
48.607398986816406
48.65488004684448
48.68629717826843
48.718037128448486
48.749276876449585
48.78052353858948
48.812260150909424
48.85912370681763
48.892900705337524
48.922106981277466
48.95364761352539
49.000969648361206
49.03225088119507
49.06349229812622
49.09520363807678
49.142104387283325
49.17343091964722
49.205485105514526
49.23677396774292
49.28363013267517
49.31538939476013
49.36225414276123
49.3938524723053
49.425140619277954
49.47200131416321
49.50366520881653
49.534945487976074
49.56618881225586
49.6135196685791
49.644763469696045
49.67600679397583
49.707709074020386
49.75461268424988
49.78585481643677
49.817580461502075
49.84882402420044
49.89622116088867
49.92750382423401
49.97433376312256
50.007681131362915
50.037882566452026
50.069090366363525
50.11649990081787
50.147709608078
50.178985595703125
50.212698221206665
50.25801658630371
50.289828300476074
50.32157301902771
50.35278248786926
50.40030097961426
50.43154573440552
50.46282410621643
50.49661040306091
50.54137063026428
50.588234663009644
50.61997103691101
50.651177406311035
50.682419776916504
50.73030471801758
50.761746406555176
50.79695963859558
50.825149059295654
50.872053384780884
50.90375876426697
50.935038328170776
50.96627998352051
50.997416257858276
51.044320821762085
51.07556653022766
51.10727310180664
51.1541748046875
51.18541860580444
51.217158794403076
51.24840307235718
51.27964901924133
51.32694482803345
51.35833716392517
51.398619413375854
51.43693780899048
51.46818995475769
51.50151062011719
51.53171110153198
51.58046269416809
51.61082720756531
51.642109632492065
51.673349142074585
51.72058701515198
51.75186109542847
51.78318214416504
51.81446409225464
51.861292362213135
51.90908122062683
51.94032883644104
51.97160363197327
52.003308057785034
52.05021095275879
52.08145070075989
52.113154888153076
52.14443588256836
52.17567181587219
52.20741581916809
52.25431680679321
52.28552579879761
52.332857608795166
52.364134311676025
52.40038537979126
52.44271183013916
52.47395062446594
52.5056529045105
52.53693246841431
52.58380484580994
52.61546611785889
52.6468563079834
52.678136587142944
52.709810733795166
52.756712198257446
52.78802537918091
52.81976556777954
52.8510057926178
52.882251024246216
52.91393423080444
52.960838317871094
52.992082595825195
53.02388048171997
53.086405992507935
53.11754631996155
53.16444730758667
53.20224666595459
53.22795248031616
53.25919151306152
53.30651640892029
53.337761878967285
53.384660482406616
53.416274070739746
53.44755744934082
53.49441909790039
53.52616262435913
53.557409048080444
53.58864688873291
53.63590455055237
53.667147636413574
53.714406967163086
53.74586820602417
53.7773551940918
53.808955907821655
53.856351137161255
53.8875937461853
53.91932034492493
53.95058345794678
53.981844425201416
54.02921271324158
54.06053924560547
54.093520641326904
54.12322640419006
54.154502630233765
54.20136570930481
54.23307538032532
54.26431703567505
54.29555797576904
54.34292006492615
54.37416362762451
54.40587019920349
54.4527747631073
54.48398041725159
54.516082525253296
54.54736614227295
54.57861804962158
54.62593340873718
54.657180309295654
54.68898057937622
54.73655557632446
54.76785850524902
54.80517864227295
54.830880880355835
54.86254048347473
54.9098801612854
54.94148898124695
54.97328567504883
55.021056175231934
55.05238699913025
55.08362317085266
55.11533331871033
55.14661741256714
55.193477392196655
55.22521781921387
55.256460428237915
55.287705183029175
55.33503556251526
55.36628580093384
55.41363835334778
55.44491791725159
55.476160287857056
55.50787591934204
55.55477690696716
55.586021184921265
55.6172661781311
55.648550033569336
55.679792404174805
55.727020263671875
55.758299827575684
55.78953742980957
55.83689641952515
55.86813712120056
55.90748572349548
55.94680333137512
55.97830128669739
56.01001954078674
56.041298151016235
56.088130712509155
56.11986064910889
56.16676092147827
56.19822311401367
56.22996711730957
56.26120686531067
56.307995080947876
56.33930325508118
56.38668179512024
56.41831636428833
56.44959616661072
56.49692702293396
56.528565883636475
56.5598087310791
56.59105157852173
56.63845777511597
56.66969585418701
56.71698784828186
56.7482705116272
56.77976965904236
56.8271164894104
56.85833954811096
56.88958549499512
56.92127871513367
56.96817994117737
56.99942374229431
57.03116202354431
57.06237483024597
57.09365129470825
57.1407949924469
57.17204141616821
57.20981764793396
57.2506160736084
57.28185844421387
57.31361961364746
57.361379623413086
57.39258646965027
57.43998980522156
57.471229791641235
57.51052212715149
57.53392553329468
57.565287828445435
57.61286115646362
57.644147872924805
57.67538499832153
57.71116852760315
57.75404071807861
57.78525137901306
57.81696057319641
57.86394667625427
57.89572715759277
57.92742657661438
57.974289417266846
58.007410287857056
58.037163496017456
58.068418741226196
58.11218857765198
58.14706802368164
58.18046188354492
58.21219873428345
58.24189519882202
58.28876042366028
58.3204619884491
58.35170817375183
58.398711919784546
58.43045258522034
58.47731065750122
58.51309418678284
58.540260553359985
58.57150602340698
58.613285541534424
58.650288581848145
58.681565284729004
58.71334886550903
58.744547605514526
58.776198625564575
58.823553800582886
58.85483455657959
58.88607668876648
58.9177770614624
58.964679479599
58.9959135055542
59.02764415740967
59.05945014953613
59.10635232925415
59.138094663619995
59.169337034225464
59.20058083534241
59.24786639213562
59.279112339019775
59.3148627281189
59.35811471939087
59.389352798461914
59.43670725822449
59.467915773391724
59.499661445617676
59.54763460159302
59.57783913612366
59.61511588096619
59.640775203704834
59.67201590538025
59.719332218170166
59.75057792663574
59.797441482543945
59.8290798664093
59.860361099243164
59.89156794548035
59.93883180618286
59.97007441520691
60.0174400806427
60.04872393608093
60.080551624298096
60.11582946777344
60.143529653549194
60.19035983085632
60.22224140167236
60.26929450035095
60.30053353309631
60.34772825241089
60.379008531570435
60.41675281524658
60.44192147254944
60.4888174533844
60.52052354812622
60.55203580856323
60.58328151702881
60.63053798675537
60.661821126937866
60.709261894226074
60.741002321243286
60.787832498550415
60.819461822509766
60.850707054138184
60.88233232498169
60.91780495643616
60.96112537384033
60.99236989021301
61.024075984954834
61.070976972579956
61.102219581604004
61.13392496109009
61.16520643234253
61.21207928657532
61.243820905685425
61.27528643608093
61.30690050125122
61.35422611236572
61.38548159599304
61.41928577423096
61.46454477310181
61.51144623756409
61.543203353881836
61.59003281593323
61.62166357040405
61.65294313430786
61.68418908119202
61.731510162353516
61.762789487838745
61.794034004211426
61.84140086174011
61.87303280830383
61.9043128490448
61.93760395050049
61.967795848846436
62.02084803581238
62.04654574394226
62.07779026031494
62.12511348724365
62.15651345252991
62.18775963783264
62.221038818359375
62.26641130447388
62.29767394065857
62.32933688163757
62.36061930656433
62.40779709815979
62.439432859420776
62.47071027755737
62.50195503234863
62.549315452575684
62.58055639266968
62.62184166908264
62.65972352027893
62.691004514694214
62.722172498703
62.76960492134094
62.80136013031006
62.83300495147705
62.864288091659546
62.911585092544556
62.943329095840454
62.97457575798035
63.00581669807434
63.05314064025879
63.08435034751892
63.12316966056824
63.14769744873047
63.17894649505615
63.226306676864624
63.2579870223999
63.28922915458679
63.33655381202698
63.36780118942261
63.41469860076904
63.44600486755371
63.47727918624878
63.50852370262146
63.55534863471985
63.58658981323242
63.62436819076538
63.64954352378845
63.68079161643982
63.724573850631714
63.7595100402832
63.7907452583313
63.824514627456665
63.854212284088135
63.901477575302124
63.933181285858154
63.96446228027344
64.01132869720459
64.0430760383606
64.08993792533875
64.12521600723267
64.15291166305542
64.18415403366089
64.22543931007385
64.262766122818
64.29441952705383
64.34124279022217
64.37279891967773
64.40404462814331
64.45132040977478
64.48259282112122
64.52980661392212
64.5610888004303
64.59229445457458
64.6396222114563
64.67090153694153
64.70214748382568
64.73348617553711
64.78035259246826
64.81163001060486
64.86075592041016
64.89045214653015
64.93777656555176
64.96905612945557
65.0003011226654
65.04768896102905
65.07892203330994
65.11013269424438
65.14186978340149
65.17315125465393
65.22016763687134
65.25191330909729
65.28370547294617
65.31498503684998
65.36230683326721
65.39356470108032
65.42827820777893
65.47262072563171
65.50382566452026
65.53590083122253
65.56717991828918
65.61401152610779
65.64575791358948
65.6769642829895
65.7238278388977
65.75557780265808
65.78681898117065
65.83411383628845
65.86539506912231
65.91225862503052
65.94385743141174
65.97514128684998
66.00638556480408
66.05337977409363
66.08458828926086
66.11582851409912
66.14746141433716
66.1943244934082
66.23015260696411
66.25785851478577
66.30472207069397
66.35193943977356
66.38318204879761
66.41442465782166
66.46193242073059
66.49324941635132
66.53104019165039
66.55617165565491
66.58745217323303
66.63467168807983
66.66595220565796
66.69715976715088
66.74441742897034
66.77566266059875
66.80690550804138
66.85431170463562
66.90117859840393
66.93293309211731
66.964182138443
67.011075258255
67.04277753829956
67.07405757904053
67.12092351913452
67.15266752243042
67.18391108512878
67.23077344894409
67.2624740600586
67.29373621940613
67.3329975605011
67.37228345870972
67.40349102020264
67.45074796676636
67.48238563537598
67.51365923881531
67.56064987182617
67.59189248085022
67.62313485145569
67.6703941822052
67.70167565345764
67.7340235710144
67.76472282409668
67.79596495628357
67.84318995475769
67.87443518638611
67.90567803382874
67.93731379508972
67.9844377040863
68.01575875282288
68.047358751297
68.09426879882812
68.12599158287048
68.15773868560791
68.2046046257019
68.23627376556396
68.26756191253662
68.29879879951477
68.33458709716797
68.3773455619812
68.40862035751343
68.45584392547607
68.48708963394165
68.53495717048645
68.56559228897095
68.5968713760376
68.6351568698883
68.676016330719
68.70762205123901
68.7393205165863
68.77090239524841
68.80214762687683
68.84936833381653
68.8806140422821
68.91189384460449
68.95925760269165
68.99073195457458
69.0220091342926
69.05374670028687
69.10061120986938
69.13186073303223
69.1635639667511
69.19480848312378
69.2360782623291
69.25778794288635
69.30463886260986
69.33642935752869
69.3832175731659
69.4144937992096
69.44620513916016
69.47748732566833
69.52479362487793
69.55653023719788
69.60339570045471
69.63708448410034
69.66677904129028
69.69803833961487
69.74523854255676
69.77651953697205
69.80776453018188
69.85498476028442
69.88622736930847
69.91810727119446
69.96533751487732
69.99657988548279
70.02782273292542
70.05952596664429
70.10635471343994
70.13817191123962
70.16937065124512
70.20057964324951
70.24803805351257
70.27928280830383
70.3105263710022
70.35778522491455
70.40516996383667
70.43850612640381
70.46804451942444
70.51493740081787
70.5464973449707
70.5777428150177
70.60943293571472
70.65679621696472
70.68804144859314
70.71924781799316
70.75087881088257
70.79796266555786
70.8392105102539
70.86091041564941
70.90777349472046
70.93949174880981
70.970694065094
71.00193667411804
71.03965663909912
71.08044576644897
71.11165404319763
71.14329242706299
71.19019508361816
71.22143769264221
71.26911687850952
71.30032539367676
71.34768652915955
71.37893199920654
71.42634296417236
71.4580717086792
71.48931503295898
71.52055788040161
71.56778240203857
71.61467933654785
71.64639258384705
71.69326424598694
71.74012398719788
71.77183365821838
71.80308365821838
71.85040998458862
71.89740872383118
71.92864871025085
71.96039080619812
71.99163174629211
72.03899598121643
72.07073712348938
72.101979970932
72.14232516288757
72.16550755500793
72.19678544998169
72.24411725997925
72.27562308311462
72.30686569213867
72.35416078567505
72.40106248855591
72.4322738647461
72.46402597427368
72.51088285446167
72.54293441772461
72.57406806945801
72.62096619606018
72.65267086029053
72.68395638465881
72.71519565582275
72.76241660118103
72.79369616508484
72.82493901252747
72.85715174674988
72.88840007781982
72.9352617263794
72.96700477600098
72.9982476234436
73.04546856880188
73.07671451568604
73.12375617027283
73.15555620193481
73.18683767318726
73.21804475784302
73.26510548591614
73.29688763618469
73.32809662818909
73.37568402290344
73.40734720230103
73.44413161277771
73.48594975471497
73.51715898513794
73.54890561103821
73.58018469810486
73.61142992973328
73.65880680084229
73.6900908946991
73.72133040428162
73.76869130134583
73.79990029335022
73.84726190567017
73.87850737571716
73.90978980064392
73.94506740570068
73.98831582069397
74.01959466934204
74.05130100250244
74.0981674194336
74.12944388389587
74.1611487865448
74.19239568710327
74.23929572105408
74.27104043960571
74.30224871635437
74.34957885742188
74.39648199081421
74.44331073760986
74.47505927085876
74.50630331039429
74.55418515205383
74.58557295799255
74.61683511734009
74.648770570755
74.68051314353943
74.72777938842773
74.75948143005371
74.79072785377502
74.85379314422607
74.88507294654846
74.91632270812988
74.94744777679443
74.99436140060425
75.02596378326416
75.05766725540161
75.10453724861145
75.13581132888794
75.1671781539917
75.21403527259827
75.24785256385803
75.27754855155945
75.32441687583923
75.3717052936554
75.40294861793518
75.43415856361389
75.46585845947266
75.51276111602783
75.54847431182861
75.59129619598389
75.62262845039368
75.66985607147217
75.7010989189148
75.73284482955933
75.76503682136536
75.81190752983093
75.84364914894104
75.87539196014404
75.90663456916809
75.94941711425781
75.98542737960815
76.0323920249939
76.06410360336304
76.09538531303406
76.12662720680237
76.17399001121521
76.20545935630798
76.24967193603516
76.2839617729187
76.3151683807373
76.34995722770691
76.39374709129333
76.42524933815002
76.4726185798645
76.50386309623718
76.5351026058197
76.56681704521179
76.59808874130249
76.62933111190796
76.67666435241699
76.70800948143005
76.73925471305847
76.77099919319153
76.80224061012268
76.83348250389099
76.880455493927
76.91169786453247
76.95098066329956
76.97460889816284
77.00588464736938
77.0511691570282
77.08449149131775
77.11573719978333
77.16308188438416
77.19436144828796
77.22560691833496
77.25731182098389
77.30421185493469
77.33545541763306
77.3827133178711
77.41399145126343
77.45227241516113
77.49259114265442
77.52403140068054
77.55573749542236
77.58701777458191
77.63384771347046
77.66558837890625
77.71249008178711
77.75246691703796
77.77560043334961
77.8225040435791
77.85411024093628
77.88535571098328
77.9328134059906
77.9647901058197
77.99603605270386
78.04290008544922
78.074533700943
78.10577654838562
78.15422868728638
78.1843626499176
78.2312650680542
78.26293468475342
78.29421758651733
78.34150505065918
78.38883924484253
78.42007565498352
78.45386123657227
78.48303008079529
78.51431608200073
78.56168580055237
78.59296679496765
78.62420988082886
78.67156672477722
78.70301651954651
78.74997353553772
78.78168225288391
78.81296014785767
78.8547420501709
78.89156174659729
78.92297315597534
78.9547507762909
78.98595833778381
79.01716327667236
79.05494928359985
79.0957899093628
79.12703156471252
79.15873456001282
79.19001388549805
79.22122550010681
79.26870059967041
79.2999906539917
79.33122301101685
79.37852144241333
79.40976548194885
79.44100379943848
79.48842477798462
79.5196692943573
79.55557513237
79.58198690414429
79.6288526058197
79.66063785552979
79.69192004203796
79.72371554374695
79.77115178108215
79.8023931980133
79.83363485336304
79.86533069610596
79.89661002159119
79.92836022377014
79.97573351860046
80.00697731971741
80.03818345069885
80.08545017242432
80.1167345046997
80.15644192695618
80.21263241767883
80.24233627319336
80.28958988189697
80.32086873054504
80.36808848381042
80.3993353843689
80.44624090194702
80.4778790473938
80.52477979660034
80.55699229240417
80.60324311256409
80.63452196121216
80.6662073135376
80.71311092376709
80.74435424804688
80.77609896659851
80.82296442985535
80.85774636268616
80.88594698905945
80.91715550422668
80.9579746723175
80.99583840370178
81.02708220481873
81.05824542045593
81.10514664649963
81.13639330863953
81.16805934906006
81.19958329200745
81.24648571014404
81.27822279930115
81.30946445465088
81.34070825576782
81.38796663284302
81.41924357414246
81.46656703948975
81.4978187084198
81.5450758934021
81.57681632041931
81.60805821418762
81.63930487632751
81.68667078018188
81.71841096878052
81.75919795036316
81.78132772445679
81.82823157310486
81.85939049720764
81.89067101478577
81.92227244377136
81.96958041191101
82.00086236000061
82.03210282325745
82.06377148628235
82.11067199707031
82.14191913604736
82.17391037940979
82.22138714790344
82.2601068019867
82.2842378616333
82.33114171028137
82.36280751228333
82.39408922195435
82.44091701507568
82.47254920005798
82.51945161819458
82.55065894126892
82.58240365982056
82.61364841461182
82.6609742641449
82.69210934638977
82.72335195541382
82.771005153656
82.8022985458374
82.83354115486145
82.86517548561096
82.9126877784729
82.94413614273071
82.99150729179382
83.02274751663208
83.06135892868042
83.08605742454529
83.13292527198792
83.16487193107605
83.19622278213501
83.2275037765503
83.27528142929077
83.3065276145935
83.33780431747437
83.38506197929382
83.41634678840637
83.44758152961731
83.47931480407715
83.5261778831482
83.56196093559265
83.58913397789001
83.6359646320343
83.66770029067993
83.71460390090942
83.74581003189087
83.77744770050049
83.82434892654419
83.8625659942627
83.9034161567688
83.93461966514587
83.96633315086365
84.01320195198059
84.04444479942322
84.09185147285461
84.12309646606445
84.16338205337524
84.20163297653198
84.23291301727295
84.28013253211975
84.31137871742249
84.34265208244324
84.38991284370422
84.42119002342224
84.45243239402771
84.48418879508972
84.53101706504822
84.56429696083069
84.59392762184143
84.64079093933105
84.67242503166199
84.72009706497192
84.75171327590942
84.78342604637146
84.81463241577148
84.84590911865234
84.8944571018219
84.92465925216675
84.96494364738464
84.98764252662659
85.03447341918945
85.06621432304382
85.09797739982605
85.12925982475281
85.17655205726624
85.2078309059143
85.23907327651978
85.28630256652832
85.31754541397095
85.36472487449646
85.3964364528656
85.42767548561096
85.47490048408508
85.5061845779419
85.55307221412659
85.58481693267822
85.61606216430664
85.647301197052
85.6946611404419
85.72590327262878
85.76669192314148
85.8045117855072
85.83575367927551
85.86692142486572
85.91382360458374
85.94506573677063
85.97676682472229
86.00804615020752
86.03929042816162
86.07099437713623
86.11828327178955
86.14964199066162
86.18182396888733
86.21310210227966
86.24435043334961
86.29171347618103
86.3229546546936
86.3541955947876
86.40145707130432
86.43285584449768
86.48013281822205
86.51141428947449
86.5426561832428
86.5743510723114
86.6212522983551
86.6524965763092
86.68419981002808
86.71548271179199
86.76234531402588
86.79408192634583
86.82532691955566
86.8691086769104
86.90445756912231
86.93580436706543
86.98314714431763
87.03015184402466
87.07792901992798
87.10920739173889
87.156653881073
87.18839597702026
87.21960091590881
87.25084376335144
87.2824809551239
87.313729763031
87.37026381492615
87.40815615653992
87.43936467170715
87.47056460380554
87.50181460380554
87.54867386817932
87.58041858673096
87.62732982635498
87.65852785110474
87.69026756286621
87.73709845542908
87.77138662338257
87.8162088394165
87.84758973121643
87.87929511070251
87.91057968139648
87.95740485191345
88.00477814674377
88.0359845161438
88.083340883255
88.11458659172058
88.14582896232605
88.19322991371155
88.2244381904602
88.25568175315857
88.3031165599823
88.33470392227173
88.38255906105042
88.41380739212036
88.44505143165588
88.4920425415039
88.52328419685364
88.55452680587769
88.58623957633972
88.633141040802
88.67342638969421
88.69609999656677
88.72734546661377
88.77467012405396
88.80594944953918
88.83719491958618
88.8739812374115
88.90018367767334
88.94704747200012
88.97875666618347
89.0100371837616
89.0575168132782
89.08925747871399
89.13615822792053
89.16740345954895
89.19904375076294
89.23033261299133
89.27451658248901
89.30939435958862
89.34063148498535
89.37437963485718
89.41916918754578
89.45077252388
89.4826512336731
89.52951765060425
89.56079626083374
89.59253549575806
89.62377691268921
89.67518019676208
89.70238041877747
89.7335877418518
89.78084468841553
89.81208992004395
89.843332529068
89.89115357398987
89.92249894142151
89.96939659118652
90.00110721588135
90.03236126899719
90.07967042922974
90.11094951629639
90.14219188690186
90.1764702796936
90.22079968452454
90.26762557029724
90.29937243461609
90.34685516357422
90.39411950111389
90.42535901069641
90.45660161972046
90.50386238098145
90.53534007072449
90.57747673988342
90.59868168830872
90.6460440158844
90.67729353904724
90.70853066444397
90.73977375030518
90.78710007667542
90.8183844089508
90.84962272644043
90.88095784187317
90.91224408149719
90.95911073684692
90.99081158638
91.02209162712097
91.05333828926086
91.10067319869995
91.13188338279724
91.1787040233612
91.20994973182678
91.24123430252075
91.28855657577515
91.32030057907104
91.36754965782166
91.41485452651978
91.44613242149353
91.49345517158508
91.52473640441895
91.55597710609436
91.58767414093018
91.63463354110718
91.66588497161865
91.69762229919434
91.72886657714844
91.77572774887085
91.80747437477112
91.83868455886841
91.88604283332825
91.91763687133789
91.94888186454773
91.98060917854309
92.02795791625977
92.05958247184753
92.09128785133362
92.12256860733032
92.1538143157959
92.20117998123169
92.23268508911133
92.26395988464355
92.29568004608154
92.34258103370667
92.38129901885986
92.4211208820343
92.45236277580261
92.48403239250183
92.51531648635864
92.56217575073242
92.59387588500977
92.62512159347534
92.68171715736389
92.71953511238098
92.75077986717224
92.78194975852966
92.81489396095276
92.86050987243652
92.8922131061554
92.92349457740784
92.97093439102173
93.00257134437561
93.03381395339966
93.0650565624237
93.11265230178833
93.14399600028992
93.18274903297424
93.22256994247437
93.25381135940552
93.28551530838013
93.31679606437683
93.3497633934021
93.39552593231201
93.42681193351746
93.47398924827576
93.50570368766785
93.55260181427002
93.5843014717102
93.61554861068726
93.66244435310364
93.69415068626404
93.74105429649353
93.77229452133179
93.80403470993042
93.83527851104736
93.86652135848999
93.91351222991943
93.94475793838501
93.98403835296631
94.0233244895935
94.05456781387329
94.08626627922058
94.13316655158997
94.16440916061401
94.19774675369263
94.2430317401886
94.27427315711975
94.30601334571838
94.33725380897522
94.38508749008179
94.43133783340454
94.46258068084717
94.50987958908081
94.54109072685242
94.58809113502502
94.6197202205658
94.6509940624237
94.68521094322205
94.71384191513062
94.760901927948
94.79261231422424
94.82389712333679
94.85513615608215
94.9024646282196
94.93370914459229
94.96495580673218
94.99662256240845
95.02789640426636
95.07528781890869
95.10703444480896
95.13827753067017
95.16951990127563
95.21684908866882
95.248055934906
95.28687453269958
95.31149864196777
95.35840368270874
95.39010620117188
95.43700981140137
95.46821522712708
95.49995136260986
95.54681825637817
95.57806086540222
95.60969877243042
95.64097595214844
95.68776202201843
95.71956181526184
95.75080752372742
95.78802037239075
95.82934093475342
95.86086058616638
95.89256620407104
95.9238452911377
95.95508766174316
96.00230598449707
96.0335521697998
96.06483602523804
96.11204886436462
96.14340472221375
96.17468428611755
96.20631456375122
96.25327110290527
96.28901672363281
96.31615686416626
96.36299419403076
96.39466977119446
96.4415397644043
96.47277903556824
96.5045177936554
96.55141925811768
96.58970141410828
96.63002228736877
96.66126441955566
96.69296717643738
96.72424960136414
96.77165293693542
96.80363011360168
96.83491158485413
96.8661527633667
96.91336965560913
96.9450273513794
96.97627806663513
97.00790929794312
97.05477285385132
97.08601570129395
97.11782717704773
97.16484189033508
97.19653725624084
97.22781944274902
97.274649143219
97.32205414772034
97.35386157035828
97.39114093780518
97.43245697021484
97.46369981765747
97.49540400505066
97.52668929100037
97.57355332374573
97.60525560379028
97.63653421401978
97.66777849197388
97.69941902160645
97.74685168266296
97.77808833122253
97.8098292350769
97.85668778419495
97.8924789428711
97.91967725753784
97.95088696479797
97.99278831481934
98.03050661087036
98.06174993515015
98.0929229259491
98.13982319831848
98.17106628417969
98.20276975631714
98.23404932022095
98.26529502868652
98.31262540817261
98.34386658668518
98.39370441436768
98.42240262031555
98.4536440372467
98.50096702575684
98.53224635124207
98.56349110603333
98.61070537567139
98.6419141292572
98.67315745353699
98.7047917842865
98.75165963172913
98.7829372882843
98.81468391418457
98.86154079437256
98.89478707313538
98.92449808120728
98.95574045181274
99.00295877456665
99.03424000740051
99.08106875419617
99.11270427703857
99.15960335731506
99.19535183906555
99.23817610740662
99.26941752433777
99.30109453201294
99.34796214103699
99.37920475006104
99.42646741867065
99.45775008201599
99.50496864318848
99.53624939918518
99.56749153137207
99.59912967681885
99.64643168449402
99.67771244049072
99.72504568099976
99.75632381439209
99.78772687911987
99.81943488121033
99.85064435005188
99.88191986083984
99.9292140007019
99.96045589447021
99.99673891067505
100.02344155311584
100.0546805858612
100.10197639465332
100.13356709480286
100.1648120880127
100.2049834728241
100.243234872818
100.27513837814331
100.32259345054626
100.35380363464355
100.40105748176575
100.4479706287384
100.47920060157776
100.510906457901
100.55780911445618
100.5890166759491
100.63627552986145
100.66751790046692
100.69938278198242
100.73084259033203
100.77773475646973
100.80944275856018
100.85630893707275
100.88813638687134
100.919921875
100.95116591453552
100.99856686592102
101.02976751327515
101.0610089302063
101.1083447933197
101.13990640640259
101.17114996910095
101.20284986495972
101.23413062095642
101.28099822998047
101.31266808509827
101.34395861625671
101.39935374259949
101.42256426811218
101.46939325332642
101.50102829933167
101.53230834007263
101.57913970947266
101.61087918281555
101.64216089248657
101.68918919563293
101.72093319892883
101.75217747688293
101.78338742256165
101.81508660316467
101.86198949813843
101.89323353767395
101.92497897148132
101.95622038841248
102.00050401687622
102.03479170799255
102.06617760658264
102.10047125816345
102.1291389465332
102.17642641067505
102.20802974700928
102.23978018760681
102.27098083496094
102.31796216964722
102.34917044639587
102.40104269981384
102.42779350280762
102.47471308708191
102.50645422935486
102.53770446777344
102.58456373214722
102.61630725860596
102.64759802818298
102.67879581451416
102.72605800628662
102.75733637809753
102.78854417800903
102.82018375396729
102.86704707145691
102.90229535102844
102.93004417419434
102.96185159683228
103.00911235809326
103.04035806655884
103.0716004371643
103.11849689483643
103.1503837108612
103.18162727355957
103.21334147453308
103.24462366104126
103.27586674690247
103.32319259643555
103.35483932495117
103.38604807853699
103.4334487915039
103.46470093727112
103.50348353385925
103.52764892578125
103.57509350776672
103.60679745674133
103.6380763053894
103.670973777771
103.7166907787323
103.74793720245361
103.79483604431152
103.82659006118774
103.85783123970032
103.90515303611755
103.93643283843994
103.9676742553711
104.00446128845215
104.03066682815552
104.07752466201782
104.1092300415039
104.14051008224487
104.17175364494324
104.20503234863281
104.25031995773315
104.28152871131897
104.31326127052307
104.36012816429138
104.407386302948
104.4386658668518
104.46987843513489
104.505690574646
104.54844450950623
104.58014917373657
104.61181402206421
104.65868067741394
104.68992328643799
104.72155666351318
104.76904082298279
104.80046701431274
104.8322925567627
104.86349940299988
104.91085886955261
104.9421374797821
104.97338485717773
105.00666999816895
105.03636193275452
105.08321976661682
105.1149218082428
105.14620280265808
105.17744469642639
105.20914936065674
105.25605273246765
105.28729295730591
105.31900262832642
105.35028219223022
105.40762066841125
105.44487047195435
105.47611331939697
105.52348017692566
105.55476212501526
105.58600282669067
105.63337326049805
105.66472005844116
105.71194219589233
105.74318814277649
105.77443408966064
105.82179141044617
105.85307121276855
105.88431644439697
105.91602897644043
105.96292924880981
105.99413871765137
106.02577877044678
106.0726420879364
106.10946321487427
106.13566422462463
106.18253779411316
106.22990131378174
106.26115012168884
106.29239153862
106.32408380508423
106.3715717792511
106.41035985946655
106.4345314502716
106.46577668190002
106.51299571990967
106.54427933692932
106.59113907814026
106.62284064292908
106.66977143287659
106.70098519325256
106.73272156715393
106.77955102920532
106.81130385398865
106.84243535995483
106.88933563232422
106.92104244232178
106.9679102897644
107.01168012619019
107.04701542854309
107.07826232910156
107.11201167106628
107.14114356040955
107.18851518630981
107.22033858299255
107.26724028587341
107.29872345924377
107.33036065101624
107.37722396850586
107.42497301101685
107.45625305175781
107.48749685287476
107.53472352027893
107.56600093841553
107.59724450111389
107.62841486930847
107.65987539291382
107.71274948120117
107.73837876319885
107.78524255752563
107.8169846534729
107.84826874732971
107.8951301574707
107.92681121826172
107.95809388160706
107.98933506011963
108.03670740127563
108.06795191764832
108.09919357299805
108.13094282150269
108.1780219078064
108.21380686759949
108.24059224128723
108.2875587940216
108.31926822662354
108.35054755210876
108.39741826057434
108.42911958694458
108.46040201187134
108.4917299747467
108.5390944480896
108.57030367851257
108.61763215065002
108.64891123771667
108.68016290664673
108.72737693786621
108.75865626335144
108.78989934921265
108.82150435447693
108.86976361274719
108.90047073364258
108.9321072101593
108.9790563583374
109.01526927947998
109.04197001457214
109.08893036842346
109.12062954902649
109.16749572753906
109.19877290725708
109.23044443130493
109.27734589576721
109.30858874320984
109.34024715423584
109.38710761070251
109.41881442070007
109.46628761291504
109.49752950668335
109.52920079231262
109.56048154830933
109.59172654151917
109.62304472923279
109.67020678520203
109.70144581794739
109.7326455116272
109.76388883590698
109.81071949005127
109.84246468544006
109.87370419502258
109.91749167442322
109.95283579826355
109.98407578468323
110.01785612106323
110.04706048965454
110.07829642295837
110.12611603736877
110.15739750862122
110.188640832901
110.22034168243408
110.26735520362854
110.31422424316406
110.34596633911133
110.3771767616272
110.42476463317871
110.45604586601257
110.4872875213623
110.5340096950531
110.56578588485718
110.61264491081238
110.64439272880554
110.67563533782959
110.71891689300537
110.7391140460968
110.78635573387146
110.81914019584656
110.86489295959473
110.89613318443298
110.92781805992126
110.97472333908081
111.00596213340759
111.03770327568054
111.06895041465759
111.10019111633301
111.14720153808594
111.17844128608704
111.20968389511108
111.24143242835999
111.27269196510315
111.31997966766357
111.35125946998596
111.38288044929504
111.42019867897034
111.46145915985107
111.49273824691772
111.53995537757874
111.57150173187256
111.60274410247803
111.65007400512695
111.68131470680237
111.72052907943726
111.74425315856934
111.77550649642944
111.82325744628906
111.8545389175415
111.90139985084534
111.93309760093689
111.96437954902649
111.99558997154236
112.04299116134644
112.0742335319519
112.10547828674316
112.15266489982605
112.18390703201294
112.2216866016388
112.24689531326294
112.27810382843018
112.32591962814331
112.35720109939575
112.404789686203
112.4365303516388
112.48339796066284
112.51467537879944
112.54642844200134
112.57766890525818
112.62499022483826
112.65627217292786
112.68751215934753
112.7226243019104
112.75082588195801
112.7820680141449
112.82948613166809
112.86076617240906
112.89197397232056
112.92361187934875
112.97084546089172
113.00227808952332
113.03398108482361
113.06526041030884
113.11212992668152
113.14383721351624
113.1750841140747
113.20632219314575
113.23794913291931
113.28502154350281
113.32430458068848
113.36535382270813
113.39536595344543
113.44262719154358
113.4738700389862
113.50511264801025
113.55237054824829
113.5836136341095
113.63086581230164
113.66211199760437
113.69335460662842
113.74125814437866
113.772789478302
113.80619645118713
113.83631730079651
113.8833019733429
113.91483497619629
113.94648718833923
113.97804880142212
114.00950002670288
114.04710173606873
114.0903525352478
114.1255955696106
114.15143418312073
114.18267869949341
114.22953748703003
114.26081991195679
114.29850578308105
114.3413519859314
114.37134432792664
114.42564153671265
114.45051145553589
114.49818992614746
114.53007388114929
114.56143593788147
114.59324383735657
114.6408941745758
114.67232608795166
114.70555114746094
114.73680114746094
114.78271770477295
114.81451225280762
114.84790539741516
114.8778510093689
114.90918517112732
114.95640563964844
114.9876480102539
115.02689623832703
115.06658673286438
115.09800577163696
115.13013005256653
115.16403555870056
115.19676852226257
115.24067902565002
115.27221632003784
115.30358934402466
115.33560419082642
115.36870002746582
115.43042373657227
115.46170330047607
115.49327540397644
115.54089736938477
115.57247948646545
115.6037187576294
115.65114760398865
115.69161343574524
115.71434712409973
115.74605178833008
115.79336047172546
115.82679462432861
115.85608196258545
115.90298223495483
115.9347186088562
115.96662902832031
116.01533365249634
116.0471293926239
116.07988142967224
116.10850310325623
116.15603137016296
116.18731188774109
116.23464035987854
116.26645231246948
116.2980318069458
116.34530591964722
116.39216780662537
116.44130897521973
116.47173690795898
116.513920545578
116.55089020729065
116.58364629745483
116.62729334831238
116.66157555580139
116.6928231716156
116.72760963439941
116.77195000648499
116.80327558517456
116.8349757194519
116.88339519500732
116.91406345367432
116.94580674171448
116.98688673973083
117.01471710205078
117.05606722831726
117.087477684021
117.12876439094543
117.16651201248169
117.19787526130676
117.2296953201294
117.27656388282776
117.30780625343323
117.33944201469421
117.38684582710266
117.42931818962097
117.46609735488892
117.49742031097412
117.52950525283813
117.57682061195374
117.60968208312988
117.65554451942444
117.69169163703918
117.71859526634216
117.7503936290741
117.7972559928894
117.8302059173584
117.86041402816772
117.89203715324402
117.9304347038269
117.9549789428711
118.00252509117126
118.03471183776855
118.0661289691925
118.09954023361206
118.13082194328308
118.16077780723572
118.20827150344849
118.24648976325989
118.27981114387512
118.30301332473755
118.35197806358337
118.3972692489624
118.44721698760986
118.47638750076294
118.50832200050354
118.5561249256134
118.59905815124512
118.63512969017029
118.66668391227722
118.69763922691345
118.73189043998718
118.77652835845947
118.80780386924744
118.83958029747009
118.87130403518677
118.9187126159668
118.95016384124756
118.98144245147705
119.02830410003662
119.06006693840027
119.09138607978821
119.1330497264862
119.17199087142944
119.20184302330017
119.2331531047821
119.28185725212097
119.31158375740051
119.34680151939392
119.39088296890259
119.422128200531
119.46938967704773
119.50063157081604
119.53338384628296
119.56351351737976
119.61059808731079
119.64260482788086
119.69098448753357
119.73369145393372
119.76851391792297
119.80014324188232
119.83395862579346
119.87884211540222
119.91008186340332
119.94201731681824
119.97634935379028
120.0051646232605
120.04125499725342
120.08358669281006
120.11483120918274
120.14814233779907
120.17940282821655
120.21342253684998
120.24200534820557
120.2893340587616
120.32068848609924
120.35246396064758
120.39963030815125
120.434406042099
120.46257424354553
120.50957369804382
120.54152297973633
120.58127951622009
120.62047600746155
120.65211701393127
120.68371868133545
120.71496105194092
120.74907732009888
120.77836847305298
120.82576704025269
120.85721969604492
120.8905599117279
120.93693852424622
120.96848797798157
121.0002338886261
121.03554797172546
121.063232421875
121.11070275306702
121.14234018325806
121.18920803070068
121.22045040130615
121.251718044281
121.29940390586853
121.33064556121826
121.36238622665405
121.40979266166687
121.44114875793457
121.47542905807495
121.5202226638794
121.55186939239502
121.60049319267273
121.63626027107239
121.66192412376404
121.70954656600952
121.74150323867798
121.77331233024597
121.80470633506775
121.84476041793823
121.88363146781921
121.91664218902588
121.94902753829956
121.9773461818695
122.0248019695282
122.05655431747437
122.0966124534607
122.11968994140625
122.16666150093079
122.19810509681702
122.23655915260315
122.277592420578
122.30895900726318
122.34070086479187
122.37198185920715
122.41884469985962
122.45097160339355
122.4982476234436
122.52949595451355
122.56349015235901
122.5926582813263
122.63694286346436
122.67189764976501
122.70469903945923
122.74765801429749
122.78247594833374
122.81470537185669
122.84815502166748
122.87781643867493
122.90940070152283
122.95644116401672
122.988201379776
123.02114272117615
123.06846761703491
123.09857106208801
123.13726568222046
123.16162991523743
123.1940975189209
123.24037837982178
123.27165675163269
123.30315113067627
123.3374011516571
123.36586952209473
123.41292476654053
123.44587254524231
123.47603726387024
123.52374625205994
123.55527377128601
123.58648538589478
123.61773085594177
123.66507649421692
123.69666957855225
123.7379195690155
123.77517342567444
123.80850625038147
123.84057378768921
123.8707103729248
123.9019844532013
123.94931364059448
123.98079466819763
124.01204204559326
124.04636216163635
124.09202933311462
124.12176418304443
124.1534674167633
124.18474769592285
124.23207783699036
124.26381993293762
124.29566407203674
124.32780075073242
124.35954427719116
124.40680313110352
124.45421409606934
124.4858763217926
124.51750636100769
124.5492570400238
124.59661936759949
124.62818384170532
124.66003131866455
124.69131541252136
124.72977828979492
124.77228498458862
124.80236554145813
124.83956980705261
124.86577343940735
124.91260290145874
124.94424033164978
124.97548699378967
125.02235293388367
125.05442762374878
125.08567667007446
125.1330771446228
125.16443943977356
125.19580841064453
125.24376606941223
125.27504420280457
125.3183696269989
125.35196924209595
125.38618397712708
125.43352556228638
125.46513605117798
125.49637222290039
125.54065155982971
125.57506489753723
125.60631346702576
125.64059710502625
125.685302734375
125.71664214134216
125.74828267097473
125.77953124046326
125.82679438591003
125.85843324661255
125.89176869392395
125.92166709899902
125.9532163143158
125.98491764068604
126.03366899490356
126.06385397911072
126.09665632247925
126.14621639251709
126.17491316795349
126.22177743911743
126.25862002372742
126.28532433509827
126.31698274612427
126.34877061843872
126.39767265319824
126.42780351638794
126.4620611667633
126.50728440284729
126.54135227203369
126.57914710044861
126.61835432052612
126.65032434463501
126.68160653114319
126.71284866333008
126.7446539402008
126.79155611991882
126.8232319355011
126.85501456260681
126.88643145561218
126.91817474365234
126.96551561355591
126.99733471870422
127.06024861335754
127.09150004386902
127.13892436027527
127.1705596446991
127.20352625846863
127.23525881767273
127.26537489891052
127.29705476760864
127.34499073028564
127.37644577026367
127.42327952384949
127.45490431785583
127.50180554389954
127.54912686347961
127.58061933517456
127.62748503684998
127.65905976295471
127.69030237197876
127.73733353614807
127.76900482177734
127.80028247833252
127.84775972366333
127.8795440196991
127.92642617225647
127.96017169952393
127.9903564453125
128.03978061676025
128.06869435310364
128.100026845932
128.14410638809204
128.17889547348022
128.2101023197174
128.2443869113922
128.27301931381226
128.30426144599915
128.35152316093445
128.38316297531128
128.4309480190277
128.46418571472168
128.49439787864685
128.52562975883484
128.5734338760376
128.6049382686615
128.64534425735474
128.6679768562317
128.7148404121399
128.74647569656372
128.7777214050293
128.80896401405334
128.85622382164001
128.88783764839172
128.9192180633545
128.96645331382751
128.99817824363708
129.02942037582397
129.07740807533264
129.10869026184082
129.1460087299347
129.18824791908264
129.2198736667633
129.25161695480347
129.2833514213562
129.31673097610474
129.36175107955933
129.39350008964539
129.44647359848022
129.4718577861786
129.51869082450867
129.55074620246887
129.58199429512024
129.61370372772217
129.6470286846161
129.69588160514832
129.72442293167114
129.75613641738892
129.80503845214844
129.83561325073242
129.86759185791016
129.90055751800537
129.93190836906433
129.9787712097168
130.01242017745972
130.0477578639984
130.07459831237793
130.10444402694702
130.15178155899048
130.18352508544922
130.21473693847656
130.26199007034302
130.29362082481384
130.32703971862793
130.35757040977478
130.40504837036133
130.4362964630127
130.47496151924133
130.5152940750122
130.5484299659729
130.58032655715942
130.6283917427063
130.65697479248047
130.6951448917389
130.735586643219
130.76747345924377
130.79900217056274
130.83059573173523
130.86212491989136
130.8934051990509
130.94104504585266
130.9727749824524
131.00429916381836
131.05334568023682
131.0846984386444
131.1146318912506
131.14908576011658
131.1772837638855
131.22466373443604
131.26585245132446
131.2878496646881
131.33476448059082
131.3664047718048
131.3976526260376
131.4442584514618
131.47591996192932
131.50759363174438
131.55499172210693
131.58646631240845
131.61800742149353
131.66539216041565
131.6966347694397
131.72874760627747
131.776305437088
131.80935406684875
131.84999632835388
131.87078499794006
131.91764664649963
131.9498748779297
131.98101329803467
132.0139605998993
132.0501003265381
132.09317326545715
132.1229419708252
132.15466594696045
132.20153498649597
132.2332365512848
132.26513409614563
132.29638028144836
132.34324431419373
132.37488222122192
132.40636825561523
132.45408368110657
132.48604249954224
132.5176796913147
132.55045986175537
132.59595561027527
132.62720012664795
132.66214990615845
132.70544481277466
132.7366886138916
132.76842951774597
132.81558465957642
132.8507170677185
132.87867975234985
132.91025733947754
132.95104432106018
132.97549176216125
133.01167678833008
133.05380821228027
133.0853304862976
133.11862778663635
133.18012022972107
133.2113606929779
133.25141644477844
133.28165125846863
133.31458282470703
133.3539445400238
133.38578510284424
133.43265318870544
133.46477055549622
133.4966721534729
133.54381370544434
133.57558870315552
133.60871410369873
133.6514537334442
133.68632221221924
133.71793675422668
133.751380443573
133.79752659797668
133.82929229736328
133.86101269721985
133.8922643661499
133.93912601470947
133.97198152542114
134.01210069656372
134.0454432964325
134.0802779197693
134.111554145813
134.15245842933655
134.1907331943512
134.222261428833
134.25558519363403
134.29539561271667
134.33408546447754
134.36609554290771
134.3977756500244
134.4289572238922
134.47621870040894
134.50746178627014
134.5387043952942
134.58595871925354
134.6172013282776
134.65295100212097
134.6800832748413
134.7270257472992
134.75872445106506
134.79016256332397
134.82166242599487
134.86901879310608
134.902090549469
134.9320137500763
134.9652132987976
135.01308965682983
135.04271960258484
135.07454323768616
135.10654377937317
135.15408897399902
135.1848907470703
135.21778964996338
135.2540259361267
135.2960240840912
135.32915616035461
135.36470532417297
135.40693712234497
135.43907189369202
135.4862163066864
135.51798605918884
135.55420231819153
135.59652090072632
135.62776517868042
135.6750259399414
135.70657467842102
135.73801136016846
135.78593564033508
135.8344693183899
135.88190913200378
135.91160321235657
135.95892190933228
135.9902012348175
136.0215504169464
136.06887340545654
136.1038830280304
136.13258337974548
136.17926335334778
136.2123305797577
136.25509572029114
136.28980803489685
136.3228063583374
136.35517811775208
136.40178298950195
136.4470694065094
136.49439191818237
136.5261013507843
136.55780267715454
136.5896201133728
136.62102484703064
136.66839337348938
136.6996750831604
136.74653887748718
136.7782905101776
136.80953192710876
136.84074211120605
136.87837409973145
136.90460920333862
136.95202255249023
136.98373675346375
137.01510524749756
137.0562355518341
137.09469890594482
137.1259410381317
137.15797901153564
137.20578002929688
137.23755598068237
137.2692575454712
137.31289792060852
137.34833979606628
137.3799343109131
137.4135775566101
137.4594624042511
137.49086666107178
137.53047561645508
137.5571551322937
137.60184860229492
137.64505052566528
137.68087339401245
137.71587109565735
137.74402856826782
137.77940702438354
137.82274436950684
137.85750007629395
137.8857879638672
137.91897320747375
137.95762157440186
137.98081159591675
138.02926802635193
138.05978727340698
138.09438276290894
138.12836813926697
138.15777802467346
138.2036714553833
138.23330116271973
138.28056621551514
138.31180834770203
138.34337210655212
138.3752303123474
138.4225070476532
138.45792365074158
138.4886510372162
138.53243947029114
138.57219171524048
138.61151099205017
138.64302563667297
138.67500638961792
138.70677709579468
138.73986983299255
138.7790904045105
138.81796312332153
138.84989547729492
138.88164496421814
138.9285111427307
138.96055698394775
138.9950556755066
139.04024457931519
139.07195854187012
139.10323905944824
139.15110063552856
139.1832926273346
139.21670651435852
139.24640130996704
139.27807188034058
139.32497000694275
139.3592324256897
139.38816595077515
139.41978883743286
139.4669930934906
139.4987771511078
139.53078746795654
139.56163048744202
139.60946393013
139.64123439788818
139.67819571495056
139.7046308517456
139.75149393081665
139.78313326835632
139.81437635421753
139.86285066604614
139.8952329158783
139.9280824661255
139.9605884552002
140.00395369529724
140.03539395332336
140.0669982433319
140.11386513710022
140.1454131603241
140.17722487449646
140.20845985412598
140.2562370300293
140.28941226005554
140.31954264640808
140.36679768562317
140.41388773918152
140.45345282554626
140.49321055412292
140.52472686767578
140.5884964466095
140.63565373420715
140.67308378219604
140.71220541000366
140.74598908424377
140.77747321128845
140.81222653388977
140.84089136123657
140.87483596801758
140.90841960906982
140.95139837265015
140.9831886291504
141.03005814552307
141.06221628189087
141.09506797790527
141.1252167224884
141.17257070541382
141.20414280891418
141.23577237129211
141.28276133537292
141.33135056495667
141.36327838897705
141.3937065601349
141.4409716129303
141.47262048721313
141.51985120773315
141.5626711845398
141.59864687919617
141.6472351551056
141.67725086212158
141.71471190452576
141.7560064792633
141.7889804840088
141.819983959198
141.8512623310089
141.8845660686493
141.91460371017456
141.96149969100952
141.9932417869568
142.02448725700378
142.06389737129211
142.08709859848022
142.1339282989502
142.16560125350952
142.19740295410156
142.2460741996765
142.29172658920288
142.32477021217346
142.35490560531616
142.38657879829407
142.43344640731812
142.48021125793457
142.51324820518494
142.56465363502502
142.6057665348053
142.6378195285797
142.67787981033325
142.71672320365906
142.75000143051147
142.78020524978638
142.82703280448914
142.86113834381104
142.89036464691162
142.9220860004425
142.96476292610168
143.0011956691742
143.0324387550354
143.06468963623047
143.11094188690186
143.1421844959259
143.17382073402405
143.20546102523804
143.25286769866943
143.2846326828003
143.3272819519043
143.3650312423706
143.3947675228119
143.44163489341736
143.47327303886414
143.5045235157013
143.55141711235046
143.58355522155762
143.6153495311737
143.6470513343811
143.67875957489014
143.71003890037537
143.75722885131836
143.78896737098694
143.82211208343506
143.8522186279297
143.8991413116455
143.93038368225098
143.9660520553589
143.99537062644958
144.02499985694885
144.072114944458
144.1033971309662
144.1348340511322
144.16630482673645
144.19857454299927
144.2454812526703
144.2789068222046
144.30912113189697
144.34040236473083
144.38754630088806
144.41875171661377
144.46695637702942
144.49800205230713
144.52940201759338
144.5783176422119
144.6088354587555
144.64437794685364
144.6880156993866
144.71929359436035
144.75053548812866
144.79816603660583
144.82941007614136
144.8675036430359
144.9085032939911
144.943701505661
144.97209429740906
145.0033757686615
145.03518915176392
145.06747794151306
145.11426663398743
145.14598655700684
145.17928862571716
145.21159434318542
145.24334526062012
145.27339625358582
145.31038904190063
145.35274147987366
145.3838872909546
145.41509675979614
145.4619584083557
145.4953384399414
145.52823185920715
145.5725224018097
145.60380458831787
145.6354501247406
145.68334293365479
145.71541380882263
145.76260542869568
145.7943890094757
145.8414661884308
145.87284660339355
145.91089916229248
145.95225620269775
145.98450231552124
146.01556372642517
146.06376194953918
146.0956506729126
146.12720370292664
146.17456531524658
146.2167775630951
146.25310134887695
146.2867932319641
146.33312392234802
146.36664414405823
146.39646768569946
146.45895624160767
146.49355053901672
146.52257537841797
146.55385565757751
146.5856430530548
146.62748074531555
146.66476035118103
146.69646310806274
146.7280571460724
146.7752821445465
146.80706572532654
146.8385157585144
146.87099289894104
146.9021279811859
146.94902753829956
146.99632143974304
147.02801394462585
147.07566571235657
147.10715866088867
147.14412927627563
147.17133808135986
147.20243906974792
147.24990701675415
147.28182864189148
147.31310772895813
147.34446907043457
147.37845468521118
147.42398738861084
147.4607765674591
147.48906803131104
147.53537249565125
147.57207584381104
147.59927558898926
147.6322021484375
147.67818570137024
147.7111144065857
147.74081134796143
147.78809785842896
147.8195230960846
147.85114192962646
147.8988869190216
147.93071508407593
147.96206712722778
147.9938063621521
148.0250482559204
148.07290625572205
148.10360836982727
148.1504409313202
148.19982838630676
148.2450783252716
148.2767140865326
148.31015801429749
148.3397912979126
148.38754653930664
148.41879177093506
148.45003485679626
148.49711799621582
148.5441608428955
148.57582569122314
148.60710406303406
148.65393447875977
148.68557000160217
148.73295903205872
148.77593278884888
148.81168842315674
148.84341597557068
148.87451076507568
148.9057903289795
148.93700671195984
148.98432779312134
149.0156819820404
149.0469241142273
149.09416580200195
149.12566447257996
149.1569037437439
149.18854093551636
149.23560333251953
149.26685214042664
149.29849100112915
149.32973337173462
149.37888979911804
149.40952801704407
149.44076776504517
149.48804831504822
149.51932787895203
149.5505714416504
149.5822114944458
149.62908148765564
149.66032242774963
149.69146847724915
149.7227077484131
149.77001571655273
149.80353546142578
149.84885954856873
149.88097643852234
149.91225576400757
149.94353365898132
149.97581911087036
150.00653648376465
150.0533971786499
150.08549523353577
150.11683320999146
150.14847135543823
150.1806743144989
150.22757601737976
150.25881791114807
150.2938141822815
150.3220100402832
150.36046886444092
150.40111088752747
150.4323537349701
150.4667465686798
150.4958848953247
150.54275012016296
150.5776128768921
150.6213665008545
150.65261220932007
150.68424320220947
150.71549320220947
150.7623529434204
150.79400157928467
150.82524061203003
150.85648655891418
150.88811588287354
150.93559098243713
150.96683526039124
150.99854278564453
151.04540753364563
151.07818746566772
151.10839009284973
151.13962960243225
151.18735313415527
151.219162940979
151.25065279006958
151.28234815597534
151.32959294319153
151.3611409664154
151.39295840263367
151.4400486946106
151.48750638961792
151.534827709198
151.56653904914856
151.5982723236084
151.62973499298096
151.678692817688
151.70887160301208
151.74059653282166
151.7789342403412
151.80413794517517
151.85163712501526
151.8834638595581
151.9149203300476
151.9617838859558
151.99342584609985
152.02470707893372
152.05594778060913
152.10332345962524
152.14520573616028
152.18199110031128
152.21345806121826
152.26032185554504
152.29164481163025
152.322927236557
152.35417222976685
152.41020321846008
152.448792219162
152.4824140071869
152.51134610176086
152.54217004776
152.58977103233337
152.62105083465576
152.65229439735413
152.69955968856812
152.73083782196045
152.76233887672424
152.80972290039062
152.84141969680786
152.8821098804474
152.904287815094
152.95115208625793
152.98299050331116
153.01427006721497
153.0455129146576
153.09283185005188
153.1242425441742
153.15552520751953
153.18723154067993
153.2202799320221
153.26565790176392
153.2990849018097
153.3292851448059
153.36214447021484
153.4105098247528
153.44047737121582
153.48104619979858
153.5189220905304
153.55029702186584
153.5819959640503
153.61360573768616
153.66050624847412
153.69214487075806
153.72706985473633
153.75574135780334
153.80279803276062
153.83410453796387
153.86538243293762
153.91062593460083
153.94610619544983
153.98125791549683
154.007887840271
154.05521869659424
154.08696699142456
154.13383865356445
154.18146347999573
154.22833061218262
154.26122379302979
154.30737495422363
154.33893632888794
154.37014770507812
154.41793251037598
154.44943475723267
154.48168873786926
154.52794098854065
154.5591857433319
154.60066628456116
154.64349174499512
154.68577313423157
154.71714568138123
154.74890446662903
154.79622554779053
154.82956409454346
154.8592631816864
154.9102487564087
154.94334650039673
154.98598456382751
155.01766991615295
155.0489890575409
155.09657955169678
155.1293807029724
155.15951013565063
155.1928849220276
155.2385368347168
155.27535843849182
155.3099148273468
155.34330344200134
155.3766210079193
155.42661905288696
155.46056962013245
155.49351572990417
155.52382063865662
155.55510210990906
155.5878677368164
155.633686542511
155.6651201248169
155.69681334495544
155.72809267044067
155.75934195518494
155.79068446159363
155.8439302444458
155.88557767868042
155.91682720184326
155.96415829658508
155.99784970283508
156.02748584747314
156.07655715942383
156.1099591255188
156.13766026496887
156.1855103969574
156.21720457077026
156.2484471797943
156.29609632492065
156.32734489440918
156.35858488082886
156.3902337551117
156.43735647201538
156.46863627433777
156.5003798007965
156.53162002563477
156.5631058216095
156.6103286743164
156.64157223701477
156.67284536361694
156.70989346504211
156.75164341926575
156.78444242477417
156.82977938652039
156.861022233963
156.89438366889954
156.92407894134521
156.97170400619507
157.00348234176636
157.0347249507904
157.06597423553467
157.11324310302734
157.14499807357788
157.18350958824158
157.2081732749939
157.25507307052612
157.29324460029602
157.3340072631836
157.37643432617188
157.41307735443115
157.46063470840454
157.49396753311157
157.52353692054749
157.55481672286987
157.58645224571228
157.6339452266693
157.66522932052612
157.71270966529846
157.7439901828766
157.7842743396759
157.80910873413086
157.8538999557495
157.88693571090698
157.91711258888245
157.96398210525513
157.9956238269806
158.02686953544617
158.0581157207489
158.10537004470825
158.1430802345276
158.16828322410583
158.2156445980072
158.24745655059814
158.28473925590515
158.31040453910828
158.3432137966156
158.38496232032776
158.42124462127686
158.468111038208
158.49988627433777
158.5311348438263
158.56320190429688
158.61047172546387
158.64221596717834
158.68983554840088
158.72123908996582
158.752943277359
158.78472471237183
158.81589126586914
158.86275362968445
158.894455909729
158.92625975608826
158.95993757247925
159.00521898269653
159.0364589691162
159.06767010688782
159.114741563797
159.1465139389038
159.19397568702698
159.2257821559906
159.25698709487915
159.288729429245
159.33623147010803
159.36790823936462
159.4000096321106
159.44709300994873
159.47906112670898
159.5107066631317
159.55938911437988
159.5901849269867
159.6214301586151
159.6687662601471
159.70051169395447
159.73175740242004
159.78595519065857
159.82627892494202
159.85752606391907
159.8892786502838
159.92056155204773
159.95214366912842
160.0000023841858
160.0313675403595
160.07623839378357
160.10979509353638
160.14100623130798
160.17592525482178
160.20414423942566
160.23557591438293
160.2828929424286
160.31436443328857
160.34560704231262
160.39482760429382
160.42752504348755
160.46067357063293
160.50495266914368
160.53639316558838
160.5678162574768
160.59955477714539
160.64645743370056
160.68720841407776
160.7250325679779
160.7567744255066
160.79016733169556
160.8197958469391
160.86669421195984
160.89885115623474
160.93009781837463
160.96137261390686
160.99352431297302
161.0409882068634
161.0724070072174
161.10354256629944
161.1517403125763
161.18261456489563
161.2299211025238
161.26142859458923
161.2935152053833
161.34259128570557
161.37225437164307
161.4039568901062
161.4431233406067
161.48300409317017
161.5146541595459
161.56241250038147
161.59371137619019
161.62495851516724
161.65620374679565
161.68895268440247
161.73502683639526
161.766268491745
161.81359601020813
161.8449969291687
161.8778874874115
161.90764117240906
161.93888354301453
161.98574781417847
162.01742267608643
162.04866647720337
162.09595465660095
162.1273798942566
162.17428064346313
162.20606899261475
162.24224162101746
162.26894617080688
162.30025792121887
162.34715962409973
162.3789324760437
162.41083431243896
162.459370136261
162.4911470413208
162.52529454231262
162.5586874485016
162.5967833995819
162.63346552848816
162.6654613018036
162.69759058952332
162.7299427986145
162.77626848220825
162.80817937850952
162.83946108818054
162.87602043151855
162.91829562187195
162.95006895065308
162.98931884765625
163.01300406455994
163.0598816871643
163.09841561317444
163.13905215263367
163.1710615158081
163.20277166366577
163.23457860946655
163.2819344997406
163.3136067390442
163.34510254859924
163.3924276828766
163.42386102676392
163.4707281589508
163.50937962532043
163.55010294914246
163.58134531974792
163.6129961013794
163.65915298461914
163.69233202934265
163.7240605354309
163.7556653022766
163.79172277450562
163.83486366271973
163.86612725257874
163.8977768421173
163.9446439743042
163.9921588897705
164.02329683303833
164.05453658103943
164.09079360961914
164.14172649383545
164.18048071861267
164.21232962608337
164.24405646324158
164.27604603767395
164.3067421913147
164.3551471233368
164.39126658439636
164.43459820747375
164.47561740875244
164.49847221374512
164.5462543964386
164.57750368118286
164.6092391014099
164.64048385620117
164.6873481273651
164.71875381469727
164.749995470047
164.79178261756897
164.82857251167297
164.86028122901917
164.89206981658936
164.92327189445496
164.97013926506042
165.00183272361755
165.03311467170715
165.06653594970703
165.11383366584778
165.14353609085083
165.17705273628235
165.2071099281311
165.2383942604065
165.28582119941711
165.31716060638428
165.34882974624634
165.39282846450806
165.4280548095703
165.4749252796173
165.50904202461243
165.53814005851746
165.56938552856445
165.6166410446167
165.64788389205933
165.67912650108337
165.71079182624817
165.74220275878906
165.7894492149353
165.8211486339569
165.85239338874817
165.89366912841797
165.93160843849182
165.96334290504456
165.99497509002686
166.043847322464
166.07397603988647
166.105623960495
166.13740706443787
166.1756181716919
166.21626138687134
166.24806451797485
166.27927374839783
166.31091141700745
166.3582570552826
166.3894968032837
166.44028282165527
166.46942448616028
166.50106692314148
166.5483753681183
166.57961750030518
166.62452626228333
166.6618959903717
166.69469356536865
166.72287774085999
166.76279544830322
166.79658198356628
166.83390164375305
166.8651077747345
166.91294527053833
166.94419074058533
166.9932701587677
167.0234022140503
167.05464506149292
167.0954008102417
167.134024143219
167.1652693748474
167.19691371917725
167.2422468662262
167.27650690078735
167.30823612213135
167.35525465011597
167.3868806362152
167.42487335205078
167.46614050865173
167.50146293640137
167.54511857032776
167.57679438591003
167.60842895507812
167.64176893234253
167.68769669532776
167.7253704071045
167.75870203971863
167.79195713996887
167.82971024513245
167.8614797592163
167.89678025245667
167.9249792098999
167.972088098526
168.00417733192444
168.03542590141296
168.0683696269989
168.11440563201904
168.14568758010864
168.17692756652832
168.2245659828186
168.25743556022644
168.28713202476501
168.32052898406982
168.35023069381714
168.39737939834595
168.42865920066833
168.4760308265686
168.50766277313232
168.538911819458
168.5869026184082
168.61986446380615
168.6656892299652
168.69797253608704
168.72867965698242
168.76186060905457
168.79824042320251
168.82294607162476
168.87038707733154
168.90252089500427
168.93387913703918
168.9651210308075
168.99840378761292
169.02806949615479
169.07527995109558
169.1070785522461
169.13836288452148
169.16960430145264
169.21862745285034
169.24856543540955
169.29182028770447
169.32719659805298
169.35843896865845
169.39919328689575
169.43141674995422
169.46921944618225
169.5008580684662
169.53210306167603
169.56334567070007
169.611248254776
169.64261770248413
169.67386031150818
169.72513556480408
169.7584981918335
169.79184246063232
169.8321189880371
169.86339807510376
169.9105875492096
169.94222950935364
169.98905968666077
170.02516961097717
170.05230855941772
170.1002459526062
170.13074851036072
170.1776099205017
170.20949172973633
170.24245643615723
170.27373623847961
170.30435705184937
170.3356397151947
170.3825979232788
170.41428875923157
170.4555366039276
170.47769498825073
170.5257396697998
170.55647540092468
170.58803033828735
170.61976981163025
170.65142512321472
170.70045828819275
170.73008251190186
170.76132822036743
170.80038452148438
170.83991479873657
170.8872172832489
170.9344997406006
170.96574020385742
171.0009377002716
171.02963542938232
171.0767970085144
171.10853910446167
171.13978505134583
171.18668293952942
171.21842074394226
171.24966430664062
171.2809100151062
171.3249683380127
171.35975790023804
171.39100122451782
171.43873977661133
171.4699878692627
171.51690030097961
171.54814529418945
171.5910518169403
171.62719249725342
171.6584348678589
171.68993997573853
171.72193932533264
171.75318479537964
171.80244827270508
171.83208394050598
171.8633234500885
171.91061854362488
171.9419765472412
171.97548818588257
172.02325773239136
172.0533857345581
172.09166741371155
172.13291192054749
172.16451954841614
172.20127367973328
172.24161100387573
172.27699971199036
172.3072006702423
172.33848357200623
172.36969327926636
172.4030728340149
172.44851446151733
172.4797968864441
172.52711868286133
172.55836367607117
172.589693069458
172.6209990978241
172.66786074638367
172.70207023620605
172.73128819465637
172.7782597541809
172.80996108055115
172.8442087173462
172.87290787696838
172.9199721813202
172.95121335983276
172.99865531921387
173.03044176101685
173.0620517730713
173.10238599777222
173.1251425743103
173.17244672775269
173.22484254837036
173.25161147117615
173.28282117843628
173.3300907611847
173.36133074760437
173.4030797481537
173.44629549980164
173.48706150054932
173.5185797214508
173.5498285293579
173.5810730457306
173.62832903862
173.6595742702484
173.6908142566681
173.74105167388916
173.769681930542
173.8034312725067
173.84865808486938
173.87990069389343
173.9115333557129
173.94308757781982
173.9743297100067
174.02159023284912
174.0574586391449
174.0908977985382
174.11710143089294
174.1646203994751
174.20344638824463
174.22764658927917
174.27684831619263
174.30704474449158
174.33832621574402
174.38518905639648
174.41680073738098
174.46413445472717
174.5039348602295
174.52714323997498
174.5755648612976
174.6057698726654
174.63732147216797
174.66860699653625
174.70438838005066
174.74717783927917
174.7786989212036
174.81039953231812
174.8416736125946
174.87293243408203
174.90459871292114
174.95175981521606
174.98336338996887
175.01506972312927
175.0463502407074
175.07759356498718
175.10980486869812
175.15725779533386
175.18849754333496
175.22016644477844
175.2514476776123
175.29836416244507
175.3296673297882
175.376567363739
175.41160440444946
175.46170258522034
175.48783493041992
175.5197994709015
175.56713891029358
175.60486364364624
175.63207864761353
175.67823839187622
175.7098789215088
175.74270915985107
175.79130864143372
175.82045102119446
175.85169053077698
175.90157914161682
175.93072366714478
175.9775846004486
176.0092215538025
176.04046726226807
176.0717134475708
176.12421345710754
176.16596508026123
176.20547485351562
176.22917556762695
176.27613639831543
176.30975222587585
176.33944821357727
176.37069272994995
176.41803407669067
176.4533610343933
176.49716711044312
176.5288155078888
176.5603244304657
176.6076374053955
176.63888692855835
176.6857898235321
176.71773648262024
176.76463747024536
176.795880317688
176.82758712768555
176.8750298023224
176.90626764297485
176.94138884544373
176.97318291664124
177.03292059898376
177.0797655582428
177.11152386665344
177.14294362068176
177.17415595054626
177.2243413925171
177.25937128067017
177.30063271522522
177.3320348262787
177.36497402191162
177.40610933303833
177.4272174835205
177.4741096496582
177.5063614845276
177.55305552482605
177.58426451683044
177.6155948638916
177.66253638267517
177.6938157081604
177.72515654563904
177.75858855247498
177.80805087089539
177.83525037765503
177.86681962013245
177.90669989585876
177.94599056243896
177.9772310256958
178.01009154319763
178.04029321670532
178.07174491882324
178.1188359260559
178.15031790733337
178.1815574169159
178.2135546207428
178.24483704566956
178.29210567474365
178.32543778419495
178.35559630393982
178.38687753677368
178.4357259273529
178.47426414489746
178.50985479354858
178.5446925163269
178.57625198364258
178.60911083221436
178.65536880493164
178.6903920173645
178.72435903549194
178.75713658332825
178.79745531082153
178.82898569107056
178.8606264591217
178.8924434185028
178.9255633354187
178.95574235916138
179.0030598640442
179.04048085212708
179.06668424606323
179.11400485038757
179.14567971229553
179.19028544425964
179.22456431388855
179.2563533782959
179.30322241783142
179.33485460281372
179.36668586730957
179.4145541191101
179.44583368301392
179.49377250671387
179.5301067829132
179.5589451789856
179.60423040390015
179.6355845928192
179.6686532497406
179.71585631370544
179.74604868888855
179.7929151058197
179.82584714889526
179.8559765815735
179.90367150306702
179.93525505065918
179.96650099754333
179.99777555465698
180.04081511497498
180.07668614387512
180.11052179336548
180.15477442741394
180.18639183044434
180.22416234016418
180.24979043006897
180.2971429824829
180.32889485359192
180.3601372241974
180.39138293266296
180.42436599731445
180.47405099868774
180.51102352142334
180.54964518547058
180.60613417625427
180.6443955898285
180.67563581466675
180.722891330719
180.7544412612915
180.78572416305542
180.83355045318604
180.87219715118408
180.9128441810608
180.9440896511078
180.99098873138428
181.0225989818573
181.05384492874146
181.086745262146
181.13982844352722
181.17958688735962
181.2133593559265
181.24250078201294
181.29164171218872
181.32181310653687
181.35464930534363
181.38478088378906
181.41649270057678
181.46335911750793
181.49460172653198
181.526526927948
181.5752727985382
181.62152409553528
181.6573121547699
181.68486762046814
181.71649837493896
181.7638726234436
181.79529190063477
181.8271667957306
181.87396025657654
181.9056680202484
181.93730664253235
181.96859073638916
182.01590633392334
182.04718852043152
182.07842826843262
182.1129491329193
182.14165353775024
182.1886477470398
182.22188305854797
182.25158095359802
182.2828242778778
182.33016920089722
182.36144924163818
182.3926923274994
182.43975281715393
182.47432589530945
182.513742685318
182.55063605308533
182.5845811367035
182.61399865150452
182.6452796459198
182.69215035438538
182.73939204216003
182.786395072937
182.83362412452698
182.86486983299255
182.89610934257507
182.92775654792786
182.97677326202393
183.01490998268127
183.0538318157196
183.0852563381195
183.11694860458374
183.164293050766
183.19609570503235
183.22780394554138
183.25927758216858
183.30614614486694
183.33992743492126
183.3696300983429
183.40669655799866
183.43243026733398
183.49156618118286
183.5272285938263
183.5586040019989
183.59027433395386
183.6219503879547
183.65323114395142
183.70019388198853
183.73193454742432
183.76317715644836
183.81516456604004
183.84208011627197
183.87332558631897
183.91531682014465
183.95210242271423
183.9833459854126
184.01721620559692
184.04596209526062
184.09286308288574
184.12482523918152
184.15610766410828
184.1873495578766
184.22069382667542
184.25129318237305
184.28257250785828
184.32977986335754
184.36106204986572
184.39230370521545
184.42427396774292
184.47389459609985
184.51641392707825
184.55173230171204
184.58294320106506
184.62376928329468
184.65167236328125
184.6930387020111
184.72473740577698
184.75788378715515
184.78871703147888
184.82042407989502
184.8516721725464
184.88320803642273
184.9307565689087
184.96250796318054
184.99428963661194
185.02600288391113
185.05728840827942
185.10411310195923
185.13616156578064
185.17321705818176
185.1989164352417
185.24031043052673
185.277973651886
185.3177788257599
185.35768151283264
185.3894681930542
185.4254732131958
185.46842432022095
185.50046014785767
185.5320417881012
185.57912039756775
185.61787629127502
185.65776538848877
185.68911862373352
185.72118592262268
185.75451755523682
185.80037355422974
185.83248138427734
185.8638367652893
185.89511680603027
185.9267761707306
185.97530722618103
186.00496864318848
186.05137872695923
186.08290219306946
186.11868047714233
186.14587998390198
186.17750668525696
186.2254078388214
186.2583532333374
186.28799080848694
186.3363094329834
186.365948677063
186.4069390296936
186.44468808174133
186.49158573150635
186.52322363853455
186.5549726486206
186.59026765823364
186.63390827178955
186.66675305366516
186.69688272476196
186.72852110862732
186.77604937553406
186.80729722976685
186.83893370628357
186.87371182441711
186.91796231269836
186.95679879188538
186.98093938827515
187.02818822860718
187.05946850776672
187.0918276309967
187.12242150306702
187.17095232009888
187.2021667957306
187.23379778862
187.27200293540955
187.313068151474
187.3447768688202
187.37617087364197
187.4204843044281
187.4567573070526
187.50380206108093
187.53543853759766
187.5824110507965
187.61365962028503
187.64566135406494
187.6772861480713
187.7205309867859
187.7559564113617
187.78748655319214
187.82337045669556
187.8666911125183
187.89792823791504
187.929607629776
187.97647500038147
188.007750749588
188.0394628047943
188.07117366790771
188.1024558544159
188.14942526817322
188.1806640625
188.22115564346313
188.24385523796082
188.29071688652039
188.32242035865784
188.35411977767944
188.4009861946106
188.434632062912
188.46425914764404
188.51140069961548
188.5431182384491
188.57435989379883
188.60560631752014
188.6528627872467
188.68410563468933
188.72191452980042
188.75668692588806
188.7944369316101
188.8257701396942
188.85754227638245
188.90437531471252
188.93600249290466
188.97350811958313
189.01514744758606
189.04678511619568
189.07848262786865
189.12356996536255
189.1573555469513
189.18859434127808
189.22235345840454
189.2671070098877
189.29872965812683
189.33231329917908
189.37740015983582
189.40863966941833
189.45581722259521
189.50551509857178
189.53939723968506
189.56676411628723
189.5983657836914
189.64570426940918
189.6769506931305
189.70851492881775
189.7437539100647
189.77238512039185
189.82419562339783
189.85907673835754
189.89915132522583
189.93270087242126
189.97760653495789
190.00884985923767
190.041729927063
190.0736083984375
190.10419487953186
190.1515827178955
190.18282532691956
190.22404599189758
190.2477321624756
190.2930166721344
190.32619762420654
190.3564009666443
190.3876507282257
190.43490362167358
190.46614909172058
190.49739146232605
190.53922057151794
190.57646894454956
190.60929799079895
190.64011311531067
190.67074465751648
190.70255970954895
190.74982023239136
190.78106355667114
190.8306908607483
190.85983157157898
190.89153742790222
190.92328786849976
190.97004771232605
191.00145840644836
191.03976321220398
191.06489539146423
191.09772992134094
191.14387106895447
191.1751172542572
191.20635628700256
191.23799967765808
191.26924586296082
191.30049419403076
191.34774708747864
191.379958152771
191.411203622818
191.44285321235657
191.48962116241455
191.5238802433014
191.55251145362854
191.60006594657898
191.63170862197876
191.67245411872864
191.71069145202637
191.74239373207092
191.77363967895508
191.8205006122589
191.8521580696106
191.89902114868164
191.9307644367218
191.96247696876526
191.99372243881226
192.04045009613037
192.07169198989868
192.1260280609131
192.1502332687378
192.1896002292633
192.22924828529358
192.26049399375916
192.30751061439514
