0.0
0.0341336727142334
0.06598734855651855
0.09973573684692383
0.13370108604431152
0.16710186004638672
0.1998584270477295
0.23252439498901367
0.2673308849334717
0.29990196228027344
0.33403658866882324
0.36666083335876465
0.3996315002441406
0.43425703048706055
0.4666574001312256
0.500629186630249
0.533710241317749
0.5683300495147705
0.6000969409942627
0.6337966918945312
0.6680359840393066
0.7018098831176758
0.73634934425354
0.7684016227722168
0.8027787208557129
0.8346366882324219
0.8686628341674805
0.907414436340332
0.9378938674926758
0.9696123600006104
1.0030491352081299
1.0382919311523438
1.0716583728790283
1.1124770641326904
1.1412556171417236
1.17905592918396
1.2123353481292725
1.2462599277496338
1.2779173851013184
1.3138651847839355
1.3432643413543701
1.3806562423706055
1.413733959197998
1.4459655284881592
1.480745553970337
1.5131738185882568
1.547694444656372
1.5813560485839844
1.6107494831085205
1.641350507736206
1.6743133068084717
1.7052366733551025
1.737560749053955
1.7762198448181152
1.803138017654419
1.8356993198394775
1.8677420616149902
1.9019668102264404
1.9360153675079346
1.9691126346588135
2.0053038597106934
2.0393121242523193
2.0724453926086426
2.1081221103668213
2.1414923667907715
2.1739022731781006
2.205469846725464
2.24003267288208
2.271868944168091
2.3094308376312256
2.342505693435669
2.3762736320495605
2.4092824459075928
2.4438743591308594
2.4762473106384277
2.510531187057495
2.5450735092163086
2.578237295150757
2.6109766960144043
2.644641876220703
2.67830491065979
2.711519718170166
2.7430176734924316
2.7779808044433594
2.808234453201294
2.8449153900146484
2.87424373626709
2.9099481105804443
2.943084478378296
2.9779999256134033
3.0059945583343506
3.0385007858276367
3.0751471519470215
3.1044163703918457
3.1663451194763184
3.184863805770874
3.2057933807373047
3.2388100624084473
3.2710812091827393
3.3036553859710693
3.3376567363739014
3.3717901706695557
3.40459942817688
3.4376182556152344
3.4716672897338867
3.5037267208099365
3.537118673324585
3.5703656673431396
3.603081226348877
3.6371166706085205
3.67098069190979
3.702791690826416
3.7366154193878174
3.7699215412139893
3.8030529022216797
3.83660626411438
3.8706271648406982
3.903834342956543
3.9365477561950684
3.9700469970703125
4.002600908279419
4.035849571228027
4.06962513923645
4.102609157562256
4.13780951499939
4.1734490394592285
4.205121994018555
4.237118482589722
4.270061016082764
4.304340362548828
4.336463928222656
4.370397329330444
4.40339207649231
4.436822414398193
4.4695305824279785
4.503903150558472
4.536282539367676
4.569624662399292
4.603692531585693
4.636751413345337
4.670178174972534
4.702937364578247
4.736182689666748
4.770873785018921
4.8028905391693115
4.8365843296051025
4.869931221008301
4.903686046600342
4.937227487564087
4.971709966659546
5.003767251968384
5.036418914794922
5.069934844970703
5.104247808456421
5.137678861618042
5.171033620834351
5.203982830047607
5.237267017364502
5.270019054412842
5.303536891937256
5.337747097015381
5.371064186096191
5.403849363327026
5.4377758502960205
5.4704718589782715
5.5038721561431885
5.539854049682617
5.571889877319336
5.604296922683716
5.637733459472656
5.6712806224823
5.703611850738525
5.737086534500122
5.770439386367798
5.803447484970093
5.8380773067474365
5.8711771965026855
5.904794931411743
5.938582897186279
5.970604419708252
6.003763675689697
6.038071393966675
6.070674896240234
6.104224681854248
6.136590242385864
6.170625448226929
6.205111026763916
6.238568067550659
6.271820545196533
6.305300712585449
6.337963819503784
6.370849370956421
6.405077934265137
6.439867734909058
6.471615552902222
6.505523681640625
6.53856086730957
6.571006536483765
6.605419635772705
6.6382505893707275
6.6713244915008545
6.704306364059448
6.738632678985596
6.771348237991333
6.80583643913269
6.838313817977905
6.8716490268707275
6.904347658157349
6.938300132751465
6.9717020988464355
7.004322290420532
7.038548231124878
7.072736024856567
7.105310440063477
7.138754606246948
7.172314167022705
7.205848217010498
7.2381272315979
7.272009372711182
7.305163621902466
7.338368892669678
7.371640682220459
7.418580055236816
7.438326358795166
7.473047733306885
7.5068745613098145
7.539066791534424
7.572241544723511
7.6063549518585205
7.639636754989624
7.674164533615112
7.706447124481201
7.739539384841919
7.7730324268341064
7.80617356300354
7.839441537857056
7.872833251953125
7.908289909362793
7.939939022064209
7.972648620605469
8.007100105285645
8.040688514709473
8.073729991912842
8.107181787490845
8.1392343044281
8.172579526901245
8.20555305480957
8.23950982093811
8.273170948028564
8.306964635848999
8.339236974716187
8.37269377708435
8.405163288116455
8.44000768661499
8.473611116409302
8.50653862953186
8.540913343429565
8.573261022567749
8.606710195541382
8.63986086845398
8.67288875579834
8.70744514465332
8.73953366279602
8.773123264312744
8.807552814483643
8.839619636535645
8.872918367385864
8.906587600708008
8.942385196685791
8.973001718521118
9.006467819213867
9.050098896026611
9.07426643371582
9.107369422912598
9.140496969223022
9.174122095108032
9.207273721694946
9.24181318283081
9.274187088012695
9.307693481445312
9.341773748397827
9.37446141242981
9.407315969467163
9.440853595733643
9.475424528121948
9.507592916488647
9.540796756744385
9.573984622955322
9.607558488845825
9.640809535980225
9.674676418304443
9.707844257354736
9.741318702697754
9.774304628372192
9.808045387268066
9.84157109260559
9.875263214111328
9.908671617507935
9.941439151763916
9.974246978759766
10.007614850997925
10.040893316268921
10.074656963348389
10.107431411743164
10.140635967254639
10.174755334854126
10.208110332489014
10.24108338356018
10.275593519210815
10.308027505874634
10.341607332229614
10.374404430389404
10.40749740600586
10.440848112106323
10.474533796310425
10.508088827133179
10.541893720626831
10.57420802116394
10.607946634292603
10.641350984573364
10.676093578338623
10.70728325843811
10.74103569984436
10.775392770767212
10.808349370956421
10.84232497215271
10.874677658081055
10.908113241195679
10.941223382949829
10.97472095489502
11.007644414901733
11.041000127792358
11.074970960617065
11.109036207199097
11.141780138015747
11.174213886260986
11.208004713058472
11.241985559463501
11.27532958984375
11.308666706085205
11.340711116790771
11.37481164932251
11.40870714187622
11.44069790840149
11.473820686340332
11.507447004318237
11.541709423065186
11.576232433319092
11.608158588409424
11.641394853591919
11.675923824310303
11.70867109298706
11.741879224777222
11.775329351425171
11.809837579727173
11.842429399490356
11.875918865203857
11.909003257751465
11.941908836364746
11.975038290023804
12.008483171463013
12.04160475730896
12.074849605560303
12.108572721481323
12.141383647918701
12.174233198165894
12.208467245101929
12.241811037063599
12.278136253356934
12.309314250946045
12.342407941818237
12.37640929222107
12.409022092819214
12.44223690032959
12.476001262664795
12.508686780929565
12.542330265045166
12.575815916061401
12.608984231948853
12.642319917678833
12.675720930099487
12.7098970413208
12.743166208267212
12.776514768600464
12.80925178527832
12.84331202507019
12.875874280929565
12.910476922988892
12.942957162857056
12.976359844207764
13.008604526519775
13.043323516845703
13.075546264648438
13.11001181602478
13.143126964569092
13.17628526687622
13.208356857299805
13.243922710418701
13.276551008224487
13.309021234512329
13.3423752784729
13.376331090927124
13.409685611724854
13.442139148712158
13.476083755493164
13.509745359420776
13.543376445770264
13.576209545135498
13.609899520874023
13.643432855606079
13.676337003707886
13.709651947021484
13.743125200271606
13.776006698608398
13.809583187103271
13.84318232536316
13.876806259155273
13.91662859916687
13.94326663017273
13.976639986038208
14.01073431968689
14.042796850204468
14.076404333114624
14.112284183502197
14.143930435180664
14.17714810371399
14.20981502532959
14.243766069412231
14.276702404022217
14.309097290039062
14.343321561813354
14.377044200897217
14.41044020652771
14.444971084594727
14.476963758468628
14.510411500930786
14.543917179107666
14.577542543411255
14.609756469726562
14.644375801086426
14.677027940750122
14.71065354347229
14.743093490600586
14.77768611907959
14.811631441116333
14.844488382339478
14.878229856491089
14.910948753356934
14.944093942642212
14.97758936882019
15.010097980499268
15.043352365493774
15.076970338821411
15.110223531723022
15.14451813697815
15.177215814590454
15.211281538009644
15.243727922439575
15.277340412139893
15.310332775115967
15.345179080963135
15.378167867660522
15.411252975463867
15.444833278656006
15.478337287902832
15.511597394943237
15.549063682556152
15.577723026275635
15.611387729644775
15.64493703842163
15.67936897277832
15.71179986000061
15.744832992553711
15.778333902359009
15.811448574066162
15.845231294631958
15.878711700439453
15.911898374557495
15.944336175918579
15.97799038887024
16.01555061340332
16.049703121185303
16.08124804496765
16.114362478256226
16.148363828659058
16.182113885879517
16.214808464050293
16.24781584739685
16.28103470802307
16.31324028968811
16.34606170654297
16.379838943481445
16.413957357406616
16.44598937034607
16.47994899749756
16.513902187347412
16.545490741729736
16.58011269569397
16.613097667694092
16.64601969718933
16.679455041885376
16.712227821350098
16.74524974822998
16.77949857711792
16.8124783039093
16.84584879875183
16.87825036048889
16.91235661506653
16.94539761543274
16.97987937927246
17.012624979019165
17.045668601989746
17.079431772232056
17.112706422805786
17.145478010177612
17.179211139678955
17.211670875549316
17.24555206298828
17.27921962738037
17.312397718429565
17.345455169677734
17.37892746925354
17.41271996498108
17.445916891098022
17.479153633117676
17.513102293014526
17.546399116516113
17.579027891159058
17.612552881240845
17.646198511123657
17.68081545829773
17.71310329437256
17.745718955993652
17.778928995132446
17.81214451789856
17.846619606018066
17.8805890083313
17.911165237426758
17.94653558731079
17.978474140167236
18.012208938598633
18.0454158782959
18.078885078430176
18.11313509941101
18.14535903930664
18.179596662521362
18.21267819404602
18.246651649475098
18.279263019561768
18.313063859939575
18.345621824264526
18.380054712295532
18.413140535354614
18.445563316345215
18.479520559310913
18.513162851333618
18.54589867591858
18.580076217651367
18.61286425590515
18.646410703659058
18.680673837661743
18.71234703063965
18.747488737106323
18.794631004333496
18.813488960266113
18.847253561019897
18.879873275756836
18.912917852401733
18.946563720703125
18.98002600669861
19.012866735458374
19.047048807144165
19.079965353012085
19.11375141143799
19.146589517593384
19.17951774597168
19.2141215801239
19.246554613113403
19.279955863952637
19.31368851661682
19.346935749053955
19.3805251121521
19.413301944732666
19.447218894958496
19.47994351387024
19.51314377784729
19.54673743247986
19.580995321273804
19.615148544311523
19.648460865020752
19.681585788726807
19.714731216430664
19.747509956359863
19.78082823753357
19.81347942352295
19.847584009170532
19.880891799926758
19.913678407669067
19.946444511413574
19.980572938919067
20.0143461227417
20.048784971237183
20.08094882965088
20.11428737640381
20.147432804107666
20.180858373641968
20.214401960372925
20.24748945236206
20.28153085708618
20.314403772354126
20.347697257995605
20.380367279052734
20.421419143676758
20.448957443237305
20.481053352355957
20.5136616230011
20.547998666763306
20.58151912689209
20.61489987373352
20.647869348526
20.681476831436157
20.7157142162323
20.747931003570557
20.78142213821411
20.815757513046265
20.849149227142334
20.883058309555054
20.914910316467285
20.94828772544861
20.981504440307617
21.0152006149292
21.047889471054077
21.082048177719116
21.115530729293823
21.14880108833313
21.181262254714966
21.215367794036865
21.24821376800537
21.281848669052124
21.31557846069336
21.348432064056396
21.381731748580933
21.414933443069458
21.44855833053589
21.481849670410156
21.51565432548523
21.548203468322754
21.581506967544556
21.61508846282959
21.64885449409485
21.682481288909912
21.716428995132446
21.748993396759033
21.78200387954712
21.818700551986694
21.849365949630737
21.88254737854004
21.91586184501648
21.950343132019043
21.982665538787842
22.01551365852356
22.049641370773315
22.08216643333435
22.116178274154663
22.149675846099854
22.182459831237793
22.21626615524292
22.249443769454956
22.282228469848633
22.31618595123291
22.349302530288696
22.382438898086548
22.41613483428955
22.44964075088501
22.483158349990845
22.515393257141113
22.549606323242188
22.581950187683105
22.616448640823364
22.649903535842896
22.683635711669922
22.71676468849182
22.7497398853302
22.78424882888794
22.816615104675293
22.84996271133423
22.88337016105652
22.916335582733154
22.95050311088562
22.98228883743286
23.016384840011597
23.049633502960205
23.08338975906372
23.116801738739014
23.149990797042847
23.18295454978943
23.21756339073181
23.249971866607666
23.28392004966736
23.316686868667603
23.349674701690674
23.383665561676025
23.417017936706543
23.450794219970703
23.48395276069641
23.516039609909058
23.550551176071167
23.5836443901062
23.617043018341064
23.660943508148193
23.68423366546631
23.719483852386475
23.75212049484253
23.783967971801758
23.817310333251953
23.85214352607727
23.883574724197388
23.917537212371826
23.949767351150513
23.984290838241577
24.01769256591797
24.050744771957397
24.084030389785767
24.116952896118164
24.151170015335083
24.18401527404785
24.218230485916138
24.25078558921814
24.283645629882812
24.31658101081848
24.35059380531311
24.383461475372314
24.41756820678711
24.45061421394348
24.484646797180176
24.517552375793457
24.551772356033325
24.585443258285522
24.61784052848816
24.652830123901367
24.6859769821167
24.722474813461304
24.752556085586548
24.786113023757935
24.81992793083191
24.853229999542236
24.88530158996582
24.919004917144775
24.952413082122803
24.984691381454468
25.0185329914093
25.052570581436157
25.085673570632935
25.119581937789917
25.15257954597473
25.18590021133423
25.21948766708374
25.25263237953186
25.292887926101685
25.317912578582764
25.35249161720276
25.386194944381714
25.41861605644226
25.452118396759033
25.485321044921875
25.519442319869995
25.551965713500977
25.584956645965576
25.618022203445435
25.652172088623047
25.685032844543457
25.719168424606323
25.751656770706177
25.785191774368286
25.81844449043274
25.85228729248047
25.88425302505493
25.91755986213684
25.95137310028076
25.985674381256104
26.017921447753906
26.051104068756104
26.08526635169983
26.119060754776
26.151575088500977
26.184541702270508
26.218907594680786
26.25183653831482
26.285370349884033
26.318302631378174
26.351556301116943
26.38537311553955
26.418248891830444
26.451601266860962
26.48503088951111
26.51827907562256
26.55300784111023
26.585641145706177
26.618836164474487
26.652205228805542
26.68625235557556
26.71964716911316
26.75243592262268
26.78553867340088
26.819058418273926
26.85287356376648
26.886289358139038
26.921784162521362
26.951783418655396
26.985902786254883
27.01952075958252
27.052908658981323
27.08545708656311
27.120113611221313
27.15252923965454
27.186617136001587
27.21905255317688
27.252373933792114
27.28558611869812
27.31977939605713
27.352333545684814
27.38608717918396
27.419876098632812
27.45309543609619
27.486406087875366
27.51926350593567
27.552100658416748
27.58494281768799
27.62022304534912
27.65311098098755
27.688785076141357
27.72112274169922
27.75531244277954
27.788865327835083
27.824569702148438
27.85873317718506
27.89049458503723
27.927934408187866
27.957376718521118
27.990158081054688
28.023358583450317
28.058080434799194
28.091674327850342
28.126084566116333
28.157996654510498
28.19095754623413
28.22521448135376
28.259137392044067
28.29374933242798
28.32596731185913
28.358624935150146
28.391939640045166
28.426328659057617
28.459436893463135
28.49245262145996
28.526989459991455
28.559532403945923
28.5926513671875
28.625829696655273
28.659642457962036
28.692435026168823
28.725813627243042
28.758556127548218
28.79176163673401
28.830737590789795
28.86607050895691
28.893959045410156
28.926884651184082
28.958755254745483
28.992823123931885
29.027562141418457
29.060262203216553
29.09466052055359
29.127241373062134
29.160215377807617
29.193240880966187
29.22744607925415
29.260629415512085
29.294381380081177
29.32650065422058
29.35970163345337
29.39393377304077
29.42655324935913
29.459872722625732
29.494205236434937
29.526915073394775
29.56022047996521
29.594970703125
29.625672578811646
29.659456968307495
29.693767786026
29.726722478866577
29.75927424430847
29.79249882698059
29.825987339019775
29.858416080474854
29.89171862602234
29.924209594726562
29.957958936691284
29.99108862876892
30.02314329147339
30.05626893043518
30.089693069458008
30.122976303100586
30.15517020225525
30.190150499343872
30.222789764404297
30.256977558135986
30.289381742477417
30.322219848632812
30.356386184692383
30.38919949531555
30.423174381256104
30.456490993499756
30.489323139190674
30.52244210243225
30.555104732513428
30.588582754135132
30.622201204299927
30.65447211265564
30.68818759918213
30.722411155700684
30.755866765975952
30.78843116760254
30.821377754211426
30.854315519332886
30.889644861221313
30.9218807220459
30.956381797790527
30.988861799240112
31.022559881210327
31.056299924850464
31.088542461395264
31.12237858772278
31.15514087677002
31.189265489578247
31.22219944000244
31.254976272583008
31.288849592208862
31.32234835624695
31.355719327926636
31.388938665390015
31.422509908676147
31.455522060394287
31.488553285598755
31.52260684967041
31.555156707763672
31.589060306549072
31.62317681312561
31.656506776809692
31.68996500968933
31.722267866134644
31.756686210632324
31.796353340148926
31.822759866714478
31.855865001678467
31.88935375213623
31.922951698303223
31.955827713012695
31.990427494049072
32.02184081077576
32.056726694107056
32.08953928947449
32.12218427658081
32.15661334991455
32.18910789489746
32.22273516654968
32.25559329986572
32.28969049453735
32.323373794555664
32.35604286193848
32.38920187950134
32.42274570465088
32.4552583694458
32.48937106132507
32.52471613883972
32.556034326553345
32.58906006813049
32.62303185462952
32.657062292099
32.69017505645752
32.723376750946045
32.75681400299072
32.78947830200195
32.82319188117981
32.85646677017212
32.890801429748535
32.923255920410156
32.957202434539795
32.990432262420654
33.024327754974365
33.057358741760254
33.09014391899109
33.123265743255615
33.156468629837036
33.19066143035889
33.22335600852966
33.256767988204956
33.29061722755432
33.323386430740356
33.35654592514038
33.38989233970642
33.42335486412048
33.45743751525879
33.491334676742554
33.524558305740356
33.557066202163696
33.58988857269287
33.62380242347717
33.6576828956604
33.69034719467163
33.72453808784485
33.7574405670166
33.7901177406311
33.8238308429718
33.85706543922424
33.890748262405396
33.92469358444214
33.95700120925903
33.994869232177734
34.02461051940918
34.0581169128418
34.09071969985962
34.12439465522766
34.15817213058472
34.190940856933594
34.225244760513306
34.25769329071045
34.290578842163086
34.32489776611328
34.35830545425415
34.39177393913269
34.42501616477966
34.45730376243591
34.49139857292175
34.52382159233093
34.55851912498474
34.59214448928833
34.62493419647217
34.657551527023315
34.691388845443726
34.724175453186035
34.75852012634277
34.79208588600159
34.82533049583435
34.85802507400513
34.89223027229309
34.925594091415405
34.95894002914429
34.99123001098633
35.02466368675232
35.05841588973999
35.0914192199707
35.12462759017944
35.159006118774414
35.19137620925903
35.225932121276855
35.25870943069458
35.29139494895935
35.325019121170044
35.35863780975342
35.39309000968933
35.42547631263733
35.45904469490051
35.49227452278137
35.525604486465454
35.558164834976196
35.59183621406555
35.62531876564026
35.65901851654053
35.692132234573364
35.725544929504395
35.75810790061951
35.79152774810791
35.825175523757935
35.85845756530762
35.892733335494995
35.92633938789368
35.95817017555237
35.992409467697144
36.025062084198
36.06030511856079
36.093451261520386
36.126529693603516
36.15918445587158
36.1921112537384
36.22648787498474
36.25916767120361
36.291674852371216
36.325578451156616
36.35912823677063
36.39295673370361
36.42560362815857
36.458698987960815
36.492058992385864
36.525657653808594
36.558653354644775
36.59323310852051
36.62574052810669
36.663469552993774
36.692707777023315
36.72517490386963
36.76027488708496
36.792447566986084
36.82596015930176
36.85909342765808
36.892786502838135
36.92608714103699
36.959911823272705
36.99297571182251
37.02601909637451
37.06011128425598
37.09252142906189
37.127320766448975
37.159884214401245
37.193121910095215
37.22608184814453
37.26104974746704
37.29222774505615
37.326115131378174
37.36043977737427
37.39294648170471
37.42667603492737
37.46040105819702
37.49569082260132
37.52893257141113
37.56218600273132
37.59516096115112
37.62970161437988
37.66309857368469
37.696088552474976
37.73098015785217
37.766658782958984
37.79672718048096
37.829214096069336
37.8629891872406
37.89622473716736
37.93118095397949
37.96738648414612
37.99759531021118
38.03103232383728
38.065605878829956
38.09934711456299
38.13088655471802
38.16599178314209
38.1982057094574
38.23006081581116
38.26357054710388
38.30171799659729
38.3299994468689
38.36239314079285
38.396297454833984
38.43010377883911
38.46403455734253
38.496999740600586
38.52989959716797
38.5631628036499
38.595181703567505
38.62938213348389
38.66241765022278
38.69569396972656
38.72854232788086
38.76254677772522
38.796640157699585
38.83088397979736
38.8639919757843
38.8976833820343
38.92961049079895
38.96468901634216
38.996480226516724
39.03008008003235
39.064369201660156
39.09561276435852
39.12898063659668
39.16225075721741
39.1955349445343
39.22926306724548
39.26375412940979
39.29576873779297
39.329296827316284
39.36254405975342
39.395180463790894
39.4283504486084
39.46221685409546
39.49514818191528
39.529014587402344
39.5619912147522
39.59589767456055
39.628907203674316
39.66220021247864
39.69614624977112
39.72916340827942
39.76274490356445
39.799943923950195
39.833409786224365
39.86800241470337
39.90244960784912
39.93261122703552
39.966001749038696
39.99907398223877
40.03249192237854
40.066593647003174
40.100133419036865
40.13244819641113
40.16956377029419
40.199118852615356
40.23304462432861
40.268362045288086
40.3004412651062
40.33474779129028
40.36697196960449
40.399085998535156
40.43305587768555
40.46694254875183
40.498979806900024
40.53340816497803
40.56728720664978
40.599024057388306
40.63258481025696
40.666106939315796
40.69928598403931
40.73428130149841
40.765615940093994
40.79831552505493
40.831517457962036
40.86461615562439
40.89752388000488
40.9302933216095
40.96348309516907
40.99689078330994
41.03019571304321
41.06265473365784
41.09650731086731
41.12901020050049
41.16341996192932
41.19621133804321
41.22973990440369
41.26362657546997
41.29608511924744
41.32947564125061
41.362396478652954
41.39638876914978
41.42872452735901
41.46324014663696
41.495957136154175
41.541587591171265
41.56489896774292
41.59675312042236
41.62998676300049
41.66235280036926
41.695794105529785
41.72889947891235
41.76303553581238
41.79657864570618
41.82933521270752
41.863544940948486
41.89783978462219
41.930229902267456
41.96382761001587
41.99662375450134
42.03017210960388
42.064817667007446
42.09687089920044
42.13126564025879
42.163416385650635
42.196322441101074
42.23027682304382
42.262725830078125
42.29641675949097
42.33011221885681
42.36333179473877
42.39685606956482
42.42988610267639
42.46323037147522
42.49727821350098
42.529545068740845
42.56301999092102
42.596803188323975
42.63073492050171
42.66306829452515
42.69679498672485
42.73026371002197
42.763938188552856
42.797539949417114
42.83055591583252
42.86358189582825
42.89842414855957
42.93038034439087
42.964457273483276
42.997188091278076
43.030052185058594
43.064152002334595
43.09813475608826
43.13077664375305
43.16978430747986
43.19694948196411
43.229530811309814
43.26595091819763
43.29796814918518
43.330408811569214
43.3640832901001
43.39704751968384
43.430917263031006
43.465266704559326
43.49772381782532
43.530776500701904
43.564027309417725
43.59888195991516
43.63132381439209
43.663928270339966
43.69782900810242
43.73130226135254
43.765000104904175
43.7983238697052
43.83174705505371
43.86401605606079
43.897785663604736
43.93018078804016
43.964064598083496
43.998111963272095
44.03135585784912
44.065606355667114
44.09826183319092
44.13147187232971
44.165241718292236
44.19836950302124
44.23172187805176
44.26565384864807
44.29845094680786
44.33087468147278
44.365264654159546
44.39865684509277
44.43178367614746
44.46494269371033
44.49896049499512
44.53184986114502
44.5657172203064
44.599172830581665
44.63176965713501
44.66549730300903
44.69879460334778
44.731911420822144
44.76522660255432
44.7987744808197
44.83129692077637
44.86486077308655
44.89904069900513
44.93379211425781
44.965824127197266
44.99881958961487
45.03231120109558
45.066288232803345
45.0988712310791
45.132383823394775
45.1655855178833
45.19908142089844
45.23227667808533
45.26618528366089
45.29851531982422
45.331793785095215
45.36532521247864
45.398497104644775
45.43187236785889
45.465272188186646
45.49932813644409
45.53287625312805
45.56595206260681
45.59829092025757
45.63235259056091
45.665863275527954
45.699395418167114
45.73183870315552
45.76569604873657
45.79905319213867
45.83281993865967
45.865347146987915
45.8999285697937
45.932756662368774
45.966729402542114
45.999006271362305
46.0325186252594
46.066805362701416
46.10029458999634
46.132681369781494
46.166293144226074
46.20085835456848
46.234158754348755
46.26570725440979
46.299161195755005
46.33424162864685
46.36687159538269
46.41320729255676
46.43260145187378
46.465839862823486
46.50000715255737
46.5338613986969
46.56619143486023
46.599668979644775
46.63307738304138
46.66650629043579
46.69941997528076
46.73324275016785
46.76642417907715
46.80000066757202
46.833205223083496
46.86608695983887
46.89935111999512
46.932536363601685
46.9665367603302
46.9995813369751
47.033103227615356
47.06706786155701
47.09944462776184
47.13296961784363
47.16638255119324
47.2004497051239
47.23279070854187
47.26649069786072
47.29999327659607
47.33398962020874
47.36813521385193
47.40020418167114
47.43359446525574
47.466196060180664
47.5003297328949
47.53307509422302
47.56690835952759
47.60032320022583
47.63289451599121
47.66619896888733
47.69948887825012
47.73315668106079
47.76741981506348
47.79971790313721
47.83393049240112
47.866496562957764
47.90050506591797
47.93401312828064
47.96711826324463
48.00004243850708
48.042202949523926
48.066689014434814
48.10095763206482
48.13417673110962
48.1678102016449
48.200727701187134
48.23409986495972
48.26718330383301
48.300777435302734
48.33506107330322
48.3673939704895
48.40048289299011
48.43378806114197
48.46734547615051
48.50062108039856
48.53400659561157
48.567081689834595
48.60066294670105
48.6343297958374
48.668723583221436
48.7002477645874
48.73339605331421
48.767600774765015
48.80155944824219
48.83485174179077
48.86773371696472
48.90102195739746
48.93465995788574
48.96850609779358
49.001240968704224
49.03473901748657
49.06816124916077
49.10143733024597
49.13424777984619
49.16814112663269
49.20237874984741
49.23478603363037
49.26858735084534
49.30179452896118
49.33544039726257
49.36766600608826
49.40169930458069
49.43571472167969
49.46811389923096
49.501903772354126
49.53432893753052
49.56959891319275
49.60183548927307
49.635502576828
49.67135310173035
49.70217204093933
49.734922647476196
49.768675804138184
49.80264401435852
49.83569121360779
49.86858773231506
49.90127635002136
49.93509364128113
49.96844530105591
50.00263047218323
50.03555512428284
50.06913614273071
50.10258460044861
50.13527202606201
50.16906118392944
50.202555656433105
50.23511052131653
50.26836633682251
50.30200219154358
50.33593416213989
50.36989641189575
50.402278423309326
50.43599247932434
50.469085454940796
50.50233697891235
50.536460399627686
50.56910157203674
50.603113412857056
50.63659381866455
50.66866898536682
50.703298568725586
50.73690629005432
50.77002954483032
50.80362153053284
50.83623456954956
50.870102405548096
50.90250825881958
50.9359827041626
50.97009515762329
51.00365591049194
51.036853551864624
51.06996464729309
51.103548526763916
51.13603854179382
51.17133116722107
51.204126596450806
51.23618531227112
51.27000284194946
51.30330276489258
51.33644914627075
51.36947250366211
51.40269422531128
51.43635058403015
51.47046160697937
51.50408577919006
51.53659987449646
51.57001519203186
51.60336518287659
51.63603734970093
51.67033791542053
51.70283508300781
51.736353397369385
51.77133512496948
51.80428409576416
51.83757662773132
51.87048411369324
51.904313802719116
51.93707871437073
51.969775915145874
52.00341272354126
52.036705493927
52.070624113082886
52.103859186172485
52.13698482513428
52.16989350318909
52.2040057182312
52.236828088760376
52.27003526687622
52.30332589149475
52.33753776550293
52.37075853347778
52.40431308746338
52.43769907951355
52.471004247665405
52.50346875190735
52.53795528411865
52.57058811187744
52.60378074645996
52.63762164115906
52.6713171005249
52.70405650138855
52.7384877204895
52.774065256118774
52.80417490005493
52.83793258666992
52.871238708496094
52.904871225357056
52.9388210773468
52.970815658569336
53.00530433654785
53.03884410858154
53.071208000183105
53.104254722595215
53.13834571838379
53.171780824661255
53.204418659210205
53.23930788040161
53.2717342376709
53.30482220649719
53.338135957717896
53.37061333656311
53.40444874763489
53.43819808959961
53.4706974029541
53.50441837310791
53.53877639770508
53.57161498069763
53.60534620285034
53.638267993927
53.672691106796265
53.705766677856445
53.73942422866821
53.77265167236328
53.804956674575806
53.83939003944397
53.87145924568176
53.9057343006134
53.93906497955322
53.973225355148315
54.00617861747742
54.039552211761475
54.07347130775452
54.10662031173706
54.13943958282471
54.17262864112854
54.206114292144775
54.2395966053009
54.27353477478027
54.30644464492798
54.339383363723755
54.37297606468201
54.41874170303345
54.439648389816284
54.472806215286255
54.50600719451904
54.5395827293396
54.57258176803589
54.60604643821716
54.63918924331665
54.672874450683594
54.70615267753601
54.73954200744629
54.77234387397766
54.805548667907715
54.8398642539978
54.8731369972229
54.906686305999756
54.93950796127319
54.97310423851013
55.00580954551697
55.0398473739624
55.072590351104736
55.10705804824829
55.13932776451111
55.17323136329651
55.20622491836548
55.239662170410156
55.27407622337341
55.306012868881226
55.33910799026489
55.373319149017334
55.406607151031494
55.43989181518555
55.47302007675171
55.506293296813965
55.539610385894775
55.573262214660645
55.60710072517395
55.639681816101074
55.67371392250061
55.706998348236084
55.73984217643738
55.773927211761475
55.807164907455444
55.84041905403137
55.874804735183716
55.9076566696167
55.940345764160156
55.974215507507324
56.00680327415466
56.04524564743042
56.0744206905365
56.10837268829346
56.14084792137146
56.17450451850891
56.20761489868164
56.24107813835144
56.27582359313965
56.3068585395813
56.340237617492676
56.37363815307617
56.40825819969177
56.441349029541016
56.47396659851074
56.50735592842102
56.540589332580566
56.57400155067444
56.60769581794739
56.640973806381226
56.67425036430359
56.70754861831665
56.74027490615845
56.77304792404175
56.80829572677612
56.84067106246948
56.87393927574158
56.90765595436096
56.94098782539368
56.973533630371094
57.00710415840149
57.04046583175659
57.07404327392578
57.107266426086426
57.1413311958313
57.173663854599
57.20815181732178
57.240673542022705
57.275306224823
57.30887174606323
57.34086513519287
57.37506341934204
57.407543420791626
57.44173812866211
57.47398233413696
57.50773906707764
57.542320013046265
57.57496738433838
57.60856080055237
57.64154672622681
57.674919843673706
57.70791745185852
57.741692543029785
57.77496147155762
57.808542251586914
57.841809034347534
57.87477946281433
57.908199071884155
57.94142389297485
57.97415494918823
58.008368730545044
58.04076933860779
58.07477784156799
58.10831642150879
58.14151215553284
58.17522478103638
58.20849299430847
58.24126625061035
58.27498817443848
58.30821871757507
58.340970516204834
58.37587571144104
58.40829682350159
58.44153189659119
58.47430896759033
58.508700132369995
58.54111433029175
58.57510471343994
58.608529806137085
58.64205741882324
58.67536902427673
58.708818197250366
58.74127268791199
58.77475666999817
58.80851435661316
58.843804597854614
58.875399112701416
58.908623695373535
58.94161868095398
58.9760856628418
59.00909972190857
59.04217863082886
59.075634241104126
59.10862970352173
59.14295959472656
59.17527437210083
59.208855867385864
59.24196743965149
59.288379192352295
59.30904698371887
59.343446016311646
59.37489175796509
59.40925121307373
59.44240665435791
59.476335525512695
59.50939679145813
59.54184675216675
59.57602119445801
59.61001253128052
59.64265441894531
59.67612099647522
59.70957684516907
59.74198007583618
59.77653360366821
59.80992817878723
59.84252119064331
59.87632441520691
59.90947675704956
59.94261956214905
59.9762749671936
60.00888466835022
60.042325258255005
60.0760178565979
60.10869073867798
60.142690896987915
60.17624258995056
60.208699464797974
60.24382781982422
60.27653384208679
60.3098566532135
60.34287095069885
60.376845836639404
60.4100444316864
60.44299054145813
60.47603702545166
60.50939917564392
60.54269528388977
60.57660174369812
60.60973262786865
60.64469051361084
60.67660570144653
60.71006965637207
60.743590116500854
60.77688145637512
60.81065845489502
60.84409952163696
60.87731742858887
60.91855835914612
60.94342494010925
60.976789712905884
61.01029682159424
61.04457426071167
61.07674503326416
61.110246658325195
61.14272141456604
61.17665195465088
61.21000051498413
61.24351239204407
61.277995347976685
61.311020851135254
61.343148708343506
61.376949071884155
61.41019082069397
61.442787170410156
61.477250814437866
61.509692668914795
61.542702198028564
61.57694983482361
61.610610246658325
61.643516063690186
61.67694067955017
61.71007251739502
61.7440869808197
61.77739381790161
61.80982851982117
61.84333944320679
61.87679958343506
61.90983772277832
61.94338250160217
61.97802543640137
62.01025390625
62.044867277145386
62.07788443565369
62.11093044281006
62.14400100708008
62.176433801651
62.210086822509766
62.244434118270874
62.27773857116699
62.31122350692749
62.343971490859985
62.37826871871948
62.410396337509155
62.443583250045776
62.47709321975708
62.5112247467041
62.544650077819824
62.57794737815857
62.61135792732239
62.64359521865845
62.67768955230713
62.71108794212341
62.744242668151855
62.77758741378784
62.811129331588745
62.844321727752686
62.87850785255432
62.91100859642029
62.94446563720703
62.978318214416504
63.01154851913452
63.04515862464905
63.07841420173645
63.11160492897034
63.14637231826782
63.177729845047
63.2120578289032
63.24566721916199
63.278815031051636
63.31264781951904
63.344860792160034
63.379207611083984
63.41185998916626
63.444988489151
63.478859663009644
63.51102375984192
63.545745849609375
63.578660011291504
63.613142013549805
63.64519548416138
63.679527044296265
63.713080167770386
63.74722695350647
63.77944612503052
63.81283521652222
63.84641242027283
63.87910532951355
63.912442207336426
63.9462103843689
63.97938776016235
64.0128526687622
64.04660224914551
64.07958006858826
64.11306023597717
64.14693546295166
64.17886805534363
64.21286702156067
64.2457423210144
64.27982234954834
64.31269836425781
64.34814429283142
64.380056142807
64.41316628456116
64.44620728492737
64.48002624511719
64.51335024833679
64.54647326469421
64.57966780662537
64.61317658424377
64.64683365821838
64.68000340461731
64.7136070728302
64.74653577804565
64.77942681312561
64.81278276443481
64.84644961357117
64.88109731674194
64.91341185569763
64.94616031646729
64.97958087921143
65.01328372955322
65.04579758644104
65.07979083061218
65.11346483230591
65.14717245101929
65.17966341972351
65.21316981315613
65.24667525291443
65.28086495399475
65.31392502784729
65.3466444015503
65.3800859451294
65.41324305534363
65.44668698310852
65.48010206222534
65.5138418674469
65.54696750640869
65.5803325176239
65.6144289970398
65.64747285842896
65.68082451820374
65.71407437324524
65.74715781211853
65.780526638031
65.81378507614136
65.84788489341736
65.88081884384155
65.91358852386475
65.94680070877075
65.9827835559845
66.01386213302612
66.04820513725281
66.08178496360779
66.11413216590881
66.14792585372925
66.18111896514893
66.21466851234436
66.24725270271301
66.28138852119446
66.31413412094116
66.34745240211487
66.38068461418152
66.41483926773071
66.44823408126831
66.48114824295044
66.51422572135925
66.54894232749939
66.5813820362091
66.61384201049805
66.64828538894653
66.68074536323547
66.71463799476624
66.74816870689392
66.78160119056702
66.81517171859741
66.84839725494385
66.88239240646362
66.91525363922119
66.94813394546509
66.98242425918579
67.01554775238037
67.04909205436707
67.08162546157837
67.11633777618408
67.1486542224884
67.18263936042786
67.21553564071655
67.24803233146667
67.28259563446045
67.31415820121765
67.34897255897522
67.3819146156311
67.41992163658142
67.4493305683136
67.48244667053223
67.5159432888031
67.54879355430603
67.5818350315094
67.61471581459045
67.64795637130737
67.68161869049072
67.71508622169495
67.74783039093018
67.78114342689514
67.8149766921997
67.84829688072205
67.88234543800354
67.91486096382141
67.94795393943787
67.98119831085205
68.0152862071991
68.0480568408966
68.08202314376831
68.114914894104
68.14847588539124
68.18137955665588
68.2148494720459
68.24892807006836
68.28267002105713
68.31551194190979
68.34838795661926
68.38126707077026
68.41547083854675
68.44963502883911
68.48177552223206
68.51475405693054
68.54814505577087
68.58270645141602
68.61521911621094
68.64901232719421
68.68245196342468
68.71570181846619
68.7483479976654
68.78152084350586
68.81533885002136
68.84873008728027
68.88239002227783
68.91540575027466
68.9489152431488
68.98216700553894
69.01507520675659
69.04855036735535
69.0828115940094
69.11656165122986
69.14875936508179
69.18248414993286
69.21593689918518
69.24872159957886
69.28205680847168
69.31696200370789
69.34913802146912
69.38308382034302
69.4165358543396
69.4498553276062
69.4848325252533
69.516606092453
69.55012464523315
69.58221125602722
69.61674094200134
69.6503837108612
69.68322801589966
69.71776413917542
69.74915266036987
69.78358817100525
69.81668591499329
69.84988021850586
69.88277864456177
69.91618609428406
69.9497127532959
69.98335433006287
70.0161361694336
70.04949808120728
70.08244705200195
70.11704397201538
70.15088987350464
70.18255519866943
70.21600103378296
70.25082802772522
70.2838728427887
70.31747770309448
70.34962201118469
70.3835461139679
70.41708827018738
70.45185613632202
70.48364543914795
70.51695084571838
70.54988050460815
70.58333349227905
70.61709523200989
70.6500973701477
70.68406438827515
70.71729969978333
70.75102686882019
70.7839126586914
70.81755423545837
70.85177850723267
70.88452887535095
70.9175386428833
70.95157980918884
70.98478388786316
71.01712012290955
71.05024838447571
71.0836431980133
71.1181309223175
71.15121722221375
71.18365526199341
71.21790337562561
71.25144505500793
71.28443837165833
71.31719136238098
71.35152339935303
71.38429236412048
71.41795659065247
71.45026469230652
71.48418617248535
71.51698660850525
71.55111789703369
71.58430075645447
71.61759996414185
71.65060448646545
71.68463277816772
71.71791505813599
71.75003027915955
71.78469133377075
71.81726217269897
71.8510754108429
71.88370394706726
71.91908383369446
71.95136094093323
71.9850013256073
72.0187292098999
72.05120491981506
72.08454251289368
72.11961507797241
72.15075349807739
72.18499875068665
72.21753144264221
72.25206398963928
72.29013633728027
72.31811809539795
72.35140442848206
72.38551044464111
72.41906905174255
72.45135378837585
72.48577809333801
72.51892495155334
72.55286884307861
72.58468461036682
72.61909079551697
72.65232491493225
72.68493938446045
72.71829342842102
72.75230097770691
72.78600907325745
72.81905031204224
72.85237050056458
72.88509798049927
72.91939926147461
72.95155954360962
72.98600769042969
73.01932263374329
73.05268383026123
73.08506035804749
73.11899662017822
73.15246939659119
73.18537211418152
73.21936321258545
73.25285053253174
73.28554391860962
73.3181083202362
73.35336995124817
73.3856554031372
73.41838693618774
73.45177459716797
73.48661684989929
73.51905798912048
73.55229091644287
73.58591103553772
73.61872887611389
73.65318751335144
73.6862564086914
73.72008395195007
73.75239992141724
73.78505325317383
73.81901717185974
73.85335636138916
73.8855528831482
73.92108154296875
73.95329976081848
73.98586058616638
74.02014350891113
74.05312252044678
74.08551168441772
74.11934804916382
74.1526665687561
74.1861526966095
74.2197425365448
74.2529194355011
74.28709006309509
74.32011413574219
74.35390734672546
74.38568234443665
74.42053413391113
74.45420026779175
74.4864194393158
74.51987862586975
74.55318880081177
74.58625435829163
74.61992764472961
74.65311765670776
74.68559527397156
74.72028183937073
74.75380373001099
74.78731942176819
74.82021355628967
74.85321712493896
74.88609790802002
74.9205207824707
74.95299983024597
74.98612403869629
75.0201780796051
75.05359506607056
75.08625745773315
75.12098622322083
75.15438175201416
75.1863329410553
75.22091150283813
75.25393748283386
75.2869758605957
75.32096290588379
75.35374450683594
75.38625812530518
75.42110443115234
75.45453023910522
75.48639154434204
75.5194616317749
75.55371260643005
75.5881679058075
75.62065601348877
75.65406346321106
75.6881844997406
75.7207100391388
75.7545211315155
75.78661751747131
75.82132887840271
75.8536126613617
75.88890409469604
75.92124128341675
75.95340847969055
75.98723888397217
76.02086520195007
76.05558395385742
76.08795070648193
76.1207046508789
76.15464043617249
76.18885278701782
76.22222542762756
76.25463676452637
76.29188203811646
76.32127141952515
76.35490226745605
76.3879554271698
76.42166900634766
76.45459580421448
76.48890233039856
76.52132034301758
76.5547866821289
76.58812761306763
76.62137389183044
76.65475726127625
76.687509059906
76.72180080413818
76.7542474269867
76.7889678478241
76.82165908813477
76.85544109344482
76.88824462890625
76.92239713668823
76.95464897155762
76.98949193954468
77.02229452133179
77.0545916557312
77.0896544456482
77.12149953842163
77.16403341293335
77.18809485435486
77.22208428382874
77.25530529022217
77.28862690925598
77.32275938987732
77.35542273521423
77.38864874839783
77.42132496833801
77.45481729507446
77.48833227157593
77.5230164527893
77.55567073822021
77.58787035942078
77.62313747406006
77.65534973144531
77.6890652179718
77.72293376922607
77.75519323348999
77.788982629776
77.8225679397583
77.85550475120544
77.88854312896729
77.92224073410034
77.95506644248962
77.9888699054718
78.02281618118286
78.05569434165955
78.08898329734802
78.12315201759338
78.15527439117432
78.18965601921082
78.22243762016296
78.25574827194214
78.28821802139282
78.32242202758789
78.3561851978302
78.38895845413208
78.42190337181091
78.45524716377258
78.49020028114319
78.52294850349426
78.55635070800781
78.58904314041138
78.62265801429749
78.65573811531067
78.68864250183105
78.72278308868408
78.7554190158844
78.7943696975708
78.82258653640747
78.85643362998962
78.88892340660095
78.92257475852966
78.9562976360321
78.98866510391235
79.02250623703003
79.05616497993469
79.089590549469
79.12334203720093
79.15796208381653
79.19001269340515
79.22406721115112
79.25634098052979
79.28952932357788
79.32259583473206
79.35734844207764
79.38923072814941
79.42358016967773
79.45644664764404
79.48973608016968
79.52336931228638
79.5567991733551
79.58921670913696
79.62347531318665
79.65715622901917
79.69053959846497
79.72345232963562
79.7560167312622
79.79089593887329
79.82484817504883
79.8578200340271
79.89035606384277
79.92369079589844
79.95638394355774
79.9897940158844
80.02443075180054
80.05806374549866
80.09090662002563
80.12460064888
80.15824055671692
80.19146800041199
80.22390866279602
80.25773859024048
80.29087615013123
80.32442855834961
80.35759139060974
80.3917179107666
80.42484331130981
80.45817828178406
80.49173212051392
80.52521896362305
80.55946826934814
80.5912938117981
80.62555861473083
80.658029794693
80.69130349159241
80.72464966773987
80.75772857666016
80.79120326042175
80.82469415664673
80.85868263244629
80.89178609848022
80.9240894317627
80.95703458786011
80.99031352996826
81.02557349205017
81.05757474899292
81.0912127494812
81.124755859375
81.1577877998352
81.19191598892212
81.22461199760437
81.25799655914307
81.2908296585083
81.32454299926758
81.3579957485199
81.39184927940369
81.42396473884583
81.45904684066772
81.49152827262878
81.52640151977539
81.55815982818604
81.59202408790588
81.62554240226746
81.65854811668396
81.69205808639526
81.72476935386658
81.75831532478333
81.79128909111023
81.82513093948364
81.85897254943848
81.89191126823425
81.9252381324768
81.95911312103271
81.99094724655151
82.02750897407532
82.05881428718567
82.09113621711731
82.12545728683472
82.1588966846466
82.1920862197876
82.22511219978333
82.25833415985107
82.2921872138977
82.32537698745728
82.35853433609009
