0.0
0.03246140480041504
0.06608939170837402
0.0997626781463623
0.13258719444274902
0.1673750877380371
0.20030784606933594
0.23204684257507324
0.2670254707336426
0.2997276782989502
0.33445310592651367
0.3657197952270508
0.3989882469177246
0.4325215816497803
0.46576976776123047
0.4995849132537842
0.5401372909545898
0.5667555332183838
0.6002192497253418
0.6332213878631592
0.6669692993164062
0.6993958950042725
0.7328035831451416
0.7664868831634521
0.799468994140625
0.8336911201477051
0.8664612770080566
0.9005379676818848
0.9337024688720703
0.9664096832275391
0.9994022846221924
1.0335972309112549
1.0668003559112549
1.0995304584503174
1.1338746547698975
1.1678798198699951
1.2009222507476807
1.2345664501190186
1.2672550678253174
1.3004329204559326
1.3339896202087402
1.3693842887878418
1.4067564010620117
1.4392359256744385
1.4792876243591309
1.5170469284057617
1.5408241748809814
1.5727391242980957
1.6142399311065674
1.642599105834961
1.68198823928833
1.7141201496124268
1.747347116470337
1.777705192565918
1.8073890209197998
1.84102201461792
1.8753631114959717
1.9119625091552734
1.948298454284668
1.9818785190582275
2.0124831199645996
2.049370050430298
2.079162120819092
2.1034250259399414
2.1396021842956543
2.1764769554138184
2.2074646949768066
2.2384603023529053
2.2723827362060547
2.308971881866455
2.3395023345947266
2.374668836593628
2.404949188232422
2.4413866996765137
2.4726004600524902
2.505478858947754
2.5389411449432373
2.5766263008117676
2.605071544647217
2.6377131938934326
2.671820878982544
2.7063024044036865
2.7449002265930176
2.775615692138672
2.8111679553985596
2.839181423187256
2.874203681945801
2.9056713581085205
2.9481847286224365
2.972198247909546
3.005811929702759
3.0398948192596436
3.072176456451416
3.1105892658233643
3.139984369277954
3.1768038272857666
3.2056331634521484
3.240648031234741
3.276564836502075
3.31057071685791
3.3427679538726807
3.3766708374023438
3.410355806350708
3.4444546699523926
3.4778316020965576
3.513298273086548
3.5451648235321045
3.587975263595581
3.6139075756073
3.6525754928588867
3.68139386177063
3.715449094772339
3.7459051609039307
3.779254913330078
3.816025972366333
3.8489933013916016
3.879823684692383
3.9245829582214355
3.9491209983825684
3.9873273372650146
4.013479948043823
4.054600954055786
4.087264776229858
4.1205971240997314
4.15498161315918
4.183101177215576
4.221164226531982
4.248919486999512
4.288854598999023
4.320869445800781
4.359168767929077
4.391482591629028
4.42199444770813
4.4518723487854
4.487426042556763
4.514667272567749
4.5499513149261475
4.582317113876343
4.619210720062256
4.645343065261841
4.684807538986206
4.725949048995972
4.754819869995117
4.784575462341309
4.820475339889526
4.863613128662109
4.887250661849976
4.924052715301514
4.950277328491211
4.986765384674072
5.026700973510742
5.051319360733032
5.082358360290527
5.1158998012542725
5.149190902709961
5.1793177127838135
5.220371246337891
5.250436067581177
5.286484956741333
5.31833553314209
5.3520379066467285
5.393292665481567
5.417524337768555
5.454363822937012
5.486847639083862
5.522126913070679
5.551180601119995
5.58140754699707
5.617856979370117
5.653815269470215
5.6946094036102295
5.722161769866943
5.7519307136535645
5.785171985626221
5.818924427032471
5.852486848831177
5.885597467422485
5.9198503494262695
5.952325105667114
5.9844255447387695
6.016685485839844
6.049660921096802
6.0854408740997314
6.120009660720825
6.152026653289795
6.192023754119873
6.216219186782837
6.25109076499939
6.294909238815308
6.328587055206299
6.352576971054077
6.391343593597412
6.425261497497559
6.450065851211548
6.488019227981567
6.515100717544556
6.557045936584473
6.582157373428345
6.619704008102417
6.653801441192627
6.684106826782227
6.720542907714844
6.749237298965454
6.787118911743164
6.8196306228637695
6.850308656692505
6.891331195831299
6.922153472900391
6.9526753425598145
6.986566066741943
7.02266001701355
7.055057764053345
7.088892936706543
7.121860027313232
7.156317472457886
7.18679666519165
7.215906143188477
7.254914283752441
7.2837724685668945
7.321141242980957
7.351498603820801
7.391636610031128
7.423065185546875
7.448432445526123
7.486557722091675
7.519516229629517
7.552309274673462
7.584039211273193
7.618191719055176
7.65279483795166
7.683625936508179
7.719658613204956
7.753779649734497
7.790216684341431
7.8243567943573
7.852017402648926
7.886284112930298
7.921720504760742
7.951418399810791
7.985469818115234
8.017534494400024
8.05335807800293
8.08466100692749
8.120738506317139
8.152511358261108
8.185959577560425
8.223407983779907
8.252242803573608
8.283640623092651
8.318282127380371
8.355597972869873
8.390396118164062
8.422559261322021
8.458595991134644
8.485793113708496
8.518772602081299
8.554906368255615
8.58704686164856
8.620187282562256
8.655689477920532
8.690057754516602
8.721090316772461
8.753889799118042
8.784314632415771
8.821647644042969
8.855527877807617
8.885576486587524
8.918990850448608
8.960970640182495
8.988449335098267
9.024045705795288
9.051316976547241
9.087073564529419
9.121692419052124
9.161031723022461
9.188183784484863
9.221615314483643
9.254355669021606
9.287042379379272
9.325112104415894
9.352957725524902
9.390721559524536
9.420067310333252
9.450017213821411
9.48674726486206
9.515307903289795
9.55694031715393
9.586491584777832
9.622291088104248
9.655610799789429
9.692314386367798
9.72328805923462
9.758036613464355
9.793150424957275
9.821127891540527
9.853419303894043
9.889870882034302
9.925895929336548
9.958156824111938
9.986279249191284
10.020553588867188
10.05768632888794
10.088553428649902
10.118348836898804
10.153590679168701
10.188406467437744
10.223186731338501
10.254055261611938
10.288642644882202
10.320277690887451
10.35409164428711
10.39093565940857
10.422600984573364
10.461861371994019
10.4850754737854
10.52134656906128
10.55741572380066
10.586617946624756
10.62184476852417
10.653564691543579
10.690537691116333
10.721028566360474
10.752094268798828
10.788070917129517
10.825121402740479
10.860080480575562
10.8862783908844
10.9235360622406
10.967956781387329
10.994441986083984
11.022380352020264
11.055867195129395
11.089943885803223
11.118987798690796
11.153575897216797
11.191705703735352
11.222220659255981
11.25846815109253
11.285365104675293
11.321613311767578
11.35345458984375
11.390275955200195
11.423594951629639
11.459649085998535
11.489996910095215
11.520377159118652
11.557560443878174
11.582521438598633
11.6189284324646
11.65504002571106
11.69119668006897
11.720171213150024
11.754090309143066
11.791141748428345
11.821773767471313
11.856432437896729
11.888240814208984
11.925579071044922
11.952952146530151
11.989653587341309
12.02570390701294
12.055160284042358
12.087772846221924
12.122281551361084
12.153413772583008
12.191761255264282
12.223789691925049
12.260254859924316
12.292266845703125
12.325175762176514
12.357764959335327
12.38865876197815
12.424111127853394
12.463971853256226
12.495407819747925
12.52005672454834
12.55516004562378
12.58937668800354
12.621790409088135
12.655529022216797
12.689468383789062
12.729978322982788
12.759318828582764
12.791415691375732
12.824632406234741
12.85739541053772
12.893659830093384
12.924824714660645
12.957552433013916
12.987637519836426
13.029249906539917
13.062973737716675
13.09243130683899
13.127259016036987
13.153822422027588
13.19765591621399
13.226141214370728
13.258203029632568
13.288877964019775
13.320242404937744
13.358005046844482
13.392062902450562
13.424372911453247
13.452980756759644
13.490327835083008
13.521693468093872
13.556456089019775
13.585116624832153
13.622327327728271
13.653862953186035
13.687103986740112
13.72217321395874
13.755262613296509
13.800497770309448
13.825369119644165
13.857112646102905
13.892059087753296
13.924356460571289
13.9582200050354
13.994851350784302
14.02534532546997
14.053808450698853
14.08998417854309
14.126570701599121
14.158887147903442
14.19197154045105
14.218345403671265
14.25459361076355
14.289340496063232
14.32775616645813
14.35524845123291
14.389031887054443
14.419042825698853
14.45575761795044
14.489973545074463
14.519346714019775
14.554440259933472
14.588302850723267
14.622368574142456
14.656198740005493
14.687904834747314
14.728853940963745
14.756101131439209
14.791546106338501
14.821256875991821
14.853843927383423
14.886578798294067
14.911829471588135
14.946113348007202
14.979350328445435
15.01250958442688
15.05632734298706
15.079299926757812
15.111838817596436
15.145541906356812
15.178856134414673
15.212001085281372
15.245654344558716
15.279080629348755
15.312711238861084
15.346315860748291
15.378034114837646
15.41264820098877
15.445337533950806
15.478673219680786
15.512102842330933
15.544716119766235
15.57779335975647
15.611778259277344
15.644487619400024
15.678117513656616
15.711315393447876
15.7455472946167
15.7777841091156
15.814546585083008
15.844650983810425
15.877928256988525
15.912202835083008
15.946634769439697
15.979191541671753
16.01253032684326
16.045000553131104
16.07860279083252
16.111912727355957
16.145289421081543
16.17896819114685
16.21243166923523
16.24507427215576
16.27901530265808
16.312050819396973
16.345804929733276
16.37908101081848
16.412079095840454
16.44541597366333
16.478717803955078
16.51193141937256
16.54861068725586
16.577956438064575
16.612496614456177
16.64469003677368
16.679343223571777
16.71266770362854
16.745855808258057
16.779217004776
16.812322854995728
16.846012115478516
16.87908673286438
16.91196632385254
16.9454402923584
16.97973132133484
17.01240849494934
17.046263933181763
17.079126596450806
17.112395763397217
17.146827459335327
17.17861318588257
17.212499141693115
17.24629855155945
17.280041694641113
17.312769174575806
17.34562063217163
17.378626108169556
17.412246227264404
17.447189807891846
17.479198932647705
17.512437105178833
17.546460151672363
17.580244779586792
17.6132390499115
17.646060943603516
17.679389238357544
17.713599681854248
17.746036291122437
17.779139518737793
17.812119960784912
17.8464515209198
17.879750728607178
17.915581703186035
17.946852684020996
17.98016357421875
18.012861967086792
18.046748876571655
18.08091902732849
18.113296270370483
18.146074771881104
18.17923331260681
18.213072299957275
18.247262239456177
18.28234887123108
18.31358051300049
18.346805572509766
18.38042974472046
18.413039207458496
18.446931838989258
18.47938823699951
18.51433491706848
18.546812772750854
18.58050799369812
18.61340856552124
18.64663076400757
18.67981457710266
18.713443756103516
18.74651551246643
18.78040075302124
18.81328558921814
18.846942901611328
18.879931211471558
18.914564609527588
18.946852445602417
18.980375289916992
19.013888120651245
19.047547340393066
19.080714464187622
19.114253044128418
19.14749026298523
19.18085741996765
19.21425223350525
19.247438192367554
19.281068801879883
19.314541578292847
19.348163843154907
19.381003856658936
19.41392421722412
19.447854042053223
19.48101782798767
19.515763759613037
19.54991126060486
19.581124782562256
19.614306688308716
19.648386001586914
19.682374715805054
19.714721202850342
19.74846386909485
19.782602071762085
19.815244913101196
19.849085569381714
19.88133430480957
19.917237043380737
19.9487202167511
19.981536865234375
20.01505708694458
20.048553943634033
20.081486463546753
20.1159086227417
20.148056030273438
20.181816816329956
20.214816331863403
20.248294830322266
20.282060384750366
20.314837217330933
20.34760808944702
20.381518840789795
20.41505455970764
20.44897437095642
20.482203483581543
20.514324188232422
20.548150539398193
20.58164930343628
20.6144700050354
20.64884305000305
20.68227505683899
20.716238021850586
20.74968647956848
20.78244185447693
20.81571054458618
20.848915576934814
20.88136863708496
20.915448665618896
20.948243141174316
20.982166051864624
21.015878438949585
21.048991918563843
21.082807779312134
21.115023136138916
21.148476600646973
21.18128800392151
21.214820623397827
21.249104022979736
21.281516313552856
21.314996004104614
21.349220752716064
21.38238763809204
21.415623664855957
21.448976516723633
21.48194670677185
21.51596236228943
21.55225443840027
21.58243465423584
21.61521291732788
21.649109840393066
21.682039737701416
21.716370105743408
21.749767780303955
21.782349824905396
21.816301822662354
21.850626230239868
21.883052587509155
21.915916919708252
21.949598789215088
21.982139348983765
22.015646934509277
22.05005145072937
22.083917379379272
22.115249395370483
22.149701595306396
22.183774948120117
22.215967416763306
22.249622344970703
22.28298568725586
22.316107034683228
22.350215673446655
22.383410692214966
22.41591501235962
22.450083017349243
22.48326015472412
22.51640510559082
22.54997968673706
22.58461856842041
22.61707329750061
22.650597095489502
22.683504104614258
22.717183113098145
22.749563932418823
22.783140420913696
22.817409992218018
22.85044574737549
22.88350248336792
22.917154550552368
22.949843406677246
22.983794927597046
23.016401529312134
23.049782037734985
23.08344554901123
23.116111755371094
23.1521999835968
23.184309482574463
23.216654777526855
23.2503559589386
23.28481149673462
23.31690549850464
23.351017951965332
23.383622407913208
23.416611194610596
23.450141191482544
23.48453426361084
23.517558574676514
23.550891637802124
23.583930253982544
23.615415334701538
23.649728775024414
23.683143615722656
23.717254400253296
23.750147342681885
23.78437829017639
23.816816329956055
23.851619958877563
23.88409113883972
23.917691469192505
23.95138645172119
23.98385763168335
24.017309188842773
24.050083875656128
24.084419012069702
24.118340015411377
24.15056014060974
24.18476152420044
24.21751308441162
24.25117039680481
24.283114433288574
24.317360162734985
24.350587368011475
24.383768796920776
24.417152404785156
24.450618743896484
24.483535289764404
24.51715588569641
24.55077815055847
24.58481240272522
24.61848020553589
24.65074396133423
24.685312271118164
24.71713924407959
24.751778602600098
24.79760980606079
24.817392110824585
24.85150694847107
24.884859323501587
24.917562007904053
24.95100212097168
24.985053777694702
25.018658876419067
25.053051948547363
25.085111379623413
25.118826627731323
25.15225648880005
25.184722185134888
25.217971324920654
25.25210428237915
25.28558588027954
25.31786584854126
25.351260662078857
25.384521007537842
25.41879653930664
25.45202922821045
25.485395669937134
25.519004344940186
25.552290439605713
25.584312438964844
25.619101524353027
25.652112245559692
25.68591332435608
25.71820616722107
25.751549243927002
25.785532236099243
25.818971395492554
25.851864337921143
25.88564658164978
25.919695377349854
25.951884031295776
25.98543930053711
26.01927399635315
26.051867961883545
26.085423946380615
26.118629217147827
26.15204095840454
26.185092449188232
26.218734741210938
26.251692056655884
26.2864990234375
26.318261861801147
26.352777004241943
26.386258840560913
26.424038410186768
26.451589107513428
26.48613476753235
26.518868446350098
26.554145097732544
26.58614754676819
26.61905789375305
26.65251922607422
26.68522810935974
26.71870994567871
26.752015352249146
26.786112785339355
26.818708658218384
26.85286855697632
26.88590955734253
26.919123888015747
26.952642917633057
26.986328125
27.01959991455078
27.05267596244812
27.08655858039856
27.11946201324463
27.15271520614624
27.18649387359619
27.220155477523804
27.252780437469482
27.286006927490234
27.320014476776123
27.352638721466064
27.386626482009888
27.42016863822937
27.453623056411743
27.486637592315674
27.519859313964844
27.553920030593872
27.58668804168701
27.619935274124146
27.653385162353516
27.687321662902832
27.719961643218994
27.754557847976685
27.787473678588867
27.82019567489624
27.853174209594727
27.887545824050903
27.920459032058716
27.953649520874023
27.9869167804718
28.02004861831665
28.053913354873657
28.087034225463867
28.119739770889282
28.15326952934265
28.186908721923828
28.220314979553223
28.253586530685425
28.286479949951172
28.3207004070282
28.354960441589355
28.387458086013794
28.420702934265137
28.454875707626343
28.487310886383057
28.52115750312805
28.554224729537964
28.587646007537842
28.621185779571533
28.654356479644775
28.687894582748413
28.720953464508057
28.753684282302856
28.78767681121826
28.82111358642578
28.854072093963623
28.888540506362915
28.920552730560303
28.954843997955322
28.98844289779663
29.021587371826172
29.05541181564331
29.08824133872986
29.1216037273407
29.155078887939453
29.188525199890137
29.22223472595215
29.25681185722351
29.289320945739746
29.32163166999817
29.355088710784912
29.388259649276733
29.421636819839478
29.454720497131348
29.48785924911499
29.521162509918213
29.55540180206299
29.588042497634888
29.621274948120117
29.667799949645996
29.688079595565796
29.721234798431396
29.75591540336609
29.789291620254517
29.822432041168213
29.855648279190063
29.888301610946655
29.92155957221985
29.955323219299316
29.988869428634644
30.02301549911499
30.055004596710205
30.08839726448059
30.12125825881958
30.155797719955444
30.188872814178467
30.22185492515564
30.25604510307312
30.289122104644775
30.321799278259277
30.3551287651062
30.389515161514282
30.422653198242188
30.455612659454346
30.488718509674072
30.522371530532837
30.555623292922974
30.58877992630005
30.621790647506714
30.65484619140625
30.688935041427612
30.7230007648468
30.755743265151978
30.78926420211792
30.823607921600342
30.856518983840942
30.889915704727173
30.922874927520752
30.955525875091553
30.989287853240967
31.022626399993896
31.056301832199097
31.089263200759888
31.12274694442749
31.15541386604309
31.189200162887573
31.222732067108154
31.255247354507446
31.296436071395874
31.323018074035645
31.355348587036133
31.39025640487671
31.423004865646362
31.456369876861572
31.489146947860718
31.52247142791748
31.556906938552856
31.589658975601196
31.622870206832886
31.656170129776
31.69038486480713
31.7232985496521
31.756243467330933
31.789806365966797
31.823890686035156
31.856922388076782
31.88997220993042
31.923470735549927
31.95766592025757
31.992295503616333
32.02449870109558
32.057183027267456
32.0904643535614
32.1245059967041
32.157721281051636
32.19090390205383
32.223464488983154
32.257319688797
32.29035186767578
32.323339223861694
32.35671091079712
32.39082741737366
32.424070835113525
32.45751214027405
32.49056124687195
32.52367830276489
32.55796027183533
32.59056091308594
32.62380361557007
32.65778684616089
32.69089889526367
32.723984241485596
32.75679397583008
32.78977298736572
32.8241868019104
32.856773138046265
32.89059519767761
32.92593550682068
32.95679020881653
32.99071168899536
33.0238139629364
33.057841539382935
33.090757846832275
33.1240599155426
33.15780425071716
33.191067695617676
33.224725008010864
33.260204792022705
33.29118537902832
33.325141191482544
33.35751461982727
33.39039421081543
33.42412257194519
33.45822072029114
33.49129128456116
33.52465867996216
33.558265924453735
33.59107208251953
33.62461709976196
33.6587016582489
33.69078874588013
33.72454643249512
33.75838780403137
33.79081845283508
33.82504463195801
33.85825204849243
33.89155697822571
33.92575979232788
33.96103501319885
33.991029500961304
34.024757385253906
34.05784487724304
34.09203338623047
34.124706506729126
34.15809440612793
34.1910982131958
34.2245409488678
34.25856852531433
34.29120993614197
34.32453227043152
34.35853028297424
34.39067530632019
34.42538857460022
34.45833873748779
34.49158501625061
34.525009870529175
34.55927109718323
34.59149670600891
34.62451672554016
34.65940618515015
34.6922333240509
34.726210594177246
34.75861740112305
34.790666818618774
34.82648062705994
34.859095335006714
34.891833782196045
34.92445516586304
34.95784902572632
34.99154329299927
35.025697469711304
35.059157609939575
35.09141802787781
35.12557935714722
35.158756732940674
35.192378520965576
35.22621560096741
35.25818085670471
35.29186177253723
35.32548403739929
35.358309507369995
35.39181423187256
35.42507195472717
35.45882034301758
35.49304723739624
35.52583360671997
35.559019327163696
35.59256362915039
35.62500858306885
35.65908145904541
35.691832542419434
35.725313663482666
35.7582802772522
35.79230976104736
35.82553768157959
35.858789920806885
35.892048358917236
35.92511224746704
35.95907425880432
35.99246025085449
36.02647042274475
36.05908465385437
36.092580795288086
36.12649631500244
36.16748595237732
36.196800231933594
36.22595000267029
36.26085090637207
36.29290175437927
36.32653832435608
36.360844373703
36.39292287826538
36.42603158950806
36.45956611633301
36.49345588684082
36.52587080001831
36.55965065956116
36.591798543930054
36.6259343624115
36.65905284881592
36.69232177734375
36.72620368003845
36.75913906097412
36.793163776397705
36.82620429992676
36.85910630226135
36.892834424972534
36.92652726173401
36.960103273391724
36.993067026138306
37.02702784538269
37.05940914154053
37.0931077003479
37.12684512138367
37.16051959991455
37.19316244125366
37.22833847999573
37.26028633117676
37.29308819770813
37.326627016067505
37.359758377075195
37.39370656013489
37.42734336853027
37.460846185684204
37.49357223510742
37.526795387268066
37.560795545578
37.59289622306824
37.62798452377319
37.66091060638428
37.69367551803589
37.728246212005615
37.760324478149414
37.794090270996094
37.82827138900757
37.86050081253052
37.894036293029785
37.927937269210815
37.96058654785156
37.99441957473755
38.02855658531189
38.060595750808716
38.09388184547424
38.12669038772583
38.16085767745972
38.193663597106934
38.228240728378296
38.26092481613159
38.29489302635193
38.32740783691406
38.36068606376648
38.39370155334473
38.428014039993286
38.46052432060242
38.493738889694214
38.52765154838562
38.56032133102417
38.594321489334106
38.62839102745056
38.66004729270935
38.694010496139526
38.727412939071655
38.761451959609985
38.79427695274353
38.82824087142944
38.86160755157471
38.894911766052246
38.927836179733276
38.961711406707764
38.99380040168762
39.02906012535095
39.06133508682251
39.09351658821106
39.12883687019348
39.16121459007263
39.195215463638306
39.2277193069458
39.26222085952759
39.294750928878784
39.32852864265442
39.36204123497009
39.395209312438965
39.428935050964355
39.461958169937134
39.494935274124146
39.52847623825073
39.56180191040039
39.5943329334259
39.628493547439575
39.66186499595642
39.695653200149536
39.728569746017456
39.76234579086304
39.794618368148804
39.828195333480835
39.861961364746094
39.89512801170349
39.929046869277954
39.96304416656494
39.996299505233765
40.02866268157959
40.063106536865234
40.09501504898071
40.12833333015442
40.16238498687744
40.19542908668518
40.23000931739807
40.262088775634766
40.295616149902344
40.328800201416016
40.361883878707886
40.39651870727539
40.428759813308716
40.4620885848999
40.495654344558716
40.528738498687744
40.56189179420471
40.59596228599548
40.629175662994385
40.662307262420654
40.6963574886322
40.729612588882446
40.76250147819519
40.7972846031189
40.82850790023804
40.863375186920166
40.89663577079773
40.93013954162598
40.96248650550842
40.9955050945282
41.041383504867554
41.063348054885864
41.09652638435364
41.130281925201416
41.164056062698364
41.195852279663086
41.23054385185242
41.26190996170044
41.29691696166992
41.33006834983826
41.363572120666504
41.39579629898071
41.43078327178955
41.46378779411316
41.49617290496826
41.53061389923096
41.562737226486206
41.59534692764282
41.6297504901886
41.663321018218994
41.69632649421692
41.730462074279785
41.762768268585205
41.796900033950806
41.8302845954895
41.86379551887512
41.899176836013794
41.931495666503906
41.96379351615906
41.997140407562256
42.03065371513367
42.064512491226196
42.09816551208496
42.13035702705383
42.16347146034241
42.1978063583374
42.22994327545166
42.263572216033936
42.29678988456726
42.330780267715454
42.36305093765259
42.39688539505005
42.43122482299805
42.46383190155029
42.498061418533325
42.53043031692505
42.563700437545776
42.59618401527405
42.630820751190186
42.67189121246338
42.6977264881134
42.7309844493866
42.764392137527466
42.79753589630127
42.83180093765259
42.86450505256653
42.89829158782959
42.9312801361084
42.96367597579956
42.99847912788391
43.03173804283142
43.065675258636475
43.09755539894104
43.13115978240967
43.164175033569336
43.197136878967285
43.23180055618286
43.26486921310425
43.297693967819214
43.33187413215637
43.36499786376953
43.39841675758362
43.43168354034424
43.464805364608765
43.498695373535156
43.53181171417236
43.56497049331665
43.59718608856201
43.631253480911255
43.66542315483093
43.69857978820801
43.73188591003418
43.764442920684814
43.79832601547241
43.832823514938354
43.86580681800842
43.89932084083557
43.931734800338745
43.96569895744324
43.99865984916687
44.032243967056274
44.06567049026489
44.099411964416504
44.13187527656555
44.16623115539551
44.19953012466431
44.23319125175476
44.266303062438965
44.30081748962402
44.332029819488525
44.367446422576904
44.399646043777466
44.433345794677734
44.46634769439697
44.49908995628357
44.53228163719177
44.56561589241028
44.598509788513184
44.63366222381592
44.666608572006226
44.698734998703
44.73288559913635
44.767455101013184
44.800068378448486
44.833473205566406
44.866180419921875
44.900078773498535
44.93302845954895
44.96627902984619
44.9991250038147
45.03491258621216
45.06666612625122
45.10133123397827
45.132516622543335
45.16708517074585
45.19893836975098
45.235421895980835
45.26651406288147
45.298479318618774
45.33186364173889
45.36675310134888
45.39953899383545
45.432472705841064
45.46707558631897
45.5005464553833
45.53326725959778
45.56673860549927
45.60072565078735
45.63434457778931
45.66744518280029
45.70036458969116
45.73345899581909
45.76685690879822
45.80090832710266
45.8346848487854
45.8679895401001
45.90326523780823
45.933818101882935
45.96661019325256
45.99974536895752
46.035372734069824
46.06967329978943
46.1078987121582
46.141584396362305
46.17488718032837
46.20857095718384
46.24170279502869
46.27477192878723
46.307727575302124
46.3411865234375
46.3747239112854
46.40833353996277
46.441434383392334
46.47367858886719
46.505202770233154
46.53708004951477
46.57416319847107
46.60846304893494
46.63938570022583
46.67056584358215
46.70345425605774
46.737154483795166
46.77335214614868
46.8084442615509
46.84019684791565
46.87660503387451
46.91114664077759
46.94861912727356
46.99721646308899
47.03227758407593
47.05888485908508
47.081255197525024
47.1078360080719
47.14469575881958
47.1855251789093
47.21850109100342
47.24990391731262
47.281543254852295
47.3086097240448
47.34421944618225
47.37657141685486
47.40678071975708
47.442453145980835
47.47907209396362
47.51128363609314
47.54126477241516
47.57856225967407
47.61119031906128
47.646867513656616
47.67384386062622
47.70932412147522
47.75155019760132
47.7800726890564
47.80872058868408
47.8455650806427
47.88126850128174
47.91347074508667
47.94261407852173
47.97699546813965
48.01888060569763
48.043474197387695
48.0787410736084
48.110902070999146
48.146788597106934
48.181212186813354
48.21003079414368
48.24177551269531
48.27498173713684
48.30613374710083
48.34440326690674
48.38000965118408
48.40888738632202
48.44175386428833
48.474215030670166
48.505939960479736
48.542940616607666
48.57473063468933
48.609278202056885
48.64377427101135
48.67497801780701
48.70954990386963
48.74767327308655
48.77895212173462
48.8095920085907
48.841644048690796
48.874452114105225
48.907695055007935
48.94092917442322
48.978989124298096
49.008973598480225
49.04672288894653
49.077839374542236
49.11345362663269
49.143338203430176
49.175971269607544
49.20804762840271
49.2450795173645
49.27869391441345
49.30798625946045
49.34215569496155
49.37956142425537
49.40909504890442
49.446080684661865
49.47709131240845
49.512383222579956
49.54838824272156
49.578712701797485
49.61615753173828
49.64722967147827
49.67753076553345
49.714529275894165
49.745609283447266
49.778610706329346
49.81118726730347
49.845536947250366
49.881742000579834
49.91630482673645
49.948304891586304
49.980679750442505
50.01926946640015
50.06426668167114
50.08957290649414
50.1203236579895
50.15063548088074
50.18190574645996
50.21436786651611
50.24763107299805
50.28307366371155
50.31262493133545
50.343623876571655
50.377896547317505
50.41429018974304
50.448344707489014
50.478302001953125
50.51287293434143
50.545875549316406
50.57916450500488
50.61334681510925
50.64487433433533
50.67874813079834
50.712329149246216
50.74933099746704
50.780527114868164
50.812280893325806
50.84415864944458
50.88611459732056
50.91679072380066
50.948119163513184
50.983171224594116
51.01383996009827
51.047059535980225
51.08637547492981
51.11497235298157
51.144917011260986
51.182384967803955
51.214059352874756
51.25054216384888
51.28082513809204
51.31183218955994
51.34833574295044
51.38158702850342
51.41214323043823
51.448793172836304
51.48327851295471
51.51512122154236
51.54508566856384
51.581035137176514
51.614116191864014
51.64411973953247
51.68211841583252
51.71389126777649
51.7465455532074
51.78154277801514
51.813348054885864
51.848307847976685
51.88299512863159
51.91612958908081
51.95167112350464
51.97669076919556
52.01058316230774
52.04611277580261
52.08257699012756
52.1113166809082
52.14638924598694
52.18134546279907
52.212252616882324
52.24639582633972
52.28143382072449
52.30972218513489
52.34343123435974
52.379987478256226
52.4140841960907
52.44679665565491
52.47924327850342
52.510289430618286
52.54331088066101
52.58345007896423
52.612075328826904
52.64444875717163
52.67906332015991
52.71644401550293
52.74557185173035
52.77857780456543
52.81414580345154
52.84456777572632
52.87977147102356
52.91002130508423
52.947243213653564
52.985848903656006
53.017881631851196
53.050055742263794
53.07936906814575
53.11677694320679
53.1493718624115
53.17840814590454
53.21234703063965
53.24733901023865
53.28333878517151
53.311553716659546
53.3457407951355
53.382193088531494
53.41167902946472
53.4442400932312
53.481239318847656
53.51313304901123
53.54913258552551
53.58318305015564
53.61508893966675
53.64769911766052
53.68478202819824
53.71565508842468
53.75506544113159
53.78007507324219
53.82107758522034
53.85144829750061
53.88445258140564
53.9389009475708
53.96623921394348
53.991082429885864
54.020832777023315
54.06170988082886
54.09721755981445
54.13402009010315
54.172290086746216
54.20152235031128
54.23939538002014
54.266868114471436
54.29471445083618
54.32855701446533
54.369622468948364
54.397022008895874
54.42473840713501
54.45949935913086
54.491167068481445
54.522331953048706
54.555614948272705
54.588197231292725
54.624369621276855
54.66342329978943
54.69206213951111
54.72679853439331
54.76901984214783
54.806493282318115
54.84129214286804
54.86973786354065
54.898226737976074
54.92614388465881
54.95614767074585
54.986896991729736
55.01911759376526
55.05611824989319
55.085119009017944
55.118648290634155
55.157814025878906
55.18924808502197
55.22419500350952
55.25722670555115
55.286391258239746
55.324127435684204
55.35602521896362
55.38653206825256
55.42012071609497
55.454123973846436
55.482184171676636
55.51691269874573
55.548896074295044
55.583680391311646
55.61999726295471
55.65091562271118
55.68517470359802
55.714863538742065
55.751957654953
55.78091239929199
55.82098388671875
55.85207939147949
55.884618043899536
55.91461491584778
55.948954582214355
55.983482122421265
56.01292657852173
56.049174308776855
56.082024335861206
56.114808797836304
56.1500780582428
56.18663167953491
56.21323084831238
56.24630951881409
56.279967308044434
56.31469964981079
56.34710454940796
56.38561511039734
56.41544556617737
56.44434309005737
56.48179602622986
56.51840329170227
56.54854607582092
56.58517265319824
56.614341735839844
56.64920139312744
56.684797525405884
56.717273473739624
56.7477753162384
56.78086042404175
56.81348133087158
56.84690880775452
56.88545298576355
56.91486120223999
56.95263409614563
56.983638525009155
57.012651443481445
57.048482179641724
57.08190298080444
57.11541557312012
57.155601263046265
57.180479526519775
57.21417450904846
57.249733448028564
57.28912878036499
57.317728996276855
57.34710717201233
57.38423204421997
57.416895627975464
57.455243825912476
57.49572229385376
57.526761293411255
57.54944849014282
57.58830714225769
57.61841011047363
57.656471252441406
57.686097621917725
57.714948415756226
57.74791240692139
57.78042006492615
57.81708645820618
57.855480909347534
57.88341188430786
57.914003133773804
57.94758081436157
57.98113489151001
58.01861119270325
58.04780316352844
58.08702254295349
58.12536263465881
58.147868156433105
58.19087195396423
58.22086548805237
58.25007462501526
58.28145694732666
58.31587839126587
58.353800773620605
58.381288290023804
58.41572022438049
58.450671672821045
58.487940549850464
58.51610565185547
58.550132274627686
58.583157539367676
58.62029218673706
58.65419411659241
58.683950901031494
58.71690607070923
58.751981019973755
58.78737163543701
58.821465492248535
58.852620363235474
58.88754367828369
58.9192898273468
58.953073024749756
58.9840829372406
59.01987075805664
59.05338501930237
59.08310317993164
59.118566274642944
59.15028619766235
59.18482732772827
59.21924376487732
59.25014090538025
59.28733801841736
59.31824827194214
59.35299777984619
59.38511633872986
59.42396283149719
59.4534068107605
59.48549461364746
59.52378249168396
59.5518798828125
59.58287763595581
59.62096881866455
59.65136122703552
59.69201111793518
59.721030950546265
59.75782918930054
59.783413887023926
59.81746172904968
59.85009813308716
59.88755798339844
59.9185357093811
59.95032525062561
59.983418226242065
60.01933693885803
60.05936336517334
60.08317446708679
60.117350339889526
60.14984726905823
60.19410681724548
60.2172167301178
60.254616260528564
60.282511949539185
60.321178913116455
60.35553288459778
60.387927293777466
60.41725015640259
60.45148515701294
60.480780363082886
60.52026653289795
60.5494658946991
60.58130145072937
60.617565393447876
60.65288186073303
60.68305492401123
60.71877598762512
60.75148677825928
60.78641057014465
60.82737874984741
60.849530935287476
60.88372468948364
60.91718935966492
60.953062295913696
60.99241018295288
61.02142834663391
61.05027103424072
61.082778453826904
61.11895489692688
61.15688681602478
61.190105676651
61.219080448150635
61.25321435928345
61.28774642944336
61.3285493850708
61.35791039466858
61.390437602996826
61.422189712524414
61.45382070541382
61.49118757247925
61.51736330986023
61.55212330818176
61.589648962020874
61.62286925315857
61.65342116355896
61.686665296554565
61.71882724761963
61.752504110336304
61.78497791290283
61.81703591346741
61.85554075241089
61.88582897186279
61.926955699920654
61.95055890083313
61.98456573486328
62.0183846950531
62.05645155906677
62.08856511116028
62.12535762786865
62.159923791885376
62.186198711395264
62.23622274398804
62.25985264778137
62.28582572937012
62.32613182067871
62.35345768928528
62.38584661483765
62.423851013183594
62.45245099067688
62.48998427391052
62.523810386657715
62.55577492713928
62.58591866493225
62.61835741996765
62.65206527709961
62.691062450408936
62.72108221054077
62.75422716140747
62.78832697868347
62.82536196708679
62.85409069061279
62.88910627365112
62.92312216758728
62.9536771774292
62.9916775226593
63.02596950531006
63.05349683761597
63.08750343322754
63.123522996902466
63.153955936431885
63.18600678443909
63.22306275367737
63.25257468223572
63.28557586669922
63.323758602142334
63.352527141571045
63.39175057411194
63.43600082397461
63.468897342681885
63.5149667263031
63.53549671173096
63.558619022369385
63.587538719177246
63.623945474624634
63.66696047782898
63.704211950302124
63.7320499420166
63.76320719718933
63.809359312057495
63.84578061103821
63.88549280166626
63.91578412055969
63.94405245780945
63.974525928497314
64.00374746322632
64.03333306312561
64.06860208511353
64.10040974617004
64.13553309440613
64.1745457649231
64.20566082000732
64.23716926574707
64.26253843307495
64.30290460586548
64.3364930152893
64.37044548988342
64.39765405654907
64.42767000198364
64.46142077445984
64.49706292152405
64.52539992332458
64.55975937843323
64.60213351249695
64.63819909095764
64.66892337799072
64.70487689971924
64.74270963668823
64.79091668128967
64.83244895935059
64.86212849617004
64.88589334487915
64.91456890106201
64.9529492855072
64.98296642303467
65.02878904342651
65.05535578727722
65.08712339401245
65.11249923706055
65.15260195732117
65.17481851577759
65.2080442905426
65.23827004432678
65.26673817634583
65.29805111885071
65.3314049243927
65.37109518051147
65.39664840698242
65.42967700958252
65.4661762714386
65.49173402786255
65.53941822052002
65.57293820381165
65.60000705718994
65.63304400444031
65.67354321479797
65.70482468605042
65.7406690120697
65.77302122116089
65.79627847671509
65.82430577278137
65.855966091156
65.89534282684326
65.9261953830719
65.96836948394775
66.00099921226501
66.03392767906189
66.05643844604492
66.09666562080383
66.12936806678772
66.15778040885925
66.20308899879456
66.24215579032898
66.27126431465149
66.29954218864441
66.32508301734924
66.35561227798462
66.39571285247803
66.42562055587769
66.46264004707336
66.49241065979004
66.52904152870178
66.56022000312805
66.59529137611389
66.63374376296997
66.66000771522522
66.69152998924255
66.7318844795227
66.76116728782654
66.81028246879578
66.83583545684814
66.87383723258972
66.89683103561401
66.92640256881714
66.96751928329468
66.99719452857971
67.03955674171448
67.06223559379578
67.0945508480072
67.12520575523376
67.16678357124329
67.19911980628967
67.24463295936584
67.26886487007141
67.30221962928772
67.33261013031006
67.36524605751038
67.3918285369873
67.4288718700409
67.45996069908142
67.49025869369507
67.53801727294922
67.5593466758728
67.5913450717926
67.63615250587463
67.67100524902344
67.69504046440125
67.73320460319519
67.77464032173157
67.80592107772827
67.82799792289734
67.86404848098755
67.90503001213074
67.94969964027405
67.97828102111816
68.01190710067749
68.03852725028992
68.0659167766571
68.09163808822632
68.13270092010498
68.17667150497437
68.19770860671997
68.24117016792297
68.26651525497437
68.29417729377747
68.32457971572876
68.35915517807007
68.38959622383118
68.42166757583618
68.46027326583862
68.49223470687866
68.5236451625824
68.55580353736877
68.58982706069946
68.62194061279297
68.65900921821594
68.6894006729126
68.72950863838196
68.76451325416565
68.79484915733337
68.82466721534729
68.85654640197754
68.88964223861694
68.92495226860046
68.9614691734314
68.99145483970642
69.02451467514038
69.06395530700684
69.09506821632385
69.1283061504364
69.15726661682129
69.19260621070862
69.22384858131409
69.25975847244263
69.28965759277344
69.32526516914368
69.35797309875488
69.39035773277283
69.42805099487305
69.45738005638123
69.49010133743286
69.52610230445862
69.56016492843628
69.59138059616089
69.62464547157288
69.6571536064148
69.6891496181488
69.72164845466614
69.75962734222412
69.78746318817139
69.82142734527588
69.8568365573883
69.89083957672119
69.92435812950134
69.95715618133545
69.99421525001526
70.03070259094238
70.06261849403381
70.09957075119019
70.12890219688416
70.16444206237793
70.19166588783264
70.22488760948181
70.25673270225525
70.29176998138428
70.32499670982361
70.36334013938904
70.39976334571838
70.43634247779846
70.46695399284363
70.5015299320221
70.52611422538757
70.5592634677887
70.59272265434265
70.62803030014038
70.66293692588806
70.70145869255066
70.72682595252991
70.7581615447998
70.7924370765686
70.82778596878052
70.85833930969238
70.89930438995361
70.93286609649658
70.9619574546814
70.99675703048706
71.027015209198
71.06607723236084
71.09118103981018
71.13038086891174
71.16074776649475
71.19374942779541
71.2318663597107
71.2703742980957
71.2944221496582
71.32389116287231
71.36069536209106
71.39308977127075
71.42625093460083
71.46022176742554
71.49566721916199
71.52789449691772
71.55776190757751
71.59827136993408
71.62944340705872
71.65931963920593
71.6951642036438
71.72624897956848
71.76126551628113
71.79385638237
71.82550311088562
71.85672974586487
71.89211440086365
71.93008589744568
71.95930027961731
71.9915783405304
72.02526330947876
72.05779361724854
72.09142231941223
72.12470293045044
72.159588098526
72.19277691841125
72.2254147529602
72.26214480400085
72.29312086105347
72.32534885406494
72.35887336730957
72.3900818824768
72.42911314964294
72.46154046058655
72.49358987808228
72.52996039390564
72.56316637992859
72.59227538108826
72.62476706504822
72.66281533241272
72.69220161437988
72.72869396209717
72.76094031333923
72.79219126701355
72.82539486885071
72.86149525642395
72.89730930328369
72.92787003517151
72.9607949256897
72.99922347068787
73.02617979049683
73.06174564361572
73.09963989257812
73.13878655433655
73.15967774391174
73.19277501106262
73.22872352600098
73.26250624656677
73.2941517829895
73.32871961593628
73.3595941066742
73.39618015289307
73.42647099494934
73.46265506744385
73.4953351020813
73.52682662010193
73.56059074401855
73.59575986862183
73.62655448913574
73.66050624847412
73.69614267349243
73.73013377189636
73.76038432121277
73.79478025436401
73.83165621757507
73.85963702201843
73.89929676055908
73.92668461799622
73.95958352088928
73.99936318397522
74.03390097618103
74.0614652633667
74.09949684143066
74.13244986534119
74.16685223579407
74.19693803787231
74.228280544281
74.26273012161255
74.29458403587341
74.33082580566406
74.36041140556335
74.39550232887268
74.42650961875916
74.4619026184082
74.4967360496521
74.53162145614624
74.55958652496338
74.59339594841003
74.62685775756836
74.66543102264404
74.69453525543213
74.73695993423462
74.76259899139404
74.79912853240967
74.82995867729187
74.86709332466125
74.89650535583496
74.93104672431946
74.95997381210327
74.99349641799927
75.02745652198792
75.06540060043335
75.09743666648865
75.131920337677
75.1663146018982
75.1987235546112
75.22875642776489
75.264484167099
75.29366183280945
75.32982802391052
75.36258506774902
75.39412665367126
75.43133449554443
75.46127486228943
75.49223446846008
75.52865719795227
75.56418943405151
75.60008192062378
75.63502931594849
75.65950775146484
75.69578218460083
75.72887873649597
75.76066565513611
75.79603743553162
75.82824730873108
75.86119508743286
75.89173889160156
75.92921328544617
75.96501612663269
75.9994604587555
76.0295877456665
76.06388545036316
76.09369945526123
76.12849926948547
76.16158151626587
76.19712209701538
76.23083019256592
76.26389670372009
76.29510521888733
76.3302092552185
76.3670437335968
76.396409034729
76.42766165733337
76.45941710472107
76.49465942382812
76.52965760231018
76.56294703483582
76.59558892250061
76.6270797252655
76.6628086566925
76.69593405723572
76.72960829734802
76.75950145721436
76.79960870742798
76.83238077163696
76.87513971328735
76.89901494979858
76.93240857124329
76.96571230888367
77.00877404212952
77.03087949752808
77.0656054019928
77.10108804702759
77.13564682006836
77.16479182243347
77.19654512405396
77.23266196250916
77.27525472640991
77.30028510093689
77.3322024345398
77.36847400665283
77.39875078201294
77.43298077583313
77.46346259117126
77.49743485450745
77.5329270362854
77.56450700759888
77.5994279384613
77.63274955749512
77.66568684577942
77.70160484313965
77.73536896705627
77.76788806915283
77.79690623283386
77.82948398590088
77.86097955703735
77.89888405799866
77.9311454296112
77.96611142158508
77.99991273880005
78.03417682647705
78.07228565216064
78.10163402557373
78.13109540939331
78.16531157493591
78.19692492485046
78.23358845710754
78.2794578075409
78.2999951839447
78.33894491195679
78.36512422561646
78.41170072555542
78.43606686592102
78.46883416175842
78.49723148345947
78.5380687713623
78.56275725364685
78.59713006019592
78.63115191459656
78.66788721084595
78.70103025436401
78.7319483757019
78.76552295684814
78.79942870140076
78.83825850486755
78.87157440185547
78.91570782661438
78.94642925262451
78.9754409790039
79.01297307014465
79.03608679771423
79.0727915763855
79.10584688186646
79.139075756073
79.16497159004211
79.20148301124573
79.23122382164001
79.2658007144928
79.30477237701416
79.33726000785828
79.36990547180176
79.39779567718506
79.43313217163086
79.46711874008179
79.49969005584717
79.52963209152222
79.56182789802551
79.5967173576355
79.63084173202515
79.66939973831177
79.70301294326782
79.73436164855957
79.76593279838562
79.7961585521698
79.82907032966614
79.86610436439514
79.89809775352478
79.93282127380371
79.96621513366699
80.00088286399841
80.03265976905823
80.06800699234009
80.09821367263794
80.13361024856567
80.16645121574402
80.19944977760315
80.23149633407593
80.27060961723328
80.30190944671631
80.33653950691223
80.36943936347961
80.40958380699158
80.44750022888184
80.46982884407043
80.504061460495
80.53451108932495
80.56645131111145
80.6060106754303
80.63697099685669
80.67613577842712
80.70858645439148
80.73849868774414
80.76542687416077
80.7968909740448
80.83774280548096
80.86926555633545
80.90032029151917
80.9332172870636
80.96294713020325
80.99741220474243
81.03560972213745
81.07205700874329
81.10577940940857
81.13778066635132
81.17267084121704
81.21189570426941
81.2406816482544
81.27176403999329
81.31342887878418
81.36316013336182
81.42162156105042
81.46586561203003
81.5236930847168
81.57191228866577
81.61826586723328
81.65005826950073
81.68304753303528
81.7182023525238
81.74769687652588
81.77984952926636
81.81330060958862
81.84472012519836
81.88336253166199
81.91568851470947
81.94813179969788
81.97576832771301
82.0074257850647
82.04322648048401
82.0714464187622
82.103515625
82.1449122428894
82.17535066604614
82.20736479759216
82.23511552810669
82.27795767784119
82.30478715896606
82.3410496711731
82.37108945846558
82.40249967575073
82.43810224533081
82.47009468078613
82.50511264801025
82.53526592254639
82.56647276878357
82.60162925720215
82.63297414779663
82.67370748519897
82.70265865325928
82.73513221740723
82.77826452255249
82.80212759971619
82.83216142654419
82.87360429763794
82.89969635009766
82.94014143943787
82.97157502174377
83.00452542304993
83.03708958625793
83.06496810913086
83.09828186035156
83.15018439292908
83.1860659122467
83.21042561531067
83.23543095588684
83.27193260192871
83.3012592792511
83.34069013595581
83.37484884262085
83.40524864196777
83.43651866912842
83.46812915802002
83.50327038764954
83.53627109527588
83.5696473121643
83.60134363174438
83.6393358707428
83.66862559318542
83.70163321495056
83.73962378501892
83.77350807189941
83.80681252479553
83.83758163452148
83.86971688270569
83.9043869972229
83.93572473526001
83.97638893127441
84.00130009651184
84.03430485725403
84.06757950782776
84.10609698295593
84.1356132030487
84.17048954963684
84.20596742630005
84.23745703697205
84.26782655715942
84.35134553909302
84.3946545124054
84.426828622818
84.45106101036072
84.48202967643738
84.50670266151428
84.54171419143677
84.57159304618835
84.60395359992981
84.64053320884705
84.67144179344177
84.70684623718262
84.73884344100952
84.77370619773865
84.82112216949463
84.8461103439331
84.8793773651123
84.90835380554199
84.93890929222107
84.97840476036072
85.00740599632263
85.04341173171997
85.07295370101929
85.10829615592957
85.13772320747375
85.1729633808136
85.20958304405212
85.24334192276001
85.27386236190796
85.31287908554077
85.34951663017273
85.38628792762756
85.4137179851532
85.44617080688477
85.47455191612244
85.50498700141907
85.54125547409058
85.57585024833679
85.61474847793579
85.64450478553772
85.68095779418945
85.70348811149597
85.73606157302856
85.77248644828796
85.80233192443848
85.8413360118866
85.87096905708313
85.9074718952179
85.93747329711914
85.97975373268127
86.0057897567749
86.0378909111023
86.07345366477966
86.11570835113525
86.13987684249878
86.17769956588745
86.20595669746399
86.23718786239624
86.27448964118958
86.30726838111877
86.33861303329468
86.37344336509705
86.40904641151428
86.43875908851624
86.46874237060547
86.5049557685852
86.54226279258728
86.56994223594666
86.60836887359619
86.63662433624268
86.67957806587219
86.70883226394653
86.75330400466919
86.77677726745605
86.81102776527405
86.84588551521301
86.8748733997345
86.90533399581909
86.93827962875366
86.97645330429077
87.012460231781
87.0425705909729
87.07202911376953
87.10328245162964
87.13758945465088
87.17058801651001
87.20882225036621
87.23982119560242
87.26827001571655
87.30349683761597
87.33489871025085
87.37169575691223
87.39970684051514
87.43599390983582
87.46771478652954
87.50908946990967
87.5351676940918
87.57281351089478
87.60312747955322
87.63540053367615
87.67169523239136
87.70476388931274
87.73754096031189
87.77237868309021
87.80254912376404
87.8394181728363
87.86840343475342
87.91037654876709
87.93895816802979
87.97532653808594
88.00481653213501
88.03693914413452
88.06873607635498
88.1034095287323
88.14165997505188
88.17461800575256
88.20461177825928
88.23925876617432
88.28068375587463
88.32033061981201
88.34171915054321
88.37475514411926
88.42021083831787
88.45567655563354
88.49850273132324
88.53279185295105
88.56866145133972
88.6074903011322
88.64024448394775
88.6714072227478
88.69884204864502
88.73878455162048
88.76864719390869
88.79525995254517
88.83553385734558
88.88315892219543
88.91715002059937
88.9705548286438
89.00093793869019
89.03442716598511
89.0685076713562
89.10149836540222
89.12664818763733
89.14885115623474
89.18237209320068
89.20910239219666
89.24440407752991
89.27646493911743
89.30937337875366
89.34246063232422
89.37264823913574
89.40731859207153
89.44206380844116
89.47757816314697
89.50853061676025
89.54753112792969
89.57853293418884
89.61878561973572
89.64605855941772
89.67187237739563
89.70616483688354
89.74628257751465
89.78295135498047
89.81759071350098
89.84895777702332
89.90104460716248
89.94406962394714
89.97496032714844
90.00598526000977
90.05543255805969
90.08325791358948
90.11920309066772
90.14824962615967
90.1810131072998
90.2107253074646
90.25046586990356
90.27844023704529
90.31444954872131
90.35654854774475
90.39036631584167
90.42412781715393
90.45047283172607
90.47999143600464
90.51136422157288
90.5537543296814
90.5846574306488
90.61148524284363
90.65020608901978
90.67744636535645
90.73525285720825
90.7673077583313
90.80061626434326
90.8261411190033
90.8493082523346
90.8735122680664
90.90689158439636
90.93973207473755
90.98257422447205
91.00958824157715
91.04104995727539
91.07654166221619
91.11636805534363
91.14617896080017
91.17540383338928
91.21848511695862
91.25741839408875
91.29067826271057
91.31855511665344
91.34724593162537
91.38459825515747
91.41012620925903
91.45358443260193
91.50477409362793
91.54364013671875
91.57526111602783
91.59695625305176
91.61978507041931
91.6484808921814
91.68229079246521
91.71154165267944
91.746906042099
91.7939624786377
91.81901836395264
91.85109448432922
91.89466738700867
91.91901564598083
91.94901299476624
91.99083852767944
92.015789270401
92.05527377128601
92.07906317710876
92.10918712615967
92.16300249099731
92.19071459770203
92.20981216430664
92.24303221702576
92.28012990951538
92.30710768699646
92.3481764793396
92.37482190132141
92.4168210029602
92.4482650756836
92.47476625442505
92.50694417953491
92.54332280158997
92.57404208183289
92.6094925403595
92.64857625961304
92.680899143219
92.72026538848877
92.74555516242981
92.78416299819946
92.81209754943848
92.84030389785767
92.87935781478882
92.928964138031
92.96700286865234
92.99966430664062
93.03040766716003
93.05440878868103
93.07878637313843
93.11089420318604
93.14776682853699
93.17810392379761
93.20899438858032
93.24565744400024
93.27469325065613
93.30878448486328
93.34478402137756
93.38282442092896
93.4119200706482
93.44887351989746
93.4840681552887
93.51321148872375
93.55478048324585
93.5827841758728
93.62282967567444
93.66111993789673
93.6867733001709
93.71299529075623
93.75069856643677
93.79176807403564
93.81467318534851
93.84609174728394
93.89400148391724
93.92319130897522
93.95836567878723
93.9957709312439
94.02609944343567
94.05461621284485
94.08839154243469
94.12119889259338
94.14754962921143
94.20258927345276
94.23160862922668
94.2706732749939
94.30055451393127
94.33119583129883
94.36457586288452
94.3914704322815
94.42976713180542
94.46024870872498
94.50690865516663
94.53171229362488
94.56556820869446
94.5927369594574
94.62027883529663
94.6520037651062
94.70076513290405
94.72216272354126
94.75917983055115
94.78890132904053
94.81440925598145
94.84982705116272
94.88711905479431
94.92728281021118
94.95802545547485
94.994704246521
95.03872966766357
95.07096743583679
95.10171008110046
95.13233923912048
95.16464948654175
95.20134949684143
95.2367787361145
95.26322770118713
95.3037040233612
95.33382773399353
95.36923384666443
95.40936136245728
95.43664336204529
95.47256708145142
95.50119400024414
95.52549123764038
95.55119895935059
95.5910496711731
95.6340103149414
95.6621949672699
95.68493556976318
95.7163336277008
95.74691557884216
95.77740049362183
95.81344819068909
95.85460591316223
95.87884521484375
95.91225218772888
95.94773316383362
95.98516392707825
96.01299571990967
96.04582619667053
96.07784533500671
96.11039090156555
96.14661574363708
96.17832040786743
96.2131655216217
96.24655413627625
96.28450155258179
96.32171583175659
96.34704852104187
96.38040852546692
96.41297101974487
96.45010375976562
96.47910642623901
96.51297092437744
96.54523944854736
96.57622075080872
96.60962629318237
96.64362692832947
96.67900443077087
96.711993932724
96.74446964263916
96.77672553062439
96.81062030792236
96.8469614982605
96.88144588470459
96.90948820114136
96.94471740722656
96.97820830345154
97.01251578330994
97.04770159721375
97.07812333106995
97.11498069763184
97.14293718338013
97.17703008651733
97.21064519882202
97.24541759490967
97.27952265739441
97.31602907180786
97.34432339668274
97.37785124778748
97.41550159454346
97.44542860984802
97.47879910469055
97.51748657226562
97.55474734306335
97.57869219779968
97.61447834968567
97.6435878276825
97.6754195690155
97.71418070793152
97.74416875839233
97.78175187110901
97.81213092803955
97.84294247627258
97.88107895851135
97.90880942344666
97.94495391845703
97.9782304763794
98.00878357887268
98.04229593276978
98.07969903945923
98.12574982643127
98.15499258041382
98.17871904373169
98.21376299858093
98.24868297576904
98.27992701530457
98.31035566329956
98.34978914260864
98.37897157669067
98.41976881027222
98.44634556770325
98.48035860061646
98.51662611961365
98.54955124855042
98.57626271247864
98.61104416847229
98.64299750328064
98.67849111557007
98.71435236930847
98.74431443214417
98.77834057807922
98.81001830101013
98.84715795516968
98.87676692008972
98.91600513458252
98.94435906410217
98.97795152664185
99.01301908493042
99.04629015922546
99.07952690124512
99.11368584632874
99.14629459381104
99.17838549613953
99.21239852905273
99.24707961082458
99.28421211242676
99.31901121139526
99.3546531200409
99.37861490249634
99.41371631622314
99.45049142837524
99.48285436630249
99.51079821586609
99.54660296440125
99.57802557945251
99.6125602722168
99.6446464061737
99.67914462089539
99.71589255332947
99.74605703353882
99.780020236969
99.81895613670349
99.84938526153564
99.8820698261261
99.91015601158142
99.95307660102844
99.9810402393341
100.01632332801819
100.04677653312683
100.0791368484497
100.11028718948364
100.14296793937683
100.1812150478363
100.21872305870056
100.24536800384521
100.2796242237091
100.3210997581482
100.347177028656
100.38238406181335
100.41880512237549
100.44714760780334
100.48433947563171
100.51305174827576
100.54634475708008
100.58007550239563
100.6190619468689
100.64557337760925
100.68462824821472
100.71905755996704
100.74452900886536
100.77951622009277
100.81664562225342
100.84440636634827
100.87903332710266
100.91416811943054
100.94620561599731
100.98233318328857
101.0146222114563
101.04719567298889
101.07984662055969
101.11410403251648
101.15134501457214
101.18828701972961
101.21767783164978
101.25060534477234
101.28558683395386
101.31395053863525
101.34537148475647
101.38016557693481
101.41665410995483
101.44849228858948
101.47797179222107
101.5123221874237
101.55144047737122
101.57856726646423
101.6128945350647
101.64198923110962
101.6777274608612
101.71300077438354
101.74811935424805
101.7885673046112
101.81413984298706
101.84889364242554
101.88009238243103
101.91670370101929
101.94902634620667
101.98011040687561
102.01773238182068
102.04731059074402
102.0812783241272
102.11356019973755
102.14619278907776
102.18525242805481
102.21513080596924
102.24757385253906
102.2817051410675
102.32135653495789
102.35335540771484
102.38056325912476
102.41314888000488
102.44914746284485
102.48847603797913
102.5192506313324
102.55263447761536
102.57953453063965
102.62574625015259
102.65082788467407
102.68113613128662
102.71324229240417
102.75231838226318
102.77963376045227
102.81268072128296
102.8508529663086
102.88632726669312
102.9201078414917
102.95145559310913
102.98278856277466
103.01294136047363
103.04903411865234
103.079425573349
103.11642694473267
103.14882206916809
103.18520641326904
103.21220326423645
103.2497341632843
103.28581762313843
103.31783819198608
103.34866237640381
103.38327765464783
103.4131212234497
103.44542527198792
103.48277068138123
103.51647329330444
103.5474534034729
103.57926797866821
103.62019324302673
103.65413618087769
103.68137788772583
103.71529221534729
103.74783706665039
103.78738331794739
103.82110333442688
103.85119605064392
103.88609743118286
103.91925811767578
103.94850087165833
103.98199534416199
104.01201820373535
104.05176377296448
104.08272314071655
104.11693167686462
104.15293288230896
104.19701719284058
104.23065423965454
104.25695824623108
104.28797793388367
104.3303701877594
104.37131404876709
104.39825224876404
104.42924761772156
104.4563295841217
104.49134373664856
104.5313835144043
104.56087970733643
104.59284162521362
104.63019013404846
104.66161608695984
104.69478988647461
104.73224973678589
104.76360774040222
104.79428791999817
104.83145189285278
104.85859632492065
104.90024828910828
104.93957042694092
104.98417282104492
105.00674104690552
105.04328799247742
105.06830930709839
105.08972001075745
105.13010811805725
105.1546220779419
105.18580436706543
105.22406148910522
105.25169110298157
105.2939875125885
105.33644437789917
105.35797643661499
105.38947558403015
105.42634010314941
105.45683169364929
105.48775672912598
105.51982116699219
105.54877138137817
105.58630919456482
105.62150406837463
105.64899945259094
105.6843535900116
105.71882724761963
105.7570309638977
105.78823208808899
105.82221460342407
105.85008311271667
105.88490867614746
105.91823029518127
105.95228362083435
105.98326539993286
106.0178611278534
106.05261898040771
106.08363556861877
106.11628699302673
106.14876866340637
106.18189740180969
106.2167136669159
106.25473356246948
106.28973436355591
106.31972026824951
106.35561418533325
106.38866233825684
106.42417764663696
106.45488429069519
106.48663640022278
106.52237153053284
106.55522155761719
106.59281635284424
106.62172365188599
106.65327739715576
106.68588948249817
106.72019529342651
106.75225400924683
106.78283524513245
106.82220101356506
106.84986352920532
106.88264966011047
106.917897939682
106.94909453392029
106.98508071899414
107.0186653137207
107.0506899356842
107.08828020095825
107.1144323348999
107.15629005432129
107.18255019187927
107.21408796310425
107.25020289421082
107.2819447517395
107.3180763721466
107.3564383983612
107.38644647598267
107.4185996055603
107.455899477005
107.48358130455017
107.52315354347229
107.55100655555725
107.58467149734497
107.61643385887146
107.65216612815857
107.68460392951965
107.71737432479858
107.75699710845947
107.78673052787781
107.82011461257935
107.85154509544373
107.88483214378357
107.91919946670532
107.95201230049133
107.98423600196838
108.01743960380554
108.0558660030365
108.08277297019958
108.11958885192871
108.15532183647156
108.18657684326172
108.22633409500122
108.25328636169434
108.28695273399353
108.3323290348053
108.36852049827576
108.40188097953796
108.4354555606842
108.47349429130554
108.50298547744751
108.5369610786438
108.5728816986084
108.60005784034729
108.62213182449341
108.65462136268616
108.69084000587463
108.72554969787598
108.75812077522278
108.79200839996338
108.83152198791504
108.86263966560364
108.8985424041748
108.92789721488953
108.95837759971619
109.01317954063416
109.04017114639282
109.06262707710266
109.0965187549591
109.12808728218079
109.16040802001953
109.19211149215698
109.2230179309845
109.26227283477783
109.29075622558594
109.32404065132141
109.36061954498291
109.39563989639282
109.42382884025574
109.46192216873169
109.49819326400757
109.52535462379456
109.55760264396667
109.58984446525574
109.62182855606079
109.65777826309204
109.6930878162384
109.72336721420288
109.75461649894714
109.78277540206909
109.81450533866882
109.84844183921814
109.88089632987976
109.91394782066345
109.94653820991516
109.98096060752869
110.01362800598145
110.04733371734619
110.08003544807434
110.11360001564026
110.14731192588806
110.18104791641235
110.21512722969055
110.24784135818481
110.28226590156555
110.31361699104309
110.3486270904541
110.3815438747406
110.41433787345886
110.44698596000671
110.48126363754272
110.51415371894836
110.54644989967346
110.57869100570679
110.61387586593628
110.64681363105774
110.68014788627625
110.7131495475769
110.74693131446838
110.80020785331726
110.81427931785583
110.84620666503906
110.87975335121155
110.91265058517456
110.94635486602783
110.98082494735718
111.01282477378845
111.04653096199036
111.07980155944824
111.11366176605225
111.14876341819763
111.18001461029053
111.21293044090271
111.24657106399536
111.2806339263916
111.31469988822937
111.34718561172485
111.38197588920593
111.4146842956543
111.44751143455505
111.48046946525574
111.51392602920532
111.54747104644775
111.57959818840027
111.6143307685852
111.64702939987183
111.6804039478302
111.71408414840698
111.74770641326904
111.78050756454468
111.81407761573792
111.8476312160492
111.88098049163818
111.91493368148804
111.94713830947876
111.9794511795044
112.01473307609558
112.04700899124146
112.08065414428711
112.1147084236145
112.14699411392212
112.18042421340942
112.2134804725647
112.24741697311401
112.28046083450317
112.31471729278564
112.34704232215881
112.38233971595764
112.41862487792969
112.44747519493103
112.48152780532837
112.51426482200623
112.54893016815186
112.5811619758606
112.61398506164551
112.64706993103027
112.68083786964417
112.7143931388855
112.74789333343506
112.78115558624268
112.81475496292114
112.8485701084137
112.88197064399719
112.91398644447327
112.9485375881195
112.98106265068054
113.01653623580933
113.04846739768982
113.08144474029541
113.11488890647888
113.14785122871399
113.18122673034668
113.21450924873352
113.24852800369263
113.28206205368042
113.31450295448303
113.3469557762146
113.38090872764587
113.4153220653534
113.44811201095581
113.48133850097656
113.51565980911255
113.54896998405457
113.58071732521057
113.61504364013672
113.64801335334778
113.68154335021973
113.71550798416138
113.74880051612854
113.78140449523926
113.8155951499939
113.8489682674408
113.88309836387634
113.9159836769104
113.94833159446716
113.98275184631348
114.01590633392334
114.05152249336243
114.08213829994202
114.11530828475952
114.1489634513855
114.18235802650452
114.21583676338196
114.2489800453186
114.28243350982666
114.31531572341919
114.34974312782288
114.38311672210693
114.41511750221252
114.44939017295837
114.48213171958923
114.51603388786316
114.55024695396423
114.58249855041504
114.6160147190094
114.64913082122803
114.682297706604
114.71652889251709
114.74929070472717
114.78244876861572
114.8163640499115
114.85001611709595
114.88270616531372
114.91597986221313
114.95045375823975
114.98285436630249
115.01688385009766
115.05016374588013
115.08377242088318
115.11560201644897
115.14987874031067
115.1844801902771
115.21628332138062
115.24968242645264
115.28406763076782
115.31594800949097
115.35016179084778
115.38395118713379
115.41791582107544
115.44971942901611
115.4842038154602
115.5164155960083
115.55087995529175
115.58300757408142
115.61701011657715
115.65052485466003
115.68362879753113
115.71673274040222
115.75058460235596
115.78460836410522
115.81683874130249
115.85012292861938
115.8833224773407
115.91738080978394
115.95070004463196
115.98314619064331
116.01635217666626
116.05098032951355
116.08398795127869
116.11747980117798
116.14941215515137
116.18345904350281
116.21729779243469
116.24983167648315
116.28304314613342
116.31695508956909
116.34986329078674
116.38350653648376
116.41692399978638
116.45108485221863
116.48355007171631
116.51768946647644
116.55159282684326
116.58382105827332
116.61978936195374
116.65099358558655
116.68539500236511
116.71781706809998
116.75103545188904
116.78410053253174
116.81709003448486
116.85115790367126
116.88478994369507
116.91711258888245
116.9511308670044
116.98435378074646
117.02151346206665
117.05104303359985
117.08422017097473
117.11825275421143
117.15164279937744
117.18588590621948
117.22012829780579
117.25171375274658
117.29655170440674
117.3185293674469
117.35054063796997
117.38518929481506
117.41770935058594
117.45168137550354
117.48431372642517
117.51854753494263
117.55215263366699
117.58388900756836
117.61900186538696
117.65101528167725
117.68495655059814
117.71736431121826
117.751060962677
117.7852373123169
117.81837272644043
117.85158443450928
117.88456153869629
117.91803240776062
117.95192074775696
117.9845814704895
118.01778984069824
118.05193328857422
118.08488273620605
118.11892628669739
118.15228486061096
118.1846489906311
118.2180244922638
118.25298237800598
118.2852246761322
118.31928610801697
118.35241389274597
118.38479161262512
118.41835427284241
118.4524941444397
118.48654007911682
118.51843452453613
118.55211114883423
118.58466482162476
118.61855173110962
118.65216255187988
118.68525433540344
118.71983575820923
118.75251960754395
118.78546833992004
118.8183913230896
118.85249638557434
118.88599801063538
118.92232465744019
118.95277905464172
118.98696827888489
119.0193440914154
119.05365991592407
119.08734798431396
119.11929869651794
119.15274238586426
119.18643355369568
119.21972107887268
119.25305414199829
119.2872953414917
119.32017540931702
119.35318636894226
119.38695669174194
119.41959118843079
119.4530086517334
119.48681545257568
119.51984214782715
119.5531075000763
119.58569955825806
119.61902570724487
119.65204429626465
119.68655681610107
119.72019577026367
119.75264120101929
119.78636050224304
119.81957983970642
119.85260272026062
119.88639903068542
119.92019653320312
119.95287108421326
119.98674440383911
120.01932525634766
120.05403590202332
120.08673977851868
120.11963701248169
120.15395379066467
120.18816947937012
120.22015380859375
120.25296926498413
120.28747415542603
120.3213562965393
120.35355353355408
120.38669323921204
120.4201455116272
120.45273041725159
120.48664903640747
120.52058839797974
120.55380582809448
120.58651828765869
120.61975693702698
120.65413737297058
120.68667244911194
120.71967768669128
120.7533929347992
120.7870397567749
120.82003474235535
120.85413527488708
120.88730525970459
120.92139482498169
120.95447015762329
120.98726344108582
121.02215528488159
121.05383229255676
121.08845138549805
121.12094759941101
121.15404224395752
121.18746137619019
121.22081661224365
121.25351905822754
121.2873260974884
121.320636510849
121.35400891304016
121.38755464553833
121.41994261741638
121.45423531532288
121.4878442287445
121.52097010612488
121.55438017845154
121.58734917640686
121.62099385261536
121.65437340736389
121.68798565864563
121.72026109695435
121.7549192905426
121.78800749778748
121.821524143219
121.85490465164185
121.88831663131714
121.9223644733429
121.95547795295715
121.98855113983154
122.02150583267212
122.05433964729309
122.0882477760315
122.12143111228943
122.15826177597046
122.18924880027771
122.22205448150635
122.25691366195679
122.28899049758911
122.32259845733643
122.35592031478882
122.38919687271118
122.42265152931213
122.45505928993225
122.4888527393341
122.52202415466309
122.55533719062805
122.58922791481018
122.62262511253357
122.6553590297699
122.68894028663635
122.72291707992554
122.75603699684143
122.78855729103088
122.8226478099823
122.8566677570343
122.88879179954529
122.92225098609924
122.95592284202576
122.98908233642578
123.02245092391968
123.0559549331665
123.08910393714905
123.12215995788574
123.1556134223938
123.19131422042847
123.22180151939392
123.25653719902039
123.28881883621216
123.32292318344116
123.35586309432983
123.38951516151428
123.42303156852722
123.45659065246582
123.48907995223999
123.52236294746399
123.55552339553833
123.58849024772644
123.62296843528748
123.65620374679565
123.68951940536499
123.72190570831299
123.75621962547302
123.79679775238037
123.82273364067078
123.85638070106506
123.88958811759949
123.92243981361389
123.95545816421509
123.98866701126099
124.02310180664062
124.05627417564392
124.08883118629456
124.12281489372253
124.15618991851807
124.18877601623535
124.22308206558228
124.25563716888428
124.29017376899719
124.32410264015198
124.3555896282196
124.38898754119873
124.42352414131165
124.45696830749512
124.4893708229065
124.52336859703064
124.5566668510437
124.58984327316284
124.6231701374054
124.65646719932556
124.69011759757996
124.72414898872375
124.75747513771057
124.7901542186737
124.8233962059021
124.8573272228241
124.89023780822754
124.92326641082764
124.95650911331177
124.98955774307251
125.02357530593872
125.05835628509521
125.091379404068
125.12375020980835
125.15767979621887
125.19067430496216
125.22381639480591
125.25734353065491
125.29124927520752
125.3232901096344
125.35633683204651
125.390540599823
125.4253318309784
125.45623445510864
125.49089503288269
125.52378940582275
125.55688214302063
125.58994030952454
125.6239960193634
125.65675806999207
125.69055008888245
125.72351360321045
125.75663185119629
125.79214835166931
125.82465481758118
125.85775923728943
125.89106702804565
125.9238862991333
125.9576735496521
125.99129056930542
126.02437925338745
126.05693650245667
126.09074687957764
126.12317824363708
126.15749192237854
126.1909294128418
126.22383308410645
126.25662660598755
126.2909882068634
126.32344102859497
126.35761952400208
126.39127445220947
126.42476296424866
126.45813822746277
126.49135279655457
126.5242919921875
126.55736923217773
126.59034848213196
126.62433505058289
126.65794157981873
126.69122838973999
126.72345113754272
126.75704956054688
126.79238605499268
126.82609844207764
126.85801362991333
126.89175701141357
126.9248685836792
126.95837616920471
126.99158239364624
127.03050184249878
127.05883073806763
127.09221124649048
127.12428617477417
127.15931248664856
127.19197940826416
127.22564554214478
127.25885581970215
127.29166388511658
127.32415080070496
127.35853743553162
127.3916757106781
127.42424845695496
127.45876431465149
127.4920506477356
127.52442502975464
127.558678150177
127.5926251411438
127.6261146068573
127.65989780426025
127.69200229644775
127.7259886264801
127.75950980186462
127.7937970161438
127.82780122756958
127.85995602607727
127.89367079734802
127.92712998390198
127.96004986763
127.99370074272156
128.026602268219
128.05931520462036
128.0941367149353
128.12566566467285
128.15931940078735
128.19244694709778
128.22590112686157
128.2592785358429
128.29237604141235
128.3244652748108
128.3586287498474
128.39167380332947
128.4256739616394
128.45953130722046
128.49200081825256
128.5243923664093
128.55931854248047
128.59168362617493
128.6251926422119
128.66936826705933
128.692316532135
128.7269241809845
128.75882840156555
128.79322123527527
128.82655787467957
128.85953164100647
128.89265823364258
128.9253191947937
128.959481716156
128.99259042739868
129.02606320381165
129.0609495639801
129.0933554172516
129.12690591812134
129.15920686721802
129.19247031211853
129.22631096839905
129.2600371837616
129.29290747642517
129.32516980171204
129.35927438735962
129.39269876480103
129.42598295211792
129.45887160301208
129.49353456497192
129.5259907245636
129.55953550338745
129.5928418636322
129.6260004043579
129.66057133674622
129.69299745559692
129.72651886940002
129.76002669334412
129.79433679580688
129.82818126678467
129.86087441444397
129.89304614067078
129.92668342590332
129.96175742149353
129.99297976493835
130.0265862941742
130.060133934021
130.0955696105957
130.12653803825378
130.16023921966553
130.19305038452148
130.22709250450134
130.26055359840393
130.2985758781433
130.3264389038086
130.36127185821533
130.3935136795044
130.42755341529846
130.46139693260193
130.49332737922668
130.52836441993713
130.55998039245605
130.59285378456116
130.62717270851135
130.6615252494812
130.69485926628113
130.72713685035706
130.7612202167511
130.79427671432495
130.82760214805603
130.86134481430054
130.893803358078
130.9283149242401
130.96121740341187
130.9938702583313
131.02759528160095
131.0608639717102
131.094792842865
131.12832140922546
131.16094088554382
131.19485187530518
131.22731518745422
131.26107549667358
131.29419136047363
131.3275661468506
131.36178183555603
131.39409232139587
131.4281449317932
131.46068239212036
131.49445486068726
131.52747893333435
131.56091380119324
131.59486842155457
131.62759351730347
131.66254115104675
131.69528102874756
131.72808861732483
131.76132154464722
131.7951009273529
131.82822632789612
131.86221146583557
131.89482617378235
131.92804837226868
131.96262907981873
131.9950511455536
132.02926802635193
132.06147265434265
132.09489011764526
132.12846183776855
132.1624312400818
132.19494485855103
132.22854566574097
132.26157069206238
132.29532837867737
132.3290135860443
132.36111998558044
132.39474296569824
132.42944526672363
132.46323537826538
132.4947030544281
132.52796983718872
132.56193232536316
132.59463500976562
132.6283905506134
132.66220831871033
132.6954755783081
132.72832083702087
132.76369738578796
132.7963056564331
132.8283679485321
132.8616485595703
132.89480185508728
132.9286983013153
132.96259140968323
132.9958577156067
133.0297372341156
133.0619547367096
133.0958936214447
133.12903714179993
133.16237258911133
133.1954641342163
133.22879123687744
133.26254296302795
133.29600954055786
133.3296549320221
133.36223816871643
133.3946042060852
133.42907452583313
133.46169018745422
133.49440455436707
133.5396614074707
133.56165170669556
133.59599089622498
133.6299262046814
133.6627230644226
133.69521641731262
133.72873735427856
133.76170825958252
133.7957570552826
133.8288013935089
133.86276197433472
133.89538145065308
133.92854380607605
133.96169996261597
133.99416279792786
134.0286431312561
134.0619821548462
134.0946056842804
134.1280586719513
134.16186428070068
134.19555854797363
134.22885513305664
134.2613010406494
134.29461359977722
134.32863116264343
134.36146998405457
134.3953857421875
134.42880010604858
134.4621982574463
134.4943289756775
134.52804565429688
134.56156373023987
134.59495902061462
134.62793588638306
134.66265869140625
134.69526934623718
134.7281813621521
134.76183772087097
134.79535269737244
134.8291299343109
134.86268424987793
134.89565443992615
134.92899298667908
134.9629955291748
134.9956681728363
135.03193855285645
135.06461453437805
135.09739565849304
135.12952542304993
135.16225624084473
135.19642329216003
135.2292778491974
135.2628993988037
135.29634952545166
135.3294060230255
135.36303305625916
135.3956708908081
135.42980790138245
135.46371960639954
135.49663877487183
135.53061604499817
135.56344175338745
