0.0
0.03301215171813965
0.06577658653259277
0.09897136688232422
0.1321885585784912
0.16704320907592773
0.2002086639404297
0.2340390682220459
0.2654900550842285
0.2987954616546631
0.3340299129486084
0.36554861068725586
0.3989286422729492
0.4335496425628662
0.466144323348999
0.4995114803314209
0.532794713973999
0.566352367401123
0.5988039970397949
0.6324307918548584
0.6672811508178711
0.6999156475067139
0.7332005500793457
0.7655835151672363
0.8002214431762695
0.8341090679168701
0.8663597106933594
0.9001781940460205
0.9332354068756104
0.9677436351776123
1.0026721954345703
1.0332984924316406
1.065683364868164
1.099471092224121
1.1330018043518066
1.167541742324829
1.2013018131256104
1.2338037490844727
1.2671287059783936
1.3004894256591797
1.3334972858428955
1.3675041198730469
1.4007365703582764
1.4339940547943115
1.4669079780578613
1.5000245571136475
1.5321435928344727
1.5667366981506348
1.6013343334197998
1.6337876319885254
1.6668310165405273
1.7009458541870117
1.734105110168457
1.7674267292022705
1.8004658222198486
1.835836410522461
1.8672842979431152
1.9010581970214844
1.9344491958618164
1.9670746326446533
2.001434803009033
2.03468918800354
2.067995548248291
2.101066827774048
2.134824514389038
2.1669397354125977
2.200216770172119
2.2349355220794678
2.2682623863220215
2.30088472366333
2.334961414337158
2.3668274879455566
2.4007070064544678
2.435786724090576
2.467172384262085
2.5006978511810303
2.5341992378234863
2.568025588989258
2.6011240482330322
2.6367311477661133
2.6679275035858154
2.6999757289886475
2.735602855682373
2.768293619155884
2.801438093185425
2.835132360458374
2.868520975112915
2.901412010192871
2.9354519844055176
2.9675846099853516
3.001049280166626
3.0351409912109375
3.0678870677948
3.101983070373535
3.134486436843872
3.167506694793701
3.2013542652130127
3.2344369888305664
3.2687156200408936
3.3015353679656982
3.3347506523132324
3.368204355239868
3.4014804363250732
3.4352567195892334
3.4676995277404785
3.5018577575683594
3.5350887775421143
3.5678603649139404
3.60186767578125
3.6352193355560303
3.6687018871307373
3.701219320297241
3.735480308532715
3.7686753273010254
3.802340030670166
3.8352489471435547
3.8689634799957275
3.9016692638397217
3.9357962608337402
3.9686601161956787
4.001672267913818
4.034821510314941
4.068548917770386
4.101645469665527
4.136190414428711
4.168287992477417
4.202008485794067
4.2378151416778564
4.268096208572388
4.302133560180664
4.336576223373413
4.368159055709839
4.402172803878784
4.435858488082886
4.470637559890747
4.5025575160980225
4.535950422286987
4.569710731506348
4.601393222808838
4.636141061782837
4.668743133544922
4.70170259475708
4.735297918319702
4.768437147140503
4.802140951156616
4.836109638214111
4.868911266326904
4.9015748500823975
4.9372124671936035
4.96893572807312
5.002309560775757
5.035234689712524
5.068852424621582
5.101905345916748
5.135768890380859
5.170194387435913
5.2033586502075195
5.235813617706299
5.269202470779419
5.301873445510864
5.336722135543823
5.369172096252441
5.4023191928863525
5.435992002487183
5.47044038772583
5.502567529678345
5.537015438079834
5.569972276687622
5.603728294372559
5.636660575866699
5.670409202575684
5.703076362609863
5.73669695854187
5.769941329956055
5.803284168243408
5.836455821990967
5.872909784317017
5.9026219844818115
5.936251640319824
5.9687416553497314
6.002755403518677
6.036471605300903
6.069364547729492
6.102798938751221
6.136581897735596
6.1701743602752686
6.2032859325408936
6.2371437549591064
6.2695066928863525
6.302877187728882
6.336870193481445
6.37076997756958
6.403141260147095
6.4370808601379395
6.470655202865601
6.505511999130249
6.5376296043396
6.570562124252319
6.603103160858154
6.638242721557617
6.670550107955933
6.703855037689209
6.73673415184021
6.770738363265991
6.804177284240723
6.8375091552734375
6.871143341064453
6.904232501983643
6.938779592514038
6.970530033111572
7.004652976989746
7.038061857223511
7.071451663970947
7.104860305786133
7.138182878494263
7.171503067016602
7.204871416091919
7.238609313964844
7.27172327041626
7.3057098388671875
7.337796688079834
7.372044563293457
7.404243469238281
7.438474416732788
7.472772121429443
7.505752086639404
7.539348125457764
7.572771787643433
7.6060874462127686
7.640398263931274
7.673205852508545
7.706663131713867
7.740121364593506
7.773994207382202
7.808167457580566
7.842056035995483
7.873982906341553
7.907713890075684
7.941421747207642
7.973679780960083
8.006601572036743
8.041017770767212
8.074077606201172
8.106972455978394
8.139448404312134
8.173582077026367
8.205809116363525
8.239673852920532
8.273375034332275
8.306864261627197
8.340257167816162
8.37351131439209
8.407241344451904
8.441781044006348
8.473865270614624
8.507115602493286
8.54150128364563
8.57382607460022
8.60770034790039
8.641030073165894
8.673508167266846
8.70769190788269
8.740448474884033
8.774406433105469
8.80659532546997
8.840185403823853
8.873567581176758
8.90695571899414
8.939730405807495
8.974496841430664
9.006930351257324
9.039579153060913
9.073829650878906
9.106565475463867
9.140857219696045
9.173611164093018
9.20822548866272
9.239990472793579
9.273467779159546
9.306906938552856
9.340185642242432
9.373227596282959
9.40641736984253
9.43989634513855
9.473063707351685
9.50674319267273
9.539346933364868
9.57255244255066
9.607312202453613
9.640800714492798
9.673856496810913
9.707792282104492
9.739638090133667
9.773109674453735
9.807944774627686
9.839754819869995
9.874269485473633
9.907008647918701
9.94067120552063
9.97314977645874
10.006584644317627
10.04092288017273
10.073759317398071
10.107114315032959
10.13988995552063
10.172926664352417
10.205987930297852
10.239799499511719
10.273924827575684
10.308079719543457
10.340702295303345
10.374009847640991
10.407167673110962
10.44109058380127
10.473737001419067
10.507597208023071
10.541466236114502
10.574636459350586
10.607007503509521
10.639855146408081
10.673787832260132
10.708149909973145
10.749267101287842
10.773413181304932
10.80716872215271
10.841016292572021
10.873441457748413
10.906749963760376
10.940412998199463
10.97458791732788
11.008408308029175
11.04117488861084
11.075413227081299
11.107008457183838
11.141276836395264
11.174600601196289
11.208356618881226
11.241156101226807
11.274784088134766
11.307490110397339
11.340824842453003
11.374686479568481
11.40745234489441
11.441189050674438
11.474525451660156
11.509310722351074
11.542614698410034
11.574257850646973
11.608147144317627
11.641958713531494
11.673401832580566
11.707874536514282
11.742065191268921
11.775490522384644
11.807405710220337
11.840628862380981
11.874895572662354
11.908286094665527
11.940863370895386
11.976212978363037
12.008219242095947
12.041130542755127
12.074721336364746
12.1083083152771
12.142215013504028
12.17423701286316
12.208118200302124
12.241781949996948
12.275352001190186
12.308583498001099
12.34251356124878
12.382123708724976
12.408151626586914
12.442389726638794
12.474449634552002
12.509053945541382
12.542344093322754
12.575559139251709
12.608052968978882
12.641868114471436
12.674915075302124
12.708810329437256
12.742541313171387
12.77554702758789
12.80858850479126
12.842392444610596
12.87562894821167
12.910118579864502
12.942639589309692
12.97506332397461
13.00870656967163
13.042531251907349
13.075498819351196
13.109113931655884
13.143139362335205
13.17631220817566
13.210096597671509
13.242443561553955
