0.0
0.015008687973022461
0.0462803840637207
0.07753419876098633
0.10913991928100586
0.14038825035095215
0.17202377319335938
0.2033982276916504
0.23464488983154297
0.2659318447113037
0.30068206787109375
0.3288123607635498
0.3601257801055908
0.4008822441101074
0.4230153560638428
0.4542574882507324
0.5053834915161133
0.5377597808837891
0.5560286045074463
0.5887763500213623
0.6222712993621826
0.6555235385894775
0.69219970703125
0.7236146926879883
0.7561063766479492
0.7733006477355957
0.807389497756958
0.8410329818725586
0.8740339279174805
0.9065616130828857
0.9401674270629883
0.9732716083526611
1.0065057277679443
1.0399858951568604
1.0721185207366943
1.1012599468231201
1.1239089965820312
1.1572763919830322
1.1900885105133057
1.2233998775482178
1.2566108703613281
1.2900354862213135
1.3238463401794434
1.3720800876617432
1.4064791202545166
1.4387259483337402
1.4569485187530518
1.5017871856689453
1.5238091945648193
1.5577571392059326
1.601855754852295
1.6226286888122559
1.6539297103881836
1.6851680278778076
1.7168359756469727
1.748126745223999
1.7793691158294678
1.8110382556915283
1.8422858715057373
1.8735270500183105
1.9070169925689697
1.943479299545288
1.973271369934082
2.0065696239471436
2.0386838912963867
2.0710110664367676
2.1021060943603516
2.1240074634552
2.157183885574341
2.189771890640259
2.223069667816162
2.2566564083099365
2.2898168563842773
2.3233985900878906
2.3553354740142822
2.389702558517456
2.4219863414764404
2.4403741359710693
2.4739694595336914
2.5070483684539795
2.5399227142333984
2.5733001232147217
2.6064414978027344
2.6398191452026367
2.6735594272613525
2.706606864929199
2.738692283630371
2.7571122646331787
2.8009722232818604
2.821117639541626
2.8523614406585693
2.883603572845459
2.9206857681274414
2.9468958377838135
2.978135108947754
3.009794235229492
3.0410401821136475
3.072969675064087
3.1047465801239014
3.1360244750976562
3.167236328125
3.1828572750091553
3.2146084308624268
3.245854377746582
3.2774264812469482
3.309065341949463
3.3407013416290283
3.3724560737609863
3.4038329124450684
3.4416615962982178
3.4668736457824707
3.504117727279663
3.5298287868499756
3.5610718727111816
3.592315435409546
3.624027729034424
3.655430316925049
3.6865124702453613
3.7181787490844727
3.7494242191314697
3.7811379432678223
3.8042373657226562
3.8283700942993164
3.8596572875976562
3.8908541202545166
3.9225244522094727
3.959172010421753
3.985379457473755
4.017055511474609
4.0483009815216064
4.079590082168579
4.111287355422974
4.14253306388855
4.158187389373779
4.189399242401123
4.220533847808838
4.251775503158569
4.283017873764038
4.314572811126709
4.345862865447998
4.377106189727783
4.4088006019592285
4.440046787261963
4.477079153060913
4.505718231201172
4.534428834915161
4.565669536590576
4.59691309928894
4.628661870956421
4.644295930862427
4.675493955612183
4.7071287631988525
4.738956689834595
4.7703094482421875
4.806655168533325
4.833409309387207
4.864780426025391
4.896075487136841
4.927792310714722
4.959033489227295
4.9910173416137695
5.00665807723999
5.037837743759155
5.069078683853149
5.106858730316162
5.132042169570923
5.163283824920654
5.194528579711914
5.22688364982605
5.258082628250122
5.2892937660217285
5.320932149887085
5.3521809577941895
5.383423089981079
5.415120601654053
5.446412086486816
5.4776551723480225
5.510458946228027
5.541164875030518
5.572374105453491
5.603616714477539
5.635250806808472
5.666838645935059
5.682605504989624
5.714732885360718
5.745980739593506
5.777263641357422
5.808964490890503
5.840211868286133
5.871454477310181
5.908292770385742
5.934458255767822
5.965747117996216
5.996944427490234
6.0310280323028564
6.0599589347839355
6.091156959533691
6.122886657714844
6.138511657714844
6.1698009967803955
6.208594799041748
6.232801675796509
6.264046669006348
6.29526424407959
6.327012062072754
6.358210325241089
6.38949728012085
6.421159982681274
6.4524054527282715
6.4836485385894775
6.515387773513794
6.548032522201538
6.577902317047119
6.607892274856567
6.639013290405273
6.66896653175354
6.700883865356445
6.734308242797852
6.766223430633545
6.797178030014038
6.826703310012817
6.857585906982422
6.887508153915405
6.91794228553772
6.948859214782715
6.978779077529907
7.015141248703003
7.044710636138916
7.075705289840698
7.105647087097168
7.136157989501953
7.166076421737671
7.197031736373901
7.227468729019165
7.25742244720459
7.287309169769287
7.318812131881714
7.348730564117432
7.379679203033447
7.409601449966431
7.440069913864136
7.470952749252319
7.50091552734375
7.532389163970947
7.563272953033447
7.593564987182617
7.624098777770996
7.652986526489258
7.6849365234375
7.714404821395874
7.745321035385132
7.778679847717285
7.809837818145752
7.840625286102295
7.869548320770264
7.901498079299927
7.931994676589966
7.962884426116943
8.005805492401123
8.035311222076416
8.065229177474976
8.096401691436768
8.126868963241577
8.160809993743896
8.190730094909668
8.220231294631958
8.25211238861084
8.282032251358032
8.31295108795166
8.344720363616943
8.375521659851074
8.405213594436646
8.435067176818848
8.46941351890564
8.512328147888184
8.544727802276611
8.57667350769043
8.608844995498657
8.640308856964111
8.672371625900269
8.701176643371582
8.732686519622803
8.766629695892334
8.79951000213623
8.830298900604248
8.860285997390747
8.890218496322632
8.919647216796875
8.958576679229736
8.98949384689331
9.018975734710693
9.049854040145874
9.079808235168457
9.110762119293213
9.14134669303894
9.17326021194458
9.20321798324585
9.237706661224365
9.267624139785767
9.297543287277222
9.339977502822876
9.379871129989624
9.410789966583252
9.444414854049683
9.47921872138977
9.509372472763062
9.540770530700684
9.573681592941284
9.605737447738647
9.640233993530273
9.675147533416748
9.706068754196167
9.73756194114685
9.769476413726807
9.802392482757568
9.834824562072754
9.865742683410645
9.897688865661621
9.928126335144043
9.959076881408691
9.98998761177063
10.020030975341797
10.051929473876953
10.08281421661377
10.114781618118286
10.148465394973755
10.17841911315918
10.211302995681763
10.251721858978271
10.284658670425415
10.316097736358643
10.352036952972412
10.382949352264404
10.426354169845581
10.456272602081299
10.486159563064575
10.518620729446411
10.551498413085938
10.584261178970337
10.618433952331543
10.649466037750244
10.681958436965942
10.710917949676514
10.741402626037598
10.772480964660645
10.804192304611206
10.83566164970398
10.868573904037476
10.898495435714722
10.929996252059937
10.961912393569946
10.992832660675049
11.024326801300049
11.05423378944397
11.085163831710815
11.117555141448975
11.17951488494873
11.236448049545288
11.273465633392334
11.319706916809082
11.364980220794678
11.402074813842773
11.440242290496826
11.479605197906494
11.518143653869629
11.555800437927246
11.592546463012695
11.624278545379639
11.660515785217285
11.69306468963623
11.72652792930603
11.760471105575562
11.793376445770264
11.825840473175049
11.862741470336914
11.896649360656738
11.927085876464844
11.96203327178955
11.994904518127441
12.02640414237976
12.060314893722534
12.09226393699646
12.124656200408936
12.161592483520508
12.194230079650879
12.22472858428955
12.256604671478271
12.28851842880249
12.319952964782715
12.353861093521118
12.383781671524048
12.415732145309448
12.453177213668823
12.484100341796875
12.515021800994873
12.546482563018799
12.579395055770874
12.614305257797241
12.661157846450806
12.702053785324097
12.736497163772583
12.776226282119751
12.81849193572998
12.85321831703186
12.890655517578125
12.938468217849731
12.982470273971558
13.024051427841187
13.06095266342163
13.11015772819519
13.15023398399353
13.195112943649292
13.237906455993652
13.277084112167358
13.312808990478516
13.356141328811646
13.404162168502808
13.446763515472412
13.489534616470337
13.537555694580078
13.570024013519287
13.603651285171509
13.639968395233154
13.67624020576477
13.706907987594604
13.739212989807129
13.770440578460693
13.803310871124268
13.837260246276855
13.880147218704224
13.922170877456665
13.971336603164673
14.020330429077148
14.05398964881897
14.090474128723145
14.124663829803467
14.156943798065186
14.187901020050049
14.218893766403198
14.249645233154297
14.280035972595215
14.312019348144531
14.344537258148193
14.377481937408447
14.407370567321777
14.436913013458252
14.477802038192749
14.516740798950195
14.549136877059937
14.582074165344238
14.61397409439087
14.647549390792847
14.68245553970337
14.712381601333618
14.74284029006958
14.778722524642944
14.809682369232178
14.841150283813477
14.873028993606567
14.904942512512207
14.935133934020996
14.973085880279541
15.009999990463257
15.052937746047974
15.084815502166748
15.114773511886597
15.146262168884277
15.182132720947266
15.215048789978027
15.251458883285522
15.28710675239563
15.318247556686401
15.349691390991211
15.388587236404419
15.433149099349976
15.469054937362671
15.502962589263916
15.539391279220581
15.58028268814087
15.633665323257446
15.675155878067017
15.714544296264648
15.749929189682007
15.801044464111328
15.83932113647461
15.883861064910889
15.924830913543701
15.964993000030518
16.00874161720276
16.05408501625061
16.092509746551514
16.138733386993408
16.17715048789978
16.220069408416748
16.270272493362427
16.310831546783447
16.354663610458374
16.403812170028687
16.45120120048523
16.49221634864807
16.53682827949524
16.586312532424927
16.618810176849365
16.649492025375366
16.681249141693115
16.712708473205566
16.74825882911682
16.78029751777649
16.81548547744751
16.847275257110596
16.879222869873047
16.913262844085693
16.944448947906494
16.97885513305664
17.023000240325928
17.053894519805908
17.09079623222351
17.134296894073486
17.165248155593872
17.198127508163452
17.235578060150146
17.26653242111206
17.297412872314453
17.327945470809937
17.359867572784424
17.39274573326111
17.428205251693726
17.46111750602722
17.49203324317932
17.52443790435791
17.556455373764038
17.587504863739014
17.61810564994812
17.653128147125244
17.694533586502075
17.73270082473755
17.76831364631653
17.807724475860596
17.844701528549194
17.88427233695984
17.918848514556885
17.956145524978638
17.99299669265747
18.03222131729126
18.067481517791748
18.101905584335327
18.13439655303955
18.172780990600586
18.208728313446045
18.25564217567444
18.29647707939148
18.340107679367065
18.376442909240723
18.41172766685486
18.445024251937866
18.480881929397583
18.51578974723816
18.55245327949524
18.584888696670532
18.616685390472412
18.654547929763794
18.69109559059143
18.736170053482056
18.770141124725342
18.802882194519043
18.83663582801819
18.87057113647461
18.902814865112305
18.934311628341675
18.968253135681152
19.009110927581787
19.048516511917114
19.089519500732422
19.125906705856323
19.163639545440674
19.19334864616394
19.225854635238647
19.257371187210083
19.298791646957397
19.34218978881836
19.375298976898193
19.40773844718933
19.439579725265503
19.472439765930176
19.51237726211548
19.548043727874756
19.58102035522461
19.614014863967896
19.64810085296631
19.680271863937378
19.71054172515869
19.742961406707764
19.776371002197266
19.811777114868164
19.84834361076355
19.88188862800598
19.9127140045166
19.947179555892944
19.980474948883057
20.01143527030945
20.04475975036621
20.076940298080444
20.108472108840942
20.142322301864624
20.174740314483643
20.214282274246216
20.248779773712158
20.29006552696228
20.320526599884033
20.36056137084961
20.395968198776245
20.428553342819214
20.461275100708008
20.49222707748413
20.52215266227722
20.556540727615356
20.589614152908325
20.622369050979614
20.654868125915527
20.69775414466858
20.73617172241211
20.769083261489868
20.806987285614014
20.841647624969482
20.87393021583557
20.910845041275024
20.943767309188843
20.97515320777893
21.011171579360962
21.044699907302856
21.077582120895386
21.108495235443115
21.14909839630127
21.18714690208435
21.22145652770996
21.25253176689148
21.298180103302002
21.335220336914062
21.378681659698486
21.423446655273438
21.462878704071045
21.503161430358887
21.54707932472229
21.58962607383728
21.634167194366455
21.690311431884766
21.725736141204834
21.760518550872803
21.798715114593506
21.829958200454712
21.863677740097046
21.895591735839844
21.933998823165894
21.969960689544678
22.006314039230347
22.04506206512451
22.089248418807983
22.133596897125244
22.16708731651306
22.200331211090088
22.231623649597168
22.26503324508667
22.308722972869873
22.351673364639282
22.39809012413025
22.44271492958069
22.483768463134766
22.531083583831787
22.578087091445923
22.617364168167114
22.649048328399658
22.682323217391968
22.723034858703613
22.76526379585266
22.802114725112915
22.84488010406494
22.8803448677063
22.916977405548096
22.950053930282593
22.984384059906006
23.0332510471344
23.082987070083618
23.14266872406006
23.192177295684814
23.22968029975891
23.27050471305847
23.314690828323364
23.35977554321289
23.404608011245728
23.444688081741333
23.48008418083191
23.512455940246582
23.551010847091675
23.588908672332764
23.622727394104004
23.68845224380493
23.745224714279175
23.802437782287598
23.84921956062317
23.88386034965515
23.919769525527954
23.96017050743103
24.012813091278076
24.064654111862183
24.104980945587158
24.1412353515625
24.180129528045654
24.220770835876465
24.257708072662354
24.291658639907837
24.328560829162598
24.365413188934326
24.40464186668396
24.438523292541504
24.472034454345703
24.503450870513916
24.535900115966797
24.569209814071655
24.601306200027466
24.63226294517517
24.66565251350403
24.699598789215088
24.731483459472656
24.76244330406189
24.79535484313965
24.829299688339233
24.860732316970825
24.893611669540405
24.927558183670044
24.961074113845825
24.992965698242188
25.02591300010681
25.058598518371582
25.09055495262146
25.13402271270752
25.166937589645386
25.203874588012695
25.236371517181396
25.267282724380493
25.299233198165894
25.331119537353516
25.361557722091675
25.394505262374878
25.42745351791382
25.459846258163452
25.490804195404053
25.52271604537964
25.55421018600464
25.58702826499939
25.619900703430176
25.659376859664917
25.691486120224
25.721707344055176
25.753402709960938
25.783289909362793
25.81520366668701
25.847674131393433
25.88058567047119
25.91424798965454
25.955209970474243
25.99531626701355
26.040882110595703
26.074187755584717
26.108155965805054
26.140589475631714
26.17353653907776
26.204983711242676
26.239455938339233
26.279465436935425
26.313306093215942
26.35177755355835
26.38989019393921
26.425642013549805
26.459038734436035
26.491984367370605
26.526147603988647
26.559020519256592
26.593924522399902
26.634895086288452
26.67871069908142
26.715049982070923
26.750300884246826
26.783944129943848
26.828826427459717
26.86230707168579
26.895243644714355
26.92813229560852
26.97028136253357
27.00821089744568
27.040637254714966
27.073549032211304
27.106197118759155
27.138818740844727
27.171767234802246
27.202706336975098
27.250397443771362
27.296112775802612
27.330783367156982
27.365184783935547
27.411092281341553
27.446959018707275
27.48813509941101
27.527729272842407
27.566895961761475
27.60353112220764
27.640560388565063
27.67529320716858
27.712152004241943
27.742248058319092
27.772841215133667
27.80362296104431
27.842010259628296
27.87192988395691
27.904348850250244
27.93455696105957
27.969836711883545
28.00273895263672
28.035271167755127
28.064688444137573
28.097253561019897
28.1291663646698
28.17159628868103
28.20162010192871
28.248679637908936
28.2793025970459
28.31177306175232
28.34311556816101
28.37403392791748
28.403987884521484
28.435869693756104
28.467156410217285
28.50209951400757
28.534977674484253
28.569427967071533
28.600346326828003
28.632264614105225
28.66389012336731
28.69836688041687
28.73028302192688
28.76490807533264
28.798007011413574
28.82992386817932
28.86241626739502
28.893333435058594
28.93251919746399
28.969585418701172
29.001498699188232
29.032453536987305
29.064956188201904
29.099828243255615
29.130746841430664
29.171159744262695
29.209211349487305
29.243799448013306
29.276042938232422
29.306959629058838
29.338371992111206
29.371772289276123
29.41086721420288
29.44709587097168
29.478278875350952
29.509196519851685
29.547438621520996
29.590392589569092
29.621013402938843
29.654006719589233
29.68594241142273
29.723319053649902
29.754245042800903
29.791487455368042
29.82364296913147
29.860041618347168
29.901935577392578
29.94044256210327
29.972348928451538
30.01221776008606
30.04364562034607
30.078551292419434
30.113458395004272
30.150386095046997
30.187653064727783
30.226787090301514
30.275177717208862
30.30808734893799
30.342665433883667
30.38153600692749
30.41587781906128
30.46086573600769
30.51723003387451
30.568568468093872
30.6248037815094
30.679458379745483
30.732178211212158
30.7834370136261
30.837550401687622
30.89363431930542
30.945573329925537
30.99343705177307
31.046900272369385
31.101887941360474
31.154205560684204
31.212533235549927
31.263710975646973
31.317108869552612
31.38361644744873
31.44416117668152
31.49917697906494
31.566377639770508
31.62413477897644
31.679072856903076
31.73525094985962
31.786018133163452
31.84167242050171
31.89418935775757
31.95413827896118
32.0104660987854
32.06574869155884
32.11540722846985
32.171043395996094
32.22239875793457
32.277437925338745
32.33249020576477
32.39266657829285
32.44864630699158
32.500319719314575
32.55697512626648
32.618083238601685
32.67439031600952
32.73492360115051
32.803162813186646
32.859533071517944
32.91598582267761
32.97177195549011
33.026650190353394
33.08098387718201
33.132838010787964
33.18844270706177
33.24183678627014
33.299986839294434
33.3583869934082
33.41465973854065
33.47285556793213
33.53197240829468
33.588512659072876
33.64521861076355
33.70718765258789
33.77250099182129
33.82700276374817
33.877126932144165
33.931368827819824
33.9837532043457
34.04359555244446
34.09638500213623
34.157782554626465
34.20926022529602
34.26510667800903
34.3323335647583
34.38641142845154
34.44622492790222
34.505205154418945
34.56056261062622
34.61331057548523
34.667232275009155
34.72510862350464
34.78745102882385
34.84557390213013
34.90493941307068
34.96270942687988
35.014853954315186
35.06829810142517
35.11716914176941
35.1649534702301
35.215834617614746
35.272130727767944
35.32680320739746
35.387022495269775
35.448463916778564
35.5053346157074
35.5578670501709
35.61272358894348
35.67708778381348
35.737648010253906
35.80252695083618
35.83920097351074
35.89322876930237
35.93335032463074
35.96917128562927
36.005858182907104
36.04256772994995
36.07692742347717
36.109225034713745
36.147706747055054
36.186601400375366
36.22150802612305
36.25493836402893
36.28794598579407
36.32108926773071
36.35893511772156
36.3918776512146
36.43453884124756
36.49033784866333
36.529788970947266
36.56126666069031
36.59454321861267
36.630449295043945
36.66542720794678
36.711270809173584
36.741194009780884
36.77501058578491
36.82088494300842
36.86793065071106
36.91823649406433
36.957599401474
36.990511655807495
37.031405210494995
37.0648238658905
37.096718072891235
37.13105845451355
37.16515588760376
37.20650267601013
37.23784422874451
37.270440101623535
37.30303597450256
37.33368182182312
37.37048625946045
37.40460801124573
37.4370322227478
37.47045850753784
37.505706548690796
37.54079532623291
37.57244873046875
37.6051721572876
37.64271879196167
37.693355321884155
37.72292184829712
37.75558638572693
37.789210081100464
37.82212162017822
37.855576276779175
37.889485359191895
37.93114900588989
37.96550536155701
37.99841666221619
38.03337907791138
38.08374214172363
38.119900941848755
38.157360315322876
38.19857835769653
38.24342107772827
38.277451515197754
38.31120181083679
38.34460115432739
38.37702393531799
38.41292762756348
38.4611291885376
38.49603891372681
38.531946897506714
38.56637001037598
38.59816122055054
38.63133788108826
38.669294118881226
38.70090985298157
38.73209500312805
38.76674509048462
38.80102062225342
38.83196830749512
38.864396810531616
38.89631199836731
38.928226470947266
38.97085356712341
39.002699851989746
39.03379559516907
39.06533479690552
39.09745192527771
39.13236737251282
39.17818880081177
39.211803913116455
39.244717836380005
39.27714157104492
39.31005358695984
39.350138902664185
39.382689237594604
39.41682243347168
39.44928312301636
39.48095345497131
39.51686477661133
39.55483365058899
39.59744429588318
39.62909197807312
39.67847394943237
39.710386991500854
39.74223494529724
39.77552509307861
39.80994200706482
39.84173536300659
39.875229358673096
39.91013479232788
39.94968557357788
39.981566429138184
40.0210075378418
40.05346465110779
40.095316886901855
40.13979959487915
40.17187809944153
40.20403981208801
40.2376446723938
40.27091455459595
40.30443978309631
40.336498737335205
40.369200706481934
40.40795636177063
40.438193559646606
40.487634897232056
40.53949570655823
40.585262298583984
40.634305238723755
40.66662931442261
40.711256980895996
40.74612808227539
40.78155446052551
40.8154981136322
40.84741401672363
40.88283395767212
40.91574501991272
40.95515584945679
41.002031087875366
41.03416705131531
41.06762361526489
41.111857652664185
41.15228629112244
41.183204650878906
41.217113733291626
41.25951266288757
41.29741334915161
41.32836198806763
41.3637478351593
41.39790725708008
41.42900371551514
41.463831663131714
41.49574637413025
41.537286043167114
41.57706570625305
41.61740803718567
41.65139603614807
41.68301200866699
41.716604709625244
41.752175092697144
41.801066637039185
41.8319833278656
41.86595129966736
41.9078049659729
41.94175052642822
41.97514033317566
42.010048151016235
42.04702305793762
42.07919478416443
42.111106872558594
42.1460177898407
42.177443504333496
42.21035623550415
42.24453520774841
42.27763891220093
42.310516357421875
42.34642291069031
42.37808132171631
42.41022348403931
42.44431447982788
42.47773623466492
42.51129341125488
42.544127464294434
42.5775511264801
42.6207115650177
42.66157388687134
42.699538230895996
42.733670234680176
42.76971125602722
42.80566382408142
42.84057307243347
42.871999979019165
42.903913497924805
42.941814661026
42.97523331642151
43.009244441986084
43.04172992706299
43.076478719711304
43.110437870025635
43.14202117919922
43.17470979690552
43.20725989341736
43.25375056266785
43.28575348854065
43.31641173362732
43.3541476726532
43.38530683517456
43.417222023010254
43.448142766952515
43.48060059547424
43.526830196380615
43.56098484992981
43.596384048461914
43.627488136291504
43.66146278381348
43.70051693916321
43.746286392211914
43.78572201728821
43.82326865196228
43.86574077606201
43.89669394493103
43.927576780319214
43.959014892578125
43.99229669570923
44.02520823478699
44.06432557106018
44.09581279754639
44.12677717208862
44.158287525177
44.19818115234375
44.22906541824341
44.25952482223511
44.293434619903564
44.33631992340088
44.37373924255371
44.42455863952637
44.4609739780426
44.493852376937866
44.52580118179321
44.558223247528076
44.59309673309326
44.628175258636475
44.670445680618286
44.719907999038696
44.76010799407959
44.81330370903015
44.856600522994995
44.891756772994995
44.92781162261963
44.96010637283325
44.99255037307739
45.0266056060791
45.064916133880615
45.10371375083923
45.14708995819092
45.18619346618652
45.224464893341064
45.265214681625366
45.29662895202637
45.327744483947754
45.379783391952515
45.42806315422058
45.48845863342285
45.52535653114319
45.564765214920044
45.617589473724365
45.654228925704956
45.70006275177002
45.75328254699707
45.79886817932129
45.843488454818726
45.883941650390625
45.91921019554138
45.96134114265442
45.99425196647644
46.02616786956787
46.057600021362305
46.090511083602905
46.13702368736267
46.18288207054138
46.217650175094604
46.259676456451416
46.312463998794556
46.36385631561279
46.40968656539917
46.455506563186646
46.514979124069214
46.568869829177856
46.619988679885864
46.66917061805725
46.716920614242554
46.77099680900574
46.815855741500854
46.853034019470215
46.90244650840759
46.97637414932251
47.03879451751709
47.090829849243164
47.14186477661133
47.18556213378906
47.23517870903015
47.281704902648926
47.32077407836914
47.36176681518555
47.40964150428772
47.45301294326782
47.493348121643066
47.53423500061035
47.59065771102905
47.6490843296051
47.694801330566406
47.72925043106079
47.77045249938965
47.81811761856079
47.85857129096985
47.89714455604553
47.939966440200806
47.99047374725342
48.04851818084717
48.10851311683655
48.151312589645386
48.19160079956055
48.22580051422119
48.260676860809326
48.29498052597046
48.32988524436951
48.36830973625183
48.417632818222046
48.459840059280396
48.496986627578735
48.53140878677368
48.57681107521057
48.61710810661316
48.660945415496826
48.74396586418152
48.81804132461548
48.90201234817505
48.95755648612976
49.00187611579895
49.04608774185181
49.094133377075195
49.145105600357056
49.188621044158936
49.22649168968201
49.290072202682495
49.33978843688965
49.38519048690796
49.42660188674927
49.47112011909485
49.52690839767456
49.567214488983154
49.61403942108154
49.67326092720032
49.71651887893677
49.76540517807007
49.82165336608887
49.870062589645386
49.92171263694763
49.95737648010254
49.99737524986267
50.032508850097656
50.06718707084656
50.11090087890625
50.15846252441406
50.19643950462341
50.23206186294556
50.265623807907104
50.29960346221924
50.35293793678284
50.39772152900696
50.439130783081055
50.47600030899048
50.51192498207092
50.55182600021362
50.5867862701416
50.62382197380066
50.66747832298279
50.70511746406555
50.74726676940918
50.78481149673462
50.83809280395508
50.888845443725586
50.92850613594055
50.98658323287964
51.032442808151245
51.071056842803955
51.1129686832428
51.171273946762085
51.20732927322388
51.24997878074646
51.287742614746094
51.32408666610718
51.361088037490845
51.39768075942993
51.4442024230957
51.48944091796875
51.52025818824768
51.55767321586609
51.597572326660156
51.633474349975586
51.670891761779785
51.71976113319397
51.76016807556152
51.810035943984985
51.845945596694946
51.895790576934814
51.92770600318909
51.95913505554199
51.99205183982849
52.03393840789795
52.084322690963745
52.124861001968384
52.17003560066223
52.213454246520996
52.2593207359314
52.31589484214783
52.374390840530396
52.421026945114136
52.459837198257446
52.49791407585144
52.53355050086975
52.57831907272339
52.62600255012512
52.711761713027954
52.75922226905823
52.80295968055725
52.84021234512329
52.88637590408325
52.94772148132324
53.003820180892944
53.052544832229614
53.094181060791016
53.14375400543213
53.190977811813354
53.33843731880188
53.43779635429382
53.495134592056274
53.534178256988525
53.58007788658142
53.66063642501831
53.701016664505005
53.76868915557861
53.82591962814331
53.881577491760254
53.93008017539978
53.97134518623352
54.03090977668762
54.08272862434387
54.13067412376404
54.19647789001465
54.26419377326965
54.32506465911865
54.36422514915466
54.428699254989624
54.498355865478516
54.561697244644165
54.621671199798584
54.6989951133728
54.762479066848755
54.813950538635254
54.871484994888306
54.946916341781616
55.01156449317932
55.071529150009155
55.17956590652466
55.262864112854004
55.32955980300903
55.42290806770325
55.4952347278595
55.61447477340698
55.69058012962341
55.73131012916565
55.916622161865234
56.04271364212036
56.122583866119385
56.28651022911072
56.37081050872803
56.531896352767944
56.64353394508362
56.73989248275757
56.80407381057739
56.881945848464966
56.95645213127136
57.01150393486023
57.060370683670044
57.15892314910889
57.21860885620117
57.279810190200806
57.34165692329407
57.40162229537964
57.46958613395691
57.53165888786316
57.59901428222656
57.662673473358154
57.728431224823
57.774008989334106
57.82068347930908
57.87701749801636
57.946924924850464
58.01988863945007
58.086811780929565
58.170127630233765
58.22602295875549
58.27878427505493
58.32765483856201
58.37802219390869
58.42355012893677
58.45905566215515
58.49383902549744
58.52796173095703
58.561851263046265
58.59529972076416
58.63401556015015
58.68639922142029
58.73021340370178
58.78151559829712
58.81858777999878
58.85605978965759
58.89124870300293
58.930782079696655
58.970651626586914
59.002426862716675
59.034351110458374
59.06530547142029
59.09677338600159
59.12769174575806
59.160632848739624
59.193058013916016
59.23245429992676
59.26437211036682
59.29679489135742
59.32771039009094
59.359626054763794
59.390082597732544
59.42199730873108
59.45294809341431
59.48337697982788
59.514262199401855
59.55322456359863
59.583232402801514
59.639082193374634
59.678086280822754
59.72097158432007
59.75291848182678
59.78342342376709
59.81331014633179
59.84426498413086
59.877727031707764
59.908610820770264
59.940810441970825
59.97111773490906
60.00303244590759
60.032997608184814
60.064034938812256
60.09422826766968
60.12447690963745
60.15444350242615
60.1841824054718
60.215067625045776
60.24501943588257
60.27650713920593
60.313405990600586
60.346351146698
60.378817558288574
60.408735275268555
60.44083833694458
60.47016501426697
60.50208401679993
60.53301215171814
60.564964056015015
60.60144519805908
60.64233469963074
60.678786516189575
60.71248412132263
60.744364738464355
60.775861978530884
60.80578017234802
60.838693141937256
60.86964678764343
60.90207481384277
60.93199586868286
60.96491193771362
60.99541425704956
61.0253324508667
61.055251598358154
61.086787700653076
61.11770486831665
61.147625207901
61.17816495895386
61.21524620056152
61.24616503715515
61.28457856178284
61.31748938560486
61.35139846801758
61.38182806968689
61.42075753211975
61.45164203643799
61.48221254348755
61.52109146118164
61.55201864242554
61.5814471244812
61.613396644592285
61.6433219909668
61.67900013923645
61.71385717391968
61.744345903396606
61.77820014953613
61.81052541732788
61.847426891326904
61.88297414779663
61.91788077354431
61.951826095581055
61.99320149421692
62.02611255645752
62.05802655220032
62.08848714828491
62.12239623069763
62.15431046485901
62.18777394294739
62.21945238113403
62.25328755378723
62.28574895858765
62.31766319274902
62.34960746765137
62.3792827129364
62.409202575683594
62.4390914440155
62.47208523750305
62.502519369125366
62.534401178359985
62.56435489654541
62.594754219055176
62.62421798706055
62.653958559036255
62.68635320663452
62.71627235412598
62.74788522720337
62.778400897979736
62.81032609939575
62.84123635292053
62.87112903594971
62.90176248550415
62.93164920806885
62.96359395980835
62.99403476715088
63.02425765991211
63.05387234687805
63.08541560173035
63.11533880233765
63.146220207214355
63.176764249801636
63.205652713775635
63.23660445213318
63.26727604866028
63.29778504371643
63.329673290252686
63.36259055137634
63.391963720321655
63.421875953674316
63.45176434516907
63.482319831848145
63.51320219039917
63.54312086105347
63.57427096366882
63.60573959350586
63.63562083244324
63.66657304763794
63.69597887992859
63.72689890861511
63.75781464576721
63.78749966621399
63.81838583946228
63.849337577819824
63.87888169288635
63.90876770019531
63.93972063064575
63.972601890563965
64.00250720977783
64.03385806083679
64.06477761268616
64.09607911109924
64.1259982585907
64.15591716766357
64.18743681907654
64.21836686134338
64.25027680397034
64.27979612350464
64.31021499633789
64.34109592437744
64.37205219268799
64.40254712104797
64.43446326255798
64.46434926986694
64.4958426952362
64.52576208114624
64.55571842193604
64.58622980117798
64.61814379692078
64.64909362792969
64.6795814037323
64.7076530456543
64.72437167167664
64.75556945800781
64.78722834587097
64.81858420372009
64.84987616539001
64.88151359558105
64.91275978088379
64.94404697418213
64.97829580307007
65.00697207450867
65.03821730613708
65.06945705413818
65.10120725631714
65.132404088974
65.16368126869202
65.19542741775513
65.2266743183136
65.2428674697876
65.27893424034119
65.30614423751831
65.33749175071716
65.36877489089966
65.40048813819885
65.43169093132019
65.46297693252563
65.49464774131775
65.52589058876038
65.55714321136475
65.58881163597107
65.62010383605957
65.65130114555359
65.68306064605713
65.71435451507568
65.7299735546112
65.76121592521667
65.79286980628967
65.82437491416931
65.85581350326538
65.88756942749023
65.91885995864868
65.95010232925415
65.98178291320801
66.01302886009216
66.04431867599487
66.08052468299866
66.10718846321106
66.13845491409302
66.16967344284058
66.20131063461304
66.2325530052185
66.26379442214966
66.29549908638
66.32674551010132
66.36302304267883
66.40607404708862
66.4372832775116
66.4685697555542
66.50029730796814
66.53152513504028
66.56277298927307
66.59442353248596
66.62570405006409
66.65691232681274
66.6885883808136
66.7198371887207
66.75112104415894
66.7827558517456
66.8140013217926
66.8452877998352
66.88198065757751
66.9081883430481
66.93942904472351
66.97067165374756
67.00239157676697
67.03358817100525
67.06483101844788
67.09658932685852
67.12783789634705
67.15911269187927
67.18229794502258
67.20674991607666
67.23799157142639
67.26922678947449
67.30090141296387
67.33214378356934
67.36341834068298
67.40131139755249
67.42651081085205
67.45776987075806
67.48939752578735
67.52068734169006
67.55192971229553
67.58309245109558
67.61433935165405
67.64562511444092
67.68342113494873
67.7086329460144
67.73986387252808
67.77112007141113
67.8028736114502
67.83410787582397
67.86531257629395
67.89701819419861
67.92882752418518
67.96011757850647
67.99184250831604
68.02312183380127
68.05436444282532
68.08608484268188
68.11737847328186
68.14861726760864
68.17986106872559
68.21154189109802
68.24293971061707
68.25850081443787
68.29054236412048
68.32183027267456
68.35307693481445
68.38532519340515
68.41604089736938
68.44760489463806
68.48535966873169
68.51056981086731
68.54181265830994
68.57305765151978
68.60469579696655
68.63607668876648
68.66755938529968
68.6993637084961
68.73064947128296
68.76189970970154
68.79361319541931
68.82489466667175
68.85613894462585
68.88786363601685
68.91914463043213
68.9347767829895
68.96627736091614
68.99795937538147
69.04485964775085
69.06049394607544
69.09219408035278
69.12347650527954
69.15468335151672
69.18697571754456
69.21769595146179
69.2489402294159
69.28722190856934
69.31192946434021
69.34317302703857
69.37453627586365
69.4062397480011
69.43748307228088
69.47523045539856
69.50079798698425
69.53204417228699
69.56333065032959
69.59499979019165
69.62628936767578
69.6578643321991
69.68919014930725
69.72047019004822
69.7361011505127
69.78295373916626
69.81466150283813
69.84590721130371
69.87714982032776
69.89319658279419
69.92453265190125
69.9557421207428
70.00304651260376
70.03429317474365
70.06553554534912
70.09724569320679
70.12852501869202
70.15978002548218
70.19148564338684
70.2227668762207
70.23835635185242
70.26963973045349
70.30129861831665
70.34819912910461
70.37945580482483
70.41119980812073
70.44244575500488
70.47368502616882
70.50985884666443
70.53707122802734
70.56831336021423
70.5999436378479
70.63187146186829
70.64756298065186
70.69007658958435
70.71075344085693
70.74199652671814
70.77323865890503
70.8049066066742
70.83619689941406
70.86744046211243
70.89910984039307
70.93035626411438
70.96161389350891
70.99335384368896
71.02768731117249
71.05597710609436
71.08720684051514
71.11889147758484
71.15018010139465
71.18137717247009
71.21295070648193
71.24479722976685
71.26035022735596
71.2915472984314
71.32282972335815
71.35406112670898
71.3918285369873
71.41704082489014
71.44828152656555
71.47952818870544
71.51123785972595
71.54791617393494
71.57409143447876
71.60580372810364
71.63709568977356
71.66833806037903
71.70005536079407
71.73133540153503
71.76259136199951
71.79267191886902
71.82542705535889
71.85670232772827
71.88791084289551
71.90400099754333
71.9352478981018
71.96649050712585
72.01378154754639
72.04502463340759
72.07662582397461
72.10834813117981
72.13962578773499
72.17086839675903
72.20259857177734
72.23389267921448
72.26508688926697
72.2967221736908
72.32796740531921
72.3597981929779
72.39440584182739
72.42311906814575
72.45435047149658
72.48556113243103
72.51720595359802
72.54849171638489
72.5808355808258
72.61049222946167
72.64169049263
72.67296600341797
72.69516205787659
72.72036147117615
72.75161480903625
72.79539704322815
72.81462979316711
72.84586906433105
72.87715768814087
72.90885996818542
72.9401524066925
72.97139191627502
73.00298285484314
73.03427481651306
73.06547260284424
73.10241460800171
73.12854504585266
73.15983414649963
73.19588255882263
73.22309279441833
73.25433468818665
73.28556966781616
73.31732559204102
73.34856700897217
73.37976717948914
73.4114785194397
73.44275951385498
73.47400045394897
73.49663591384888
73.52131533622742
73.55254673957825
73.59680700302124
73.62060236930847
73.64723443984985
73.67852115631104
73.71019864082336
73.74144530296326
73.7727313041687
73.81194925308228
73.83591794967651
73.8671703338623
73.89882254600525
73.93010091781616
73.96131205558777
73.99259853363037
74.0242555141449
74.05554270744324
74.08674168586731
74.11842656135559
74.14977025985718
74.16544222831726
74.19714426994324
74.22832226753235
74.2602264881134
74.29744529724121
74.32314491271973
74.35439348220825
74.38559341430664
74.41723918914795
74.448481798172
74.47972440719604
74.51136875152588
74.54261541366577
74.57385802268982
74.60557508468628
74.63686633110046
74.66814875602722
74.69982290267944
74.7310860157013
74.76231217384338
74.79358673095703
74.8252341747284
74.84085702896118
74.8720965385437
74.90380811691284
74.93509984016418
74.96634197235107
74.99908065795898
75.02921104431152
75.06049966812134
75.09920477867126
75.12375617027283
75.15499949455261
75.18634343147278
75.21804666519165
75.24930047988892
75.28053188323975
75.31222629547119
75.34352517127991
75.37472152709961
75.3999342918396
75.42211079597473
75.45333814620972
75.48458456993103
75.515798330307
75.54700493812561
75.57824802398682
75.60999727249146
75.64144444465637
75.67252993583679
75.7042326927185
75.73547840118408
75.766770362854
75.80101418495178
75.82968187332153
75.86096811294556
75.89221143722534
75.92393851280212
75.95513677597046
75.98642373085022
76.01815795898438
76.04936814308167
76.08064436912537
76.11231637001038
76.14359498023987
76.17480707168579
76.20202350616455
76.22262835502625
76.253910779953
76.28515601158142
76.31675982475281
76.34804177284241
76.37924933433533
76.41100454330444
76.44225335121155
76.4735381603241
76.50525093078613
76.53649640083313
76.56778740882874
76.60298776626587
76.63061881065369
76.66213917732239
76.69384479522705
76.72806859016418
76.75714683532715
76.78834176063538
76.82014179229736
76.83590960502625
76.88292121887207
76.90304899215698
76.93018102645874
76.96146941184998
77.0032205581665
77.02478289604187
77.05566453933716
77.08691668510437
77.11858248710632
77.14986228942871
77.1810712814331
77.21274495124817
77.2493040561676
77.27552151679993
77.30813097953796
77.3393349647522
77.37115240097046
77.40207362174988
77.43352723121643
77.46444702148438
77.49644136428833
77.52689266204834
77.54800367355347
77.57929110527039
77.62698650360107
77.64303302764893
77.69022369384766
77.71351456642151
77.74480128288269
77.77630662918091
77.80820751190186
77.83949899673462
77.87074446678162
77.90451669692993
77.93372678756714
77.96497058868408
77.99620294570923
78.02788734436035
78.05912947654724
78.09037256240845
78.12208819389343
78.15333008766174
78.20015358924866
78.23367762565613
78.27481460571289
78.3113067150116
78.34284043312073
78.37441873550415
78.40649771690369
78.43809413909912
78.48541378974915
78.51713967323303
78.54838585853577
78.57967329025269
78.61126661300659
78.64251160621643
78.67380023002625
78.70603466033936
78.75235486030579
78.78360652923584
78.81501197814941
78.8463044166565
78.89316844940186
78.92489361763
78.95611333847046
78.9873571395874
79.01899290084839
79.05059862136841
79.08202958106995
79.1136679649353
79.14495015144348
79.17615699768066
79.20786046981812
79.23914003372192
79.27039313316345
79.30715203285217
79.33375835418701
79.36503195762634
79.3962574005127
79.4279317855835
79.45922040939331
79.49046063423157
79.52213478088379
79.55342864990234
79.5846676826477
79.61636447906494
79.6476137638092
79.67889857292175
79.71053266525269
79.757404088974
79.78869223594666
79.82035326957703
79.86742305755615
79.89866638183594
79.93034243583679
79.96155142784119
79.99283289909363
80.02455115318298
80.05576133728027
80.0870041847229
80.11876153945923
80.1500597000122
80.18127489089966
80.21283102035522
80.24412131309509
80.27595233917236
80.30827164649963
80.33848190307617
80.3701286315918
80.41270208358765
80.44661164283752
80.47855877876282
80.50982975959778
80.54273962974548
80.57664680480957
80.60904240608215
80.64095902442932
80.67130923271179
80.69733476638794
80.7285270690918
80.75979161262512
80.79103374481201
80.82266521453857
80.85391116142273
80.88554525375366
80.91729068756104
80.94854736328125
80.9797797203064
81.01152467727661
81.04277205467224
81.07405376434326
81.10529923439026
81.13701748847961
81.1682243347168
81.19950675964355
81.21558785438538
81.24686932563782
81.29373264312744
81.32537817955017
81.34103631973267
81.37229084968567
81.41066360473633
81.4353334903717
81.48216152191162
81.51870083808899
81.54646182060242
81.57770466804504
81.61053442955017
81.64071249961853
81.6783287525177
81.71583986282349
81.7477536201477
81.77910900115967
81.8265483379364
81.85835075378418
81.874263048172
81.91103386878967
81.95283603668213
81.98403406143188
82.01566958427429
82.0469160079956
82.07815885543823
82.11140441894531
82.14293694496155
82.17264461517334
82.20384335517883
82.23548626899719
82.26672959327698
82.29797387123108
82.32964897155762
82.36089134216309
82.39217782020569
82.42969727516174
82.45539808273315
82.48664617538452
82.51834297180176
82.54959106445312
82.58083200454712
82.6119635105133
82.6432101726532
82.69010615348816
82.7217857837677
82.75303220748901
82.78427720069885
82.81591033935547
82.8471577167511
82.87843346595764
82.91269731521606
82.94812774658203
82.97330617904663
83.01255655288696
83.03626370429993
83.06746339797974
83.09870481491089
83.13034296035767
83.16163229942322
83.19287037849426
83.22450542449951
83.25579643249512
83.28755784034729
83.31916856765747
83.3504581451416
83.38170099258423
83.41340517997742
83.44457912445068
83.47615098953247
83.50744366645813
83.53907585144043
83.55493211746216
83.58642649650574
83.61830163002014
83.64959168434143
83.68084144592285
83.71407055854797
83.74376559257507
83.77510619163513
83.81422257423401
83.83788418769836
83.86909365653992
83.9003849029541
83.93210959434509
83.96334266662598
83.99498653411865
84.02662754058838
84.0578773021698
84.08916521072388
84.1208245754242
84.15211772918701
84.18331456184387
84.21506357192993
84.24620151519775
84.2774748802185
84.30872845649719
84.3404004573822
84.37164330482483
84.40285229682922
84.43449020385742
84.46577000617981
84.4981038570404
84.51544499397278
84.54460287094116
84.5758306980133
84.61566591262817
84.63887667655945
84.67010974884033
84.7013611793518
84.73307871818542
84.76430988311768
84.79555654525757
84.82719731330872
84.85850238800049
84.88968825340271
84.92132806777954
84.95261907577515
84.98386096954346
85.01747488975525
85.04687809944153
85.07812094688416
85.10939574241638
85.14628624916077
85.17717123031616
85.20717120170593
85.2376651763916
85.26755118370056
85.29747319221497
85.32804989814758
85.35796785354614
85.3908486366272
85.42140293121338
85.45331931114197
85.48423504829407
85.51616024971008
85.5519323348999
85.58287382125854
85.61480903625488
85.64698910713196
85.68189406394958
85.71181988716125
85.7439067363739
85.7728533744812
85.8097653388977
85.84186363220215
85.87376856803894
85.90468287467957
85.9341561794281
85.96408462524414
85.99400496482849
86.02451419830322
86.0577540397644
86.08867406845093
86.12098836898804
86.15090560913086
86.18282008171082
86.21275472640991
86.24524283409119
86.2771258354187
86.31071066856384
86.33922934532166
86.3701114654541
86.40006685256958
86.43046474456787
86.46237850189209
86.49233102798462
86.52285099029541
86.55382084846497
86.5866949558258
86.61817264556885
86.64909482002258
86.69189262390137
86.72154426574707
86.75345826148987
86.78337860107422
86.82286596298218
86.85381722450256
86.88672971725464
86.91824173927307
