0 0
2 0
4 -2.212
6 -4.245
8 -5.076
10 -6.533
12 -6.533
14 -5.948
16 -1.669
18 2.568
20 7.436
22 13.959
24 18.138
26 22.245
28 22.245
30 18.323
32 13.671
34 8.845
36 4.042
38 0.846
40 -0.885
42 -2.784
44 -3.911
46 -5.054
48 -5.054
50 -4.425
52 -0.92
54 0.973
56 5.065
58 11.418
60 17.466
62 20.595
64 22.02
66 22.02
68 17.57
70 13.504
72 7.948
74 4.539
76 1.281
78 -0.488
80 -1.735
82 -3.16
84 -4.549
86 -5.458
88 -5.458
90 -4.14
92 0.982
94 2.548
96 6.289
98 14.715
100 20.986
102 25.625
104 25.625
106 24.386
108 20.6
110 16.61
112 10.57
114 5.752
116 2.707
118 0.615
120 -1.476
122 -3.395
124 -4.696
126 -5.457
128 -5.887
130 -5.887
132 -4.909
134 -0.755
136 0.961
138 4.765
140 12.251
142 17.536
144 20.546
146 20.546
148 14.862
150 9.706
152 5.416
154 1.587
156 -0.336
158 -2.177
160 -4.138
162 -5.113
164 -5.163
166 -5.682
168 -6.369
170 -6.514
172 -6.514
174 -3.921
176 0.03
178 2.872
180 6.794
182 11.757
184 17.803
186 19.873
188 19.873
190 14.666
192 9.639
194 7.857
196 2.435
198 -1.372
200 -3.434
202 -4.418
204 -5.317
206 -5.332
208 -6.222
210 -6.684
212 -6.684
214 -5.77
216 -3.243
218 1.479
220 5.399
222 10.77
224 15.911
226 18.244
228 18.244
230 11.978
232 5.789
234 2.795
236 -0.445
238 -2.676
240 -4.093
242 -4.403
244 -4.626
246 -4.929
248 -5.478
250 -5.804
252 -5.818
254 -5.804
256 -4.689
258 -0.895
260 3.685
262 8.076
264 13.807
266 18.19
268 23.373
270 23.373
272 22.101
274 15.722
276 9.951
278 4.969
280 1.884
282 -0.411
284 -2.774
286 -4.021
288 -4.706
290 -4.922
292 -5.021
294 -5.499
296 -5.499
298 -4.516
300 -2.131
302 1.818
304 6.157
306 8.582
308 12.393
310 19.596
312 19.596
314 11.603
316 -5.835
318 -5.835
320 -0.977
322 5.691
324 9.963
326 14.202
328 18.545
330 18.545
332 13.739
334 8.234
336 1.619
338 -2.252
340 -5.56
342 -7.182
344 -8.264
346 -9.1
348 -9.485
350 -10.077
352 -10.225
354 -10.225
356 -10.137
358 -9.753
360 -7.252
362 -2.631
364 4.145
366 8.542
368 13.38
370 14.653
372 15.926
374 16.931
376 16.931
378 8.148
380 1.414
382 -4.753
384 -8.345
386 -9.378
388 -9.996
390 -11.16
392 -11.606
394 -11.606
396 -11.286
398 -10.967
400 -9.275
402 -3.392
404 5.707
406 13.878
408 20.549
410 20.549
412 17.393
414 10.984
416 5.129
418 0.219
420 -4.293
422 -7.482
424 -8.152
426 -9.06
428 -9.396
430 -9.67
432 -10.346
434 -11.425
436 -11.425
438 -11.38
440 -9.763
442 -6.699
444 -2.025
446 3.216
448 9.017
450 15.056
452 15.853
454 16.651
456 17.883
458 17.883
460 8.802
462 1.245
464 -4.692
466 -8.579
468 -9.092
470 -9.379
472 -9.666
474 -10.512
476 -11.64
478 -11.64
480 -11.289
482 -10.293
484 -8.372
486 -4.275
488 1.806
490 8.218
492 13.288
494 17.289
496 17.289
498 16.098
500 15.717
502 15.335
504 14.954
506 14.572
508 14.19
510 13.809
512 13.427
514 13.046
516 12.664
518 12.283
520 11.901
522 11.52
524 11.138
526 10.756
528 10.375
530 9.993
532 9.993
534 11.321
536 12.806
538 12.806
540 8.46
542 6.409
544 2.178
546 -4.324
548 -7.794
550 -8.86
552 -9.606
554 -10.221
556 -10.365
558 -11.026
560 -11.2
562 -11.265
564 -11.265
566 -11.419
568 -11.419
570 -10.368
572 -8.283
574 -2.312
576 2.484
578 7.586
580 11.753
582 14.22
584 14.22
586 8.655
588 1.397
590 -3.671
592 -7.064
594 -8.538
596 -9.494
598 -10.382
600 -10.834
602 -11.808
604 -11.808
606 -11.574
608 -11.574
610 -11.288
612 -9.872
614 -6.614
616 -0.426
618 4.425
620 9.324
622 12.76
624 12.76
626 7.686
628 2.058
630 -3.95
632 -7.856
634 -8.755
636 -9.737
638 -10.251
640 -10.816
642 -12.329
644 -12.329
646 -11.745
648 -11.681
650 -11.188
652 -11.188
654 -10.041
656 -6.001
658 0.062
660 4.816
662 9.288
664 14.079
666 16.808
668 16.808
670 10.172
672 3.792
674 -1.447
676 -4.952
678 -7.988
680 -8.661
682 -9.842
684 -10.091
686 -10.421
688 -10.582
690 -10.722
692 -10.722
694 -10.722
696 -9.419
698 -5.477
700 0.331
702 5.536
704 10.624
706 16.706
708 19.636
710 19.636
712 12.516
714 6.336
716 0.602
718 -3.53
720 -6.47
722 -8.721
724 -9.976
726 -10.638
728 -10.728
730 -10.728
732 -10.789
734 -10.72
736 -9.889
738 -6.401
740 -1.605
742 4.874
744 9.01
746 14.128
748 15.91
750 15.91
752 9.447
754 4.807
756 -0.466
758 -4.615
760 -7.61
762 -9.483
764 -10.207
766 -10.647
768 -10.79
770 -11.049
772 -11.049
774 -10.445
776 -7.073
778 -3.366
780 1.104
782 2.402
784 7.208
786 15.155
788 15.155
790 10.379
792 4.254
794 -0.927
796 -4.895
798 -8.237
800 -9.966
802 -10.89
804 -12.4
806 -12.593
808 -12.593
810 -12.593
812 -12.651
814 -12.553
816 -11.796
818 -9.728
820 -5.814
822 -3.501
824 -0.061
826 5.836
828 15.008
830 15.008
832 12.601
834 6.805
836 1.273
838 -2.568
840 -5.814
842 -8.195
844 -9.887
846 -10.552
848 -10.802
850 -11.081
852 -11.13
854 -12.402
856 -12.725
858 -12.725
860 -12.825
862 -12.703
864 -12.825
866 -12.498
868 -11.285
870 -7.986
872 -3.628
874 0.126
876 4.646
878 9.638
880 9.638
882 6.094
884 0.345
886 -4.816
888 -7.995
890 -9.298
892 -10.532
894 -10.573
896 -11.005
898 -12.245
900 -12.61
902 -12.61
904 -12.118
906 -11.878
908 -11.878
910 -12.009
912 -12.009
914 -12.009
916 -12.049
918 -12.605
920 -12.605
922 -12.53
924 -9.926
926 -7.126
928 -4.029
930 0.382
932 4.703
934 6.171
936 6.171
938 0.123
940 -4.483
942 -6.648
944 -7.835
946 -9.156
948 -10.878
950 -11.384
952 -11.739
954 -11.847
956 -12.122
958 -12.209
960 -12.304
962 -12.799
964 -12.799
966 -12.454
968 -12.419
970 -10.992
972 -9.498
974 -5.345
976 -1.197
978 3.228
980 7.598
982 7.598
984 4.842
986 -1.108
988 -4.443
990 -6.752
992 -9.622
994 -10.806
996 -11.229
998 -11.377
1000 -11.47
1002 -11.47
1004 -12.062
1006 -12.598
1008 -12.598
1010 -12.492
1012 -11.023
1014 -9.377
1016 -5.38
1018 0.176
1020 5.1
1022 8.033
1024 9.325
1026 11.858
1028 11.858
1030 8.277
1032 7.39
1034 6.437
1036 5.052
1038 0.3
1040 -3.331
1042 -5.546
1044 -8.433
1046 -8.6
1048 -8.6
1050 -8.133
1052 -8.133
1054 -8.905
1056 -8.905
1058 -5.29
1060 2.443
1062 7.688
1064 16.289
1066 22.211
1068 22.211
1070 18.193
1072 12.234
1074 7.28
1076 3.307
1078 -1.5
1080 -4.551
1082 -6.335
1084 -8.405
1086 -9.54
1088 -10.164
1090 -10.164
1092 -10.303
1094 -10.576
1096 -10.576
1098 -10.515
1100 -10.515
1102 -10.574
1104 -10.983
1106 -11.392
1108 -11.392
1110 -8.525
1112 -3.634
1114 2.64
1116 8.959
1118 16.272
1120 23.829
1122 26.614
1124 26.614
1126 21.108
1128 16.416
1130 11.873
1132 6.545
1134 2.92
1136 -1.589
1138 -4.437
1140 -7.855
1142 -9.235
1144 -9.781
1146 -10.662
1148 -10.791
1150 -10.791
1152 -7.807
1154 -2.878
1156 2.279
1158 7.631
1160 13.438
1162 20.56
1164 26.25
1166 26.25
1168 20.516
1170 14.969
1172 12.155
1174 6.968
1176 0.37
1178 -3.007
1180 -6.65
1182 -8.31
1184 -9.506
1186 -10.304
1188 -10.718
1190 -10.718
1192 -10.143
1194 -6.756
1196 -2.608
1198 3.188
1200 7.776
1202 12.612
1204 20.058
1206 20.455
1208 20.455
1210 14.508
1212 8.886
1214 5.044
1216 0.714
1218 -2.779
1220 -5.178
1222 -6.53
1224 -9.132
1226 -10.308
1228 -10.668
1230 -11.353
1232 -11.353
1234 -9.807
1236 -6.307
1238 -2.252
1240 2.385
1242 7.478
1244 11.927
1246 15.05
1248 15.05
1250 10.046
1252 5.563
1254 0.616
1256 -2.595
1258 -5.221
1260 -7.82
1262 -9.19
1264 -9.601
1266 -10.921
1268 -11.505
1270 -11.711
1272 -12.162
1274 -12.162
1276 -10.595
1278 -7.862
1280 -3.106
1282 1.004
1284 5.645
1286 10.58
1288 16.623
1290 16.623
1292 11.424
1294 6.501
1296 2.905
1298 -1.047
1300 -3.911
1302 -5.769
1304 -7.58
1306 -9.218
1308 -10.046
1310 -10.769
1312 -11.286
1314 -11.574
1316 -11.952
1318 -11.952
1320 -11.722
1322 -10.39
1324 -7.658
1326 -4.223
1328 1.217
1330 5.758
1332 10.955
1334 10.955
1336 8.986
1338 5.183
1340 0.678
1342 -1.602
1344 -3.637
1346 -8.05
1348 -8.885
1350 -10.061
1352 -11.027
1354 -11.172
1356 -11.505
1358 -11.757
1360 -12.319
1362 -12.319
1364 -11.955
1366 -9.793
1368 -6.022
1370 -2.141
1372 3.363
1374 6.805
1376 11.317
1378 11.317
1380 9.03
1382 5.987
1384 3.248
1386 -0.721
1388 -4.719
1390 -7.835
1392 -9.564
1394 -10.489
1396 -10.975
1398 -11.193
1400 -11.466
1402 -12.271
1404 -12.271
1406 -12.145
1408 -11.433
1410 -9.384
1412 -6.392
1414 -1.465
1416 4.532
1418 8.181
1420 12.734
1422 12.734
1424 9.998
1426 5.321
1428 0.483
1430 -3.29
1432 -6.617
1434 -9.264
1436 -9.993
1438 -10.71
1440 -11.585
1442 -11.665
1444 -12.354
1446 -12.354
1448 -12.351
1450 -12.307
1452 -12.226
1454 -11.835
1456 -9.819
1458 -6.334
1460 -2.928
1462 -0.619
1464 1.508
1466 7.063
1468 9.27
1470 9.27
1472 4.635
1474 0.734
1476 -0.045
1478 -0.135
1480 -0.204
1482 -0.528
1484 -2.45
1486 -4.651
1488 -5.424
1490 -5.467
1492 -6.222
1494 -8.593
1496 -9.124
1498 -9.124
1500 -8.78
1502 -5.272
1504 -4.141
1506 0.598
1508 6.278
1510 13.549
1512 16.954
1514 16.954
1516 11.124
1518 7.728
1520 6.461
1522 4.234
1524 -1.643
1526 -5.08
1528 -8.619
1530 -9.756
1532 -10.283
1534 -10.592
1536 -11.27
1538 -11.27
1540 -10.467
1542 -7.84
1544 -3.9
1546 0.104
1548 4.204
1550 9.152
1552 10.729
1554 16.442
1556 16.442
1558 11.554
1560 8.435
1562 5.104
1564 3.553
1566 0.884
1568 -1.981
1570 -4.806
1572 -6.15
1574 -8.266
1576 -8.82
1578 -8.963
1580 -8.963
1582 -8.27
1584 -2.717
1586 1.879
1588 7.591
1590 12.235
1592 17.548
1594 20
1596 20
1598 15.071
1600 11.885
1602 9.742
1604 6.018
1606 2.556
1608 -0.108
1610 -1.695
1612 -4.74
1614 -6.724
1616 -8.395
1618 -8.854
1620 -9.237
1622 -9.237
1624 -5.923
1626 -0.731
1628 4.683
1630 8.993
1632 14.417
1634 18.782
1636 18.782
1638 18.233
1640 15.637
1642 12.998
1644 9.89
1646 6.964
1648 5.495
1650 3.601
1652 0.177
1654 -2.122
1656 -3.822
1658 -4.83
1660 -6.419
1662 -8.751
1664 -8.751
1666 -7.441
1668 -3.366
1670 1.544
1672 6.166
1674 9.513
1676 14.175
1678 18.978
1680 18.978
1682 15.757
1684 13.378
1686 9.749
1688 7.307
1690 5.289
1692 3.625
1694 -0.005
1696 -2.223
1698 -3.461
1700 -5.125
1702 -6.074
1704 -8.147
1706 -9.515
1708 -9.618
1710 -9.618
1712 -6.949
1714 -3.487
1716 0.502
1718 5.586
1720 10.425
1722 15.034
1724 15.034
1726 12.378
1728 8.274
1730 7.854
1732 7.435
1734 5.78
1736 3.26
1738 -0.249
1740 -1.915
1742 -3.221
1744 -4.516
1746 -6.254
1748 -8.242
1750 -8.365
1752 -8.365
1754 -6.789
1756 -3.369
1758 0.694
1760 5.058
1762 9.338
1764 13.405
1766 13.405
1768 9.915
1770 7.565
1772 5.354
1774 4.21
1776 1.96
1778 -0.039
1780 -1.132
1782 -1.257
1784 -3.126
1786 -4.999
1788 -6.547
1790 -8.504
1792 -9.368
1794 -9.52
1796 -9.979
1798 -9.979
1800 -8.582
1802 -5.746
1804 -2.334
1806 1.891
1808 7.651
1810 12.374
1812 13.569
1814 13.569
1816 9.888
1818 7.99
1820 6.461
1822 5.37
1824 4.233
1826 2.97
1828 1.012
1830 -1.147
1832 -2.891
1834 -4.33
1836 -5.021
1838 -6.462
1840 -8.862
1842 -9.492
1844 -9.492
1846 -9.224
1848 -6.405
1850 -2.014
1852 1.868
1854 6.742
1856 11.667
1858 15.508
1860 15.508
1862 12.194
1864 10.73
1866 9.266
1868 6.926
1870 4.89
1872 2.278
1874 -0.652
1876 -1.799
1878 -3.142
1880 -5.007
1882 -5.884
1884 -7.949
1886 -9.547
1888 -9.547
1890 -9.128
1892 -5.351
1894 -1.405
1896 3.36
1898 8.423
1900 13.515
1902 19.172
1904 19.172
1906 15.832
1908 12.312
1910 11.33
1912 10.347
1914 8.049
1916 3.61
1918 0.199
1920 -1.561
1922 -3.59
1924 -6.062
1926 -7.807
1928 -8.471
1930 -9.493
1932 -9.493
1934 -6.979
1936 -2.689
1938 0.925
1940 1.652
1942 2.379
1944 3.999
1946 9.755
1948 17.293
1950 17.293
1952 15.452
1954 11.014
1956 7.317
1958 5.438
1960 3.122
1962 1.115
1964 -1.739
1966 -3.89
1968 -4.833
1970 -5.919
1972 -10.762
1974 -12.782
1976 -12.782
1978 -12.709
1980 -11.077
1982 -9.445
1984 -6.441
1986 -2.522
1988 3.18
1990 9.748
1992 14.746
1994 14.746
1996 11.517
1998 7.359
2000 5.368
2002 3.286
2004 0.69
2006 -0.037
2008 -0.763
2010 -1.49
2012 -3.432
2014 -5.779
2016 -7.953
2018 -9.367
2020 -11.212
2022 -11.525
2024 -11.525
2026 -10.366
2028 -6.694
2030 -1.27
2032 5.405
2034 11.625
2036 17.683
2038 17.683
2040 16.398
2042 11.898
2044 9.556
2046 6.734
2048 2.279
2050 -0.499
2052 -1.819
2054 -3.224
2056 -4.629
2058 -6.675
2060 -7.756
2062 -8.271
2064 -9.827
2066 -10.588
2068 -10.724
2070 -10.724
2072 -8.734
2074 -4.436
2076 0.576
2078 6.386
2080 11.18
2082 15.834
2084 15.834
2086 11.298
2088 7.286
2090 4.278
2092 0.376
2094 -1.705
2096 -3.683
2098 -5.108
2100 -7.548
2102 -9.653
2104 -9.932
2106 -10.478
2108 -10.641
2110 -10.867
2112 -12.67
2114 -12.989
2116 -12.989
2118 -11.703
2120 -9.019
2122 -5.589
2124 -1.289
2126 3.318
2128 5.671
2130 8.025
2132 8.025
2134 5.718
2136 1.297
2138 -1.8
2140 -3.542
2142 -4.812
2144 -7.428
2146 -9.099
2148 -9.944
2150 -10.17
2152 -10.862
2154 -11.851
2156 -12.967
2158 -13.115
2160 -13.151
2162 -13.151
2164 -12.977
2166 -12.977
2168 -12.977
2170 -11.382
2172 -8.407
2174 -4.402
2176 -0.534
2178 4.292
2180 7.97
2182 7.97
2184 3.401
2186 -1.562
2188 -4.089
2190 -5.978
2192 -8.547
2194 -8.712
2196 -9.835
2198 -10.771
2200 -12.727
2202 -12.788
2204 -12.835
2206 -12.874
2208 -12.935
2210 -13.421
2212 -13.421
2214 -13.233
2216 -13.147
2218 -12.837
2220 -12.09
2222 -7.684
2224 -3.294
2226 1.87
2228 7.748
2230 9.954
2232 9.954
2234 9.133
2236 5.369
2238 -0.604
2240 -4.371
2242 -8.321
2244 -10.13
2246 -10.675
2248 -11.506
2250 -11.552
2252 -12.85
2254 -13.06
2256 -13.06
2258 -12.619
2260 -12.421
2262 -12.421
2264 -12.9
2266 -12.9
2268 -12.866
2270 -12.788
2272 -12.585
2274 -12.003
2276 -9.808
2278 -5.802
2280 -1.368
2282 4.538
2284 9.364
2286 9.364
2288 9.092
2290 5.357
2292 2.543
2294 -4.369
2296 -9.167
2298 -10.909
2300 -11.532
2302 -12.024
2304 -12.611
2306 -12.962
2308 -13.358
2310 -13.416
2312 -13.677
2314 -13.93
2316 -14.229
2318 -14.266
2320 -14.266
2322 -12.664
2324 -9.124
2326 -3.476
2328 2.239
2330 5.682
2332 7.333
2334 13.038
2336 13.038
2338 6.423
2340 0.902
2342 -2.292
2344 -5.875
2346 -9.681
2348 -11.105
2350 -11.762
2352 -12.154
2354 -12.154
2356 -12.072
2358 -10.747
2360 -7.152
2362 -2.225
2364 3.562
2366 8.614
2368 15.706
2370 20.996
2372 21.345
2374 21.345
2376 13.442
2378 7.858
2380 3.285
2382 -1.15
2384 -4.773
2386 -7.148
2388 -9.872
2390 -11.172
2392 -11.543
2394 -11.543
2396 -8.492
2398 -4.071
2400 1.245
2402 7.06
2404 13.073
2406 18.116
2408 18.116
2410 17.817
2412 15.531
2414 12.371
2416 7.153
2418 1.532
2420 -3.973
2422 -7.057
2424 -9.374
2426 -10.983
2428 -11.406
2430 -11.949
2432 -11.949
2434 -10.967
2436 -7.684
2438 -2.913
2440 2.343
2442 7.411
2444 13.046
2446 17.759
2448 17.759
2450 12.771
2452 8.69
2454 5.212
2456 2.303
2458 -0.1
2460 -3.352
2462 -5.685
2464 -7.992
2466 -9.668
2468 -10.652
2470 -11.207
2472 -11.207
2474 -11.044
2476 -8.058
2478 -3.542
2480 1.661
2482 6.56
2484 11.468
2486 14.365
2488 14.365
2490 9.776
2492 7.589
2494 3.506
2496 0.341
2498 -1.482
2500 -3.648
2502 -5.718
2504 -8.343
2506 -9.078
2508 -10.035
2510 -11.317
2512 -11.859
2514 -11.859
2516 -11.292
2518 -6.906
2520 -2.738
2522 2.928
2524 6.342
2526 11.016
2528 15.28
2530 15.28
2532 14.167
2534 9.304
2536 4.544
2538 1.712
2540 -0.884
2542 -2.722
2544 -5.086
2546 -7.533
2548 -9.084
2550 -10.303
2552 -11.373
2554 -11.904
2556 -12.274
2558 -12.274
2560 -10.213
2562 -6.79
2564 -1.966
2566 2.417
2568 7.003
2570 10.916
2572 10.916
2574 10.111
2576 6.389
2578 1.695
2580 -1.685
2582 -3.15
2584 -4.542
2586 -6.93
2588 -9.601
2590 -10.66
2592 -11.421
2594 -12.139
2596 -12.523
2598 -13.066
2600 -13.337
2602 -13.337
2604 -13.246
2606 -11.942
2608 -8.882
2610 -5.815
2612 -2.273
2614 2.57
2616 7.677
2618 8.702
2620 8.702
2622 6.123
2624 3.454
2626 1.234
2628 -0.878
2630 -4.016
2632 -6.355
2634 -7.742
2636 -9.419
2638 -10.608
2640 -12.078
2642 -12.483
2644 -12.738
2646 -12.803
2648 -12.803
2650 -12.634
2652 -12.595
2654 -9.569
2656 -4.01
2658 0.221
2660 4.904
2662 8.754
2664 10.087
2666 10.087
2668 6.615
2670 4.638
2672 1.937
2674 -0.786
2676 -2.651
2678 -4.067
2680 -5.93
2682 -6.495
2684 -9.48
2686 -11.807
2688 -12.254
2690 -12.493
2692 -12.658
2694 -12.658
2696 -12.49
2698 -10.903
2700 -6.383
2702 -1.971
2704 0.313
2706 1.24
2708 2.643
2710 6.734
2712 8.557
2714 8.961
2716 10.826
2718 10.826
2720 5.725
2722 0.385
2724 -3.956
2726 -7.567
2728 -10.281
2730 -11.595
2732 -11.728
2734 -11.761
2736 -11.728
2738 -11.689
2740 -9.646
2742 -6.112
2744 -2.083
2746 3.405
2748 7.255
2750 11.509
2752 15.424
2754 15.424
2756 9.679
2758 4.828
2760 -1.602
2762 -3.655
2764 -4.284
2766 -8.072
2768 -10.152
2770 -11.891
2772 -11.922
2774 -12.124
2776 -12.124
2778 -12.019
2780 -11.123
2782 -8.738
2784 -4.586
2786 0.512
2788 5.729
2790 10.868
2792 14.809
2794 14.809
2796 12.161
2798 7.063
2800 6.093
2802 1.253
2804 -2.811
2806 -4.671
2808 -6.771
2810 -9.386
2812 -9.921
2814 -10.678
2816 -12.324
2818 -12.762
2820 -12.762
2822 -12.477
2824 -11.642
2826 -8.556
2828 -4.004
2830 1.701
2832 7.116
2834 10.928
2836 10.928
2838 10.225
2840 5.924
2842 1.758
2844 -1.189
2846 -4.279
2848 -6.314
2850 -7.575
2852 -8.432
2854 -10.26
2856 -11.66
2858 -12.825
2860 -12.825
2862 -12.834
2864 -12.919
2866 -13.904
2868 -13.904
2870 -13.444
2872 -13.362
2874 -13.362
2876 -13.952
2878 -14.289
2880 -14.289
2882 -13.235
2884 -11.354
2886 -7.257
2888 -4.427
2890 0.526
2892 1.813
2894 3.85
2896 3.85
2898 -2.892
2900 -7.942
2902 -10.732
2904 -12.376
2906 -12.813
2908 -13.158
2910 -13.558
2912 -13.558
2914 -13.262
2916 -13.203
2918 -13.203
2920 -13.307
2922 -13.311
2924 -13.311
2926 -13.097
2928 -13.097
2930 -13.346
2932 -13.445
2934 -13.445
2936 -13.111
2938 -11.502
2940 -7.94
2942 -5.087
2944 -1.802
2946 0.316
2948 0.316
2950 -2.027
2952 -5.276
2954 -7.312
2956 -7.709
2958 -8.491
2960 -9.684
2962 -11.02
2964 -11.02
2966 -9.083
2968 -7.639
2970 -6.528
2972 -5.439
2974 -5.439
2976 -8.003
2978 -11.219
2980 -11.219
2982 -9.048
2984 -7.647
2986 -4.146
2988 1.325
2990 6.073
2992 11.767
2994 11.767
2996 11.569
2998 6.663
3000 2.379
3002 -1.388
3004 -5.352
3006 -9.17
3008 -10.83
3010 -11.839
3012 -12.359
3014 -12.953
3016 -13.467
3018 -13.467
3020 -12.478
3022 -8.875
3024 -2.944
3026 2.885
3028 9.572
3030 13.317
3032 16.745
3034 16.745
3036 13.7
3038 8.016
3040 3.368
3042 -1.729
3044 -4.64
3046 -8.64
3048 -11.1
3050 -12.307
3052 -12.457
3054 -13.034
3056 -13.529
3058 -13.752
3060 -13.752
3062 -11.793
3064 -8.202
3066 -3.029
3068 1.561
3070 5.775
3072 8.393
3074 15.055
3076 18.405
3078 18.405
3080 14.48
3082 8.988
3084 2.604
3086 -2.259
3088 -6.926
3090 -10.66
3092 -12.463
3094 -13.351
3096 -13.959
3098 -14.32
3100 -14.779
3102 -15.505
3104 -15.505
3106 -15.505
3108 -15.623
3110 -15.623
3112 -15.682
3114 -15.28
3116 -15.207
3118 -12.817
3120 -9.748
3122 -6.79
3124 -3.216
3126 -3.216
3128 -3.443
3130 -7.692
3132 -11.084
3134 -13.112
3136 -14.102
3138 -14.452
3140 -14.562
3142 -15.359
3144 -16.65
3146 -16.834
3148 -16.834
3150 -16.609
3152 -16.609
3154 -16.646
3156 -16.974
3158 -16.974
3160 -16.715
3162 -16.023
3164 -16.023
3166 -15.771
3168 -15.706
3170 -14.913
3172 -12.225
3174 -7.541
3176 -2.996
3178 0.722
3180 2.791
3182 2.791
3184 -1.759
3186 -6.622
3188 -10.25
3190 -11.24
3192 -11.405
3194 -11.682
3196 -14.325
3198 -14.841
3200 -15.5
3202 -16.093
3204 -16.093
3206 -15.42
3208 -15.42
3210 -16.175
3212 -16.175
3214 -15.002
3216 -14.73
3218 -14.73
3220 -15.35
3222 -16.464
3224 -16.464
3226 -14.824
3228 -12.442
3230 -11.366
3232 -10.667
3234 -10.245
3236 -4.467
3238 1.725
3240 1.725
3242 -3.22
3244 -7.142
3246 -8.027
3248 -8.027
3250 -7.074
3252 -7.071
3254 -5.605
3256 -4.33
3258 -2.827
3260 -2.827
3262 -4.327
3264 -7.426
3266 -7.426
3268 -5.258
3270 -1.182
3272 0.252
3274 5.897
3276 15.507
3278 17.092
3280 17.092
3282 11.578
3284 5.146
3286 0.388
3288 -4.191
3290 -7.208
3292 -9.356
3294 -11.53
3296 -13.205
3298 -13.934
3300 -14.212
3302 -14.212
3304 -12.13
3306 -8.06
3308 -1.574
3310 4.016
3312 9.022
3314 17.205
3316 20.15
3318 20.15
3320 14.89
3322 9.623
3324 5.146
3326 0.876
3328 -2.389
3330 -5.715
3332 -7.743
3334 -8.6
3336 -10.724
3338 -11.915
3340 -11.915
3342 -9.854
3344 -9.854
3346 -11.247
3348 -13.602
3350 -13.602
3352 -11.595
3354 -8.557
3356 -4.78
3358 0.317
3360 4.91
3362 10.324
3364 12.903
3366 12.903
3368 7.011
3370 2.958
3372 -0.587
3374 -3.915
3376 -6.82
3378 -8.165
3380 -10.463
3382 -11.961
3384 -12.598
3386 -13.444
3388 -14.154
3390 -14.154
3392 -12.465
3394 -8.953
3396 -4.77
3398 -0.119
3400 4.438
3402 7.617
3404 9.422
3406 13.705
3408 13.705
3410 6.516
3412 0.62
3414 -4.837
3416 -7.699
3418 -9.743
3420 -11.547
3422 -12.652
3424 -13.351
3426 -14.007
3428 -14.067
3430 -14.067
3432 -13.443
3434 -12.697
3436 -9.234
3438 -6.394
3440 -2.078
3442 6.567
3444 10.825
3446 15.131
3448 15.131
3450 12.625
3452 7.484
3454 2.822
3456 0.292
3458 -0.905
3460 -1.783
3462 -4.121
3464 -5.547
3466 -7.04
3468 -8.999
3470 -11.811
3472 -13.004
3474 -13.757
3476 -13.757
3478 -12.172
3480 -9.094
3482 -4.991
3484 -0.285
3486 4.573
3488 9.427
3490 14.92
3492 14.92
3494 10.636
3496 6.714
3498 4.942
3500 2.163
3502 0.542
3504 -1.622
3506 -3.465
3508 -4.497
3510 -4.637
3512 -4.777
3514 -6
3516 -8.613
3518 -9.754
3520 -10.895
3522 -11.424
3524 -11.424
3526 -7.948
3528 -3.827
3530 2.255
3532 6.602
3534 10.668
3536 10.957
3538 10.957
3540 6.769
3542 5.346
3544 3.665
3546 2.567
3548 1.893
3550 1.871
3552 0.666
3554 -2.741
3556 -3.544
3558 -4.352
3560 -5.168
3562 -6.622
3564 -9.081
3566 -9.708
3568 -11.025
3570 -11.027
3572 -11.027
3574 -8.437
3576 -5.05
3578 -0.599
3580 4.26
3582 9.709
3584 13.485
3586 14.484
3588 14.484
3590 10.028
3592 7.893
3594 3.881
3596 -0.675
3598 -4.5
3600 -6.069
3602 -7.216
3604 -10.408
3606 -12.169
3608 -12.612
3610 -13.078
3612 -13.658
3614 -14.074
3616 -14.074
3618 -12.857
3620 -10.885
3622 -7.601
3624 -1.452
3626 0.891
3628 3.234
3630 6.495
3632 11.92
3634 11.92
3636 6.638
3638 4.455
3640 2.644
3642 0.413
3644 -1.886
3646 -4.279
3648 -6.679
3650 -9.02
3652 -11.107
3654 -12.28
3656 -12.852
3658 -13.361
3660 -13.528
3662 -13.913
3664 -14.825
3666 -15.133
3668 -15.133
3670 -14.215
3672 -10.145
3674 -5.089
3676 0.692
3678 2.798
3680 3.724
3682 4.986
3684 7.854
3686 8.73
3688 8.73
3690 5.403
3692 3.89
3694 1.914
3696 -0.398
3698 -0.973
