0 1.5635
0.2 1.739
0.4 1.9324
0.6 1.9324
0.8 1.7091
1 1.5308
1.2 1.356
1.4 1.1202
1.6 0.8387
1.8 0.7123
2 0.4176
2.2 0.2081
2.4 -0.0253
2.6 -0.212
2.8 -0.4689
3 -0.6505
3.2 -0.7049
3.4 -0.7081
3.6 -0.7049
3.8 -0.6125
4 -0.3129
4.2 -0.1837
4.4 0.0085
4.6 0.4336
4.8 0.723
5 0.972
5.2 1.2462
5.4 1.4142
5.6 1.4559
5.8 1.4559
6 1.4334
6.2 1.1786
6.4 0.951
6.6 0.8013
6.8 0.4429
7 0.2209
7.2 0.1284
7.4 -0.1117
7.6 -0.3935
7.8 -0.4782
8 -0.4782
8.2 -0.4338
8.4 -0.3018
8.6 0.0571
8.8 0.1678
9 0.198
9.2 0.2282
9.4 0.2584
9.6 0.2886
9.8 0.3188
10 0.3491
10.2 0.3793
10.4 0.4095
10.6 0.4397
10.8 0.4699
11 0.5001
11.2 0.5303
11.4 0.5303
11.6 0.508
11.8 0.4329
12 0.2497
12.2 -0.0013
12.4 -0.2729
12.6 -0.4759
12.8 -0.4759
13 -0.4609
13.2 -0.4264
13.4 -0.178
13.6 0.03
13.8 0.2842
14 0.6127
14.2 0.8907
14.4 1.0583
14.6 1.3269
14.8 1.5508
15 1.6951
15.2 1.7419
15.4 1.7419
15.6 1.6917
15.8 1.5019
16 1.4099
16.2 0.8938
16.4 -0.6385
16.6 -0.7475
16.8 -0.7475
17 -0.77
17.2 -0.746
17.4 -0.5394
17.6 -0.2242
17.8 0.1134
18 0.3218
18.2 0.5692
18.4 0.9136
18.6 1.093
18.8 1.093
19 1.0383
19.2 0.7639
19.4 0.4616
19.6 0.4616
19.8 0.4883
20 0.6798
20.2 0.88
20.4 1.1727
20.6 1.3947
20.8 1.4758
21 1.5889
21.2 1.5889
21.4 1.489
21.6 1.2752
21.8 1.1011
22 0.8042
22.2 0.6972
22.4 0.5071
22.6 0.2656
22.8 0.0703
23 -0.1052
23.2 -0.212
23.4 -0.212
23.6 -0.1309
23.8 0.058
24 0.2757
24.2 0.5028
24.4 0.7409
24.6 1.0205
24.8 1.207
25 1.2096
25.2 1.4408
25.4 1.4408
25.6 1.3668
25.8 1.1288
26 0.898
26.2 0.6881
26.4 0.4327
26.6 0.2433
26.8 -0.0104
27 -0.2284
27.2 -0.3969
27.4 -0.4174
27.6 -0.4174
27.8 -0.3067
28 -0.0969
28.2 0.1541
28.4 0.3697
28.6 0.6655
28.8 0.9067
29 1.0033
29.2 1.2936
29.4 1.5446
29.6 1.5446
29.8 1.5049
30 1.3114
30.2 1.0252
30.4 0.8565
30.6 0.5934
30.8 0.4171
31 0.1364
31.2 -0.1321
31.4 -0.4405
31.6 -0.5097
31.8 -0.5097
32 -0.3141
32.2 -0.1622
32.4 -0.0043
32.6 0.2518
32.8 0.5951
33 0.7016
33.2 0.8831
33.4 1.4552
33.6 1.5825
33.8 1.5825
34 1.5415
34.2 1.3372
34.4 1.1468
34.6 0.8588
34.8 0.6973
35 0.4891
35.2 0.2485
35.4 0.0277
35.6 -0.205
35.8 -0.4154
36 -0.5609
36.2 -0.5609
36.4 -0.4709
36.6 -0.3007
36.8 -0.2818
37 -0.1803
37.2 0.1395
37.4 0.5751
37.6 0.9758
37.8 1.001
38 1.001
38.2 0.8596
38.4 0.5748
38.6 0.3351
38.8 0.0731
39 -0.1072
39.2 -0.3828
39.4 -0.6056
39.6 -0.686
39.8 -0.7778
40 -0.7778
40.2 -0.6526
40.4 -0.4931
40.6 -0.313
40.8 -0.1019
41 0.0682
41.2 0.5082
41.4 0.7083
41.6 1.0608
41.8 1.2857
42 1.2857
42.2 1.2042
42.4 0.9863
42.6 0.6045
42.8 0.3696
43 0.1763
43.2 -0.0184
43.4 -0.2884
43.6 -0.5934
43.8 -0.7234
44 -0.7359
44.2 -0.7359
44.4 -0.594
44.6 -0.4962
44.8 -0.2889
45 0.053
45.2 0.2775
45.4 0.5733
45.6 0.8658
45.8 0.8658
46 0.77
46.2 0.624
46.4 0.3995
46.6 0.1791
46.8 -0.1354
47 -0.3618
47.2 -0.5282
47.4 -0.6656
47.6 -0.85
47.8 -0.85
48 -0.6985
48.2 -0.4881
48.4 -0.3241
48.6 -0.0527
48.8 0.0643
49 0.3632
49.2 0.7965
49.4 1.2244
49.6 1.4583
49.8 1.6124
50 1.6124
50.2 1.4543
50.4 1.1117
50.6 0.9052
50.8 0.6505
51 0.3805
51.2 0.1645
51.4 -0.0112
51.6 -0.2492
51.8 -0.3953
52 -0.3953
52.2 -0.2071
52.4 -0.0322
52.6 0.2139
52.8 0.3692
53 0.4798
53.2 0.7725
53.4 1.2688
53.6 1.6359
53.8 1.7468
54 1.7468
54.2 1.6408
54.4 1.459
54.6 1.3133
54.8 1.0707
55 0.8201
55.2 0.4507
55.4 0.2349
55.6 0.0496
55.8 -0.2131
56 -0.35
56.2 -0.35
56.4 -0.328
56.6 -0.2061
56.8 -0.0817
57 0.2063
57.2 0.3428
57.4 0.6319
57.6 0.8902
57.8 1.0198
58 1.0198
58.2 0.8556
58.4 0.7083
58.6 0.4394
58.8 0.2411
59 -0.0007
59.2 -0.1893
59.4 -0.2304
59.6 -0.271
59.8 -0.6406
60 -0.7041
60.2 -0.7041
60.4 -0.4647
60.6 -0.217
60.8 -0.0221
61 0.2256
61.2 0.5294
61.4 0.799
61.6 0.9072
61.8 0.9907
62 1.0586
62.2 1.0586
62.4 0.8445
62.6 0.7193
62.8 0.5051
63 0.3377
63.2 0.1459
63.4 0.0325
63.6 -0.129
63.8 -0.3423
64 -0.4255
64.2 -0.4255
64.4 -0.4222
64.6 -0.3963
64.8 -0.358
65 -0.0976
65.2 0.2177
65.4 0.5546
65.6 0.9283
65.8 1.1083
66 1.2425
66.2 1.2425
66.4 1.1784
66.6 1.0297
66.8 0.8691
67 0.7535
67.2 0.5622
67.4 0.3958
67.6 0.2766
67.8 0.0112
68 -0.2123
68.2 -0.2491
68.4 -0.299
68.6 -0.299
68.8 -0.1104
69 0.0107
69.2 0.2054
69.4 0.5437
69.6 0.8596
69.8 1.0766
70 1.2709
70.2 1.4915
70.4 1.6298
70.6 1.6298
70.8 1.489
71 1.3848
71.2 1.1144
71.4 0.8149
71.6 0.6059
71.8 0.438
72 0.1341
72.2 -0.1098
72.4 -0.1883
72.6 -0.1883
72.8 -0.1531
73 0.2054
73.2 0.5571
73.4 0.8503
73.6 1.1211
73.8 1.3261
74 1.4583
74.2 1.58
74.4 1.607
74.6 1.607
74.8 1.3484
75 1.1941
75.2 0.926
75.4 0.832
75.6 0.4891
75.8 0.3862
76 0.1561
76.2 -0.0778
76.4 -0.1489
76.6 -0.1489
76.8 -0.1013
77 -0.0483
77.2 0.117
77.4 0.333
77.6 0.4647
77.8 0.5852
78 0.9195
78.2 1.1989
78.4 1.2383
78.6 1.2383
78.8 1.0939
79 0.9221
79.2 0.6828
79.4 0.5213
79.6 0.3324
79.8 0.1594
80 -0.0177
80.2 -0.1583
80.4 -0.2818
80.6 -0.458
80.8 -0.4939
81 -0.4939
81.2 -0.3746
81.4 -0.2269
81.6 -0.0805
81.8 0.1441
82 0.492
82.2 0.7571
82.4 0.9865
82.6 1.0884
82.8 1.1496
83 1.2265
83.2 1.2265
83.4 1.1723
83.6 0.9523
83.8 0.6403
84 0.4189
84.2 0.2631
84.4 0.118
84.6 -0.2303
84.8 -0.321
85 -0.321
85.2 -0.2793
85.4 -0.0474
85.6 0.2649
85.8 0.4408
86 0.7285
86.2 1.1146
86.4 1.3841
86.6 1.5299
86.8 1.6487
87 1.6487
87.2 1.5204
87.4 1.2187
87.6 0.9165
87.8 0.6656
88 0.3717
88.2 0.1609
88.4 -0.0596
88.6 -0.2274
88.8 -0.4041
89 -0.4041
89.2 -0.357
89.4 -0.1364
89.6 -0.0074
89.8 0.2798
90 0.5243
90.2 0.7088
90.4 1.0262
90.6 1.1981
90.8 1.327
91 1.327
91.2 1.187
91.4 0.9405
91.6 0.651
91.8 0.4772
92 0.3232
92.2 0.0833
92.4 -0.0787
92.6 -0.23
92.8 -0.2821
93 -0.308
93.2 -0.308
93.4 -0.1075
93.6 0.0585
93.8 0.106
94 0.141
94.2 0.4444
94.4 0.7696
94.6 1.0803
94.8 1.3354
95 1.4974
95.2 1.6052
95.4 1.6052
95.6 1.4434
95.8 1.1464
96 0.8509
96.2 0.7226
96.4 0.4193
96.6 0.252
96.8 0.135
97 -0.0918
97.2 -0.0918
97.4 -0.0195
97.6 0.2639
97.8 0.5365
98 0.7016
98.2 1.0522
98.4 1.1905
98.6 1.4274
98.8 1.7809
99 1.9225
99.2 1.9225
99.4 1.7692
99.6 1.557
99.8 1.3009
100 1.006
100.2 0.8072
100.4 0.543
100.6 0.2478
100.8 -0.0106
101 -0.1588
101.2 -0.2099
101.4 -0.2099
101.6 0.0467
101.8 0.2687
102 0.5264
102.2 0.9054
102.4 1.1578
102.6 1.3545
102.8 1.6454
103 1.8545
103.2 1.8545
103.4 1.568
103.6 1.4207
103.8 1.2067
104 0.9467
104.2 0.7139
104.4 0.4255
104.6 0.1635
104.8 -0.1274
105 -0.3561
105.2 -0.3947
105.4 -0.3947
105.6 -0.2242
105.8 0.0426
106 0.2259
106.2 0.4999
106.4 0.8134
106.6 0.9721
106.8 1.1181
107 1.3221
107.2 1.3426
107.4 1.3426
107.6 1.1202
107.8 0.9465
108 0.6721
108.2 0.3678
108.4 0.1492
108.6 -0.0474
108.8 -0.4159
109 -0.5863
109.2 -0.5863
109.4 -0.4709
109.6 -0.1918
109.8 0.0963
110 0.5033
110.2 0.811
110.4 1.0364
110.6 1.3254
110.8 1.4794
111 1.4794
111.2 1.444
111.4 1.3003
111.6 1.0019
111.8 0.7139
112 0.4147
112.2 0.1544
112.4 -0.2019
112.6 -0.4232
112.8 -0.5791
113 -0.5986
113.2 -0.5986
113.4 -0.3399
113.6 -0.2054
113.8 -0.1508
114 0.0058
114.2 0.4962
114.4 1.1366
114.6 1.4454
114.8 1.494
115 1.494
115.2 1.3262
115.4 1.1979
115.6 0.8916
115.8 0.5409
116 0.3391
116.2 0.0777
116.4 -0.1558
116.6 -0.3476
116.8 -0.5142
117 -0.6242
117.2 -0.6242
117.4 -0.4423
117.6 -0.219
117.8 0.0499
118 0.337
118.2 0.6587
118.4 1.0348
118.6 1.2811
118.8 1.5979
119 1.5979
119.2 1.5979
119.4 1.8305
119.6 1.8305
119.8 1.5127
120 1.2367
120.2 1.0718
120.4 0.7763
120.6 0.5539
120.8 0.3441
121 0.1067
121.2 -0.2319
121.4 -0.394
121.6 -0.6225
121.8 -0.7306
122 -0.7306
122.2 -0.5281
122.4 -0.3122
122.6 -0.0641
122.8 0.1595
123 0.3116
123.2 0.4637
123.4 0.6974
123.6 0.9741
123.8 1.2919
124 1.2919
124.2 1.0473
124.4 0.824
124.6 0.6432
124.8 0.4075
125 0.2106
125.2 -0.075
125.4 -0.2977
125.6 -0.4222
125.8 -0.5667
126 -0.6606
126.2 -0.6606
126.4 -0.6326
126.6 -0.4885
126.8 -0.2853
127 -0.1185
127.2 0.2655
127.4 0.6282
127.6 0.9389
127.8 1.2462
128 1.4107
128.2 1.4886
128.4 1.4886
128.6 1.4716
128.8 1.2956
129 1.1935
129.2 1.0506
129.4 0.8282
129.6 0.617
129.8 0.3707
130 0.2546
130.2 0.0485
130.4 -0.1421
130.6 -0.3121
130.8 -0.4164
131 -0.5484
131.2 -0.5484
131.4 -0.4639
131.6 -0.3003
131.8 -0.0034
132 0.2373
132.2 0.4421
132.4 0.7914
132.6 1.1508
132.8 1.347
133 1.4799
133.2 1.4799
133.4 1.4025
133.6 1.1392
133.8 0.8739
134 0.6459
134.2 0.4103
134.4 0.1999
134.6 0.0607
134.8 -0.0255
135 -0.2404
135.2 -0.5102
135.4 -0.679
135.6 -0.8769
135.8 -0.9318
136 -0.9318
136.2 -0.7837
136.4 -0.4487
136.6 -0.1936
136.8 0.0716
137 0.3892
137.2 0.5782
137.4 0.8812
137.6 1.199
137.8 1.3019
138 1.3019
138.2 1.1479
138.4 0.8783
138.6 0.6739
138.8 0.6254
139 0.5039
139.2 0.28
139.4 -0.1381
139.6 -0.4934
139.8 -0.8322
140 -0.9755
140.2 -1.0411
140.4 -1.0411
140.6 -0.8802
140.8 -0.6137
141 -0.3705
141.2 -0.1812
141.4 0.1021
141.6 0.3688
141.8 0.3688
142 0.3634
142.2 0.1699
142.4 -0.0345
142.6 -0.3569
142.8 -0.3819
143 -0.4843
143.2 -0.7539
143.4 -0.9514
143.6 -1.1489
143.8 -1.2212
144 -1.2212
144.2 -1.1775
144.4 -0.9155
144.6 -0.7347
144.8 -0.4943
145 -0.1503
145.2 0.1334
145.4 0.4869
145.6 0.7946
145.8 0.8537
146 0.8537
146.2 0.5619
146.4 0.3006
146.6 0.1407
146.8 -0.1488
147 -0.2429
147.2 -0.4242
147.4 -0.698
147.6 -0.9279
147.8 -1.0938
148 -1.0938
148.2 -0.9769
148.4 -0.8577
148.6 -0.6411
148.8 -0.2639
149 0.1207
149.2 0.5054
149.4 0.9021
149.6 1.1884
149.8 1.4422
150 1.7281
150.2 1.7347
150.4 1.7347
150.6 1.5375
150.8 1.472
151 1.4273
151.2 1.1139
151.4 0.7674
151.6 -0.5
151.8 -0.6994
152 -0.6994
152.2 -0.5494
152.4 -0.316
152.6 -0.0265
152.8 0.199
153 0.4712
153.2 0.7743
153.4 1.0288
153.6 1.2723
153.8 1.3277
154 1.3277
154.2 1.1728
154.4 0.947
154.6 0.7577
154.8 0.6018
155 0.2695
155.2 0.1117
155.4 -0.1205
155.6 -0.3961
155.8 -0.6011
156 -0.6479
156.2 -0.6479
156.4 -0.564
156.6 -0.2863
156.8 0.0079
157 0.2675
157.2 0.5135
157.4 0.8122
157.6 1.098
157.8 1.2731
158 1.3557
158.2 1.3557
158.4 1.158
158.6 1.0554
158.8 0.9526
159 0.8479
159.2 0.5135
159.4 0.1238
159.6 -0.2312
159.8 -0.5977
160 -0.748
160.2 -0.7544
160.4 -0.7544
160.6 -0.6581
160.8 -0.403
161 -0.2038
161.2 0.0046
161.4 0.3115
161.6 0.5519
161.8 0.8579
162 1.1252
162.2 1.1252
162.4 1.0495
162.6 0.8264
162.8 0.6389
163 0.4248
163.2 0.1033
163.4 -0.1827
163.6 -0.3939
163.8 -0.602
164 -0.8254
164.2 -0.9839
164.4 -0.9839
164.6 -0.9572
164.8 -0.809
165 -0.5073
165.2 -0.2136
165.4 -0.0572
165.6 0.2774
165.8 0.6932
166 0.9137
166.2 1.1224
166.4 1.1224
166.6 1.1097
166.8 0.8692
167 0.7453
167.2 0.548
167.4 0.1636
167.6 0.0136
167.8 -0.1975
168 -0.4728
168.2 -0.647
168.4 -0.9159
168.6 -1.0288
168.8 -1.0438
169 -1.0438
169.2 -0.9653
169.4 -0.8556
169.6 -0.651
169.8 -0.3315
170 0.1573
170.2 0.5153
170.4 0.7218
170.6 0.7218
170.8 0.644
171 0.3638
171.2 0.1622
171.4 0.0855
171.6 -0.1055
171.8 -0.4205
172 -0.6156
172.2 -0.7399
172.4 -0.9134
172.6 -1.029
172.8 -1.1119
173 -1.1119
173.2 -1.0051
173.4 -0.8334
173.6 -0.6593
173.8 -0.4389
174 -0.1728
174.2 0.1122
174.4 0.3798
174.6 0.6229
174.8 0.8886
175 1.0213
175.2 1.0213
175.4 0.9408
175.6 0.7373
175.8 0.3899
176 0.3018
176.2 0.0941
176.4 -0.0471
176.6 -0.3568
176.8 -0.5527
177 -0.775
177.2 -0.8513
177.4 -0.8554
177.6 -0.8513
177.8 -0.5522
178 -0.3366
178.2 -0.1099
178.4 0.1727
178.6 0.4056
178.8 0.7874
179 1.0632
179.2 1.1597
179.4 1.2835
179.6 1.2835
179.8 1.0595
180 0.8013
180.2 0.5764
180.4 0.4267
180.6 0.0664
180.8 -0.1142
181 -0.2294
181.2 -0.5043
181.4 -0.531
181.6 -0.6683
181.8 -0.8895
182 -0.9226
182.2 -0.9226
182.4 -0.673
182.6 -0.446
182.8 -0.2226
183 0.1586
183.2 0.4082
183.4 0.6832
183.6 0.9128
183.8 1.0969
184 1.0969
184.2 0.9434
184.4 0.7655
184.6 0.5208
184.8 0.1979
185 -0.0647
185.2 -0.2948
185.4 -0.4999
185.6 -0.5995
185.8 -0.6829
186 -0.9343
186.2 -1.2069
186.4 -1.2069
186.6 -1.0483
186.8 -0.8579
187 -0.7532
187.2 -0.4136
187.4 -0.2284
187.6 -0.0016
187.8 0.3035
188 0.3035
188.2 0.2607
188.4 -0.0045
188.6 -0.2077
188.8 -0.4604
189 -0.5655
189.2 -0.6213
189.4 -0.7453
189.6 -0.9916
189.8 -1.2218
190 -1.2257
190.2 -1.2257
190.4 -0.9044
190.6 -0.5056
190.8 -0.251
191 0.075
191.2 0.4625
191.4 0.6359
191.6 0.864
191.8 0.864
192 0.6747
192.2 0.4417
192.4 0.1454
192.6 -0.087
192.8 -0.3856
193 -0.6404
193.2 -0.8082
193.4 -0.9946
193.6 -1.2288
193.8 -1.2288
194 -1.0745
194.2 -0.846
194.4 -0.7178
194.6 -0.7132
194.8 -0.6102
195 -0.2282
195.2 0.208
195.4 0.5513
195.6 0.9407
195.8 0.9407
196 0.8337
196.2 0.6613
196.4 0.4143
196.6 0.106
196.8 -0.1751
197 -0.3971
197.2 -0.7351
197.4 -0.831
197.6 -1.0142
197.8 -1.0142
198 -0.9983
198.2 -0.7936
198.4 -0.4694
198.6 -0.2687
198.8 0.073
199 0.3585
199.2 0.6228
199.4 0.898
199.6 0.9366
199.8 0.9751
200 1.0856
200.2 1.0856
200.4 1.0703
200.6 0.7584
200.8 0.3224
201 0.0454
201.2 -0.3032
201.4 -0.5865
201.6 -0.8037
201.8 -0.9498
202 -1.0514
202.2 -1.0514
202.4 -0.9213
202.6 -0.7351
202.8 -0.4972
203 -0.2143
203.2 0.1153
203.4 0.388
203.6 0.7506
203.8 1.1112
204 1.338
204.2 1.4794
204.4 1.5131
204.6 1.5131
204.8 1.2722
205 1.1228
205.2 0.9195
205.4 0.6486
205.6 0.4266
205.8 0.2484
206 -0.0702
206.2 -0.2048
206.4 -0.3666
206.6 -0.5603
206.8 -0.8225
207 -0.8504
207.2 -0.9974
207.4 -0.9974
207.6 -0.9877
207.8 -0.8146
208 -0.5825
208.2 -0.2713
208.4 -0.0414
208.6 0.4501
208.8 0.8365
209 1.1024
209.2 1.3294
209.4 1.3294
209.6 1.2293
209.8 1.0176
210 0.8658
210.2 0.59
210.4 0.3859
210.6 0.164
210.8 -0.1482
211 -0.3582
211.2 -0.5805
211.4 -0.8466
211.6 -0.8966
211.8 -0.8966
212 -0.7346
212.2 -0.6102
212.4 -0.3362
212.6 0.046
212.8 0.3718
213 0.5966
213.2 0.9017
213.4 1.0723
213.6 1.0926
213.8 1.0926
214 0.9084
214.2 0.6929
214.4 0.3908
214.6 0.2403
214.8 0.0226
215 -0.3117
215.2 -0.3836
215.4 -0.676
215.6 -0.8519
215.8 -1.005
216 -1.126
216.2 -1.126
216.4 -1.0143
216.6 -0.7798
216.8 -0.4343
217 -0.2164
217.2 0.0205
217.4 0.3485
217.6 0.4254
217.8 0.6759
218 0.8773
218.2 1.1205
218.4 1.1205
218.6 0.9577
218.8 0.8013
219 0.668
219.2 0.3316
219.4 0.0335
219.6 -0.1897
219.8 -0.4844
220 -0.7676
220.2 -0.8544
220.4 -0.9377
220.6 -1.0678
220.8 -1.0678
221 -0.9751
221.2 -0.7297
221.4 -0.4715
221.6 -0.1083
221.8 0.0999
222 0.4414
222.2 0.7619
222.4 0.7619
222.6 0.5994
222.8 0.4268
223 0.1936
223.2 -0.0916
223.4 -0.2971
223.6 -0.6078
223.8 -0.8819
224 -1.0268
224.2 -1.1373
224.4 -1.1716
224.6 -1.1716
224.8 -1.0507
225 -0.8068
225.2 -0.5289
225.4 -0.1738
225.6 0.1545
225.8 0.3645
226 0.544
226.2 0.976
226.4 0.976
226.6 0.9483
226.8 0.9119
227 0.6791
227.2 0.4678
227.4 0.2169
227.6 0.0149
227.8 -0.253
228 -0.4187
228.2 -0.5195
228.4 -0.6958
228.6 -0.972
228.8 -0.9806
229 -1.081
229.2 -1.081
229.4 -1.071
229.6 -0.7775
229.8 -0.2076
230 0.0654
230.2 0.4713
230.4 0.7668
230.6 0.9563
230.8 0.958
231 0.958
231.2 0.75
231.4 0.5434
231.6 0.4138
231.8 0.1023
232 -0.09
232.2 -0.309
232.4 -0.5609
232.6 -0.7388
232.8 -0.9283
233 -1.0873
233.2 -1.0992
233.4 -1.0873
233.6 -1.0743
233.8 -0.9138
234 -0.6201
234.2 -0.233
234.4 0.1391
234.6 0.3884
234.8 0.7205
235 0.8753
235.2 0.8753
235.4 0.7809
235.6 0.5927
235.8 0.4016
236 0.1197
236.2 -0.0938
236.4 -0.3051
236.6 -0.5313
236.8 -0.8093
237 -0.997
237.2 -1.0845
237.4 -1.1375
237.6 -1.1912
237.8 -1.1912
238 -1.0355
238.2 -0.8049
238.4 -0.5801
238.6 -0.3815
238.8 -0.0451
239 0.3542
239.2 0.563
239.4 0.7327
239.6 0.939
239.8 0.939
240 0.8057
240.2 0.5739
240.4 0.2994
240.6 0.1245
240.8 -0.1643
241 -0.3156
241.2 -0.6224
241.4 -0.8869
241.6 -1.0119
241.8 -1.0635
242 -1.1508
242.2 -1.1508
242.4 -0.929
242.6 -0.625
242.8 -0.4302
243 -0.1927
243.2 0.1667
243.4 0.4116
243.6 0.6515
243.8 0.6515
244 0.4523
244.2 0.1876
244.4 -0.0089
244.6 -0.2563
244.8 -0.476
245 -0.5922
245.2 -0.7524
245.4 -0.9521
245.6 -1.0539
245.8 -1.1311
246 -1.2887
246.2 -1.2887
246.4 -1.1091
246.6 -0.9059
246.8 -0.631
247 -0.3977
247.2 -0.0563
247.4 0.284
247.6 0.455
247.8 0.5797
248 0.5797
248.2 0.4407
248.4 0.244
248.6 0.0584
248.8 -0.1948
249 -0.5232
249.2 -0.789
249.4 -0.9242
249.6 -1.08
249.8 -1.3521
250 -1.5098
250.2 -1.5098
250.4 -1.4582
250.6 -1.3171
250.8 -1.0587
251 -0.8099
251.2 -0.6288
251.4 -0.3656
251.6 -0.0332
251.8 0.2353
252 0.2353
252.2 0.1117
252.4 -0.0345
252.6 -0.2573
252.8 -0.5596
253 -0.7699
253.2 -1.0844
253.4 -1.2264
253.6 -1.365
253.8 -1.5499
254 -1.6457
254.2 -1.6457
254.4 -1.387
254.6 -1.1677
254.8 -0.97
255 -0.7487
255.2 -0.4369
255.4 -0.1531
255.6 0.1256
255.8 0.4385
256 0.5845
256.2 0.5845
256.4 0.432
256.6 0.3123
256.8 0.0125
257 -0.231
257.2 -0.4221
257.4 -0.6012
257.6 -0.7562
257.8 -0.9636
258 -1.1531
258.2 -1.1531
258.4 -1.1207
258.6 -0.9026
258.8 -0.5934
259 -0.5585
259.2 -0.5237
259.4 -0.387
259.6 0.078
259.8 0.5108
260 0.9247
260.2 1.2836
260.4 1.3445
260.6 1.3445
260.8 1.1604
261 0.9207
261.2 0.7289
261.4 0.5092
261.6 0.2316
261.8 0.0003
262 -0.1792
262.2 -0.3979
262.4 -0.579
262.6 -0.6934
262.8 -0.7357
263 -0.7357
263.2 -0.6549
263.4 -0.4061
263.6 -0.1554
263.8 0.1113
264 0.4371
264.2 0.7177
264.4 0.8542
264.6 0.8816
264.8 0.8816
265 0.7072
265.2 0.4965
265.4 0.2522
265.6 -0.003
265.8 -0.2022
266 -0.4055
266.2 -0.6547
266.4 -0.8097
266.6 -0.9341
266.8 -0.9341
267 -0.7715
267.2 -0.5615
267.4 -0.2614
267.6 0.0055
267.8 0.2779
268 0.6556
268.2 0.8698
268.4 0.8698
268.6 0.7976
268.8 0.6228
269 0.4648
269.2 0.1988
269.4 0.0284
269.6 -0.0641
269.8 -0.2671
270 -0.5672
270.2 -0.7445
270.4 -0.9612
270.6 -0.973
270.8 -0.973
271 -0.9272
271.2 -0.7622
271.4 -0.4784
271.6 -0.2383
271.8 0.0275
272 0.2123
272.2 0.5269
272.4 0.7811
272.6 0.9641
272.8 1.1466
273 1.1466
273.2 1.1258
273.4 1.0727
273.6 0.9933
273.8 0.8273
274 0.4657
274.2 0.0882
274.4 -0.283
274.6 -0.5553
274.8 -0.7474
275 -0.8532
275.2 -0.8532
275.4 -0.7418
275.6 -0.5041
275.8 -0.2694
276 0.0126
276.2 0.3125
276.4 0.6195
276.6 0.6911
276.8 0.7628
277 0.9902
277.2 0.9902
277.4 0.8215
277.6 0.6346
277.8 0.4442
278 0.1889
278.2 -0.0563
278.4 -0.2988
278.6 -0.5942
278.8 -0.8119
279 -0.8547
279.2 -0.8547
279.4 -0.7333
279.6 -0.4546
279.8 -0.214
280 0.0372
280.2 0.1539
280.4 0.1539
280.6 0.0238
280.8 -0.2113
281 -0.416
281.2 -0.5574
281.4 -0.6512
281.6 -0.8816
281.8 -1.0601
282 -1.1702
282.2 -1.1702
282.4 -1.0765
282.6 -0.9202
282.8 -0.7445
283 -0.4197
283.2 -0.1292
283.4 0.115
283.6 0.115
283.8 -0.1444
284 -0.3457
284.2 -0.4611
284.4 -0.7123
284.6 -0.8713
284.8 -0.9821
285 -0.9821
285.2 -0.8931
285.4 -0.6296
285.6 -0.2962
285.8 0.0165
286 0.3292
286.2 0.6419
286.4 0.9037
286.6 0.9736
286.8 0.9736
287 0.8574
287.2 0.6634
287.4 0.3289
287.6 0.06
287.8 -0.1688
288 -0.3826
288.2 -0.577
288.4 -0.7714
288.6 -0.9895
288.8 -1.1836
289 -1.1836
289.2 -1.1052
289.4 -0.8799
289.6 -0.6444
289.8 -0.3923
290 -0.0439
290.2 0.1273
290.4 0.1273
290.6 0.0652
290.8 0.0032
291 -0.0589
291.2 -0.1209
291.4 -0.183
291.6 -0.2451
291.8 -0.3071
292 -0.3692
292.2 -0.4312
292.4 -0.4933
292.6 -0.5553
292.8 -0.6584
293 -0.8171
293.2 -1.016
293.4 -1.3127
293.6 -1.4023
293.8 -1.4747
294 -1.4747
294.2 -1.3803
294.4 -1.127
294.6 -0.9441
294.8 -0.807
295 -0.5087
295.2 -0.5087
295.4 -0.5647
295.6 -0.6207
295.8 -0.6766
296 -0.7326
296.2 -0.7885
296.4 -0.8445
296.6 -0.9004
296.8 -0.9564
297 -1.0123
297.2 -1.0683
297.4 -1.1242
297.6 -1.1802
297.8 -1.2361
298 -1.2921
298.2 -1.348
298.4 -1.404
298.6 -1.4599
298.8 -1.4599
299 -1.4587
299.2 -1.3896
299.4 -1.0698
299.6 -0.8965
299.8 -0.4965
300 -0.1707
300.2 0.1162
300.4 0.2344
300.6 0.2344
300.8 0.1437
301 0.0531
301.2 -0.0376
301.4 -0.1282
301.6 -0.2188
301.8 -0.3095
302 -0.4001
302.2 -0.4908
302.4 -0.5814
302.6 -0.6721
302.8 -0.7627
303 -0.8533
303.2 -0.944
303.4 -1.0346
303.6 -1.1253
303.8 -1.2779
304 -1.3425
304.2 -1.3701
304.4 -1.3701
304.6 -1.3216
304.8 -1.0442
305 -0.813
305.2 -0.3613
305.4 -0.0755
305.6 0.9387
305.8 0.9387
306 0.7333
306.2 0.383
306.4 0.1836
306.6 -0.0082
306.8 -0.185
307 -0.4242
307.2 -0.583
307.4 -0.7937
307.6 -0.987
307.8 -1.1486
308 -1.1486
308.2 -0.8393
308.4 -0.1682
308.6 -0.1682
308.8 -0.3491
309 -0.6509
309.2 -0.8205
309.4 -1.008
309.6 -1.1676
309.8 -1.3674
310 -1.4517
310.2 -1.5113
310.4 -1.5252
310.6 -1.5252
310.8 -1.4855
311 -1.2607
311.2 -0.9485
311.4 0.1924
311.6 0.4987
311.8 0.6637
312 0.7209
312.2 0.7772
312.4 0.7772
312.6 0.7586
312.8 0.5698
313 0.3281
313.2 0.0886
313.4 -0.1418
313.6 -0.3468
313.8 -0.4205
314 -0.6776
314.2 -0.7735
314.4 -1.1092
314.6 -1.1966
314.8 -1.2841
315 -1.3081
315.2 -1.3081
315.4 -1.2856
315.6 -1.0688
315.8 -0.9088
316 -0.6983
316.2 -0.4706
316.4 0.071
316.6 0.3755
316.8 0.6996
317 1.0072
317.2 1.2758
317.4 1.3738
317.6 1.4132
317.8 1.4132
318 1.1548
318.2 0.8676
318.4 0.691
318.6 0.3947
318.8 0.2062
319 0.0543
319.2 -0.1762
319.4 -0.3777
319.6 -0.5908
319.8 -0.79
320 -0.9138
320.2 -1.1177
320.4 -1.2843
320.6 -1.3526
320.8 -1.3526
321 -1.2857
321.2 -1.0891
321.4 -0.9036
321.6 -0.656
321.8 -0.3381
322 -0.069
322.2 0.1943
322.4 0.463
322.6 0.6779
322.8 0.8922
323 0.8922
