0 0.2365 -12.2253 0.2168 -1.0672 -0.6696 2.3569
0.2 0.2674 -12.923 0.4097 -1.0789 -0.3741 2.4607
0.4 0.3138 -13.7321 0.4622 -1.0811 -0.3256 2.5996
0.6 0.3138 -13.7321 0.522 -1.0789 -0.2632 2.7315
0.8 0.2431 -13.4408 0.5686 -0.2567 0.0436 3.0886
1 0.2125 -13.3392 0.6052 -0.2535 0.0988 3.4427
1.2 0.1829 -12.9878 0.6052 1.5162 0.1457 3.4855
1.4 0.1344 -12.205 0.3885 1.5162 0.1691 3.4855
1.6 0.0563 -11.1295 0.3365 1.4788 0.5293 3.3778
1.8 0.013 -10.1311 0.2563 1.3771 0.5293 3.2123
2 -0.054 -8.8088 -0.0482 1.2198 0.5293 2.96
2.2 -0.1099 -7.3057 -0.3777 0.591 0.6831 2.9022
2.4 -0.1518 -6.3078 -0.7082 0.591 0.7245 2.8431
2.6 -0.2192 -4.8769 -0.9356 0.6066 0.6831 2.7627
2.8 -0.2924 -3.6772 -1.0204 0.6262 0.4616 2.409
3 -0.3076 -2.5765 -1.4087 0.6344 0.3283 2.3949
3.2 -0.3347 -1.9496 -1.4292 0.6512 0.3283 2.1982
3.4 -0.3564 -1.5848 -1.4421 0.6762 0.3237 1.8393
3.6 -0.3799 -1.1957 -1.4421 0.6512 0.3237 1.8393
3.8 -0.3799 -1.1957 -1.4421 0.1289 -0.7907 1.8441
4 -0.3222 -1.967 -1.4308 0.0928 -0.7907 1.8977
4.2 -0.3012 -2.4489 -1.4308 0.0805 -0.6929 1.8977
4.4 -0.2803 -3.1166 -1.1502 0.0247 -0.2527 1.7885
4.6 -0.2359 -4.3502 -0.7501 -0.1309 0.7888 1.4408
4.8 -0.198 -5.343 -0.4718 -0.1309 0.7888 1.4408
5 -0.1263 -6.4722 -0.1862 -0.0417 0.3601 1.6116
5.2 -0.0255 -8.5606 -0.0266 0.0141 0.3601 1.6131
5.4 0.0165 -10.1536 -0.0266 0.0219 0.3601 2.2349
5.6 0.0812 -10.6255 0.1392 0.0219 0.0181 2.6116
5.8 0.0812 -11.2587 0.2481 -0.093 0.0181 2.6265
6 0.098 -11.2587 0.2481 -0.3975 0.5677 2.6608
6.2 0.1364 -11.2062 0.1267 -0.3975 0.5677 2.6865
6.4 0.1364 -10.7805 0.1267 0.3968 0.5677 2.7136
6.6 0.018 -10.1914 0.0877 0.7916 0.7717 2.7295
6.8 0.004 -9.3309 0.0469 0.8149 0.7717 2.7295
7 -0.0229 -8.1923 -0.0532 0.7916 -0.0981 2.573
7.2 -0.0411 -7.4697 -0.3993 0.4162 -0.1604 2.3703
7.4 -0.0908 -5.9113 -0.8116 0.1354 -0.3045 2.2058
7.6 -0.183 -4.1172 -0.8729 0.1354 -0.4717 2.052
7.8 -0.2611 -3.4542 -0.8729 0.5322 -0.4717 1.9888
8 -0.3041 -3.2251 -0.8729 0.5322 -0.4042 1.948
8.2 -0.314 -3.1713 -0.7531 0.1746 -0.2443 1.9083
8.4 -0.314 -3.1713 -0.7219 0.059 0.0424 1.8218
8.6 -0.3038 -3.6532 -0.5835 -0.0162 0.0424 1.8218
8.8 -0.281 -4.1403 -0.5151 -0.0162 -0.2432 1.8444
9 -0.2587 -4.4966 -0.4695 0.015 -0.2599 1.8659
9.2 -0.2365 -4.853 -0.4239 0.0462 -0.2767 1.8874
9.4 -0.2142 -5.2093 -0.3783 0.0774 -0.2935 1.9089
9.6 -0.192 -5.5657 -0.3328 0.1086 -0.3103 1.9305
9.8 -0.1697 -5.9221 -0.2872 0.1398 -0.3271 1.952
10 -0.1475 -6.2784 -0.2416 0.1711 -0.3439 1.9735
10.2 -0.1252 -6.6348 -0.196 0.2023 -0.3607 1.995
10.4 -0.1029 -6.9911 -0.1504 0.2335 -0.3775 2.0165
10.6 -0.0807 -7.3475 -0.1048 0.2647 -0.3943 2.0381
10.8 -0.0584 -7.7038 -0.0592 0.2959 -0.4111 2.0596
11 -0.0362 -8.0602 -0.0136 0.3271 -0.4279 2.0811
11.2 -0.0139 -8.4165 0.0319 0.3584 -0.4447 2.1026
11.4 0.0001 -8.4662 0.0775 0.3896 -0.4614 2.1242
11.6 0.0001 -8.4662 0.1144 0.3963 -0.4651 2.1288
11.8 -0.0165 -7.9778 0.1144 0.3963 -0.4651 2.1288
12 -0.0809 -6.886 -0.0487 0.3959 -0.4664 2.0816
12.2 -0.1752 -5.4166 -0.3915 0.3953 -0.4664 2.0049
12.4 -0.2282 -4.0686 -0.7664 0.0126 -0.1209 1.98
12.6 -0.2677 -2.9396 -1.0831 -0.1177 0.288 1.9258
12.8 -0.2922 -2.5727 -1.1363 -0.1177 0.6136 1.7056
13 -0.3167 -2.2057 -1.1896 0.0886 0.9391 1.4853
13.2 -0.3167 -2.2057 -1.1896 0.3041 1.1544 1.2838
13.4 -0.2667 -2.4078 -0.9928 0.3041 1.2185 1.2829
13.6 -0.2367 -3.1412 -0.6061 0.1201 1.8951 1.0941
13.8 -0.2051 -4.1413 -0.6007 0.1201 1.8951 0.9738
14 -0.1326 -5.6556 -0.5074 0.1862 1.3465 0.9738
14.2 -0.0651 -7.2703 -0.2894 0.1862 1.2073 1.1062
14.4 -0.0328 -8.8296 -0.2066 0.1544 0.3581 1.783
14.6 0.0388 -10.6636 -0.1219 -0.0317 0.1524 2.2314
14.8 0.0691 -12.1603 0.0489 -0.527 -0.2217 2.4766
15 0.0906 -12.4829 0.2917 -0.527 -0.2217 2.5657
15.2 0.1181 -13.2277 0.3854 -0.4891 -0.2866 2.7374
15.4 0.132 -13.231 0.3864 -0.2377 -0.2866 2.8375
15.6 0.1538 -13.231 0.53 0.1109 -0.2232 2.8375
15.8 0.1644 -12.9054 0.6393 0.1109 -0.1776 2.507
16 0.1644 -12.8578 0.6393 -0.0767 0.2461 2.445
16.2 0.096 -10.555 0.2979 -0.1127 0.9873 2.3519
16.4 -0.2878 -2.9672 -1.0752 -0.1127 1.0635 2.1854
16.6 -0.3276 -1.9673 -1.2349 0.5025 1.0635 2.1425
16.8 -0.3676 -1.4798 -1.3941 0.5669 1.0353 2.1425
17 -0.3676 -1.1792 -1.3941 0.5669 1.0353 1.6931
17.2 -0.3656 -1.1792 -1.3498 0.1748 1.6998 1.3679
17.4 -0.2802 -1.4056 -1.2135 0.0344 1.8036 1.0564
17.6 -0.1922 -2.1125 -1.0142 -0.0301 1.9383 0.7612
17.8 -0.1263 -3.3056 -0.8098 -0.0301 1.9383 0.565
18 -0.1263 -4.1507 -0.7142 0.185 1.3581 0.565
18.2 -0.1251 -5.6342 -0.632 0.365 1.0973 0.7958
18.4 -0.1575 -7.193 -0.395 0.4739 0.5343 0.8714
18.6 -0.1575 -8.8842 -0.3303 0.5152 0.0433 1.6325
18.8 -0.1575 -9.4953 -0.2471 0.5601 0.0433 1.8394
19 0.0016 -9.4953 -0.1153 0.5601 0.6807 1.8394
19.2 0.1109 -8.5576 -0.1142 0.4157 1.1471 1.7973
19.4 0.1109 -7.7442 -0.1142 0.4157 1.1471 1.6077
19.6 0.1109 -4.351 -0.2548 0.5255 1.0284 1.6077
19.8 0.1324 -4.351 -0.7671 0.5634 0.8924 -0.3472
20 0.1324 -4.3791 -0.7671 0.5255 0.8924 -0.3472
20.2 0.0746 -5.4562 -0.6336 0.4724 0.6242 0.0734
20.4 0.0686 -6.758 -0.4638 0.3435 0.5816 0.1695
20.6 -0.0186 -8.0455 -0.2714 0.1784 0.5275 0.6115
20.8 -0.0274 -8.8902 -0.1234 0.1757 0.239 0.8198
21 -0.0593 -10.1449 0.0845 0.1259 0.0593 1.3844
21.2 -0.0593 -10.5843 0.2378 0.1259 -0.1596 1.3844
21.4 0.3805 -10.5843 0.2378 0.3994 -0.1596 1.2852
21.6 0.444 -10.1435 0.1704 0.4985 -0.0869 1.2852
21.8 0.4738 -9.6321 0.1081 0.5049 0.0019 1.3379
22 0.4738 -8.6949 -0.0249 0.5049 0.1809 1.3525
22.2 0.3329 -7.6153 -0.2147 0.4912 0.3965 1.3796
22.4 0.3272 -6.6159 -0.3403 0.3477 0.3965 1.4696
22.6 0.3009 -5.2718 -0.4579 0.166 0.2086 1.5341
22.8 0.0925 -4.1676 -0.6476 0.1599 0.2086 1.6996
23 -0.1925 -3.3 -0.8336 0.1599 0.2973 1.7347
23.2 -0.1925 -2.7251 -0.9137 0.1669 0.3653 1.7347
23.4 0.2047 -2.0792 -0.9137 0.2212 0.3653 1.603
23.6 1.4571 -1.6123 -0.6703 0.4137 0.058 1.3651
23.8 1.4571 -1.6123 -0.6703 0.4417 -0.149 1.3651
24 0.4295 -2.5477 -0.6858 0.4417 -0.149 1.4153
24.2 0.3664 -3.4103 -0.6858 0.3813 -0.0372 1.6332
24.4 0.276 -4.5088 -0.6858 0.3053 -0.0365 1.6601
24.6 -0.7741 -5.033 -0.7255 0.18 0.0923 1.6601
24.8 -0.7741 -5.8307 -0.7255 0.0557 0.2091 1.5962
25 -0.2626 -7.5482 -0.2877 0.039 0.2091 1.5333
25.2 -0.1143 -10.1446 0.0957 0.039 0.1633 1.5232
25.4 -0.0071 -10.5584 0.2394 0.0949 -0.0262 1.4984
25.6 0.2683 -10.5584 0.2394 0.1067 -0.3673 1.4984
25.8 0.3302 -10.0685 0.1793 0.1579 -0.3989 1.528
26 0.3928 -9.3992 0.0922 0.2119 -0.4157 1.528
26.2 0.3928 -8.3175 -0.0537 0.2697 -0.4157 1.4471
26.4 0.424 -7.3781 -0.2051 0.2697 -0.2477 1.3056
26.6 0.3722 -6.567 -0.3174 0.2692 -0.2365 1.2311
26.8 0.0394 -5.0696 -0.5728 0.1922 0.0693 1.218
27 -0.1384 -3.9607 -0.7399 0.155 0.2756 1.2037
27.2 -0.1485 -3.2094 -0.8382 0.1522 0.4241 1.141
27.4 -0.4515 -2.3667 -1.07 0.1522 0.9487 0.678
27.6 -0.4515 -2.18 -1.07 0.1647 0.9487 0.678
27.8 -0.0525 -2.18 -0.9712 0.2289 0.0923 1.2204
28 0.1193 -2.3037 -0.9215 0.2913 -0.0455 1.2204
28.2 0.2504 -2.917 -0.8296 0.3273 -0.1672 1.1356
28.4 0.2504 -3.6798 -0.7162 0.3273 -0.1907 1.0383
28.6 -0.0189 -4.8964 -0.6119 0.2686 -0.1907 1.0383
28.8 -0.0189 -5.7156 -0.5273 0.1508 -0.1889 1.1222
29 -0.1928 -5.7167 -0.4466 0.0515 -0.0975 1.3869
29.2 -0.1957 -8.5344 -0.0703 -0.1039 -0.0938 1.4078
29.4 -0.4364 -8.5344 -0.0703 -0.2 0.288 1.4078
29.6 -1.322 -5.1359 -0.713 -0.2 0.288 1.4195
29.8 -1.322 -5.1359 -0.713 -0.1283 0.185 1.4195
30 -0.0892 -10.2209 0.1432 -0.0402 0.0141 1.569
30.2 0.0121 -10.2209 0.1432 -0.0138 0.0141 1.5999
30.4 -0.0892 -8.9304 -0.0418 0.0109 0.0555 1.5999
30.6 -0.1506 -7.7986 -0.2694 0.1135 0.0555 1.2617
30.8 -0.1716 -6.554 -0.3933 0.1135 0.1498 1.2403
31 -0.2342 -5.2803 -0.5663 -0.0424 0.2673 1.2017
31.2 -0.5689 -4.1836 -0.7491 -0.1806 0.5361 1.1843
31.4 -0.6575 -3.1588 -0.9071 -0.1806 0.5361 1.1436
31.6 -0.6575 -1.8671 -1.0684 -0.0293 0.4595 1.0314
31.8 -0.6575 -1.8671 -1.0709 -0.0293 0.4595 0.8904
32 -0.456 -2.1618 -1.0709 -0.0496 0.7227 0.466
32.2 -0.456 -2.1618 -1.0489 -0.0496 0.7227 0.466
32.4 -0.1819 -2.24 -1.0213 0.1927 0.148 0.9661
32.6 -0.1041 -2.7489 -0.9222 0.1927 0.0378 1.0788
32.8 -0.1819 -3.7238 -0.77 0.0988 0.0267 1.0788
33 -0.197 -4.5813 -0.6647 0.0798 0.0378 0.6171
33.2 -0.3928 -5.8263 -0.4944 -0.0206 0.0646 0.6171
33.4 -0.3928 -9.1781 -0.0313 -0.1613 0.0646 0.9236
33.6 -0.2971 -10.6384 0.2292 -0.1613 -0.2781 1.3479
33.8 -0.1909 -10.717 0.2544 -0.1136 -0.3465 1.5244
34 -0.1847 -10.717 0.2544 -0.041 -0.3493 1.6277
34.2 0.0841 -10.3135 0.1379 0.0028 -0.3465 1.6429
34.4 0.0841 -9.5593 0.07 0.0028 -0.3371 1.6429
34.6 -0.0378 -9.1014 -0.0175 -0.0033 -0.2197 1.8049
34.8 -0.0522 -8.2374 -0.1264 -0.031 -0.071 2.1427
35 -0.0522 -6.8889 -0.3066 -0.0362 0.0829 2.1427
35.2 -0.3457 -5.341 -0.5257 -0.099 0.3187 1.8715
35.4 -0.464 -4.5497 -0.6676 -0.1081 0.5815 1.6823
35.6 -0.6218 -3.359 -0.8543 -0.1086 0.6524 1.6823
35.8 -0.6564 -2.1031 -1.0165 -0.3028 1.067 1.5183
36 -0.8038 -1.3349 -1.1482 -0.3396 1.4622 1.5131
36.2 -0.8038 -1.0261 -1.2635 -0.3396 1.4622 0.4715
36.4 -0.6361 -0.9718 -1.2847 -0.2392 1.2397 0.4089
36.6 -0.6361 -0.9718 -1.3551 -0.2077 1.0304 0.0542
36.8 -0.7798 -1.087 -1.3551 -0.2077 0.8616 0.0516
37 -0.7798 -1.3198 -1.3084 -0.184 0.7379 -0.0121
37.2 -0.7618 -2.0871 -1.1568 -0.1804 0.6712 -0.3416
37.4 -0.7062 -3.4477 -0.9323 -0.1131 0.3968 -0.3416
37.6 -0.7062 -5.4419 -0.6144 -0.1131 -0.0544 -0.1168
37.8 -0.3757 -6.5145 -0.4146 -0.1131 -0.0544 0.8317
38 -0.3757 -6.884 -0.3624 -0.0358 -0.0335 0.9717
38.2 -0.4417 -6.884 -0.3624 -0.0358 -0.0248 1.0319
38.4 -0.5444 -6.564 -0.4006 -0.0715 0.1611 1.4519
38.6 -0.7008 -5.7142 -0.5521 -0.2337 0.5701 1.8421
38.8 -0.8298 -4.8093 -0.7103 -0.2337 0.6694 1.9938
39 -0.93 -3.8856 -0.8598 -0.0067 0.6883 2.0162
39.2 -0.9324 -2.9328 -1.0012 -0.0067 0.7108 2.0162
39.4 -0.9907 -1.9803 -1.1437 -0.0626 0.8697 2.0111
39.6 -1.0576 -1.3054 -1.2371 -0.0641 0.9975 1.5506
39.8 -1.08 -0.7038 -1.3245 -0.0626 0.9975 1.2296
40 -1.0576 -0.3072 -1.3815 0.1296 0.8791 1.2284
40.2 -1.0047 -0.263 -1.3815 0.1661 0.6754 1.1669
40.4 -1.0047 -0.263 -1.3535 0.1661 0.6754 1.0885
40.6 -1.1058 -0.7671 -1.295 0.1661 0.6754 0.8424
40.8 -1.1259 -1.2011 -1.225 0.2055 0.3669 -0.4379
41 -1.1259 -1.6132 -1.161 0.2055 0.3238 -0.4659
41.2 -1.0893 -3.3104 -0.8838 0.0328 0.1893 -0.4858
41.4 -1.0893 -5.1297 -0.6253 0.0123 -0.1168 -0.4858
41.6 -1.0893 -7.3436 -0.2908 -0.0357 -0.2392 0.6608
41.8 -0.9101 -9.1565 -0.0236 -0.0405 -0.2392 1.4935
42 -0.868 -9.3822 -0.0055 -0.0405 -0.1856 1.6469
42.2 -0.8484 -9.3822 -0.0055 -0.0314 -0.0885 1.6583
42.4 -0.6811 -8.8737 -0.0697 -0.0168 0.0054 1.7009
42.6 -0.5642 -8.016 -0.1679 -0.0175 0.0579 1.8822
42.8 -0.5642 -6.6867 -0.3628 -0.0175 0.2647 2.0403
43 -0.7161 -5.5915 -0.5267 -0.0175 0.4173 2.0403
43.2 -0.7348 -4.1775 -0.7241 -0.0131 0.5274 1.7786
43.4 -0.9595 -2.8377 -0.8955 -0.0131 0.6934 1.7786
43.6 -1.0344 -1.7273 -1.0345 0.0059 0.8683 1.7505
43.8 -1.0344 -0.8861 -1.1506 0.0838 0.8683 1.3013
44 -0.8591 -0.2278 -1.2067 0.3327 0.7186 1.0722
44.2 -0.8219 0.3302 -1.2625 0.4072 0.6181 1.0722
44.4 -0.7629 0.3302 -1.2625 0.4072 0.6047 1.1385
44.6 -0.7629 0.2557 -1.2414 0.4023 0.6006 1.1385
44.8 -0.9502 -0.3627 -1.1732 0.4013 0.5875 1.0482
45 -1.0206 -1.1181 -1.0778 0.3692 0.2966 0.0831
45.2 -1.0206 -2.0892 -0.9414 0.2987 0.0855 -0.4389
45.4 -0.9851 -3.7139 -0.7272 0.138 0.0855 -0.4389
45.6 -0.9642 -5.7236 -0.4612 -0.1131 0.1541 0.2298
45.8 -0.9372 -6.7467 -0.3205 -0.1131 0.1541 0.4136
46 -0.7575 -6.7467 -0.3205 -0.0746 0.192 0.4184
46.2 -0.7575 -6.0586 -0.4049 -0.0075 0.3138 1.1404
46.4 -0.7866 -5.5807 -0.4634 0.0799 0.3354 1.3739
46.6 -0.7866 -4.8355 -0.558 0.1177 0.347 1.4055
46.8 -0.7866 -3.5444 -0.744 0.239 0.6989 1.646
47 -0.9394 -2.5592 -0.8697 0.2508 0.7859 1.646
47.2 -0.9394 -1.7826 -0.9719 0.3197 0.7859 1.6101
47.4 -0.9394 -1.0914 -1.0584 0.4581 0.6893 1.6101
47.6 -0.922 -0.4542 -1.1331 0.5574 0.6626 1.5081
47.8 -0.8556 0.2851 -1.2182 0.5831 0.555 1.2177
48 -0.8381 0.2851 -1.2182 0.5831 0.555 1.1862
48.2 -0.8381 0.0989 -1.2018 0.5789 0.549 1.1551
48.4 -1.1388 -0.4929 -1.1377 0.5136 0.4924 0.9625
48.6 -1.1748 -1.312 -0.998 0.4862 0.3653 -0.2144
48.8 -1.1748 -1.5975 -0.9593 0.4278 0.3543 -0.3265
49 -1.1748 -2.5587 -0.8517 0.3462 0.3497 -0.3265
49.2 -1.0446 -4.3622 -0.6017 0.2221 0.2623 -0.2866
49.4 -1.0437 -6.8683 -0.2811 0.01 0.1567 0.1987
49.6 -0.9991 -8.6972 -0.0529 -0.1169 0.1567 0.7874
49.8 -0.9187 -10.1241 0.1305 -0.2238 0.1712 1.2426
50 -0.871 -10.1241 0.1305 -0.2238 0.2667 1.7846
50.2 -0.8431 -10.0704 0.1278 -0.186 0.2699 1.8348
50.4 -0.5881 -9.3834 0.0312 -0.098 0.4524 2.2098
50.6 -0.5015 -8.7751 -0.0604 -0.0866 0.5282 2.3014
50.8 -0.5015 -7.9968 -0.1588 0.0486 0.5315 2.3014
51 -0.5252 -6.9264 -0.2928 0.1385 0.5354 1.969
51.2 -0.5842 -5.7158 -0.4418 0.1881 0.5354 1.8929
51.4 -0.5842 -4.8539 -0.5579 0.3511 0.4679 1.4229
51.6 -0.5842 -3.7162 -0.7194 0.3644 0.4679 1.2018
51.8 -0.6589 -2.7171 -0.8391 0.3644 0.6981 1.1031
52 -0.7289 -2.4175 -0.867 0.3462 0.6981 0.965
52.2 -0.8528 -2.3247 -0.8705 0.3462 0.6436 0.421
52.4 -0.8674 -2.3247 -0.867 0.3232 0.4307 0.295
52.6 -0.9443 -2.8278 -0.7659 0.3232 0.3544 -0.1421
52.8 -0.9443 -3.2045 -0.708 0.2711 0.2244 -0.3877
53 -0.9443 -3.4953 -0.6677 0.2652 0.1556 -0.3877
53.2 -0.9984 -4.7198 -0.4857 0.12 0.0879 -0.339
53.4 -0.9984 -6.8444 -0.1865 0.0606 -0.1363 -0.0445
53.6 -0.7575 -9.1922 0.1256 -0.0255 -0.1363 0.4368
53.8 -0.7491 -10.1544 0.252 -0.0922 -0.0785 0.7446
54 -0.7131 -10.3181 0.2632 -0.0922 0.0053 0.9361
54.2 -0.6037 -10.3181 0.2632 -0.092 0.0118 1.032
54.4 -0.3002 -9.9519 0.1666 0.0818 0.0118 1.1989
54.6 -0.3002 -9.6505 0.1301 0.086 0.1531 1.7897
54.8 -0.3002 -9.2071 0.0754 0.1069 0.1858 1.7897
55 -0.2094 -8.6446 -0.0022 0.2065 0.1866 1.7865
55.2 -0.2094 -7.543 -0.1329 0.4853 0.2804 1.7122
55.4 -0.3426 -6.2557 -0.2943 0.5999 0.2892 1.3326
55.6 -0.3426 -5.1261 -0.4314 0.6709 0.2957 1.2845
55.8 -0.3887 -3.8911 -0.6052 0.8171 0.3031 1.281
56 -0.4761 -2.6965 -0.7456 0.846 0.4329 1.1854
56.2 -0.4921 -2.018 -0.8274 0.847 0.4329 0.784
56.4 -0.533 -1.9002 -0.8491 0.846 0.3618 0.3432
56.6 -0.5947 -1.9002 -0.8491 0.7944 0.3557 0.25
56.8 -0.739 -1.9529 -0.8263 0.7931 0.197 0.0631
57 -0.8329 -2.4249 -0.7506 0.7616 -0.0263 -0.2374
57.2 -0.8893 -3.0766 -0.6526 0.6571 -0.1136 -0.3411
57.4 -0.8953 -3.9959 -0.5039 0.6194 -0.1136 -0.3411
57.6 -0.8953 -5.1061 -0.3604 0.481 -0.0848 -0.1599
57.8 -0.7809 -6.3953 -0.2076 0.3519 -0.0501 0.0831
58 -0.7364 -6.6322 -0.1525 0.3519 0.0245 0.173
58.2 -0.7233 -6.6322 -0.1525 0.363 0.0245 0.8121
58.4 -0.5484 -6.4666 -0.1953 0.3829 0.1803 1.0224
58.6 -0.5484 -5.8442 -0.3105 0.3829 0.3007 1.1437
58.8 -0.5229 -4.8534 -0.4158 0.6667 0.3235 1.2265
59 -0.5229 -4.1681 -0.5317 0.6769 0.4838 1.5212
59.2 -0.5037 -3.4156 -0.6302 0.7277 0.4913 1.5212
59.4 -0.4801 -3.2136 -0.6601 0.7293 0.5523 1.5172
59.6 -0.4801 -3.0144 -0.6897 0.7304 0.6136 1.515
59.8 -0.6012 -1.7939 -0.8444 0.7318 0.6136 1.3649
60 -0.6277 -0.946 -0.9438 0.8084 0.5614 1.072
60.2 -0.678 -0.6926 -0.9438 0.9648 0.2174 0.6946
60.4 -0.8884 -0.6926 -0.9374 0.9648 0.1213 0.4872
60.6 -0.9101 -1.0113 -0.8619 0.839 0.1168 0.0303
60.8 -0.9794 -1.7346 -0.7471 0.5724 0.0814 0.0025
61 -1.1166 -2.6259 -0.5839 0.5123 0.0374 -0.0709
61.2 -1.1166 -3.7919 -0.4302 0.4688 0.0247 -0.0709
61.4 -1.0911 -5.3691 -0.2045 0.2203 0.0247 -0.0709
61.6 -1.0594 -6.332 -0.0702 0.0362 0.0567 0.0559
61.8 -0.9313 -7.3655 0.0396 0.0046 0.1433 0.8579
62 -0.8945 -8.005 0.1257 -0.0367 0.1706 0.996
62.2 -0.8542 -8.005 0.1257 -0.0586 0.2229 1.1518
62.4 -0.7457 -7.9022 0.0691 -0.0618 0.5102 1.5418
62.6 -0.7398 -7.5013 0.0135 -0.0586 0.5102 1.7296
62.8 -0.6932 -7.1604 -0.0523 0.1995 0.5086 1.7543
63 -0.6188 -6.3232 -0.1862 0.2564 0.5035 1.9319
63.2 -0.6188 -5.5776 -0.2834 0.3834 0.4968 1.9319
63.4 -0.6088 -4.844 -0.3807 0.5167 0.4614 1.5329
63.6 -0.6624 -4.026 -0.5382 0.5694 0.3991 1.3175
63.8 -0.6763 -2.8565 -0.6597 0.6804 0.3496 1.3172
64 -0.7553 -2.3098 -0.7223 0.6998 0.3227 1.005
64.2 -0.7553 -1.7431 -0.8018 0.6998 0.3227 0.7685
64.4 -0.7598 -1.3533 -0.8221 0.5565 0.552 0.3825
64.6 -0.8876 -1.3533 -0.8221 0.5159 0.552 0.3737
64.8 -0.9484 -1.4668 -0.7819 0.4918 0.4023 0.3014
65 -0.9539 -1.7596 -0.7326 0.4812 0.2225 -0.0535
65.2 -0.9882 -2.601 -0.5887 0.4163 0.0148 -0.1395
65.4 -1.0405 -3.8624 -0.3821 0.1413 -0.0358 -0.3209
65.6 -1.1996 -5.2537 -0.1097 0.007 -0.0321 -0.3209
65.8 -1.2287 -6.4999 0.0695 -0.1995 -0.0321 -0.1816
66 -1.2283 -7.4615 0.2515 -0.1995 0.2267 0.4239
66.2 -1.2283 -8.1219 0.297 -0.1757 0.2297 0.7435
66.4 -0.9839 -8.1219 0.297 -0.1573 0.3019 0.7736
66.6 -0.9542 -7.7894 0.251 0.0951 0.3077 1.3246
66.8 -0.891 -7.6098 0.2005 0.2931 0.3077 1.5714
67 -0.7791 -7.1898 0.1211 0.5532 0.3077 1.5714
67.2 -0.7571 -6.25 -0.06 0.5532 0.3384 1.5535
67.4 -0.7571 -5.4375 -0.1759 0.4106 0.5056 1.4786
67.6 -0.7868 -4.6476 -0.2568 0.4106 0.5056 1.3256
67.8 -0.8593 -3.61 -0.4922 0.5282 0.3893 1.0996
68 -0.8593 -2.794 -0.6152 0.8605 0.1423 0.9587
68.2 -0.9134 -2.0522 -0.7547 0.8605 -0.0028 0.9525
68.4 -0.9134 -1.3653 -0.874 0.8245 -0.0028 0.5221
68.6 -0.9134 -1.3323 -0.8812 0.5959 0.0642 0.5014
68.8 -0.9359 -1.3323 -0.8812 0.4648 0.0642 0.1594
69 -1.0294 -1.6391 -0.7847 0.4648 -0.0883 0.1026
69.2 -1.0427 -2.3635 -0.6525 0.4648 -0.0883 -0.0298
69.4 -1.0644 -3.3548 -0.3797 0.3375 -0.0757 -0.0298
69.6 -1.0692 -4.2678 -0.2905 0.0885 0.0404 -0.0369
69.8 -1.0692 -5.2523 -0.0795 0.0885 0.0404 0.0288
70 -1.0692 -6.7414 0.2247 0.1343 0.0093 0.0288
70.2 -1.0529 -8.7992 0.611 0.1777 0.0093 0.6529
70.4 -0.8706 -10.0308 0.7724 0.1777 0.4432 1.2653
70.6 -0.8532 -10.0761 0.7771 0.1777 0.4616 1.5909
70.8 -0.8491 -10.0761 0.7771 0.382 0.4616 1.8253
71 -0.8098 -9.8109 0.71 0.518 0.4616 1.9364
71.2 -0.6252 -9.339 0.5126 0.6505 0.6007 2.167
71.4 -0.5966 -8.6186 0.4077 0.7521 0.6007 2.167
71.6 -0.5966 -8.2069 0.3247 0.7684 0.2348 1.9534
71.8 -0.4544 -7.0466 0.0344 0.8695 0.2348 1.864
72 -0.4544 -5.5688 -0.2723 0.8695 0.2669 1.7751
72.2 -0.5899 -3.9323 -0.5057 0.6402 0.2669 1.4501
72.4 -0.6286 -2.8961 -0.6858 0.6241 0.1817 1.0979
72.6 -0.6471 -2.6826 -0.7053 0.6241 0.0676 0.6395
72.8 -0.6595 -2.6826 -0.7053 0.6301 -0.1887 0.5082
73 -0.8772 -3.0885 -0.5163 0.6301 -0.2918 0.3266
73.2 -0.8815 -3.9358 -0.3479 0.3931 -0.2918 -0.0238
73.4 -0.8874 -4.7379 -0.13 0.1923 -0.0692 -0.0238
73.6 -0.8874 -5.8938 0.0317 0.1427 -0.0692 0.0079
73.8 -0.8595 -6.95 0.2063 0.0606 -0.1651 0.0079
74 -0.8595 -7.4771 0.3404 0.0606 -0.1651 0.0079
74.2 -0.921 -8.1486 0.5049 0.072 -0.1572 0.1155
74.4 -0.921 -9.6302 0.7905 0.099 0.1956 0.819
74.6 -0.8132 -9.6302 0.7905 0.1573 0.3528 1.0284
74.8 -0.6462 -9.4312 0.6168 0.3433 0.3761 1.4058
75 -0.5587 -9 0.4858 0.8169 0.3761 1.9512
75.2 -0.5426 -8.6743 0.4154 0.8169 0.3316 1.9512
75.4 -0.4304 -8.0222 0.207 0.8257 0.3316 1.9512
75.6 -0.3815 -7.1745 0.087 0.9472 0.3316 2.042
75.8 -0.2885 -6.9004 -0.0361 0.9472 0.301 2.042
76 -0.2885 -6.1441 -0.2677 0.8141 0.3008 1.6196
76.2 -0.34 -4.3599 -0.5381 0.8141 0.2242 1.3336
76.4 -0.6043 -3.2595 -0.6299 0.8557 -0.1359 1.0438
76.6 -0.6592 -2.7151 -0.7038 0.8557 -0.1359 0.8535
76.8 -0.6794 -2.4584 -0.7038 0.6644 -0.1106 0.716
77 -0.8421 -2.4584 -0.671 0.6608 -0.1106 0.6056
77.2 -0.9301 -2.6664 -0.5756 0.5848 -0.1106 0.2205
77.4 -0.938 -3.0755 -0.505 0.1277 0.0138 -0.0151
77.6 -1.0481 -3.41 -0.3759 0.0782 0.0138 -0.1288
77.8 -1.0647 -3.7306 -0.2719 0.0548 0.0138 -0.1288
78 -1.0647 -5.4342 0.0509 0.0528 0.0189 -0.0069
78.2 -1.0386 -7.5591 0.4019 0.0528 0.5194 0.3541
78.4 -0.9062 -8.9625 0.6515 0.1098 0.5194 1.0734
78.6 -0.8334 -8.9625 0.6515 0.6934 0.253 1.1387
78.8 -0.7595 -8.698 0.5715 0.7504 0.2389 1.5064
79 -0.7289 -7.9048 0.3843 0.9064 0.2024 1.6176
79.2 -0.7204 -7.7041 0.3315 0.9064 0.2024 1.7417
79.4 -0.5593 -7.318 0.1537 0.7656 0.3153 1.7553
79.6 -0.5593 -6.507 -0.0322 0.7656 0.4227 1.8479
79.8 -0.5697 -5.4062 -0.2254 0.7731 0.467 1.8479
80 -0.5697 -4.6617 -0.4115 0.7844 0.467 1.5551
80.2 -0.5697 -3.5716 -0.7076 0.9768 -0.164 1.2874
80.4 -0.5794 -2.4857 -0.9045 0.9768 -0.164 1.0936
80.6 -0.6504 -1.4657 -1.0934 0.9768 -0.1909 1.0904
80.8 -0.6953 -1.3058 -1.0934 1.2639 -0.6067 1.0753
81 -0.8797 -1.0406 -1.0637 1.2639 -0.6067 0.9637
81.2 -0.9014 -1.0406 -1.0532 1.2047 -0.1046 0.9392
81.4 -1.0819 -1.1538 -0.8844 1.2043 -0.096 0.7399
81.6 -1.0924 -1.1896 -0.8813 0.1138 0.1346 0.0685
81.8 -1.2465 -1.6234 -0.6619 0.062 0.1736 -0.2047
82 -1.284 -2.5805 -0.3891 -0.125 0.3484 -0.4601
82.2 -1.284 -3.7102 -0.1672 -0.5348 0.5038 -0.5435
82.4 -1.2156 -4.868 0.0381 -0.5348 0.6315 -0.5435
82.6 -1.2034 -6.3959 0.3898 -0.52 0.6315 -0.1992
82.8 -1.1567 -6.9284 0.466 -0.52 0.6326 -0.1141
83 -1.0643 -7.6813 0.5688 -0.5289 0.6335 -0.0474
83.2 -0.9282 -8.3193 0.6164 -0.5289 0.8128 0.2489
83.4 -0.9173 -8.3193 0.6164 -0.2061 0.8324 0.8645
83.6 -0.8128 -7.8528 0.4585 -0.1469 0.8324 1.1816
83.8 -0.6835 -7.3192 0.2514 0.6192 0.4942 1.4368
84 -0.6408 -6.6861 0.0849 0.9224 0.4942 1.8296
84.2 -0.6231 -6.0436 -0.0783 0.9229 0.3863 1.8296
84.4 -0.6231 -5.1357 -0.3161 0.986 0.3863 1.5141
84.6 -0.8027 -3.3057 -0.5974 0.986 -0.0181 1.1607
84.8 -0.8383 -2.5739 -0.7388 0.9203 -0.0181 1.021
85 -0.8445 -1.8953 -0.8331 0.1587 0.3601 0.4217
85.2 -0.9364 -1.8953 -0.8331 0.1587 0.3601 0.3851
85.4 -1.1424 -1.9962 -0.6354 0.5579 -0.026 0.1923
85.6 -1.1424 -2.6589 -0.4824 0.5579 -0.026 -0.0922
85.8 -1.1424 -3.5277 -0.2754 0.1736 -0.0075 -0.1712
86 -1.1336 -4.2744 -0.0093 0.0783 0.0142 -0.1997
86.2 -1.044 -5.4102 0.0923 -0.1687 0.1429 -0.1997
86.4 -0.9891 -6.6891 0.3507 -0.1757 0.215 0.3669
86.6 -0.9094 -8.439 0.6928 -0.1757 0.215 0.8639
86.8 -0.839 -10.384 1.0743 0.3836 0.6844 0.926
87 -0.7612 -10.384 1.0743 0.3903 0.7157 1.0207
87.2 -0.7612 -10.2027 0.9677 0.3903 0.7157 1.3583
87.4 -0.7225 -9.4636 0.8944 0.9058 0.6087 2.0165
87.6 -0.6532 -8.9416 0.6341 0.9058 0.5709 2.1073
87.8 -0.6264 -8.1101 0.4112 0.8437 0.5709 2.1073
88 -0.4618 -7.2499 0.0776 0.6986 0.9483 2.1073
88.2 -0.4451 -6.4172 -0.135 0.6986 0.9483 2.0808
88.4 -0.3027 -6.0387 -0.3507 0.8483 0.6294 1.7317
88.6 -0.3027 -5.4819 -0.5785 0.85 0.6294 1.7124
88.8 -0.4615 -4.244 -0.6521 0.9168 0.7448 1.6145
89 -0.5715 -3.1523 -0.751 0.9168 0.7448 0.8781
89.2 -0.7535 -2.8932 -0.751 0.4607 0.0285 0.7791
89.4 -0.8494 -2.8781 -0.7221 0.4607 0.0062 0.3979
89.6 -1.0129 -2.8781 -0.5453 0.5271 -0.0463 0.2044
89.8 -1.0935 -3.3575 -0.3347 0.5271 -0.0463 0.1206
90 -1.0935 -3.8738 -0.2389 0.0358 0.1402 0.0248
90.2 -1.0814 -4.3231 -0.158 -0.0254 0.3142 0.004
90.4 -1.0582 -5.0412 0.052 -0.0661 0.3142 -0.0326
90.6 -1.0024 -6.0569 0.2215 -0.1043 0.2109 -0.0326
90.8 -0.9777 -6.943 0.3599 -0.1043 0.2109 0.013
91 -0.9173 -7.4199 0.3599 -0.0822 0.2348 0.8254
91.2 -0.7955 -7.4199 0.3286 0.0445 0.271 0.846
91.4 -0.7955 -7.309 0.3264 0.3765 0.4912 0.9442
91.6 -0.8044 -6.751 0.2092 0.3796 0.5724 1.1143
91.8 -0.8044 -6.4503 0.1414 0.4067 0.6215 1.3293
92 -0.814 -5.8641 -0.0657 0.4075 0.6474 1.3293
92.2 -0.814 -4.7232 -0.3096 0.4566 0.7877 1.2076
92.4 -0.8519 -3.8005 -0.449 0.5129 0.7877 1.1737
92.6 -0.8519 -2.9929 -0.7033 0.5508 0.6211 1.0186
92.8 -0.8519 -2.0554 -0.8632 0.6492 0.5196 0.7171
93 -1.0459 -1.5106 -0.8632 0.6699 0.3545 0.5759
93.2 -1.1083 -1.5106 -0.8235 0.6492 0.2428 0.3556
93.4 -1.1784 -1.645 -0.6835 0.2183 0.241 -0.0228
93.6 -1.1807 -1.8054 -0.6249 0.2063 0.2428 -0.0718
93.8 -1.2096 -1.9928 -0.5574 0.1556 0.257 -0.0718
94 -1.2282 -2.1779 -0.4947 0.1556 0.2671 -0.0506
94.2 -1.2282 -3.1044 -0.2612 0.1556 0.5199 -0.0506
94.4 -1.2013 -4.1476 -0.0428 0.0999 0.5199 -0.1571
94.6 -1.1441 -5.8994 0.2846 0.0999 -0.1996 -0.1571
94.8 -0.842 -7.1252 0.3159 0.2044 -0.1996 0.9337
95 -0.7107 -9.7314 0.7141 0.2289 0.0283 1.1515
95.2 -0.6684 -10.9089 0.9781 0.244 0.1795 1.2673
95.4 -0.7107 -10.9089 0.9781 0.3438 0.1801 1.6365
95.6 -0.7355 -10.2415 0.9599 0.5163 0.3596 1.8843
95.8 -0.7359 -9.5899 0.7661 1.0001 0.6999 2.2926
96 -0.7355 -9.0739 0.6581 1.0989 0.6999 2.3047
96.2 -0.6544 -8.4524 0.4143 1.0989 0.353 2.3047
96.4 -0.5911 -7.4357 0.0905 1.0806 0.353 2.0643
96.6 -0.5785 -6.3636 -0.1743 1.0806 0.3974 1.8348
96.8 -0.5785 -5.4395 -0.3845 1.1747 0.3974 1.8347
97 -0.6428 -4.3146 -0.5916 1.1747 0.2321 1.374
97.2 -0.8697 -2.8199 -0.6794 0.7843 0.0513 0.8623
97.4 -0.9328 -2.7925 -0.6794 0.7454 0.0513 0.3943
97.6 -0.9672 -2.7925 -0.5755 0.4921 0.2373 -0.072
97.8 -1.0904 -3.1622 -0.335 0.2788 0.2373 -0.1981
98 -1.1192 -4.1067 -0.0639 0.2459 0.3046 -0.2039
98.2 -1.1192 -5.1725 0.15 -0.0364 0.401 -0.1981
98.4 -1.0362 -6.3955 0.3233 -0.4753 0.401 0.0076
98.6 -1.0353 -7.8419 0.6563 -0.5765 0.3971 0.575
98.8 -0.9198 -10.0916 1.0446 -0.5765 0.3921 1.019
99 -0.7317 -11.9299 1.2627 -0.3324 0.3483 1.0877
99.2 -0.7317 -11.9299 1.2627 -0.2569 0.3483 1.272
99.4 -0.7376 -11.6665 1.2145 -0.2526 0.5326 1.5417
99.6 -0.7376 -11.0675 1.1045 0.7429 0.6534 2.1438
99.8 -0.7376 -10.1942 0.9075 1.3592 0.6534 2.3309
100 -0.7356 -9.384 0.7639 1.5499 0.6288 2.377
100.2 -0.6426 -8.9557 0.4954 1.6609 0.4487 2.377
100.4 -0.6426 -7.9516 0.1018 1.6609 0.4487 2.3596
100.6 -0.6987 -6.0738 -0.1669 1.4221 0.4487 2.0994
100.8 -0.6987 -4.7105 -0.5007 1.4166 0.3778 1.5984
101 -0.6987 -3.4452 -0.7831 1.4166 0.1307 1.1757
101.2 -0.8892 -2.5552 -0.7831 0.9629 0.0128 0.6387
101.4 -0.9297 -2.5552 -0.7454 0.9629 -0.1091 0.4759
101.6 -1.0257 -2.6798 -0.4905 1.0158 -0.4367 0.0463
101.8 -1.0727 -3.2827 -0.3996 1.0158 -0.4367 -0.0162
102 -1.0729 -4.0774 -0.0496 0.4749 -0.0541 -0.0523
102.2 -1.0729 -5.2859 0.1269 0.3891 -0.0505 -0.0523
102.4 -1.0647 -6.6165 0.411 0.2753 -0.0037 0.1364
102.6 -0.9618 -7.7426 0.5475 0.2266 0.0571 0.3217
102.8 -0.8918 -9.6553 0.8662 0.0946 0.136 0.634
103 -0.761 -11.5013 1.1142 -0.0837 0.3954 1.37
103.2 -0.761 -11.5013 1.1142 -0.0837 0.3954 1.4978
103.4 -0.7783 -10.8776 1.0735 1.1213 0.3105 1.9323
103.6 -0.7783 -10.4828 0.9593 1.4567 0.3105 2.1558
103.8 -0.7783 -9.8004 0.728 1.5243 0.5658 2.1558
104 -0.7654 -8.6335 0.5887 1.7008 0.5658 2.065
104.2 -0.7654 -7.6075 0.2616 1.7008 0.2562 2.0627
104.4 -0.7133 -6.5084 -0.0889 1.597 0.2562 1.9293
104.6 -0.7133 -5.0565 -0.4639 0.9968 0.5714 1.7183
104.8 -0.7385 -3.9526 -0.6722 0.6213 0.9387 1.456
105 -0.7571 -2.787 -0.9111 0.6213 0.9387 0.9474
105.2 -0.8235 -1.8427 -0.9169 0.6364 0.2865 0.6538
105.4 -0.903 -1.6329 -0.9169 1.1901 -0.1536 0.4936
105.6 -0.9788 -1.6329 -0.8024 1.1901 -0.1536 0.4746
105.8 -1.0678 -1.8399 -0.6104 0.926 0.0837 -0.1722
106 -1.0716 -2.2581 -0.4887 -0.1168 0.5061 -0.2593
106.2 -1.097 -3.2142 -0.1949 -0.1532 0.6885 -0.3047
106.4 -1.097 -4.4569 0.0647 -0.5734 0.7875 -0.3441
106.6 -1.0459 -5.3109 0.1836 -0.9325 0.8285 -0.3441
106.8 -0.9843 -6.2198 0.3005 -0.9325 0.8285 -0.2266
107 -0.9393 -7.8368 0.6163 -0.5192 0.5951 0.3969
107.2 -0.824 -9.08 0.6835 -0.4029 0.5951 0.7774
107.4 -0.824 -9.08 0.7181 -0.3258 0.8041 1.1945
107.6 -0.7734 -8.5928 0.6835 0.0334 0.826 1.588
107.8 -0.8482 -8.1316 0.5185 0.0334 1.8459 1.588
108 -0.8446 -7.2186 0.4224 -0.3033 2.2631 1.4774
108.2 -0.8686 -5.7085 0.0379 -0.3216 2.2631 1.4408
108.4 -0.8842 -4.6371 -0.1519 -0.3216 2.2599 1.2862
108.6 -0.8842 -3.7074 -0.3727 -0.3216 1.9078 1.1751
108.8 -0.8648 -2.5824 -0.8914 1.0403 -0.5723 1.1178
109 -0.8037 -1.63 -0.9 1.0403 -0.5723 0.6317
109.2 -0.8382 -0.9731 -1.0013 0.5629 1.1971 0.5649
109.4 -0.8382 -0.9731 -1.0013 0.5629 1.2499 0.5586
109.6 -0.9454 -1.016 -0.7627 0.6166 1.2499 0.4073
109.8 -0.9566 -2.1109 -0.2743 0.8655 0.4272 -0.1897
110 -1.0589 -3.2101 -0.2454 0.8655 0.4272 -0.2578
110.2 -1.0589 -4.2164 0.1455 -0.6679 1.2331 -0.303
110.4 -1.0589 -5.857 0.4841 -0.6679 1.2331 -0.303
110.6 -0.8996 -8.2288 0.6442 -0.4388 0.4856 0.1281
110.8 -0.7222 -10.0975 0.6819 0.286 0.0984 0.8746
111 -0.6977 -10.3097 0.8341 0.3194 0.0984 1.2474
111.2 -0.6977 -10.3097 0.8341 0.3711 0.1027 1.5217
111.4 -0.6977 -9.8671 0.7806 0.3725 0.6144 1.5747
111.6 -0.7142 -8.8091 0.7718 0.3725 0.8181 1.876
111.8 -0.7142 -8.0892 0.4332 0.3048 1.1427 1.9371
112 -0.5395 -7.2095 -0.1315 0.3048 1.1427 1.9593
112.2 -0.5395 -5.9334 -0.4253 1.0515 0.4204 1.9371
112.4 -0.5439 -4.4836 -0.604 1.0515 0.4204 1.7903
112.6 -0.6077 -3.3645 -1.0067 0.468 0.4395 1.5063
112.8 -0.6168 -2.2314 -1.1144 0.468 0.4713 1.1615
113 -0.6566 -1.3232 -1.1657 0.583 0.9309 0.7031
113.2 -0.6869 -0.9719 -1.1657 0.583 1.2882 0.6907
113.4 -0.7841 -0.9719 -1.004 0.1554 1.4138 0.6053
113.6 -0.8147 -1.1251 -0.913 -0.0556 1.4444 0.5497
113.8 -0.8169 -1.2303 -0.9018 -0.0556 1.4444 0.5267
114 -0.8169 -1.7898 -0.7616 -0.0345 1.3439 0.388
114.2 -0.8482 -3.8246 -0.2043 0.0524 0.9011 -0.0408
114.4 -0.8482 -5.9406 0.2635 0.0524 0.6773 -0.0408
114.6 -0.7498 -8.9831 0.5832 -0.8906 0.6351 0.7427
114.8 -0.6726 -10.4127 0.756 -0.8906 0.646 1.0671
115 -0.6715 -10.4127 0.756 -0.1472 0.646 1.5583
115.2 -0.6598 -10.1549 0.7068 0.2573 0.6597 1.7691
115.4 -0.6598 -9.7534 0.6188 0.6559 0.6597 1.7971
115.6 -0.66 -8.8745 0.4939 0.6766 0.6557 1.8564
115.8 -0.66 -7.5887 0.2205 0.6766 0.6557 1.8265
116 -0.619 -6.2504 -0.1877 0.7062 0.6557 1.8265
116.2 -0.6044 -4.943 -0.5422 1.2509 0.0271 1.6314
116.4 -0.5944 -3.5791 -0.8218 1.2509 0.0271 1.4612
116.6 -0.5944 -2.5545 -1.0641 0.7515 0.4372 1.1851
116.8 -0.5757 -1.4285 -1.3721 0.7141 0.8413 0.808
117 -0.5757 -0.5816 -1.3721 0.7116 1.0999 0.7346
117.2 -0.672 -0.2974 -1.3706 0.5604 1.2678 0.6579
117.4 -0.7202 -0.2974 -1.2981 0.1895 1.2678 0.576
117.6 -0.8102 -0.7244 -0.9836 0.1858 1.087 0.5691
117.8 -0.8192 -1.5145 -0.7672 0.0084 0.6016 0.2697
118 -0.8192 -2.7762 -0.5327 -0.469 0.6016 -0.4231
118.2 -0.8 -3.9973 -0.3727 -0.5017 0.6531 -0.4231
118.4 -0.7866 -5.648 -0.0028 -1.2314 1.1691 -0.153
118.6 -0.7234 -7.7992 0.182 -2.2332 1.2528 0.1294
118.8 -0.6101 -10.3828 0.4364 -2.3662 1.4172 0.7137
119 -0.6058 -10.6552 0.4434 -2.3718 1.4191 0.7626
119.2 -0.6058 -10.9063 0.4524 -2.3725 1.4191 0.7992
119.4 -0.6288 -11.6276 0.6619 -2.3725 0.9451 1.1411
119.6 -0.6288 -11.6276 0.6619 -2.3722 0.9451 1.3515
119.8 -0.6288 -10.9033 0.5785 -1.6049 1.0429 1.5721
120 -0.6583 -10.127 0.5724 -0.6784 1.0429 1.6987
120.2 -0.6635 -9.4073 0.4123 -0.6701 1.0682 1.7929
120.4 -0.6644 -8.159 0.1388 -0.6546 0.9903 1.7929
120.6 -0.6644 -6.8652 -0.165 -0.5803 0.7832 1.5217
120.8 -0.6359 -5.7926 -0.6009 -0.517 0.7832 1.2517
121 -0.6359 -4.4884 -0.8281 -0.4131 0.8226 1.0819
121.2 -0.6509 -3.1671 -0.9154 -0.4106 0.846 0.9429
121.4 -0.6509 -2.2582 -1.2187 -0.4106 0.846 0.7743
121.6 -0.6509 -1.1342 -1.4544 -0.1362 0.846 0.426
121.8 -0.6625 -0.214 -1.4544 0.5129 0.9553 0.2875
122 -0.6958 -0.0239 -1.4221 0.5432 0.9561 0.2543
122.2 -0.7149 -0.0239 -1.3691 0.5509 1.1091 0.2354
122.4 -0.7436 -0.1544 -1.3173 0.5635 1.1091 0.2354
122.6 -0.7547 -0.772 -1.1674 0.5908 0.8934 0.287
122.8 -0.7713 -1.3897 -0.9708 0.61 0.6613 0.3307
123 -0.8113 -1.7708 -0.7623 0.61 0.6613 0.3358
123.2 -0.8457 -2.1519 -0.5537 0.6099 0.6613 0.3409
123.4 -0.8457 -3.6396 -0.3178 0.2515 0.6605 0.4032
123.6 -0.8211 -5.6274 -0.0468 -0.1848 0.6503 0.5026
123.8 -0.8211 -7.6669 0.3601 -0.1861 0.6503 0.6802
124 -0.8423 -7.6669 0.3601 -0.436 0.7363 0.7186
124.2 -0.8423 -7.2674 0.0972 -1.8543 1.7918 0.8189
124.4 -0.839 -6.706 -0.0163 -1.8543 1.7918 0.8189
124.6 -0.839 -5.6904 -0.0232 -0.3448 1.3072 0.7837
124.8 -0.8373 -5.1982 -0.0666 -0.0822 0.6374 0.7704
125 -0.8199 -4.3752 -0.4361 -0.0582 0.523 0.763
125.2 -0.8199 -3.3953 -0.696 -0.0575 0.523 0.763
125.4 -0.809 -2.4651 -0.7933 -0.0163 0.5467 0.8312
125.6 -0.8079 -1.9707 -0.9992 -0.0012 0.572 0.8312
125.8 -0.7766 -1.1487 -1.2515 0.0477 0.6242 0.4544
126 -0.7766 -0.4815 -1.2763 0.0706 0.8272 0.3374
126.2 -0.8184 0.0768 -1.2763 0.0723 1.0566 0.2507
126.4 -0.8359 0.0768 -1.2135 0.0897 1.0636 0.2429
126.6 -0.8498 -0.0962 -1.0951 0.1144 1.0636 0.2429
126.8 -0.885 -0.4495 -0.9142 0.127 0.6432 0.2329
127 -0.8904 -0.8397 -0.8561 0.127 0.6432 0.2103
127.2 -0.8907 -2.2892 -0.4987 -0.2887 0.758 0.0803
127.4 -0.8907 -3.8095 -0.1795 -0.9457 0.9258 0.0803
127.6 -0.8674 -5.9661 0.0483 -0.9457 0.9258 0.2386
127.8 -0.8181 -8.1185 0.1999 -0.6329 0.1749 0.6102
128 -0.8181 -9.5571 0.3645 -0.6185 0.0194 1.0881
128.2 -0.8245 -10.4816 0.5735 -0.6329 0.0194 1.5573
128.4 -0.8256 -10.8306 0.5891 -0.7843 0.4668 1.5573
128.6 -0.8263 -10.8306 0.5928 -0.7843 0.4668 1.5573
128.8 -0.8706 -10.1526 0.6192 0.2113 0.1722 1.6821
129 -0.8706 -9.7889 0.6192 0.26 0.1722 1.7756
129.2 -0.8708 -9.28 0.6136 0.5047 0.2234 1.8751
129.4 -0.8902 -8.4562 0.5177 0.5047 0.2418 1.8751
129.6 -0.8902 -7.1555 0.3492 0.4325 1.2034 1.847
129.8 -0.8725 -6.3132 0.0313 0.4325 1.2034 1.7562
130 -0.86 -5.1703 -0.4013 0.4325 0.8951 1.4298
130.2 -0.8364 -3.9869 -0.4877 0.3677 0.673 1.37
130.4 -0.86 -3.1391 -0.7233 0.3677 0.6698 1.1361
130.6 -0.8364 -2.4175 -0.8506 0.3848 0.6698 0.9169
130.8 -0.8633 -2.0039 -0.9984 0.3848 0.7294 0.8818
131 -0.879 -0.9551 -0.9984 0.1748 0.8148 0.4526
131.2 -0.8898 -0.6858 -0.9984 -0.2809 0.9928 0.3956
131.4 -0.9072 -0.6858 -0.9241 -0.2809 0.9928 0.3727
131.6 -0.9072 -0.8758 -0.8497 0.3828 0.6162 0.3725
131.8 -0.9072 -1.6941 -0.4832 0.5659 0.2828 0.0058
132 -0.8964 -2.7445 -0.4832 0.5928 0.2828 0.0058
132.2 -0.8676 -3.4354 -0.3683 0.5928 0.308 0.6846
132.4 -0.8393 -5.0279 -0.3626 -0.0823 0.7798 0.7592
132.6 -0.8393 -7.3791 0.0566 -0.8076 0.8042 0.8643
132.8 -0.8709 -9.1989 0.4018 -1.0713 0.8042 0.998
133 -0.8709 -10.3199 0.6832 -1.0713 0.6467 1.4504
133.2 -0.8705 -10.3199 0.6832 -0.8939 0.2219 1.7377
133.4 -0.8705 -10.2912 0.6832 0.1829 0.2219 1.8188
133.6 -0.8909 -9.623 0.7392 0.3643 0.5923 1.8188
133.8 -0.9107 -8.7499 0.7392 0.6426 0.8635 1.8188
134 -0.9107 -7.9055 0.5332 0.6568 0.8635 1.7928
134.2 -0.9131 -6.9123 0.1246 0.6568 0.5102 1.8002
134.4 -0.9156 -5.2629 -0.1088 0.2443 0.5102 1.8002
134.6 -0.9156 -4.7304 -0.3447 -0.0554 0.6616 1.8079
134.8 -0.9133 -4.3001 -0.4855 -0.0554 0.7421 1.8079
135 -0.9133 -3.0937 -0.6929 -0.0498 0.7586 1.1129
135.2 -0.9051 -2.0891 -0.7969 -0.0141 0.7586 0.7763
135.4 -0.9051 -0.9479 -0.9782 0.0636 0.6052 0.5486
135.6 -0.8959 -0.2653 -1.1515 0.0636 0.6052 0.4695
135.8 -0.8959 0.4657 -1.3709 -0.58 1.1329 0.4165
136 -0.9038 0.6741 -1.3709 -0.58 1.1329 0.3785
136.2 -0.9043 0.6741 -1.2872 -0.0165 0.4557 0.376
136.4 -0.9043 0.2114 -0.9963 0.1642 0.4334 0.3732
136.6 -0.8993 -0.7067 -0.8752 0.1643 0.4334 0.3698
136.8 -0.8612 -1.9342 -0.6055 0.1643 0.5992 -0.1385
137 -0.8586 -3.2344 -0.2238 -0.6515 1.2636 -0.1385
137.2 -0.858 -4.3104 -0.183 -0.6592 1.2636 0.0747
137.4 -0.8533 -6.3364 0.0322 -1.0851 1.0473 0.3568
137.6 -0.8433 -8.2923 0.2794 -1.0851 1.0022 1.109
137.8 -0.8433 -9.4917 0.4814 -0.4328 0.029 1.5401
138 -0.8433 -9.5802 0.6102 -0.0807 -0.0051 1.7868
138.2 -0.8413 -9.5802 0.6102 0.3676 -0.0051 1.7996
138.4 -0.8413 -8.7091 0.6093 0.3676 0.2289 1.899
138.6 -0.8413 -7.707 0.528 0.3037 0.7058 1.932
138.8 -0.8407 -7.5905 0.4916 0.3037 0.7058 1.9379
139 -0.8407 -7.2925 0.3768 0.3047 0.7058 1.9418
139.2 -0.8408 -6.3787 -0.0333 0.3047 0.6482 1.9809
139.4 -0.878 -4.6123 -0.3765 -0.3467 0.6482 1.9809
139.6 -0.878 -3.4772 -1.0365 -0.3467 0.6257 1.8317
139.8 -0.8724 -2.4212 -1.1385 -0.3297 0.6257 1.1611
140 -0.8724 -1.2612 -1.2309 -0.3274 0.6257 0.7383
140.2 -0.8785 -0.2617 -1.2309 -0.3028 0.4742 0.6237
140.4 -0.8856 0.2735 -1.1964 -0.2852 0.303 0.5603
140.6 -0.886 0.2735 -1.1466 -0.2852 0.303 0.5603
140.8 -0.886 0.1092 -1.0613 -0.2954 0.5176 0.562
141 -0.8791 -0.4369 -0.9368 -0.2987 0.7392 0.562
141.2 -0.87 -1.0101 -0.636 -0.3028 0.9639 0.513
141.4 -0.829 -2.1489 -0.5563 -0.3065 1.128 -0.052
141.6 -0.8191 -3.5957 -0.3801 -0.3622 1.2916 -0.052
141.8 -0.8191 -4.7322 -0.129 -0.59 1.2916 0.154
142 -0.8393 -4.7322 -0.129 -0.9691 0.7165 0.8851
142.2 -0.8668 -4.5177 -0.2123 -0.9691 0.7165 0.9403
142.4 -0.8705 -3.8683 -0.4406 -0.9763 1.5286 1.0499
142.6 -0.8829 -3.2712 -0.5277 -0.9763 1.5286 1.1942
142.8 -0.8829 -2.9471 -0.4406 0.1026 0.755 1.3673
143 -0.8829 -2.7777 -0.587 0.1026 0.4443 1.4564
143.2 -0.8986 -1.5639 -1.2733 0.0246 0.3565 1.4564
143.4 -0.9097 -0.5786 -1.4531 0.0246 0.3111 1.2309
143.6 -0.9208 0.4066 -1.6328 0.0477 0.178 0.8832
143.8 -0.9218 1.2796 -1.6328 0.0482 0.1233 0.594
144 -0.9218 1.7265 -1.5995 0.0482 0.1233 0.5071
144.2 -0.9144 1.7265 -1.3263 -0.2201 0.4685 0.4786
144.4 -0.912 1.5509 -1.2975 -0.6093 0.7831 0.4786
144.6 -0.8975 0.9806 -1.203 -0.6093 0.7831 0.5715
144.8 -0.8906 0.1435 -1.1073 0.1225 0.124 0.6625
145 -0.8889 -0.9264 -1.0177 0.1408 0.124 0.667
145.2 -0.8889 -2.5773 -0.8429 0.1408 0.1333 0.8033
145.4 -0.8578 -4.3955 -0.6379 -0.5131 0.4217 0.9315
145.6 -0.8598 -6.7811 -0.2226 -0.5131 0.4249 1.173
145.8 -0.8598 -7.9717 0.0675 -0.5077 0.6411 1.3394
146 -0.8598 -7.9717 0.1259 -0.5025 0.8487 1.529
146.2 -0.8549 -7.143 0.1116 -0.4427 1.1994 1.529
146.4 -0.8549 -6.1871 0.1116 -0.3839 1.1994 1.529
146.6 -0.89 -5.4243 -0.2655 -0.3839 0.8347 1.6
146.8 -0.891 -4.3876 -0.3877 -0.4673 0.3697 1.6
147 -0.9133 -3.8062 -0.5004 -0.4673 0.3683 1.501
147.2 -0.9431 -2.9158 -0.8073 -0.4669 0.3683 1.4356
147.4 -0.9792 -1.5762 -1.0846 -0.435 0.757 1.1522
147.6 -0.9792 -0.1825 -1.6296 -0.4224 0.757 0.4912
147.8 -0.9786 0.785 -1.6296 -0.4048 0.6125 0.3837
148 -0.9778 1.16 -1.5897 -0.3967 0.256 0.3646
148.2 -0.9699 1.1838 -1.5612 -0.3967 0.256 0.3588
148.4 -0.9699 1.1838 -1.4652 -0.4088 0.4295 0.3456
148.6 -0.9649 0.9462 -1.365 -0.4413 0.6689 0.3417
148.8 -0.9455 -0.1339 -1.0793 -0.4413 0.6689 0.3417
149 -0.9261 -1.649 -0.8105 -0.38 0.615 0.3813
149.2 -0.9261 -3.4174 -0.5581 -0.277 0.615 0.4464
149.4 -0.9652 -5.1354 -0.5138 -0.277 0.6664 0.9626
149.6 -0.9652 -7.1675 -0.1907 -0.4607 0.6664 1.1089
149.8 -0.9511 -9.1542 0.2307 -0.4607 0.607 1.3157
150 -0.9469 -10.7024 0.4952 -0.123 0.5314 1.5031
150.2 -0.9428 -11.5644 0.6115 -0.0458 0.5314 1.5725
150.4 -0.9332 -11.5644 0.7123 -0.0458 0.6743 1.5836
150.6 -0.9085 -11.1131 0.8143 -0.1387 0.9469 2.0992
150.8 -0.9037 -11.0419 0.9056 -0.1387 0.9469 2.2391
151 -0.8837 -10.917 0.9747 -0.1115 0.8004 2.2391
151.2 -0.868 -10.1993 0.9747 0.1517 0.7919 2.0647
151.4 -0.868 -9.0314 0.6985 0.1517 0.5952 1.5138
151.6 -0.9792 -2.0744 -0.9989 -0.0289 0.0764 0.7711
151.8 -0.9792 -0.0569 -1.2868 -0.0309 -0.0498 0.6113
152 -0.9756 -0.0569 -1.2868 -0.0496 -0.0498 0.6108
152.2 -0.9704 -0.3016 -1.2219 -0.0682 -0.0297 0.6009
152.4 -0.9597 -0.8746 -1.1155 -0.1097 0.3579 0.3594
152.6 -0.9079 -1.7912 -0.7911 -0.1744 0.7781 -0.1039
152.8 -0.9079 -2.8497 -0.5003 -0.1744 0.7781 -0.1039
153 -0.9319 -4.1153 -0.4197 -0.1845 0.2594 0.2276
153.2 -0.9716 -6.1458 -0.4087 -0.6794 0.1427 0.4985
153.4 -0.9785 -8.1198 0.0796 -0.6794 0.1427 0.8856
153.6 -1.0008 -9.2911 0.2344 -0.6122 -0.193 1.3946
153.8 -1.0279 -10.2816 0.3348 -0.6122 -0.193 1.7362
154 -1.0279 -10.2816 0.3905 -0.5993 0.5532 1.8028
154.2 -0.9393 -9.6465 0.6906 -0.0416 0.6605 1.8147
154.4 -0.9393 -9.3417 0.6906 0.6729 0.7452 1.8315
154.6 -0.9522 -8.8082 0.595 0.7093 0.7707 1.9597
154.8 -0.9643 -8.06 0.3832 0.7093 0.7713 1.9597
155 -0.9732 -6.3602 0.0704 -0.0918 1.002 1.7478
155.2 -0.9955 -5.2433 -0.4688 -0.1424 1.002 1.4902
155.4 -0.9955 -4.0703 -0.4688 -0.1505 0.7195 1.137
155.6 -0.9955 -2.5284 -0.5986 -0.9233 0.7195 1.137
155.8 -1.0171 -1.8891 -1.081 -0.9233 0.7195 1.137
156 -1.0171 -1.0492 -1.1974 -0.0927 0.2296 0.7621
156.2 -0.9967 -0.8162 -1.2651 -0.0909 0.0808 0.7617
156.4 -0.9859 -0.8162 -1.1974 -0.0909 0.0808 0.7532
156.6 -0.9396 -1.5109 -0.8876 -0.1557 0.2762 0.7438
156.8 -0.9085 -1.9401 -0.5224 -0.3423 0.7885 0.6397
157 -0.9085 -3.1774 -0.3558 -0.3423 0.7885 0.6397
157.2 -0.9396 -4.612 -0.3377 -0.2031 0.6159 0.7314
157.4 -0.9413 -6.3092 -0.0671 -0.2031 0.4228 0.8419
157.6 -0.9548 -8.1458 0.1704 -0.1439 0.2539 0.8992
157.8 -0.9659 -9.5974 0.4708 -0.0983 -0.094 1.5978
158 -0.9837 -10.7188 0.5638 -0.097 -0.094 1.8052
158.2 -0.9837 -10.7188 0.6499 -0.097 0.1177 1.8052
158.4 -0.9379 -10.0985 0.841 -0.2556 0.7222 1.8052
158.6 -0.9263 -9.8057 0.841 -0.3556 0.9436 1.8755
158.8 -0.9263 -9.428 0.8052 -0.3556 0.9452 1.9227
159 -0.9433 -9.0272 0.5393 -0.3281 0.947 1.9778
159.2 -0.958 -7.8684 0.2963 -0.3179 0.9712 2.0303
159.4 -0.9944 -6.3719 -0.1186 -0.3179 0.9712 2.0303
159.6 -0.9944 -4.808 -0.5418 -0.3619 0.6923 1.8239
159.8 -0.9816 -3.1692 -0.7188 -0.3709 0.5157 1.3758
160 -0.9811 -2.2196 -0.9703 -0.3619 0.5143 1.3017
160.2 -0.9811 -1.509 -1.1162 -0.3709 0.5143 1.1385
160.4 -0.9805 -0.9843 -1.1162 -0.5031 0.756 1.0816
160.6 -0.963 -0.9843 -1.0028 -0.5199 0.756 1.0466
160.8 -0.9571 -1.0855 -0.884 -0.5199 0.6996 1.0186
161 -0.9224 -1.4822 -0.5787 -0.284 0.5746 0.7381
161.2 -0.9105 -2.4838 -0.4423 0.2453 0.4594 0.0408
161.4 -0.8954 -3.521 -0.277 0.2611 0.2754 0.0408
161.6 -0.8954 -4.657 0.1194 0.2896 -0.0235 0.1632
161.8 -0.8954 -6.9734 0.4944 0.3541 -0.0444 0.894
162 -0.9553 -9.1258 0.4993 0.3667 -0.3743 1.5243
162.2 -0.9639 -9.6085 0.6539 0.3667 -0.3743 1.7377
162.4 -0.9639 -9.6085 0.8206 0.0708 1.3196 1.7749
162.6 -0.9639 -9.2739 0.8206 0.0708 1.3196 1.7749
162.8 -1.0012 -8.711 0.6082 0.0152 1.3196 1.8394
163 -1.0076 -7.7129 0.2897 0.0152 1.3103 2.0263
163.2 -1.0253 -6.28 -0.0493 0.0152 1.2773 2.0263
163.4 -1.0371 -5.4448 -0.6278 0.0422 1.1536 1.7825
163.6 -1.0377 -4.2882 -0.668 -0.557 0.9164 1.761
163.8 -1.0377 -3.2374 -0.8643 -0.7847 0.8481 1.761
164 -1.0339 -2.2019 -1.1391 -0.7847 0.8481 1.761
164.2 -1.011 -1.3661 -1.4372 -0.3417 0.4353 1.1255
164.4 -1.0087 -0.4835 -1.4948 0.0774 0.1394 1.0348
164.6 -1.0014 -0.0621 -1.4948 0.0774 -0.0716 0.9859
164.8 -1.0014 -0.0621 -1.3295 0.0608 -0.0716 0.9781
165 -0.9973 -0.505 -1.1706 -0.1002 0.396 0.9676
165.2 -0.9646 -1.5659 -0.707 -0.1285 0.4903 0.3853
165.4 -0.9509 -2.7011 -0.4348 -0.1285 0.4903 -0.0567
165.6 -0.9509 -3.969 -0.2819 -0.1285 0.2621 -0.0567
165.8 -0.9662 -6.1743 -0.0961 -0.1495 0.2621 0.6135
166 -0.991 -7.8281 0.187 -0.8542 0.5155 0.9656
166.2 -0.9921 -9.3767 0.4778 -0.9601 0.9476 1.4074
166.4 -0.9942 -10.0034 0.5754 -0.9601 1.0161 1.5883
166.6 -0.9942 -10.0034 0.6465 -0.9471 1.0161 1.68
166.8 -0.9937 -9.4628 0.6411 0.4573 0.7149 1.68
167 -0.9924 -8.9467 0.6411 0.4573 0.7149 1.68
167.2 -0.9924 -8.2876 0.4429 -0.3321 1.2019 1.9571
167.4 -0.9941 -6.9256 0.181 -0.3321 1.2019 1.9888
167.6 -0.9941 -5.8513 -0.2931 -0.3321 0.999 1.9888
167.8 -0.9775 -4.8722 -0.6356 -0.3366 0.999 1.928
168 -0.9664 -3.8668 -0.8026 -0.3366 0.999 1.7867
168.2 -0.9598 -2.7831 -0.9949 -0.3222 0.4833 1.7811
168.4 -0.9575 -1.783 -1.3646 -0.3222 0.4833 1.5307
168.6 -0.9598 -0.8038 -1.421 -0.3222 0.4833 1.0703
168.8 -0.9575 0.042 -1.421 -0.3135 0.3973 0.9421
169 -0.9598 0.3556 -1.3993 0.4047 -0.2424 0.9187
169.2 -0.9598 0.3556 -1.272 0.4047 -0.2424 0.8969
169.4 -0.9675 0.3164 -1.1303 0.225 0.049 0.8678
169.6 -0.9675 0.0032 -0.9646 -0.5294 1.11 0.7555
169.8 -0.9595 -1.2464 -0.5924 -0.5347 1.2211 0.0177
170 -0.9561 -3.3159 -0.313 -0.5347 1.2211 0.0177
170.2 -0.9561 -5.1314 -0.131 -0.4618 0.4974 0.361
170.4 -0.9679 -7.3844 -0.0502 -0.4618 0.4974 0.9629
170.6 -0.9799 -7.3844 0.2588 -0.2608 0.7127 1.0356
170.8 -0.9999 -7.3747 0.2588 -0.2608 0.9429 1.2999
171 -0.9999 -6.7696 0.2464 0.0328 1.0362 1.5473
171.2 -0.9943 -6.0923 -0.0209 0.0328 1.1592 1.5473
171.4 -0.9852 -5.6571 -0.172 0.0328 1.1592 1.5468
171.6 -0.9799 -4.8862 -0.2608 0.0343 1.1575 1.4727
171.8 -0.9707 -3.5448 -0.7823 0.0805 0.4075 1.4315
172 -0.9612 -2.769 -1.0176 0.0805 0.3794 1.2791
172.2 -0.9537 -1.9603 -1.0555 0.0717 0.3432 1.045
172.4 -0.9408 -1.0838 -1.2498 0.0639 0.2743 0.9917
172.6 -0.9356 -0.38 -1.5135 0.063 0.1544 0.9828
172.8 -0.9356 0.3237 -1.5135 0.0601 0.1544 0.8552
173 -0.9924 0.8462 -1.3416 -0.0574 0.6431 0.7125
173.2 -0.9924 0.8462 -1.3416 -0.0591 0.6431 0.7121
173.4 -0.9935 0.6961 -1.339 -0.0604 0.4478 0.7121
173.6 -0.9972 0.3352 -1.2327 -0.0604 0.4478 0.7232
173.8 -1.01 -0.3147 -0.9482 -0.5656 0.7643 0.7232
174 -1.01 -1.4842 -0.7265 -0.9901 1.253 0.3695
174.2 -0.9841 -2.9747 -0.4361 -0.9901 1.253 0.1523
174.4 -0.9833 -4.1963 -0.2367 -0.8077 0.4437 0.1523
174.6 -0.9714 -6.207 -0.1886 -0.8077 0.4437 0.2817
174.8 -0.9714 -7.9399 0.1198 -1.0508 0.6456 0.8269
175 -0.9927 -9.1734 0.3797 -1.1119 0.8825 1.3233
175.2 -0.9927 -9.1734 0.4427 -1.1119 0.8825 1.5327
175.4 -0.9765 -9.0628 0.4427 0.1168 0.3565 1.5568
175.6 -0.9728 -8.4563 0.3821 0.65 0.3565 1.5568
175.8 -0.9671 -7.5053 0.2166 0.65 0.7064 1.6854
176 -0.9671 -7.2361 0.0417 0.3449 0.9362 1.6955
176.2 -0.9671 -6.2612 -0.1139 -0.4337 0.9362 1.6854
176.4 -0.9328 -4.9088 -0.3473 -0.4672 0.5347 1.5867
176.6 -0.8946 -3.6232 -0.7521 -0.4744 0.5293 1.4687
176.8 -0.8832 -2.7607 -1.0851 -0.4744 0.5211 1.4031
177 -0.8832 -1.7007 -1.1606 -0.4552 0.3781 1.003
177.2 -0.8829 -1.1568 -1.2306 -0.1581 0.3781 0.8997
177.4 -0.8844 -0.6523 -1.2306 -0.1581 0.4814 0.8894
177.6 -0.9034 -0.2007 -1.1774 -0.4514 0.7401 0.8148
177.8 -0.9595 -0.2007 -0.9761 -0.5359 0.8601 0.6691
178 -0.9762 -0.866 -0.7952 -0.5432 1.0397 0.6438
178.2 -0.9762 -1.8612 -0.5667 -0.5507 1.0557 0.4504
178.4 -0.9762 -2.9058 -0.4675 -0.5507 1.0557 0.0923
178.6 -0.9987 -3.9117 -0.0918 -0.5584 1.0383 0.0923
178.8 -1.0042 -5.7049 0.0974 -0.5891 1.0383 0.1173
179 -1.0118 -7.6614 0.3464 -1.4709 1.0383 0.68
179.2 -1.0118 -9.1433 0.5261 -1.4709 0.9386 0.9708
179.4 -1.0045 -10.3131 0.6075 -0.7663 0.6342 1.6326
179.6 -1.0045 -10.3131 0.6517 0.021 0.2237 1.7384
179.8 -1.0103 -9.6332 0.7392 0.0765 0.2237 1.7568
180 -1.0201 -8.8192 0.7392 0.0765 0.3371 1.7813
180.2 -1.0201 -8.2559 0.5106 -0.045 1.0473 1.9207
180.4 -1.0126 -7.3163 0.272 -0.0533 1.0473 1.9207
180.6 -0.9571 -6.0006 -0.0529 -0.067 0.9412 1.7978
180.8 -0.9566 -4.8813 -0.4115 -0.7927 0.9412 1.783
181 -0.9398 -3.678 -0.7341 -0.9459 1.0305 1.4765
181.2 -0.9212 -2.8372 -0.8881 -0.9459 1.2273 1.42
181.4 -0.9212 -2.5988 -0.8996 -0.9349 1.2273 1.3504
181.6 -0.8948 -1.8558 -0.9622 -0.5912 1.1609 1.2796
181.8 -0.8606 -1.1846 -1.2201 -0.0909 1.124 0.6985
182 -0.8378 -0.0774 -1.2676 -0.0953 1.124 0.5682
182.2 -0.8378 -0.0774 -1.2676 -0.0929 1.0107 0.5676
182.4 -0.8533 -0.1478 -1.1803 -0.0929 0.7862 0.5644
182.6 -0.9167 -1.043 -0.8546 -0.0884 0.6819 0.2601
182.8 -0.9418 -2.1005 -0.484 -0.0884 0.6819 -0.1053
183 -0.9826 -3.3282 -0.355 -0.6642 0.8819 -0.1053
183.2 -0.9928 -4.635 -0.0932 -1.6158 1.301 0.0147
183.4 -0.9928 -6.1517 0.2149 -1.673 1.301 0.1556
183.6 -0.9621 -8.3277 0.3567 -1.6158 0.843 0.7551
183.8 -0.9069 -10.119 0.5235 -1.1436 0.5992 0.9124
184 -0.8936 -10.119 0.6293 -1.1161 0.5992 1.5914
184.2 -0.9069 -9.9111 0.7144 -0.3437 0.635 1.715
184.4 -0.8936 -9.4642 0.7144 0.4171 0.8054 1.7862
184.6 -0.8551 -8.6033 0.564 0.4444 0.8054 1.9335
184.8 -0.8078 -7.3283 0.2169 0.4171 0.7347 1.9611
185 -0.7666 -5.9849 -0.1506 0.3528 0.7347 1.9904
185.2 -0.7034 -4.9096 -0.5795 0.3077 0.7194 1.9904
185.4 -0.7034 -3.7901 -0.738 0.3077 0.5381 1.8811
185.6 -0.7129 -3.2385 -0.8062 0.3417 0.1505 1.8811
185.8 -0.7129 -3.0369 -0.8638 0.3417 0.1505 1.8811
186 -0.5919 -1.7446 -1.3085 -0.0038 0.6431 1.7039
186.2 -0.5919 -0.3347 -1.516 -0.5367 0.9278 1.0916
186.4 -0.6554 0.7853 -1.516 -0.5367 0.9305 0.8495
186.6 -0.7239 0.7854 -1.3394 -0.4719 1.0193 0.8007
186.8 -0.8057 0.7853 -1.1834 -0.4711 1.2858 0.6635
187 -0.8237 0.5435 -1.1605 -0.4719 1.2858 0.6295
187.2 -0.8237 -0.803 -0.8923 -0.4778 1.2781 -0.087
187.4 -0.8642 -1.7529 -0.6427 -0.6415 1.1819 -0.3506
187.6 -0.8644 -2.7653 -0.4135 -1.4223 1.1819 -0.3506
187.8 -0.8644 -3.9756 -0.3108 -1.4223 1.3021 -0.0397
188 -0.855 -4.5715 -0.2237 -0.8072 1.3021 0.115
188.2 -0.855 -4.5715 -0.2237 -0.5284 1.0507 0.3047
188.4 -0.855 -4.3189 -0.2414 -0.527 0.9089 0.4357
188.6 -0.7939 -3.9128 -0.4667 -0.0432 0.4993 0.6051
188.8 -0.7026 -3.3688 -0.6969 -0.0432 0.4993 0.8132
189 -0.6821 -3.0673 -0.7645 -0.201 0.9028 0.9972
189.2 -0.6805 -2.9548 -0.809 -0.3102 0.979 1.1187
189.4 -0.664 -2.5104 -0.9553 -0.3102 0.979 1.1187
189.6 -0.6254 -1.6484 -1.1947 -0.3102 0.979 1.0509
189.8 -0.6254 -0.3123 -1.4346 -0.4803 1.1095 0.9079
190 -0.6604 0.5615 -1.4917 -0.4803 1.1095 0.7439
190.2 -0.7122 0.5896 -1.4917 -0.2046 1.0934 0.6555
190.4 -0.8413 0.5896 -1.172 0.3017 0.7586 0.4644
190.6 -0.8895 -0.5321 -0.8596 0.3766 0.5744 -0.1139
190.8 -0.9432 -1.5798 -0.6317 0.3766 0.4985 -0.8183
191 -0.9888 -2.8735 -0.3123 -0.3558 0.4985 -0.8183
191.2 -0.9888 -4.3269 -0.1749 -0.5002 0.4985 -0.8053
191.4 -0.9059 -6.1594 -0.0167 -0.5002 0.4995 -0.0879
191.6 -0.8892 -7.5283 0.3438 0.0792 0.6021 0.4309
191.8 -0.8892 -7.5896 0.3438 0.0792 0.6114 0.8272
192 -0.8268 -7.5896 0.2109 0.0792 0.6114 0.9397
192.2 -0.8268 -6.9349 0.1274 0.9278 0.343 1.2828
192.4 -0.8144 -6.2251 0.0505 0.9278 0.343 1.3855
192.6 -0.7755 -5.3742 -0.3191 -0.1015 0.8265 1.4844
192.8 -0.6754 -4.4004 -0.7193 -0.1015 0.8265 1.5556
193 -0.6726 -3.286 -0.9002 -0.0143 0.5972 1.5556
193.2 -0.6726 -2.4532 -1.1375 -0.0143 0.17 1.4291
193.4 -0.6726 -1.6136 -1.3038 -0.0293 0.17 1.1427
193.6 -0.7169 -0.5296 -1.3862 -0.2089 0.5401 0.9071
193.8 -0.7175 0.3391 -1.3862 -0.2089 1.2803 0.8178
194 -0.7977 0.4842 -1.3523 -0.157 1.2803 0.7113
194.2 -0.9401 0.4848 -1.1642 -0.059 1.1321 0.4893
194.4 -1.0139 0.4849 -1.0736 -0.0103 1.0456 0.3706
194.6 -1.0139 0.4849 -1.0692 -0.0103 1.0224 0.3643
194.8 -1.0021 0.052 -0.994 -0.0239 0.998 0.2457
195 -0.989 -1.4401 -0.7087 -0.0724 0.9707 -0.148
195.2 -0.9618 -3.2429 -0.4108 -0.8938 0.7214 -0.148
195.4 -0.944 -5.5028 -0.1176 -1.0025 0.7214 -0.0422
195.6 -0.8121 -8.5389 0.1982 -1.0025 0.7613 0.863
195.8 -0.7866 -8.9082 0.3509 -0.592 0.7613 1.3693
196 -0.7886 -8.9082 0.3509 -0.0821 0.5401 1.5754
196.2 -0.7886 -8.3399 0.2942 0.2808 0.5401 1.7753
196.4 -0.7886 -7.2461 0.13 0.3781 0.9168 2.0307
196.6 -0.768 -6.2982 -0.1125 0.2808 0.9765 2.0307
196.8 -0.7592 -5.3753 -0.3656 -0.2304 1.0389 1.8268
197 -0.7187 -4.1376 -0.7983 -0.2304 1.0389 1.8085
197.2 -0.7187 -2.7437 -0.9356 -0.0488 0.4663 1.6809
197.4 -0.7187 -1.8077 -1.1103 -0.0488 0.4663 1.4489
197.6 -0.7158 -0.9034 -1.3316 -0.6475 0.6291 0.9505
197.8 -0.6897 0.1695 -1.4036 -0.6475 0.9311 0.803
198 -0.6897 0.1695 -1.4036 -0.1629 0.9311 0.7912
198.2 -0.8227 0.1007 -1.1547 0.3093 0.749 0.4731
198.4 -0.9653 -0.5279 -0.8549 0.3093 0.749 -0.0487
198.6 -0.9944 -1.071 -0.7597 -0.3991 1.1826 -0.357
198.8 -0.9913 -2.4271 -0.456 -1.144 1.1834 -0.477
199 -1.0647 -3.8539 -0.3161 -1.1548 1.1826 -0.477
199.2 -0.9913 -5.0516 -0.0486 -1.2437 0.9053 -0.3624
199.4 -0.9806 -7.0174 0.1545 -1.336 0.9052 0.3176
199.6 -0.9728 -7.4596 0.2252 -1.3374 0.9052 0.4055
199.8 -0.965 -7.9018 0.296 -1.3374 0.9051 0.4934
200 -0.9019 -8.7116 0.3479 -1.1788 0.6692 0.7046
200.2 -0.866 -9.5425 0.4457 -0.8734 0.2349 1.3065
200.4 -0.8029 -9.5425 0.4457 -0.1311 0.1997 1.771
200.6 -0.7718 -8.8568 0.4264 0.7925 0.1997 1.9861
200.8 -0.7601 -7.589 0.1437 0.7925 0.1997 2.118
201 -0.6909 -6.0749 -0.2421 0.5007 0.6096 2.118
201.2 -0.6909 -4.3369 -0.6192 -0.3067 0.7074 1.9558
201.4 -0.6909 -3.3867 -0.8279 -0.3437 0.7074 1.8103
201.6 -0.6511 -2.1829 -1.1398 -0.3731 0.7065 1.6795
201.8 -0.6123 -1.0121 -1.3514 -0.3731 0.7065 1.1975
202 -0.6511 0.2046 -1.396 -0.2467 1.0027 0.6913
202.2 -0.6973 0.6599 -1.4692 -0.1598 1.1658 0.6634
202.4 -0.7408 0.6599 -1.396 -0.2467 1.4425 0.6294
202.6 -0.8069 0.5425 -1.2686 -0.3621 1.4425 0.6159
202.8 -0.9941 -0.1218 -0.9393 -0.5307 1.2785 0.077
203 -1.0358 -1.1822 -0.6999 -0.5774 0.8261 -0.7198
203.2 -1.0636 -2.5036 -0.5645 -0.6658 0.7724 -0.7198
203.4 -1.0358 -3.8656 -0.2885 -0.6702 0.5305 -0.5813
203.6 -0.8792 -6.1101 -0.1016 -0.9381 0.5305 -0.0772
203.8 -0.7494 -8.4219 0.1071 -1.7161 0.6446 0.3197
204 -0.7196 -10.015 0.4259 -2.0077 0.7566 0.5734
204.2 -0.643 -11.0529 0.5207 -2.0077 0.7566 1.0117
204.4 -0.643 -11.5527 0.6724 -1.3576 0.6035 1.4438
204.6 -0.6477 -11.5527 0.7295 -0.7136 0.4091 1.6896
204.8 -0.6477 -11.1507 0.7295 -0.0172 0.1793 1.9319
205 -0.6079 -10.7591 0.654 1.0785 -0.1882 2.3256
205.2 -0.6079 -10.0492 0.5383 1.0785 -0.1882 2.3963
205.4 -0.6389 -8.7403 0.3112 1.0248 -0.1683 2.3963
205.6 -0.6479 -7.7025 0.1113 0.7434 0.0663 2.1542
205.8 -0.6479 -6.594 -0.1045 0.4057 0.3294 1.9286
206 -0.6113 -5.5911 -0.4189 0.2395 0.3415 1.6832
206.2 -0.5553 -4.5067 -0.5711 -0.5167 0.6029 1.6426
206.4 -0.5304 -3.7208 -0.8108 -0.5352 0.7738 1.4661
206.6 -0.5304 -2.9352 -0.99 -0.5829 0.7738 1.2407
206.8 -0.5833 -1.9576 -1.0787 -0.5829 1.028 1.1829
207 -0.6099 -1.1681 -1.1229 -0.5007 1.028 1.1819
207.2 -0.6099 -0.7577 -1.1544 -0.3718 1.0322 0.5451
207.4 -0.5673 0.2812 -1.4209 -0.3267 1.0328 0.4743
207.6 -0.5673 0.482 -1.4209 -0.2544 1.0345 0.4521
207.8 -0.5931 0.482 -1.3322 0.0317 1.1143 0.4521
208 -0.8356 0.3705 -1.0856 0.0317 1.3523 0.4153
208.2 -0.9725 -0.3072 -0.8542 -0.0946 1.3523 0.1455
208.4 -0.9725 -1.8331 -0.5876 -0.6272 1.1679 -0.4551
208.6 -0.9598 -3.9612 -0.3418 -1.5264 1.1679 -0.4551
208.8 -0.9154 -6.4805 0.1116 -1.5899 1.187 -0.2771
209 -0.8733 -8.8286 0.4535 -1.6352 1.187 0.5685
209.2 -0.8706 -10.0649 0.6827 -1.6722 1.1345 0.597
209.4 -0.8733 -10.0649 0.7438 -1.6722 1.1343 0.8878
209.6 -0.8207 -9.9947 0.7438 -0.688 0.7265 1.2158
209.8 -0.8018 -9.6915 0.664 -0.1843 0.6536 1.6377
210 -0.6926 -9.2417 0.4954 0.5725 0.1992 1.8524
210.2 -0.6926 -8.6387 0.2981 0.9744 0.036 1.9005
210.4 -0.6332 -7.5904 0.2216 0.9744 0.036 1.9005
210.6 -0.6332 -6.6064 -0.0457 0.889 0.0608 1.8992
210.8 -0.6201 -5.242 -0.4232 0.8854 0.0608 1.7036
211 -0.5417 -4.0515 -0.5758 0.8829 0.0572 1.5552
211.2 -0.5348 -2.9631 -0.8673 0.6619 0.0572 1.487
211.4 -0.5348 -1.9052 -1.1802 0.0896 0.4017 1.0493
211.6 -0.5351 -0.8997 -1.1817 0.0896 0.4017 0.8084
211.8 -0.5972 -0.7811 -1.1817 0.3299 0.3145 0.7048
212 -0.7141 -0.7811 -1.0711 0.3827 0.2598 0.4736
212.2 -0.738 -0.92 -0.9953 0.3827 0.2598 -0.0575
212.4 -0.8752 -1.6038 -0.7576 0.0148 0.6095 -0.1164
212.6 -0.8906 -2.8404 -0.5116 -0.1402 0.6095 -0.2785
212.8 -0.9089 -4.0787 -0.3463 -0.2347 0.54 -0.2785
213 -0.8906 -5.4659 -0.0323 -0.2977 0.5148 -0.0001
213.2 -0.6378 -7.3207 0.0539 -0.4351 0.5148 0.8797
213.4 -0.6132 -8.9275 0.2807 -1.1659 0.8351 1.0198
213.6 -0.6069 -9.3098 0.3587 -1.1659 1.0485 1.1174
213.8 -0.6069 -9.3766 0.3678 -1.1059 1.0485 1.4158
214 -0.5499 -9.3766 0.3678 -0.2928 0.5599 1.9022
214.2 -0.5499 -8.9621 0.1221 0.4789 0.0715 2.2758
214.4 -0.4333 -7.914 0.0271 0.4789 0.0633 2.2758
214.6 -0.4333 -6.8426 -0.1466 0.4393 0.0633 2.1398
214.8 -0.4333 -5.8037 -0.432 0.4393 0.1692 2.0733
215 -0.4558 -4.6144 -0.6086 0.4948 0.2443 1.9923
215.2 -0.4558 -4.2165 -0.6375 0.4948 0.2482 1.8631
215.4 -0.3889 -3.0883 -0.9504 0.2515 0.3329 1.7154
215.6 -0.3889 -1.8178 -1.2367 -0.209 0.637 1.315
215.8 -0.4711 -0.8768 -1.3129 -0.209 0.637 1.1652
216 -0.5259 -0.5825 -1.3129 0.6938 -0.5911 0.559
216.2 -0.677 -0.5066 -1.2248 1.652 -1.0585 0.4728
216.4 -0.6934 -0.5066 -1.2185 1.652 -1.0585 0.3298
216.6 -0.7671 -0.5427 -1.0552 0.4311 0.2691 0.2576
216.8 -0.8899 -0.9635 -0.8611 0.1554 0.4488 -0.1103
217 -0.957 -1.6712 -0.7142 -0.4507 0.8183 -0.3389
217.2 -0.957 -2.8794 -0.4371 -0.495 0.8413 -0.3528
217.4 -0.9158 -4.2953 -0.276 -0.6624 0.8413 -0.3528
217.6 -0.8945 -4.9533 -0.169 -0.6645 0.8253 -0.213
217.8 -0.7615 -6.6015 0.0386 -0.7308 0.8253 0.1869
218 -0.6673 -8.3164 0.2452 -0.907 0.8615 1.2594
218.2 -0.6314 -9.9591 0.5817 -0.907 0.8615 1.2594
218.4 -0.5942 -10.1921 0.5817 -0.907 0.8615 1.655
218.6 -0.5132 -10.1921 0.5607 -0.357 0.6821 1.9843
218.8 -0.4287 -9.8445 0.4662 0.1211 0.6051 2.2112
219 -0.4287 -9.4361 0.1898 0.3032 0.5243 2.3105
219.2 -0.5383 -7.7268 0.1456 0.4368 0.5243 2.3105
219.4 -0.5383 -6.534 -0.0489 0.4368 0.5453 2.2637
219.6 -0.4349 -5.3946 -0.4307 0.3611 0.5453 2.1928
219.8 -0.4349 -4.2185 -0.6402 0.3547 0.5453 1.9368
220 -0.4349 -3.192 -0.7421 0.3312 0.5597 1.9046
220.2 -0.375 -2.7109 -0.9542 0.0797 0.7148 1.6846
220.4 -0.375 -2.3188 -1.0255 -0.3043 0.9585 1.6844
220.6 -0.375 -1.2856 -1.2458 -0.4128 1.0327 1.1243
220.8 -0.3849 -0.235 -1.3943 -0.4128 1.0974 0.9228
221 -0.3849 0.1657 -1.3943 -0.2178 1.3205 0.9152
221.2 -0.6105 0.1657 -1.2445 -0.0514 1.3205 0.9114
221.4 -0.8175 -0.8162 -0.9516 -0.0514 0.4914 0.1803
221.6 -0.8627 -2.1253 -0.7397 -0.6463 0.4914 -0.5626
221.8 -0.8627 -3.3732 -0.4893 -0.7225 0.5718 -0.5626
222 -0.7777 -5.221 -0.2205 -0.7225 0.5718 0.0796
222.2 -0.7218 -7.4379 0.1234 -0.4889 0.5452 0.6764
222.4 -0.5611 -7.7238 0.13 -0.3496 0.5257 1.2435
222.6 -0.5376 -7.7238 0.1234 -0.345 0.525 1.2922
222.8 -0.4813 -7.5357 0.0388 -0.345 0.5257 1.3881
223 -0.4515 -6.7503 -0.1944 -0.1664 0.5619 1.8691
223.2 -0.4515 -5.8087 -0.265 0.187 0.6435 1.9832
223.4 -0.4515 -4.8767 -0.4101 0.187 0.6435 1.9832
223.6 -0.3491 -3.9946 -0.6758 0.0928 0.6435 1.8588
223.8 -0.3491 -2.8218 -0.8933 -0.0012 0.7105 1.7893
224 -0.3513 -1.9208 -0.994 -0.3312 1.3159 1.6683
224.2 -0.3513 -0.9764 -1.1738 -0.3312 1.3199 1.2983
224.4 -0.3106 -0.0825 -1.3615 -0.3312 1.3199 1.0673
224.6 -0.3106 0.3423 -1.4155 -0.3424 1.3269 1.0004
224.8 -0.3804 0.3423 -1.4155 -0.4978 1.4071 0.9624
225 -0.4262 0.2321 -1.3664 -0.4978 1.4071 0.9186
225.2 -0.8461 -0.8136 -0.9374 -0.4732 0.9914 0.0309
225.4 -0.9259 -1.8232 -0.699 -0.4732 0.9809 -0.6847
225.6 -0.9259 -3.3816 -0.4375 -0.4732 0.8199 -0.6847
225.8 -0.8397 -4.6839 -0.2324 -0.4283 0.5279 -0.4688
226 -0.8382 -5.9686 0.0268 -0.1047 0.1079 -0.0821
226.2 -0.5146 -8.4572 0.3032 -0.0699 0.1057 1.2097
226.4 -0.4731 -9.7376 0.5225 0.1979 -0.0734 1.3507
226.6 -0.3988 -9.8168 0.5225 0.2179 -0.0856 1.6088
226.8 -0.3889 -9.8168 0.4784 0.5339 -0.0856 1.7294
227 -0.3889 -9.4081 0.4477 0.5339 0.0492 1.8147
227.2 -0.4253 -8.4309 0.3492 0.0911 0.8076 2.125
227.4 -0.4752 -7.6447 0.1671 0.0706 0.8086 2.125
227.6 -0.4743 -6.6208 -0.0431 -0.1989 0.9183 1.8349
227.8 -0.4752 -5.2356 -0.2725 -0.4519 0.9339 1.6321
228 -0.4743 -4.3448 -0.4188 -0.517 1.3599 1.5835
228.2 -0.4492 -3.2759 -0.6949 -0.517 1.3599 1.5835
228.4 -0.4492 -2.4766 -0.8236 -0.3583 1.2583 1.6083
228.6 -0.5441 -1.6842 -0.9291 -0.3583 1.2583 1.6083
228.8 -0.5441 -1.2728 -1.0029 -0.6325 1.4926 1.1652
229 -0.4945 -0.3844 -1.2334 -0.6325 1.5045 0.8839
229.2 -0.4945 0.1914 -1.2841 -0.6291 1.5299 0.8188
229.4 -0.5392 0.1914 -1.2841 -0.6283 1.5299 0.7903
229.6 -0.697 -0.2684 -1.1075 -0.6283 1.3801 0.1817
229.8 -0.857 -1.3349 -0.7945 -0.8192 1.0087 -0.4518
230 -0.8571 -2.2007 -0.6731 -0.8632 1.0087 -0.5522
230.2 -0.857 -3.8865 -0.337 -1.209 1.0726 -0.7599
230.4 -0.7854 -5.4989 -0.0894 -1.209 1.0726 -0.7599
230.6 -0.7551 -7.1366 0.2147 -0.9554 0.9618 -0.1858
230.8 -0.556 -8.4755 0.3838 -0.953 0.9084 0.4603
231 -0.4751 -8.4755 0.3838 -0.953 0.9084 0.7439
231.2 -0.4158 -8.1412 0.2685 -0.3574 0.5147 1.055
231.4 -0.3743 -8.0798 0.2397 -0.0116 0.3571 1.3411
231.6 -0.371 -7.7302 0.1676 -0.0041 0.3571 1.3934
231.8 -0.297 -6.8461 -0.0355 0.0586 0.5141 1.6919
232 -0.297 -6.0832 -0.1601 0.1994 0.5363 1.7919
232.2 -0.297 -5.374 -0.256 0.1994 0.821 1.7919
232.4 -0.4062 -4.4007 -0.5347 -0.1744 0.9248 1.5845
232.6 -0.3655 -3.3232 -0.6629 -0.1744 0.9776 1.5452
232.8 -0.3655 -2.5484 -0.817 -0.2014 0.9802 1.5281
233 -0.3464 -1.7398 -0.9977 -0.5674 1.0468 1.2706
233.2 -0.3464 -0.8468 -1.1541 -0.5674 1.0468 0.7412
233.4 -0.5004 -0.7097 -1.1541 -0.2907 0.5402 0.4057
233.6 -0.5433 -0.7097 -1.1234 -0.2805 0.5402 0.2378
233.8 -0.5458 -0.7198 -1.0911 -0.2805 0.6023 0.0618
234 -0.7829 -0.8674 -0.9205 -0.5048 0.861 -0.041
234.2 -0.7829 -2.4038 -0.6149 -0.5099 0.861 -0.3817
234.4 -0.8338 -3.642 -0.4283 -0.8773 0.7659 -0.5673
234.6 -0.7356 -4.9675 -0.0995 -0.9014 0.7659 -0.5673
234.8 -0.7167 -6.5541 0.1248 -0.9014 0.8662 -0.236
235 -0.5095 -8.0471 0.3231 -0.8493 0.8662 0.3772
235.2 -0.5095 -8.5799 0.4327 -0.7825 0.8543 0.6546
235.4 -0.4658 -8.5799 0.4327 -0.6779 0.8465 0.987
235.6 -0.4107 -8.221 0.3234 -0.037 0.6431 1.3894
235.8 -0.3311 -7.6764 0.1459 0.0073 0.6431 1.8015
236 -0.3092 -6.9509 0.0721 0.0073 0.7291 1.8015
236.2 -0.3311 -6.2897 -0.0579 -0.0347 0.826 1.8015
236.4 -0.3584 -5.3242 -0.2102 -0.2239 1.0139 1.8081
236.6 -0.4404 -4.2208 -0.4553 -0.2239 1.0242 1.8081
236.8 -0.4366 -3.2634 -0.594 -0.0679 1.052 1.786
237 -0.4366 -2.2522 -0.7998 -0.0679 1.052 1.7853
237.2 -0.4252 -1.2258 -1.0491 -0.1572 1.1527 1.4448
237.4 -0.4252 -0.8471 -1.0829 -0.2304 1.1622 1.2379
237.6 -0.4252 -0.4162 -1.146 -0.2542 1.1696 1.2139
237.8 -0.3847 0.0609 -1.2305 -0.3505 1.1857 1.1164
238 -0.3847 0.0609 -1.2305 -0.3505 1.1857 0.7915
238.2 -0.6471 -0.4844 -1.0579 -0.3516 1.0958 0.671
238.4 -0.8619 -0.8756 -0.891 -0.5908 1.0958 -0.1082
238.6 -0.9365 -1.9457 -0.6603 -0.701 1.096 -0.2842
238.8 -0.9365 -3.1341 -0.4178 -1.0305 1.2215 -0.2842
239 -0.8506 -5.2047 -0.0539 -1.1125 1.2225 -0.1226
239.2 -0.748 -7.7165 0.3746 -1.1125 1.2225 0.1569
239.4 -0.6764 -8.9602 0.6304 -1.0633 1.2225 0.9191
239.6 -0.6764 -10.0145 0.8159 -0.8816 1.1959 1.3699
239.8 -0.5404 -10.0148 0.8159 -0.6289 0.8827 1.3757
240 -0.4708 -10.0148 0.7367 -0.1671 0.7649 2.1546
240.2 -0.4186 -9.6333 0.6576 -0.1671 0.7649 2.1546
240.4 -0.3996 -8.8745 0.5052 0.0853 0.7575 2.5962
240.6 -0.3996 -7.8322 0.2864 0.0853 0.7575 2.5962
240.8 -0.5045 -6.5836 0.079 -0.1284 1.0631 2.3542
241 -0.5045 -5.3227 -0.1319 -0.3752 1.2974 2.3352
241.2 -0.5704 -4.1517 -0.4015 -0.3752 1.2974 2.2489
241.4 -0.5704 -2.827 -0.6363 -0.3183 1.2631 2.0951
241.6 -0.5861 -2.2251 -0.7259 -0.2082 1.2631 2.0717
241.8 -0.5861 -1.9058 -0.802 -0.2082 1.2631 2.0713
242 -0.5587 -0.9202 -1.0005 -0.2319 1.1915 1.4277
242.2 -0.4971 -0.259 -1.1294 -0.4676 1.1828 1.1387
242.4 -0.4971 -0.259 -1.1294 -0.4724 1.1695 1.1038
242.6 -0.6036 -0.6058 -1.0407 -0.487 1.1595 0.3813
242.8 -0.8647 -1.1181 -0.8535 -0.9095 1.1093 -0.4207
243 -0.9562 -2.0591 -0.6908 -1.1381 1.07 -0.755
243.2 -0.8647 -3.5566 -0.3687 -1.1381 0.8453 -0.755
243.4 -0.8487 -5.2978 -0.067 -1.1039 0.8453 -0.677
243.6 -0.8303 -7.0914 0.2566 -1.053 0.8727 0.3144
243.8 -0.7489 -7.4517 0.2633 -0.7167 0.925 1.1015
244 -0.6742 -7.4517 0.2633 -0.5665 0.925 1.3261
244.2 -0.6491 -6.8268 0.154 -0.4908 0.925 1.7986
244.4 -0.6491 -6.3299 0.0466 -0.4908 1.0426 1.7986
244.6 -0.5824 -5.5707 -0.1109 -0.5008 1.1075 1.89
244.8 -0.5824 -4.4158 -0.3396 -0.5528 1.245 1.8816
245 -0.7417 -3.4877 -0.4808 -0.675 1.3822 1.8816
245.2 -0.7417 -2.8633 -0.6001 -0.675 1.3822 1.6836
245.4 -0.6839 -2.2503 -0.7257 -0.6864 1.4058 1.6836
245.6 -0.6821 -2.062 -0.786 -0.6864 1.4058 1.6987
245.8 -0.6821 -1.4373 -0.887 -0.8594 1.5058 1.6987
246 -0.6821 -0.551 -1.0598 -0.8594 1.5058 1.5989
246.2 -0.5995 0.3464 -1.2676 -0.8087 1.2454 0.9965
246.4 -0.5995 0.3464 -1.2676 -0.8087 1.2431 0.7
246.6 -0.5995 0.338 -1.2149 -0.8335 1.2212 0.6852
246.8 -0.6461 -0.2689 -1.1333 -0.9972 1.0989 0.513
247 -0.9472 -1.4478 -0.8031 -1.0863 1.0332 -0.3708
247.2 -0.9472 -2.7742 -0.5267 -1.1357 1.0193 -0.5762
247.4 -0.9231 -4.5076 -0.2024 -1.1357 0.992 -0.5762
247.6 -0.9231 -6.0564 0.0652 -1.1357 0.992 0.0129
247.8 -0.8446 -7.519 0.3717 -1.0513 0.9442 0.5922
248 -0.8446 -7.6195 0.3717 -0.9037 0.8704 0.5936
248.2 -0.763 -7.6195 0.3301 -0.7211 0.8704 0.6339
248.4 -0.7424 -7.0061 0.1861 -0.7211 0.894 1.179
248.6 -0.7513 -6.5709 0.0821 -0.7948 1.0298 1.568
248.8 -0.6925 -5.7743 -0.0592 -0.8095 1.1331 1.8829
249 -0.7513 -4.5993 -0.3387 -0.8221 1.3777 2.4749
249.2 -0.8233 -3.7304 -0.4853 -0.9913 1.7152 2.6482
249.4 -0.8514 -3.1943 -0.569 -1.1851 1.8685 2.6482
249.6 -0.921 -2.5073 -0.7257 -1.1902 1.8691 2.5551
249.8 -0.921 -1.116 -0.9824 -1.2898 1.8685 2.2899
250 -0.921 -0.307 -1.1365 -1.2898 1.837 1.6302
250.2 -0.7721 0.5694 -1.3428 -0.9791 1.2879 1.0231
250.4 -0.7721 1.0424 -1.4427 -0.9699 1.286 1.019
250.6 -0.7172 1.0424 -1.4427 -0.9497 1.2819 1.0147
250.8 -0.7155 0.9651 -1.428 -0.9496 1.2819 1.0129
251 -0.7155 0.7031 -1.4085 -0.9496 0.9639 1.0126
251.2 -1.1299 -0.4549 -1.0887 -0.9898 0.9441 -0.1807
251.4 -1.1299 -1.6293 -0.8353 -0.9898 0.8614 -0.6407
251.6 -1.1268 -3.1454 -0.5345 -0.9574 0.5968 -0.6407
251.8 -0.96 -4.9311 -0.2262 -0.9107 0.5968 -0.1882
252 -0.9267 -5.9069 -0.0759 -0.8482 0.7452 0.4126
252.2 -0.9267 -5.9069 -0.0759 -0.8239 0.7503 0.5245
252.4 -0.8831 -5.6585 -0.1294 -0.8239 0.7757 0.8181
252.6 -0.8831 -5.022 -0.2745 -0.9128 1.2673 1.6719
252.8 -1.0663 -4.2228 -0.437 -1.254 1.614 1.8634
253 -1.0663 -3.3352 -0.6107 -1.2588 1.682 1.9636
253.2 -1.1298 -2.4512 -0.8064 -1.2842 1.8547 2.2487
253.4 -1.2879 -1.7344 -0.9684 -1.7433 2.2354 2.726
253.6 -1.5263 -1.3819 -1.0296 -2.0233 2.4066 2.726
253.8 -1.5263 -0.1728 -1.2624 -2.0233 2.4066 2.3192
254 -1.1994 0.9979 -1.4823 -1.6294 1.855 1.0177
254.2 -1.1206 1.7689 -1.6394 -1.6089 1.855 1.0177
254.4 -0.8703 1.8246 -1.6877 -1.6089 1.8647 1.0263
254.6 -0.8703 1.8246 -1.6877 -1.61 1.8738 1.0266
254.8 -1.0149 1.3875 -1.6106 -1.61 1.8738 1.0266
255 -1.1598 0.3664 -1.3738 -1.255 1.2643 0.1087
255.2 -1.2142 -0.7502 -1.0947 -1.2294 0.8645 -0.6902
255.4 -1.2527 -1.8534 -0.9337 -0.9781 0.6674 -0.7807
255.6 -1.2527 -3.6971 -0.5568 -0.9781 0.5088 -0.6902
255.8 -1.0971 -5.6733 -0.1741 -0.883 0.5088 -0.2154
256 -1.0441 -7.1414 0.0733 -0.883 0.7004 0.3861
256.2 -1.0337 -7.5986 0.1402 -0.883 0.7004 0.9896
256.4 -0.8711 -7.5986 0.1402 -0.6771 0.6814 0.9896
256.6 -0.7695 -7.185 0.0893 -0.5325 0.6814 0.9896
256.8 -0.7695 -6.4672 -0.0888 -0.5325 0.7982 1.3883
257 -0.8505 -5.7439 -0.2538 -0.6935 0.9312 1.3883
257.2 -0.8505 -5.103 -0.3817 -0.6935 0.9926 1.3092
257.4 -0.8668 -4.0392 -0.5806 -0.6935 0.9926 1.2015
257.6 -0.8668 -3.2733 -0.749 -0.7421 1.012 1.1595
257.8 -0.8668 -2.1104 -0.983 -0.8088 1.012 0.9274
258 -0.9039 -0.8047 -1.2326 -0.8133 1.012 0.7179
258.2 -0.8559 0.036 -1.4103 -0.8852 1.1065 0.7179
258.4 -0.8559 0.036 -1.4103 -0.8852 1.1065 0.7338
258.6 -0.7652 -0.0389 -1.4009 -0.7052 0.9622 0.7561
258.8 -0.7497 -0.3967 -1.3213 -0.6276 0.8908 0.7676
259 -0.7497 -0.5859 -1.2957 -0.6164 0.8305 0.7751
259.2 -0.8904 -0.775 -1.2701 -0.6051 0.7701 0.7826
259.4 -0.8904 -1.36 -1.1606 -0.5966 0.724 0.795
259.6 -0.812 -3.278 -0.7705 -0.5837 0.7055 0.8208
259.8 -0.8082 -5.65 -0.3031 -0.4362 0.4965 0.8208
260 -0.8082 -7.9775 0.1933 -0.1411 0.1605 0.6433
260.2 -0.8524 -9.9954 0.5941 0.2219 0.0343 0.6433
260.4 -0.9008 -10.709 0.6219 0.2219 0.0343 0.9754
260.6 -0.9008 -10.709 0.638 0.2219 0.0343 1.2431
260.8 -0.5612 -10.4718 0.6628 0.5363 -0.1483 1.3064
261 -0.4648 -10.1453 0.638 0.7458 -0.2222 1.3064
261.2 -0.3455 -9.8277 0.606 0.8758 -0.2222 1.3064
261.4 -0.4073 -9.3271 0.5149 0.8758 -0.1399 1.0554
261.6 -0.4073 -7.8974 0.2406 0.8609 -0.0658 1.0094
261.8 -0.4723 -6.7313 -0.0004 0.5457 0.1668 1.0019
262 -0.545 -5.9077 -0.1652 0.3705 0.1922 0.7163
262.2 -0.557 -4.5848 -0.4887 0.225 0.2245 0.7163
262.4 -0.8351 -3.3615 -0.7853 -0.4693 0.6652 0.7163
262.6 -0.8351 -2.2022 -1.0078 -0.4693 0.6656 0.7379
262.8 -0.8137 -1.3689 -1.0352 -0.3552 0.6837 0.7565
263 -0.8137 -1.161 -1.1526 -0.3552 0.6843 0.7937
263.2 -0.8311 -1.161 -1.1526 -0.3552 0.6843 0.7937
263.4 -0.907 -1.9565 -1.022 -0.203 0.2162 0.0325
263.6 -1.0538 -2.6889 -0.9238 -0.1732 -0.0272 -0.2759
263.8 -1.0538 -3.7506 -0.7297 -0.0985 -0.0272 -0.2759
264 -0.9712 -4.8299 -0.4928 -0.0736 -0.0272 -0.3037
264.2 -0.8438 -5.9791 -0.2394 0.2528 -0.2903 -0.2648
264.4 -0.8438 -6.776 -0.0973 0.2528 -0.2903 -0.0251
264.6 -0.8438 -7.5233 -0.0015 0.1266 -0.0271 0.4795
264.8 -0.8263 -8.4599 0.2547 0.1266 -0.0123 0.8916
265 -0.7362 -8.4599 0.2547 0.1266 0.0038 1.0131
265.2 -0.5617 -8.2503 0.1406 0.125 0.4469 1.5481
265.4 -0.5617 -8.0152 0.1317 0.125 0.4512 1.6432
265.6 -0.5617 -7.0754 -0.0121 0.125 0.5077 1.8484
265.8 -0.5811 -6.1488 -0.2648 -0.1897 0.729 1.8484
266 -0.5811 -4.6971 -0.5491 -0.1897 0.729 1.7036
266.2 -0.6534 -3.5775 -0.6796 -0.0172 0.729 1.3387
266.4 -0.6534 -2.1677 -1.0028 -0.0172 0.7319 1.2488
266.6 -0.7443 -1.2661 -1.1994 -0.0172 0.7319 1.2488
266.8 -0.7443 -0.8851 -1.1994 0.1524 0.4914 0.3379
267 -0.749 -0.8851 -1.1726 0.287 0.2741 -0.1063
267.2 -0.8827 -1.1366 -1.1581 0.287 0.0059 -0.3434
267.4 -0.8827 -1.7185 -1.0755 0.287 -0.029 -0.4012
267.6 -0.9567 -2.3696 -0.8868 0.2409 -0.029 -0.4012
267.8 -0.9532 -3.0557 -0.8322 0.1413 -0.0465 -0.3572
268 -0.9532 -4.8553 -0.495 0.1413 -0.0126 -0.3327
268.2 -0.6706 -6.6587 -0.083 0.09 0.0288 0.518
268.4 -0.6706 -7.7394 0.0576 0.09 0.2543 0.8365
268.6 -0.6706 -7.7394 0.0955 0.09 0.2543 0.9497
268.8 -0.4497 -7.4939 0.0955 0.2616 0.2453 0.9553
269 -0.4497 -6.7927 -0.0382 0.2616 0.2453 0.9553
269.2 -0.6767 -6.2037 -0.2307 -0.0652 0.4473 0.9553
269.4 -0.8502 -5.7019 -0.3732 -0.3439 0.5909 0.947
269.6 -0.8957 -5.2004 -0.4857 -0.464 0.6378 0.9276
269.8 -0.9399 -4.3016 -0.6708 -0.464 0.6378 0.841
270 -0.9962 -2.6586 -0.9823 -0.3712 0.5507 0.5075
270.2 -0.9962 -1.8152 -1.1855 -0.3712 0.5507 0.5075
270.4 -1.1083 -0.4932 -1.3352 -0.3834 0.5571 0.632
270.6 -0.9885 -0.017 -1.5534 -0.4339 0.7184 0.642
270.8 -0.9885 0.6982 -1.6412 -0.4475 0.7923 0.6481
271 -0.8792 0.6982 -1.6412 -0.4475 0.7923 0.6481
271.2 -0.8792 0.3353 -1.5606 -0.2953 0.7389 0.2337
271.4 -1.1848 -0.3139 -1.4685 0.0241 0.4814 -0.416
271.6 -1.1848 -0.7337 -1.4213 0.0724 0.083 -0.5199
271.8 -1.1631 -1.6389 -1.2358 0.0724 0.083 -0.5199
272 -1.0286 -2.3724 -1.1262 -0.1747 0.4179 0.099
272.2 -1.0219 -4.016 -0.8049 -0.1747 0.4179 0.5326
272.4 -1.011 -5.694 -0.4583 -0.0725 0.3635 0.5655
272.6 -1.0219 -7.115 -0.1629 -0.0725 0.2976 0.5655
272.8 -1.151 -8.5168 0.0445 -0.156 0.2849 0.5655
273 -1.151 -9.5515 0.195 -0.1875 0.2849 0.5759
273.2 -1.1217 -9.7064 0.2785 -0.2773 0.2858 0.6515
273.4 -0.9613 -9.8357 0.3341 -0.2773 0.2858 0.728
273.6 -0.8368 -9.8357 0.3511 -0.0596 0.2858 0.806
273.8 -0.7987 -9.6101 0.3511 0.0472 0.3009 0.8642
274 -0.7987 -8.4338 0.1122 0.1666 0.3232 0.8686
274.2 -0.7987 -7.1429 -0.1587 0.1666 0.3256 0.8751
274.4 -0.7842 -5.5895 -0.406 0.1655 0.3301 0.9242
274.6 -0.7842 -3.6791 -0.8362 0.1655 0.4222 0.9242
274.8 -0.7906 -1.9619 -1.142 0.2082 0.4343 0.6397
275 -0.7906 -0.6525 -1.3419 0.4274 0.4343 0.5957
275.2 -0.5927 0.0355 -1.3761 0.6501 0.433 0.5957
275.4 -0.3492 0.0355 -1.3761 0.6501 0.433 0.7161
275.6 -0.3492 -0.2286 -1.3365 0.6026 0.4489 0.7555
275.8 -0.4338 -0.6088 -1.3235 0.5347 0.4905 0.7613
276 -0.4338 -1.6209 -1.1067 0.4455 0.5188 0.7616
276.2 -0.3276 -2.8332 -0.7439 0.3202 0.5188 0.7769
276.4 -0.3276 -4.5527 -0.1738 0.0632 0.4752 0.8532
276.6 -0.5065 -5.187 -0.1738 -0.0048 0.4132 0.855
276.8 -0.8154 -5.8213 -0.1738 -0.0048 0.3511 0.8569
277 -0.9407 -7.8019 -0.1064 -0.004 0.2859 0.858
277.2 -0.9407 -9.132 0.227 -0.004 0.2859 0.8611
277.4 -0.8798 -9.132 0.2448 -0.1213 0.4343 0.8611
277.6 -0.5963 -8.5007 0.2907 -0.2659 0.9725 0.8339
277.8 -0.5282 -7.8371 0.2907 -0.4032 1.4838 0.8074
278 -0.5282 -6.559 -0.0724 -0.4032 1.4838 0.8074
278.2 -0.6795 -5.4574 -0.4027 -0.3491 1.4845 0.806
278.4 -0.6795 -4.4042 -0.7173 -0.2803 1.4845 0.806
278.6 -0.5236 -2.9187 -0.8501 -0.2145 1.3637 0.9069
278.8 -0.3911 -1.6706 -1.009 -0.1728 1.2859 0.9575
279 -0.3911 -0.8645 -1.208 -0.1401 1.2564 0.9575
279.2 -0.4723 -0.3918 -1.3187 0.3262 0.8344 0.7457
279.4 -0.5805 -0.3918 -1.3909 0.6667 0.4247 0.618
279.6 -0.7356 -0.7631 -1.3909 0.788 0.0363 0.618
279.8 -0.8776 -1.5095 -1.3465 0.788 0.0363 0.6258
280 -0.8776 -2.3656 -1.1165 0.7069 0.2309 0.6614
280.2 -0.5621 -3.1777 -0.765 0.3201 0.84 0.7243
280.4 -0.5084 -3.9411 -0.637 -0.0101 1.0711 0.7533
280.6 -0.4396 -3.9411 -0.6032 -0.1301 1.1519 0.7841
280.8 -0.4396 -3.452 -0.6032 -0.1301 1.1519 0.8075
281 -0.7028 -3.2941 -0.8923 0.0119 1.0397 0.8075
281.2 -0.7028 -2.8423 -0.9137 0.1752 0.756 0.7208
281.4 -0.7244 -2.1689 -0.9792 0.3545 0.3431 0.5687
281.6 -0.7628 -1.4324 -1.2528 0.4571 0.3431 0.5687
281.8 -0.7628 -0.6817 -1.4498 0.5414 0.3548 0.5872
282 -0.5657 -0.028 -1.478 0.5414 0.3581 0.6922
282.2 -0.5657 0.4353 -1.5551 0.5085 0.4487 0.7434
282.4 -0.5589 0.7508 -1.615 0.5045 0.4487 0.7559
282.6 -0.529 0.7508 -1.615 0.5045 0.4303 0.7649
282.8 -0.529 0.7353 -1.4936 0.5045 0.4303 0.7649
283 -0.7931 -0.582 -1.4674 0.4487 0.4566 0.6727
283.2 -0.8095 -1.6391 -1.3513 0.4487 0.4566 0.6267
283.4 -0.8095 -2.3442 -1.1136 0.5898 0.0683 0.6267
283.6 -0.8095 -3.1998 -0.8788 0.7651 -0.1018 0.7978
283.8 -0.8353 -3.7648 -0.8788 0.7651 -0.1018 1.7038
284 -0.9676 -3.7648 -1.0497 0.6962 0.2204 1.7038
284.2 -0.9676 -2.2137 -1.322 0.6962 0.2204 1.3579
284.4 -0.8536 -1.1531 -1.3535 0.8 -0.0569 0.7802
284.6 -0.8536 -0.3988 -1.4816 0.9964 -0.2339 0.5041
284.8 -0.8645 0.2598 -1.7388 1.0291 -0.3898 0.3948
285 -0.8811 0.4835 -1.7388 1.0291 -0.5701 0.3948
285.2 -0.8811 0.4835 -1.6586 1.0301 -0.6364 0.4457
285.4 -0.9059 -0.3884 -1.5549 1.0301 -0.6364 0.5438
285.6 -0.9106 -1.6381 -1.3865 1.0122 -0.5578 0.6506
285.8 -0.9106 -3.3961 -1.1055 0.9308 -0.0958 0.7317
286 -0.8999 -5.154 -0.8245 0.8493 0.3661 0.8127
286.2 -0.8918 -6.912 -0.5434 0.7679 0.828 0.8937
286.4 -0.8918 -8.384 -0.3454 0.7034 1.1933 0.9676
286.6 -0.9454 -8.7807 -0.3423 0.7024 1.1949 1.0145
286.8 -0.9454 -8.7807 -0.3423 0.6898 1.1952 1.055
287 -0.8236 -8.2837 -0.2343 0.6241 1.1952 1.0662
287.2 -0.7315 -7.4056 -0.2343 0.4858 1.1268 1.0748
287.4 -0.7315 -5.9836 -0.3392 0.1296 0.8557 1.0748
287.6 -1.0354 -5.2574 -1.0123 0.0616 0.8004 1.0304
287.8 -1.1386 -4.1055 -1.362 0.059 0.8004 0.8394
288 -1.1654 -3.1072 -1.595 -0.0677 0.9357 0.6985
288.2 -1.1654 -2.3084 -1.6765 -0.3684 1.2626 0.6227
288.4 -1.1654 -1.5096 -1.7581 -0.3684 1.2626 0.5908
288.6 -1.2094 -0.84 -1.953 -0.033 0.7647 0.5908
288.8 -1.2094 -0.1904 -1.953 0.4498 0.0371 0.5908
289 -0.9951 0.9908 -1.8965 0.5901 -0.0132 0.5179
289.2 -0.8869 0.9908 -1.6631 0.5425 0.0371 0.4866
289.4 -0.8869 0.561 -1.6174 0.5425 0.0424 0.4866
289.6 -0.91 -0.8044 -1.5757 0.5425 0.0424 0.5403
289.8 -0.91 -2.3374 -1.2661 0.5458 0.0537 0.6905
290 -0.8134 -3.3632 -0.8968 0.5458 0.1233 0.6909
290.2 -0.7593 -4.0491 -0.6775 0.5186 0.2185 0.6947
290.4 -0.7593 -4.0491 -0.6775 0.5186 0.2185 0.7201
290.6 -0.7716 -4.0194 -0.7132 0.5246 0.2163 0.7456
290.8 -0.784 -3.9897 -0.7489 0.5307 0.2142 0.771
291 -0.7963 -3.96 -0.7845 0.5367 0.212 0.7964
291.2 -0.8087 -3.9303 -0.8202 0.5428 0.2098 0.8219
291.4 -0.821 -3.9006 -0.8559 0.5488 0.2076 0.8473
291.6 -0.8334 -3.8709 -0.8916 0.5549 0.2054 0.8728
291.8 -0.8457 -3.8412 -0.9273 0.5609 0.2032 0.8982
292 -0.8581 -3.8115 -0.9629 0.567 0.2011 0.9236
292.2 -0.8704 -3.7817 -0.9986 0.573 0.1989 0.9491
292.4 -0.8828 -3.752 -1.0343 0.5791 0.1967 0.9745
292.6 -0.8951 -3.7223 -1.07 0.5791 0.1945 1
292.8 -0.9639 -3.2433 -1.2588 0.5626 0.1716 1.0826
293 -1.1091 -2.1563 -1.6549 0.5014 0.1207 1.2425
293.2 -1.1146 -1.284 -1.7912 0.4941 0.1207 1.2994
293.4 -1.1161 -0.2744 -1.9177 -0.3212 0.4477 1.2994
293.6 -1.1161 0.2581 -2.032 -0.3212 0.4477 1.2551
293.8 -1.0745 0.8788 -2.0467 0.2421 0.3903 0.5771
294 -1.0297 1.4156 -2.0517 0.2629 0.0641 0.5294
294.2 -1.0175 1.4156 -2.0517 0.2629 0.0103 0.2858
294.4 -0.9828 0.769 -1.9171 0.2325 0.0103 0.115
294.6 -0.9583 0.1567 -1.8437 0.1869 0.3428 -0.2964
294.8 -0.9828 -0.3879 -1.6898 0.1869 0.49 -0.2964
295 -1.0237 -2.4424 -1.5542 0.3466 0.49 -0.0894
295.2 -1.0298 -2.4424 -1.5542 0.3466 0.4614 -0.0264
295.4 -1.0358 -2.2667 -1.5919 0.3362 0.4328 0.0366
295.6 -1.0418 -2.091 -1.6297 0.3257 0.4042 0.0996
295.8 -1.0479 -1.9153 -1.6674 0.3153 0.3756 0.1626
296 -1.0539 -1.7396 -1.7051 0.3049 0.347 0.2256
296.2 -1.06 -1.5639 -1.7429 0.2945 0.3184 0.2886
296.4 -1.066 -1.3882 -1.7806 0.284 0.2898 0.3516
296.6 -1.072 -1.2125 -1.8183 0.2736 0.2612 0.4146
296.8 -1.0781 -1.0368 -1.856 0.2632 0.2326 0.4776
297 -1.0841 -0.8611 -1.8938 0.2528 0.2039 0.5405
297.2 -1.0901 -0.6854 -1.9315 0.2423 0.1753 0.6035
297.4 -1.0962 -0.5098 -1.9692 0.2319 0.1467 0.6665
297.6 -1.1022 -0.3341 -2.007 0.2215 0.1181 0.7295
297.8 -1.1083 -0.1584 -2.0447 0.2111 0.0895 0.7925
298 -1.1143 0.0173 -2.0824 0.2006 0.0609 0.8555
298.2 -1.1203 0.193 -2.1202 0.1902 0.0323 0.9185
298.4 -1.1264 0.3687 -2.1579 0.1798 0.0037 0.9815
298.6 -1.1264 0.5444 -2.1903 0.1694 -0.0249 1.0445
298.8 -1.1324 0.8514 -2.1956 0.1694 -0.1046 1.0445
299 -1.1053 0.9552 -2.2487 0.2908 -0.5822 0.9528
299.2 -1.0955 0.9552 -2.2487 0.2908 -0.5822 0.7149
299.4 -0.9827 0.7886 -2.0424 0.5436 -0.2211 0.1451
299.6 -0.9766 0.0642 -1.942 0.6586 -0.1415 -0.18
299.8 -0.9141 -1.4876 -1.6405 0.6586 0.314 -0.2364
300 -0.9141 -2.9901 -1.3831 0.5076 0.6836 -0.2364
300.2 -0.9919 -5.2865 -1.1323 0.5076 0.6836 1.0293
300.4 -1.0532 -6.5011 -1.0451 0.7586 0.6574 1.3309
300.6 -1.0532 -6.5011 -1.0451 0.8205 0.585 1.3326
300.8 -1.0514 -6.1425 -1.0983 0.8825 0.5127 1.3343
301 -1.0497 -5.7838 -1.1514 0.9445 0.4403 1.336
301.2 -1.0479 -5.4252 -1.2046 1.0064 0.3679 1.3377
301.4 -1.0461 -5.0665 -1.2577 1.0684 0.2956 1.3394
301.6 -1.0444 -4.7079 -1.3109 1.1304 0.2232 1.3411
301.8 -1.0426 -4.3492 -1.3641 1.1923 0.1508 1.3428
302 -1.0409 -3.9906 -1.4172 1.2543 0.0784 1.3445
302.2 -1.0391 -3.6319 -1.4704 1.3162 0.0061 1.3462
302.4 -1.0374 -3.2733 -1.5235 1.3782 -0.0663 1.3479
302.6 -1.0356 -2.9146 -1.5767 1.4402 -0.1387 1.3497
302.8 -1.0339 -2.5559 -1.6299 1.5021 -0.211 1.3514
303 -1.0321 -2.1973 -1.683 1.5641 -0.2834 1.3531
303.2 -1.0303 -1.8386 -1.7362 1.6261 -0.3558 1.3548
303.4 -1.0286 -1.48 -1.7893 1.688 -0.4281 1.3565
303.6 -1.0268 -1.1213 -1.8106 1.688 -0.4281 1.3565
303.8 -1.015 -0.8508 -1.8245 -1.0136 1.5562 0.967
304 -0.9561 -0.1492 -1.8106 -1.0136 1.5941 0.7641
304.2 -0.9353 0.7019 -1.8245 -0.7664 1.5941 0.5736
304.4 -0.9353 0.7128 -1.9742 -0.0832 0.6748 0.4937
304.6 -0.9353 0.7128 -1.9742 -0.0832 0.6748 0.2677
304.8 -0.8223 0.0195 -1.5811 -0.6205 1.6107 0.024
305 -0.8095 -0.6817 -1.541 -0.6205 1.6107 -0.2191
305.2 -0.8095 -2.104 -1.3426 -0.3998 1.1465 -0.2191
305.4 -0.8095 -2.614 -0.5338 -0.0728 1.1465 0.4776
305.6 -0.8906 -10.2118 -0.4781 0.1668 1.3253 1.5821
305.8 -0.8906 -10.2885 -0.2583 0.1668 1.3419 1.698
306 -0.7674 -10.2885 -0.0498 0.1509 1.3419 1.698
306.2 -0.6829 -9.4185 -0.005 0.1509 1.314 1.6459
306.4 -0.6829 -8.4003 -0.005 0.1661 0.7029 1.4243
306.6 -0.6924 -7.5106 -0.2668 0.3177 0.5877 1.4243
306.8 -0.7195 -6.3386 -0.4633 0.207 0.5877 1.4684
307 -0.8271 -5.2836 -0.886 0.207 -0.0558 1.5208
307.2 -0.8271 -4.52 -0.9803 0.0578 -0.0558 1.5208
307.4 -0.7779 -3.3875 -1.015 -0.8501 1.1739 1.1944
307.6 -0.7245 -2.493 -1.0248 -0.8501 1.1739 1.0571
307.8 -0.7245 -2.493 -1.0381 -0.1963 0.7451 1.0571
308 -1.3366 -6.4384 -1.7663 0.0283 0.7451 1.3671
308.2 -1.3366 -8.2165 -1.7663 0.1823 0.9497 1.3671
308.4 -0.6889 -8.2165 -0.1269 0.1823 1.608 1.4002
308.6 -0.6889 -7.5777 -0.1269 0.1823 1.608 1.4002
308.8 -0.7038 -6.6327 -0.3038 0.1765 0.9956 1.6965
309 -0.7644 -5.4171 -0.6724 0.3638 -0.0575 1.7106
309.2 -0.7904 -4.1791 -0.711 0.3638 -0.0575 1.6965
309.4 -0.8209 -2.9573 -1.1173 0.946 -0.4661 1.6756
309.6 -0.8209 -1.8691 -1.1173 0.946 -0.4661 1.2456
309.8 -0.8026 -0.912 -1.1258 -0.5501 0.6698 1.1575
310 -0.8026 -0.3269 -1.1551 -0.5501 0.6698 0.9482
310.2 -0.8026 0.4048 -1.25 -0.4937 0.6051 0.7457
310.4 -0.8741 0.8762 -1.5279 1.5163 -1.281 0.7457
310.6 -0.8741 1.0175 -1.5279 2.006 -1.9424 0.7457
310.8 -0.8766 1.0175 -1.5708 2.006 -1.9424 0.696
311 -0.9188 1.2258 -1.7328 1.5113 -0.9376 0.101
311.2 -0.8916 0.7389 -1.5708 0.4048 0.1091 0.101
311.4 -0.8916 -4.8938 -1.1013 0.1279 0.3737 0.9054
311.6 -0.7287 -7.7562 -0.3633 0.0527 0.7749 1.1788
311.8 -0.6623 -9.4019 -0.1257 -0.0032 1.1614 1.3287
312 -0.6458 -9.7839 -0.0288 -0.0039 1.1614 1.369
312.2 -0.6292 -10.1705 0.069 -0.0039 1.1546 1.4148
312.4 -0.6058 -10.7857 0.2091 0.0403 0.7239 1.7341
312.6 -0.6008 -10.7857 0.2509 0.5479 0.1403 1.869
312.8 -0.6008 -10.6887 0.2903 0.9513 0.1403 1.9438
313 -0.6321 -9.9233 0.2903 0.9513 0.3852 1.9438
313.2 -0.6844 -8.8926 0.1294 0.9115 0.3852 1.9438
313.4 -0.7345 -8.0385 -0.0948 0.8854 0.3805 1.9288
313.6 -0.7791 -7.0335 -0.4152 0.8817 0.2823 1.7729
313.8 -0.8214 -5.8184 -0.4874 0.8817 0.2823 1.6336
314 -0.8648 -4.8683 -0.7885 0.4333 0.4399 1.6143
314.2 -0.9109 -4.0901 -1.0072 0.4333 0.4399 1.5442
314.4 -0.9363 -3.1286 -1.0826 0.3132 0.3592 1.2183
314.6 -1.001 -2.1677 -1.217 0.3132 0.3592 1.2166
314.8 -1.0397 -1.5608 -1.3422 -0.0016 0.3999 1.1468
315 -1.0643 -0.8967 -1.35 -0.0016 0.3999 0.8077
315.2 -1.088 -0.2549 -1.3547 0.0005 0.3907 0.562
315.4 -1.088 -0.2549 -1.35 0.0005 0.3907 0.5094
315.6 -1.0659 -0.5487 -1.1439 -0.0627 0.7079 0.5019
315.8 -1.0504 -0.8706 -1.1439 -0.1058 0.8936 0.5019
316 -1.0214 -1.4526 -1.3162 -0.1155 0.8936 0.5035
316.2 -0.9923 -2.0059 -1.3162 -0.1257 0.8661 0.5214
316.4 -0.8587 -5.1597 -0.5926 -0.1293 0.5565 1.0434
316.6 -0.7566 -7.4137 -0.2137 -0.1293 0.555 1.3115
316.8 -0.6671 -9.5735 -0.1775 0.36 0.233 1.5625
317 -0.5949 -11.3369 -0.1333 0.36 0.2283 1.6995
317.2 -0.5364 -12.4261 0.268 -0.1903 0.1696 1.7976
317.4 -0.5144 -12.6908 0.4907 -0.5112 0.2283 1.8932
317.6 -0.5027 -13.0153 0.4907 -0.5112 0.2747 1.8967
317.8 -0.5027 -13.0153 0.5031 0.2115 0.3785 1.9171
318 -0.5253 -12.8264 0.5197 0.6188 0.3785 2.0452
318.2 -0.5499 -12.2293 0.6406 0.6255 0.3828 2.1682
318.4 -0.5757 -11.7986 0.6406 1.3366 0.6611 2.1682
318.6 -0.6154 -10.6724 0.609 1.3525 0.6686 2.0424
318.8 -0.6564 -9.744 0.4212 1.3525 0.7689 1.9031
319 -0.7154 -8.7213 0.0846 1.3525 0.7689 1.8966
319.2 -0.7716 -7.5043 -0.093 1.3168 0.9188 1.8935
319.4 -0.8192 -6.5124 -0.265 0.6957 0.9566 1.7707
319.6 -0.8431 -5.7019 -0.4158 0.2072 0.9566 1.0895
319.8 -0.8749 -4.9527 -0.4306 0.2072 0.9449 1.0793
320 -0.9389 -3.8447 -0.5547 0.2308 0.3536 1.0895
320.2 -0.9606 -3.0103 -0.797 0.4644 -0.1555 1.0184
320.4 -1.0179 -1.9913 -0.968 0.4644 -0.1555 0.9229
320.6 -1.0587 -0.8949 -1.0965 0.4094 0.2617 0.6879
320.8 -1.0756 -0.4029 -1.191 0.3899 0.3809 0.649
321 -1.0756 -0.4029 -1.2495 0.3899 0.3809 0.4972
321.2 -1.0589 -0.5591 -1.2495 0.3054 0.6841 0.3284
321.4 -1.0342 -0.8136 -1.1302 0.2263 1.0978 0.3284
321.6 -1.0161 -1.5469 -0.7877 0.2263 1.0978 0.5981
321.8 -0.9789 -2.3877 -0.6459 0.2582 0.5164 0.5981
322 -0.8911 -3.9764 -0.5931 0.2582 0.4268 0.4714
322.2 -0.8218 -5.5957 -0.5354 0.2456 0.1836 0.4714
322.4 -0.7355 -7.8628 -0.466 -0.0101 0.0697 1.062
322.6 -0.6477 -9.7727 -0.3471 -0.5592 0.0697 1.1042
322.8 -0.5981 -10.8866 -0.055 -0.6239 0.0836 1.2852
323 -0.5633 -10.8866 0 -0.6239 0.0836 1.2852
