0 0
0.2 0.0935211267605634
0.4 0.185915492957747
0.6 0.27943661971831
0.8 0.372957746478873
1 0.465352112676056
1.2 0.55887323943662
1.4 0.652394366197183
1.6 0.745915492957747
1.8 0.83830985915493
2 0.931830985915493
2.2 0.931830985915493
2.4 0.931830985915493
2.6 1.01971830985915
2.8 1.67661971830986
3 2.60281690140845
3.2 3.70253521126761
3.4 4.80338028169014
3.6 5.89521126760563
3.8 6.96788732394366
4 7.72619718309859
4.2 7.72619718309859
4.4 7.71042253521127
4.6 7.23830985915493
4.8 6.46985915492958
5 5.58760563380282
5.2 4.61295774647887
5.4 4
5.6 3.53802816901408
5.8 3.05577464788732
6 2.80788732394366
6.2 2.67267605633803
6.4 2.60281690140845
6.6 2.39323943661972
6.8 2.34591549295775
7 2.34591549295775
7.2 2.9543661971831
7.4 3.43323943661972
7.6 4.07098591549296
7.8 4.87661971830986
8 5.57859154929577
8.2 6.35154929577465
8.4 7.06366197183099
8.6 7.84901408450704
8.8 8.54985915492958
9 9.03323943661972
9.2 9.4512676056338
9.4 9.85352112676056
9.6 9.85352112676056
9.8 9.64281690140845
10 9.27323943661972
10.2 8.70197183098592
10.4 7.97295774647887
10.6 7.17521126760563
10.8 6.59267605633803
11 5.83323943661972
11.2 5.15943661971831
11.4 4.26478873239437
11.6 3.69239436619718
11.8 3.3769014084507
12 3.08281690140845
12.2 2.75042253521127
12.4 2.71661971830986
12.6 2.71661971830986
12.8 2.77295774647887
13 3.23380281690141
13.2 4.10478873239437
13.4 5.13915492957747
13.6 6.0630985915493
13.8 6.89239436619718
14 7.49633802816901
14.2 7.49633802816901
14.4 6.91267605633803
14.6 5.59661971830986
14.8 4.75718309859155
15 4.17239436619718
15.2 3.62478873239437
15.4 3.21915492957747
15.6 2.88788732394366
15.8 2.62535211267606
16 2.43943661971831
16.2 2.33352112676056
16.4 2.33352112676056
16.6 2.33802816901408
16.8 2.34140845070423
17 2.34591549295775
17.2 2.35042253521127
17.4 2.35492957746479
17.6 2.35830985915493
17.8 2.36281690140845
18 2.36732394366197
18.2 2.37070422535211
18.4 2.37521126760563
18.6 2.37971830985916
18.8 3.04225352112676
19 3.84450704225352
19.2 4.7030985915493
19.4 5.41183098591549
19.6 5.7487323943662
19.8 6.68732394366197
20 7.80056338028169
20.2 8.19042253521127
20.4 8.38760563380282
20.6 8.38760563380282
20.8 8.32788732394366
21 7.93915492957747
21.2 7.36788732394366
21.4 6.8630985915493
21.6 6.30760563380282
21.8 5.65859154929578
22 5.1830985915493
22.2 4.64788732394366
22.4 4.04619718309859
22.6 3.44901408450704
22.8 3.15042253521127
23 3.00732394366197
23.2 2.87887323943662
23.4 2.87887323943662
23.6 2.90591549295775
23.8 2.92507042253521
24 2.92507042253521
24.2 2.92281690140845
24.4 2.77633802816901
24.6 2.59943661971831
24.8 2.4169014084507
25 2.4169014084507
25.2 2.48225352112676
25.4 3.05352112676056
25.6 4.09014084507042
25.8 5.11661971830986
26 5.97633802816901
26.2 6.8056338028169
26.4 7.65408450704225
26.6 8.43492957746479
26.8 9.15380281690141
27 9.70478873239437
27.2 9.96619718309859
27.4 10
27.6 10
27.8 9.99323943661972
28 9.72056338028169
28.2 9.35549295774648
28.4 8.99042253521127
28.6 8.58366197183099
28.8 7.99661971830986
29 7.33408450704225
29.2 6.69971830985916
29.4 6.06084507042253
29.6 5.27211267605634
29.8 4.58591549295775
30 4.1656338028169
30.2 3.63492957746479
30.4 3.21577464788732
30.6 2.90591549295775
30.8 2.71661971830986
31 2.71661971830986
31.2 2.84056338028169
31.4 2.99380281690141
31.6 3.14704225352113
31.8 3.30028169014084
32 3.45239436619718
32.2 3.6056338028169
32.4 3.75887323943662
32.6 3.91211267605634
32.8 4.06422535211268
33 4.21746478873239
33.2 4.37070422535211
33.4 4.52281690140845
33.6 4.67605633802817
33.8 4.82929577464789
34 4.98253521126761
34.2 5.13464788732394
34.4 5.28788732394366
34.6 5.44112676056338
34.8 5.59323943661972
35 5.74647887323944
35.2 5.89971830985916
35.4 6.05295774647887
35.6 6.20507042253521
35.8 6.20507042253521
36 6.10140845070423
36.2 5.16056338028169
36.4 4.68394366197183
36.6 4.15549295774648
36.8 3.72732394366197
37 3.42422535211268
37.2 3.2056338028169
37.4 3.08957746478873
37.6 2.88788732394366
37.8 2.66028169014085
38 2.53070422535211
38.2 2.33014084507042
38.4 2.33014084507042
38.6 2.47549295774648
38.8 2.94760563380282
39 3.53352112676056
39.2 4.31549295774648
39.4 4.81577464788732
39.6 5.40394366197183
39.8 5.75098591549296
40 5.75098591549296
40.2 5.35323943661972
40.4 5.18985915492958
40.6 5.18760563380282
40.8 5.1830985915493
41 5.1830985915493
41.2 5.4343661971831
41.4 6.10140845070423
41.6 6.87549295774648
41.8 7.46478873239437
42 7.94816901408451
42.2 7.94816901408451
42.4 7.87154929577465
42.6 7.06591549295775
42.8 6.17802816901408
43 5.19098591549296
43.2 4.59718309859155
43.4 3.89070422535211
43.6 3.33971830985916
43.8 2.9430985915493
44 2.73915492957746
44.2 2.43492957746479
44.4 2.11380281690141
44.6 2.11380281690141
44.8 2.23887323943662
45 3.10535211267606
45.2 4.06422535211268
45.4 5.07267605633803
45.6 6.1543661971831
45.8 7.22140845070423
46 7.44112676056338
46.2 7.44112676056338
46.4 7.08394366197183
46.6 5.71380281690141
46.8 4.23549295774648
47 3.57971830985915
47.2 3.24281690140845
47.4 2.95323943661972
47.6 2.73352112676056
47.8 2.65577464788732
48 2.60281690140845
48.2 2.56225352112676
48.4 2.52619718309859
48.6 2.52619718309859
48.8 2.56676056338028
49 3.22816901408451
49.2 4.08450704225352
49.4 4.82478873239437
49.6 5.64281690140845
49.8 6.28281690140845
50 6.47774647887324
50.2 6.67267605633803
50.4 6.86760563380282
50.6 7.43887323943662
50.8 7.82985915492958
51 7.82985915492958
51.2 7.49408450704225
51.4 6.19267605633803
51.6 5.10985915492958
51.8 4.08450704225352
52 3.02422535211268
52.2 2.72450704225352
52.4 2.53971830985915
52.6 2.33014084507042
52.8 2.33014084507042
53 2.3369014084507
53.2 2.98816901408451
53.4 4.04394366197183
53.6 5.00056338028169
53.8 5.83774647887324
54 6.90929577464789
54.2 8.02591549295775
54.4 8.02591549295775
54.6 7.27887323943662
54.8 6.02591549295775
55 4.83718309859155
55.2 4.0630985915493
55.4 3.77915492957746
55.6 3.62478873239437
55.8 3.22028169014085
56 2.75718309859155
56.2 2.74253521126761
56.4 2.63549295774648
56.6 2.45070422535211
56.8 2.45070422535211
57 2.45633802816901
57.2 3.00957746478873
57.4 3.80281690140845
57.6 4.66478873239437
57.8 5.41971830985915
58 6.11267605633803
58.2 6.62422535211268
58.4 6.62422535211268
58.6 5.88169014084507
58.8 4.66140845070422
59 3.94140845070423
59.2 3.43098591549296
59.4 3.34535211267606
59.6 3.27887323943662
59.8 3.24169014084507
60 3.01295774647887
60.2 2.94197183098592
60.4 2.91267605633803
60.6 2.77070422535211
60.8 2.59718309859155
61 2.26591549295775
61.2 2.05408450704225
61.4 1.85915492957746
61.6 1.70253521126761
61.8 1.56281690140845
62 1.56281690140845
62.2 1.77239436619718
62.4 2.20169014084507
62.6 2.99154929577465
62.8 3.88281690140845
63 5.18197183098592
63.2 6.15323943661972
63.4 7.04
63.6 7.95042253521127
63.8 8.43267605633803
64 8.58028169014085
64.2 8.58028169014085
64.4 7.88281690140845
64.6 7.24845070422535
64.8 6.38084507042254
65 5.01521126760563
65.2 4.42816901408451
65.4 4.07549295774648
65.6 3.73521126760563
65.8 3.43323943661972
66 3.29915492957746
66.2 3.12338028169014
66.4 2.77746478873239
66.6 2.68732394366197
66.8 2.50140845070423
67 2.38197183098592
67.2 2.2569014084507
67.4 2.2569014084507
67.6 3.04788732394366
67.8 4.08112676056338
68 5.07042253521127
68.2 6.17239436619718
68.4 7.3487323943662
68.6 8.36169014084507
68.8 8.52619718309859
69 8.52619718309859
69.2 8.44056338028169
69.4 7.49633802816901
69.6 5.85577464788732
69.8 4.53746478873239
70 3.98084507042254
70.2 3.64394366197183
70.4 3.30253521126761
70.6 3.14929577464789
70.8 3.08619718309859
71 3.02647887323944
71.2 2.77070422535211
71.4 2.51042253521127
71.6 2.4630985915493
71.8 2.37971830985916
72 2.09464788732394
72.2 1.96957746478873
72.4 1.92450704225352
72.6 1.92450704225352
72.8 1.95154929577465
73 2.24112676056338
73.2 2.58140845070423
73.4 3.79943661971831
73.6 4.87323943661972
73.8 6.05183098591549
74 7.20450704225352
74.2 8.09014084507042
74.4 8.32450704225352
74.6 8.38985915492958
74.8 8.38985915492958
75 7.70028169014085
75.2 6.5656338028169
75.4 5.70478873239437
75.6 4.8
75.8 4.14647887323944
76 3.59549295774648
76.2 3.33408450704225
76.4 3.05239436619718
76.6 2.87661971830986
76.8 2.54760563380282
77 2.47887323943662
77.2 2.45183098591549
77.4 2.38197183098592
77.6 2.38197183098592
77.8 3.06929577464789
78 4.02929577464789
78.2 4.99380281690141
78.4 5.93239436619718
78.6 6.69859154929578
78.8 7.36901408450704
79 7.81070422535211
79.2 7.81070422535211
79.4 7.76901408450704
79.6 7.30704225352113
79.8 6.37971830985915
80 5.45915492957746
80.2 4.61971830985915
80.4 4.02929577464789
80.6 3.64732394366197
80.8 3.25859154929577
81 2.85183098591549
81.2 2.70197183098592
81.4 2.46760563380282
81.6 2.27492957746479
81.8 1.90422535211268
82 1.80507042253521
82.2 1.71042253521127
82.4 1.71042253521127
82.6 1.92450704225352
82.8 2.66591549295775
83 3.53352112676056
83.2 4.31661971830986
83.4 5.07943661971831
83.6 6.0574647887324
83.8 6.88676056338028
84 7.67323943661972
84.2 7.70028169014085
84.4 7.70028169014085
84.6 7.24507042253521
84.8 6.79549295774648
85 5.79830985915493
85.2 4.66028169014085
85.4 4.0112676056338
85.6 3.6912676056338
85.8 3.25521126760563
86 3.08845070422535
86.2 2.93408450704225
86.4 2.85521126760563
86.6 2.53971830985915
86.8 2.53971830985915
87 2.62647887323944
87.2 3.35549295774648
87.4 4.33352112676056
87.6 5.39943661971831
87.8 6.45295774647887
88 7.23154929577465
88.2 7.23154929577465
88.4 7.21802816901408
88.6 7.04901408450704
88.8 6.84507042253521
89 6.2230985915493
89.2 5.31154929577465
89.4 4.53971830985915
89.6 3.79830985915493
89.8 3.18985915492958
90 2.9430985915493
90.2 2.77859154929578
90.4 2.73352112676056
90.6 2.51267605633803
90.8 2.32225352112676
91 2.00225352112676
91.2 1.86591549295775
91.4 1.63718309859155
91.6 1.63718309859155
91.8 1.90422535211268
92 2.75042253521127
92.2 3.68338028169014
92.4 4.75943661971831
92.6 5.74535211267606
92.8 6.70084507042254
93 7.00169014084507
93.2 7.00169014084507
93.4 5.86253521126761
93.6 4.74028169014085
93.8 3.84112676056338
94 3.22478873239437
94.2 2.91380281690141
94.4 2.69746478873239
94.6 2.50028169014085
94.8 2.18816901408451
95 2.08112676056338
95.2 1.83549295774648
95.4 1.81070422535211
95.6 1.52225352112676
95.8 1.52225352112676
96 1.56732394366197
96.2 2.68845070422535
96.4 3.73070422535211
96.6 5.02760563380282
96.8 6.15774647887324
97 7.17521126760563
97.2 7.68
97.4 7.68
97.6 6.32338028169014
97.8 4.93070422535211
98 4.0856338028169
98.2 3.56507042253521
98.4 3.28
98.6 3.24394366197183
98.8 3.09633802816901
99 2.74028169014085
99.2 2.57802816901408
99.4 2.44845070422535
99.6 2.18253521126761
99.8 1.98197183098592
100 1.98197183098592
100.2 2.49352112676056
100.4 3.16281690140845
100.6 3.90084507042254
100.8 4.92394366197183
101 5.2856338028169
101.2 5.55154929577465
101.4 6.2456338028169
101.6 6.2456338028169
101.8 6.13521126760563
102 4.19718309859155
102.2 3.35098591549296
102.4 2.97802816901408
102.6 2.77746478873239
102.8 2.71323943661972
103 2.53521126760563
103.2 2.49915492957746
103.4 2.4630985915493
103.6 2.31549295774648
103.8 2.08112676056338
104 2.08112676056338
104.2 2.35605633802817
104.4 2.91718309859155
104.6 3.55605633802817
104.8 4.34591549295775
105 4.56112676056338
105.2 5.35887323943662
105.4 5.93014084507042
105.6 6.45295774647887
105.8 6.91492957746479
106 6.91492957746479
106.2 6.46647887323944
106.4 6.22535211267606
106.6 5.12450704225352
106.8 4.04507042253521
107 3.40169014084507
107.2 2.97464788732394
107.4 2.76394366197183
107.6 2.59154929577465
107.8 2.2569014084507
108 2.12507042253521
108.2 2.01014084507042
108.4 1.88507042253521
108.6 1.88507042253521
108.8 1.88732394366197
109 2.58816901408451
109.2 3.62478873239437
109.4 4.79098591549296
109.6 5.6687323943662
109.8 6.87887323943662
110 7.73070422535211
110.2 7.73070422535211
110.4 7.48845070422535
110.6 6.8056338028169
110.8 5.85239436619718
111 4.85408450704225
111.2 4.04056338028169
111.4 3.59098591549296
111.6 3.40619718309859
111.8 3.02084507042254
112 2.84281690140845
112.2 2.74253521126761
112.4 2.69070422535211
112.6 2.4056338028169
112.8 2.4056338028169
113 2.99830985915493
113.2 4.13971830985916
113.4 5.11661971830986
113.6 5.98422535211268
113.8 6.74816901408451
114 6.74816901408451
114.2 6.51943661971831
114.4 5.30591549295775
114.6 4.74816901408451
114.8 4.31661971830986
115 3.74535211267606
115.2 3.55492957746479
115.4 3.31492957746479
115.6 3.12901408450704
115.8 2.62084507042254
116 2.44169014084507
116.2 2.26028169014084
116.4 2.12169014084507
116.6 2.12169014084507
116.8 2.40788732394366
117 3.18760563380282
117.2 3.94253521126761
117.4 4.73014084507042
117.6 5.37239436619718
117.8 6.08
118 6.7087323943662
118.2 6.7087323943662
118.4 5.70253521126761
118.6 4.72225352112676
118.8 4.40788732394366
119 3.71492957746479
119.2 3.16169014084507
119.4 3.03661971830986
119.6 2.93408450704225
119.8 2.73014084507042
120 2.59492957746479
120.2 2.48901408450704
120.4 2.48901408450704
120.6 2.50140845070423
120.8 2.99605633802817
121 3.66084507042254
121.2 4.30197183098592
121.4 4.45070422535211
121.6 4.70985915492958
121.8 4.70985915492958
122 4.26704225352113
122.2 3.79154929577465
122.4 3.32619718309859
122.6 3.11661971830986
122.8 3.06028169014085
123 3.04225352112676
123.2 2.56901408450704
123.4 2.27267605633803
123.6 2.13183098591549
123.8 1.93577464788732
124 1.93577464788732
124.2 2.46535211267606
124.4 3.26422535211268
124.6 4.15549295774648
124.8 5.14478873239437
125 5.92450704225352
125.2 6.78760563380282
125.4 7.60112676056338
125.6 8.28732394366197
125.8 8.28732394366197
126 7.97183098591549
126.2 7.17408450704225
126.4 6.36845070422535
126.6 5.4512676056338
126.8 4.91943661971831
127 4.60507042253521
127.2 3.71042253521127
127.4 3.28338028169014
127.6 2.82704225352113
127.8 2.46760563380282
128 2.35267605633803
128.2 2.35267605633803
128.4 2.78535211267606
128.6 3.82535211267606
128.8 5.10760563380282
129 6.28507042253521
129.2 7.36450704225352
129.4 8.29295774647887
129.6 8.74704225352113
129.8 8.74704225352113
130 8.70760563380282
130.2 8.16338028169014
130.4 7.27098591549296
130.6 6.45521126760563
130.8 5.96507042253521
131 5.78028169014085
131.2 4.48788732394366
131.4 3.77352112676056
131.6 3.25183098591549
131.8 2.9487323943662
132 2.7887323943662
132.2 2.57352112676056
132.4 2.29408450704225
132.6 2.29408450704225
132.8 2.34591549295775
133 2.79887323943662
133.2 3.75661971830986
133.4 4.74478873239437
133.6 5.93352112676056
133.8 6.93633802816901
134 7.73859154929578
134.2 7.73859154929578
134.4 6.77295774647887
134.6 5.22028169014085
134.8 4.40112676056338
135 4.17464788732394
135.2 3.57295774647887
135.4 3.24394366197183
135.6 2.97802816901408
135.8 2.69746478873239
136 2.53183098591549
136.2 2.4056338028169
136.4 2.16
136.6 1.98084507042254
136.8 1.98084507042254
137 2.40112676056338
137.2 3.10197183098592
137.4 3.96056338028169
137.6 4.88676056338028
137.8 5.76
138 6.34929577464789
138.2 6.34929577464789
138.4 6.23887323943662
138.6 5.15718309859155
138.8 4.0912676056338
139 3.70929577464789
139.2 3.32281690140845
139.4 2.83042253521127
139.6 2.3887323943662
139.8 2.13070422535211
140 1.98197183098592
140.2 1.80619718309859
140.4 1.50535211267606
140.6 1.2969014084507
140.8 1.1830985915493
141 1.1830985915493
141.2 1.28338028169014
141.4 2.03605633802817
141.6 2.96901408450704
141.8 3.79492957746479
142 4.60732394366197
142.2 5.48845070422535
142.4 6.35042253521127
142.6 7.03661971830986
142.8 7.35098591549296
143 7.35098591549296
143.2 7.14929577464789
143.4 6.37521126760563
143.6 5.31267605633803
143.8 4.52394366197183
144 3.88957746478873
144.2 3.30816901408451
144.4 2.88112676056338
144.6 2.60957746478873
144.8 2.52845070422535
145 2.42366197183099
145.2 2.28732394366197
145.4 2.28732394366197
145.6 2.83042253521127
145.8 3.69802816901408
146 4.74140845070423
146.2 5.86929577464789
146.4 7.06366197183099
146.6 8.05633802816901
146.8 8.21971830985916
147 8.21971830985916
147.2 7.52
147.4 5.76901408450704
147.6 4.27042253521127
147.8 3.64507042253521
148 3.41859154929577
148.2 3.20788732394366
148.4 2.85521126760563
148.6 2.5712676056338
148.8 2.40450704225352
149 2.25239436619718
149.2 2.06422535211268
149.4 2.06422535211268
149.6 2.43718309859155
149.8 3.28450704225352
150 3.66760563380282
150.2 3.66760563380282
150.4 3.13915492957746
150.6 2.88901408450704
150.8 2.60732394366197
151 2.33915492957746
151.2 1.98985915492958
151.4 1.68
151.6 1.46253521126761
151.8 1.22929577464789
152 0.99943661971831
152.2 0.913802816901409
152.4 0.785352112676056
152.6 0.785352112676056
152.8 0.992676056338028
153 1.64281690140845
153.2 2.40450704225352
153.4 2.98816901408451
153.6 3.61577464788732
153.8 4.44281690140845
154 5.27774647887324
154.2 5.92
154.4 6.4169014084507
154.6 6.55211267605634
154.8 6.55211267605634
155 6.26140845070423
155.2 5.4287323943662
155.4 4.53183098591549
155.6 3.72169014084507
155.8 3.26760563380282
156 2.90591549295775
156.2 2.45070422535211
156.4 2.31323943661972
156.6 2.0743661971831
156.8 1.79267605633803
157 1.62704225352113
157.2 1.50535211267606
157.4 1.33295774647887
157.6 1.1312676056338
157.8 0.95887323943662
158 0.95887323943662
158.2 0.967887323943662
158.4 1.2856338028169
158.6 1.89521126760563
158.8 2.61521126760563
159 3.01633802816901
159.2 3.65521126760563
159.4 4.55549295774648
159.6 5.60901408450704
159.8 6.37295774647887
160 6.77408450704225
160.2 6.8912676056338
160.4 6.8912676056338
160.6 6.20732394366197
160.8 5.7656338028169
161 5.10084507042254
161.2 4.34704225352113
161.4 3.71380281690141
161.6 3.13014084507042
161.8 2.71774647887324
162 2.37859154929578
162.2 2.12507042253521
162.4 1.8456338028169
162.6 1.63718309859155
162.8 1.42760563380282
163 1.27323943661972
163.2 1.18422535211268
163.4 1.06929577464789
163.6 0.943098591549296
163.8 0.813521126760563
164 0.813521126760563
164.2 0.99830985915493
164.4 1.76112676056338
164.6 2.51492957746479
164.8 3.40957746478873
165 4.35380281690141
165.2 5.36112676056338
165.4 6.02704225352113
165.6 6.43380281690141
165.8 6.88
166 7.14478873239437
166.2 7.15267605633803
166.4 7.16169014084507
166.6 7.16169014084507
166.8 7.13014084507042
167 6.86422535211268
167.2 6.44281690140845
167.4 6.06535211267606
167.6 5.87718309859155
167.8 5.57859154929577
168 5.57859154929577
168.2 5.52901408450704
168.4 5.38253521126761
168.6 4.75718309859155
168.8 4.04845070422535
169 3.50197183098592
169.2 3.0287323943662
169.4 2.56788732394366
169.6 2.28507042253521
169.8 1.96281690140845
170 1.68788732394366
170.2 1.56169014084507
170.4 1.4456338028169
170.6 1.38929577464789
170.8 1.33521126760563
171 0.957746478873239
171.2 0.957746478873239
171.4 1.10647887323944
171.6 2.10704225352113
171.8 3.17971830985916
172 4.23549295774648
172.2 5.13577464788732
172.4 5.93802816901408
172.6 6.55211267605634
172.8 6.88112676056338
173 7.0230985915493
173.2 7.12112676056338
173.4 7.12112676056338
173.6 7.01859154929577
173.8 6.90704225352113
174 6.79211267605634
174.2 6.53746478873239
174.4 6.23211267605634
174.6 5.92676056338028
174.8 5.62140845070423
175 5.19098591549296
175.2 4.63774647887324
175.4 4.08450704225352
175.6 3.5312676056338
175.8 3.00169014084507
176 2.47661971830986
176.2 2.20619718309859
176.4 1.96957746478873
176.6 1.68112676056338
176.8 1.45915492957746
177 1.26422535211268
177.2 1.17746478873239
177.4 1.17746478873239
177.6 1.37802816901408
177.8 2.02140845070423
178 2.90140845070423
178.2 3.87830985915493
178.4 4.8169014084507
178.6 5.6112676056338
178.8 6.3030985915493
179 6.85971830985916
179.2 7.29464788732394
179.4 7.44788732394366
179.6 7.44788732394366
179.8 7.2
180 6.99830985915493
180.2 6.68732394366197
180.4 6.29070422535211
180.6 5.82535211267606
180.8 5.30140845070423
181 4.6343661971831
181.2 3.87830985915493
181.4 3.25859154929577
181.6 2.74591549295775
181.8 2.53070422535211
182 2.38985915492958
182.2 2.24901408450704
182.4 1.94140845070423
182.6 1.55154929577465
182.8 1.26084507042254
183 1.00845070422535
183.2 1.00845070422535
183.4 1.13577464788732
183.6 1.43211267605634
183.8 2.49577464788732
184 3.54253521126761
184.2 4.67492957746479
184.4 5.49183098591549
184.6 6.18253521126761
184.8 6.67943661971831
185 6.85070422535211
185.2 6.91154929577465
185.4 6.9543661971831
185.6 6.9543661971831
185.8 6.82028169014085
186 6.66028169014085
186.2 6.4856338028169
186.4 6.01352112676056
186.6 5.44225352112676
186.8 4.87211267605634
187 4.30084507042254
187.2 3.73070422535211
187.4 3.15943661971831
187.6 2.90253521126761
187.8 2.72450704225352
188 2.20281690140845
188.2 1.74084507042254
188.4 1.56169014084507
188.6 1.20901408450704
188.8 0.973521126760563
189 0.739154929577465
189.2 0.411267605633803
189.4 0.335774647887324
189.6 0.335774647887324
189.8 0.625352112676056
190 1.32732394366197
190.2 2.32338028169014
190.4 3.32845070422535
190.6 4.37859154929578
190.8 5.07718309859155
191 5.78028169014085
191.2 6.22422535211268
191.4 6.42253521126761
191.6 6.42253521126761
191.8 6.35605633802817
192 6.07887323943662
192.2 5.61014084507042
192.4 5.21352112676056
192.6 4.57802816901408
192.8 4.39098591549296
193 4.39098591549296
193.2 4.51267605633803
193.4 4.63323943661972
193.6 4.75492957746479
193.8 4.87549295774648
194 4.99718309859155
194.2 5.11774647887324
194.4 5.23943661971831
194.6 5.36112676056338
194.8 5.48169014084507
195 5.60338028169014
195.2 5.72394366197183
195.4 5.8456338028169
195.6 5.96619718309859
195.8 6.08788732394366
196 6.20845070422535
196.2 6.33014084507042
196.4 6.45070422535211
196.6 6.57239436619718
196.8 6.69295774647887
197 6.81464788732394
197.2 6.93521126760563
197.4 7.0569014084507
197.6 7.17746478873239
197.8 7.29577464788732
198 7.29577464788732
198.2 7.28450704225352
198.4 7.27098591549296
198.6 7.12112676056338
198.8 6.87323943661972
199 6.60169014084507
199.2 6.23661971830986
199.4 5.94591549295775
199.6 5.63718309859155
199.8 5.17859154929578
200 4.64112676056338
200.2 4.1656338028169
200.4 3.77464788732394
200.6 3.11323943661972
200.8 2.72112676056338
201 2.29746478873239
201.2 1.92225352112676
201.4 1.46028169014085
201.6 1.15943661971831
201.8 0.984788732394366
202 0.80112676056338
202.2 0.739154929577465
202.4 0.504788732394366
202.6 0.366197183098592
202.8 0.197183098591549
203 0.0766197183098592
203.2 0
203.4 0
203.6 0.457464788732394
203.8 0.937464788732394
204 1.70253521126761
204.2 2.74253521126761
204.4 3.5369014084507
204.6 4.39887323943662
204.8 5.23492957746479
205 5.98985915492958
205.2 6.51943661971831
205.4 6.90028169014084
205.6 7.20901408450704
205.8 7.35211267605634
206 7.49746478873239
206.2 7.51774647887324
206.4 7.51774647887324
206.6 7.49521126760563
206.8 7.34084507042254
207 6.90253521126761
207.2 6.00338028169014
207.4 5.50985915492958
207.6 4.78422535211268
207.8 4.20732394366197
208 3.75661971830986
208.2 3.32394366197183
208.4 2.81464788732394
208.6 2.27154929577465
208.8 1.94366197183099
209 1.59887323943662
209.2 1.33070422535211
209.4 1.12
209.6 1.02760563380282
209.8 0.916056338028169
210 0.71887323943662
210.2 0.531830985915493
210.4 0.522816901408451
210.6 0.522816901408451
210.8 0.812394366197183
211 1.20338028169014
211.2 2.10478873239437
211.4 3.0230985915493
211.6 3.61915492957747
211.8 4.26253521126761
212 5.01971830985916
212.2 5.73633802816901
212.4 6.35042253521127
212.6 6.76507042253521
212.8 7.21464788732394
213 7.28676056338028
213.2 7.28676056338028
213.4 7.14253521126761
213.6 6.84845070422535
213.8 6.4112676056338
214 5.95605633802817
214.2 5.51098591549296
214.4 5.21239436619718
214.6 5.14929577464789
214.8 4.39549295774648
215 3.85915492957746
215.2 3.41183098591549
215.4 2.92394366197183
215.6 2.42028169014085
215.8 2.00676056338028
216 1.83774647887324
216.2 1.65408450704225
216.4 1.38591549295775
216.6 1.18760563380282
216.8 1.18760563380282
217 1.50985915492958
217.2 1.96056338028169
217.4 2.81577464788732
217.6 3.6687323943662
217.8 4.46647887323944
218 5.0456338028169
218.2 5.89295774647887
218.4 6.58929577464789
218.6 6.90253521126761
218.8 7.23154929577465
219 7.58422535211268
219.2 7.74197183098592
219.4 7.74197183098592
219.6 7.53802816901409
219.8 7.31605633802817
220 6.91830985915493
220.2 6.48225352112676
220.4 5.98985915492958
220.6 5.48957746478873
220.8 4.94985915492958
221 4.4743661971831
221.2 3.83211267605634
221.4 3.50197183098592
221.6 2.92732394366197
221.8 2.4
222 1.98084507042254
222.2 1.78028169014085
222.4 1.62140845070423
222.6 1.48281690140845
222.8 1.24394366197183
223 0.957746478873239
223.2 0.769577464788732
223.4 0.659154929577465
223.6 0.659154929577465
223.8 0.733521126760563
224 1.00732394366197
224.2 1.45352112676056
224.4 2.04957746478873
224.6 2.84169014084507
224.8 3.83549295774648
225 4.68619718309859
225.2 5.6630985915493
225.4 6.46647887323944
225.6 7.16281690140845
225.8 7.45802816901408
226 7.61352112676056
226.2 7.61352112676056
226.4 7.51887323943662
226.6 7.48619718309859
226.8 7.25521126760563
227 6.75267605633803
227.2 6.21183098591549
227.4 5.6687323943662
227.6 5.15042253521127
227.8 4.55323943661972
228 3.97408450704225
228.2 3.44112676056338
228.4 3.02535211267606
228.6 2.60056338028169
228.8 2.20845070422535
229 1.93014084507042
229.2 1.73295774647887
229.4 1.54478873239437
229.6 1.35549295774648
229.8 1.35549295774648
230 1.39943661971831
230.2 1.69577464788732
230.4 2.52732394366197
230.6 3.26422535211268
230.8 4.01014084507042
231 5.70929577464789
231.2 6.32225352112676
231.4 6.90366197183099
231.6 7.51323943661972
231.8 7.83323943661972
232 8.05746478873239
232.2 8.05746478873239
232.4 7.73971830985916
232.6 7.39492957746479
232.8 6.93521126760563
233 6.13971830985916
233.2 5.59549295774648
233.4 4.92169014084507
233.6 4.31661971830986
233.8 3.80845070422535
234 3.35887323943662
234.2 2.72338028169014
234.4 2.29183098591549
234.6 2.23211267605634
234.8 2.1712676056338
235 2.11042253521127
235.2 1.6912676056338
235.4 1.23154929577465
235.6 1.03661971830986
235.8 0.945352112676056
236 0.855211267605634
236.2 0.765070422535211
236.4 0.765070422535211
236.6 1.24281690140845
236.8 1.83661971830986
237 2.71211267605634
237.2 3.47380281690141
237.4 4.32338028169014
237.6 5.47267605633803
237.8 6.11718309859155
238 6.68169014084507
238.2 7.26535211267606
238.4 7.67323943661972
238.6 7.96619718309859
238.8 7.96619718309859
239 7.95042253521127
239.2 7.68676056338028
239.4 7.19098591549296
239.6 6.63549295774648
239.8 6.21859154929578
240 6.0056338028169
240.2 5.1143661971831
240.4 4.35492957746479
240.6 3.68676056338028
240.8 2.89802816901408
241 2.32788732394366
241.2 1.95943661971831
241.4 1.63267605633803
241.6 1.2743661971831
241.8 0.949859154929578
242 0.673802816901408
242.2 0.529577464788732
242.4 0.43943661971831
242.6 0.308732394366197
242.8 0.229859154929577
243 0.229859154929577
243.2 0.434929577464789
243.4 1.26535211267606
243.6 2.19605633802817
243.8 3.31830985915493
244 4.51267605633803
244.2 5.4456338028169
244.4 6.18816901408451
244.6 6.80901408450704
244.8 7.34197183098592
245 7.44788732394366
245.2 7.59549295774648
245.4 7.73183098591549
245.6 7.73183098591549
245.8 7.64056338028169
246 7.45239436619718
246.2 7.08957746478873
246.4 6.50929577464789
246.6 5.75661971830986
246.8 5.10422535211268
247 4.52957746478873
247.2 3.97295774647887
247.4 3.3543661971831
247.6 2.83154929577465
247.8 2.32
248 1.7769014084507
248.2 1.5030985915493
248.4 1.32507042253521
248.6 1.20225352112676
248.8 1.07042253521127
249 0.934084507042254
249.2 0.797746478873239
249.4 0.797746478873239
249.6 1.20676056338028
249.8 1.84
250 2.77183098591549
250.2 3.73633802816901
250.4 4.71549295774648
250.6 5.80732394366197
250.8 6.61408450704225
251 7.30929577464789
251.2 7.68338028169014
251.4 7.99098591549296
251.6 7.99098591549296
251.8 7.96281690140845
252 7.81746478873239
252.2 7.63830985915493
252.4 7.34197183098592
252.6 6.90929577464789
252.8 6.46535211267606
253 5.92788732394366
253.2 5.1830985915493
253.4 4.49802816901409
253.6 4.00112676056338
253.8 3.46028169014085
254 2.91943661971831
254.2 2.45521126760563
254.4 2.10253521126761
254.6 1.81408450704225
254.8 1.53577464788732
255 1.28338028169014
255.2 1.15154929577465
255.4 1.0512676056338
255.6 0.943098591549296
255.8 0.832676056338028
256 0.68169014084507
256.2 0.68169014084507
256.4 0.866478873239437
256.6 1.06591549295775
256.8 1.32845070422535
257 2.93746478873239
257.2 4.30985915492958
257.4 5.23605633802817
257.6 6.32338028169014
257.8 7.09070422535211
258 7.55380281690141
258.2 7.61014084507042
258.4 7.61014084507042
258.6 7.45577464788732
258.8 7.14028169014084
259 6.67830985915493
259.2 6.11943661971831
259.4 5.47605633802817
259.6 4.81577464788732
259.8 4.27492957746479
260 3.69239436619718
260.2 3.07830985915493
260.4 2.53183098591549
260.6 2.34253521126761
260.8 2.15323943661972
261 1.89183098591549
261.2 1.50197183098592
261.4 1.29464788732394
261.6 1.25183098591549
261.8 1.25183098591549
262 1.45577464788732
262.2 2.02816901408451
262.4 2.90704225352113
262.6 3.93577464788732
262.8 4.68394366197183
263 5.53802816901409
263.2 6.2974647887324
263.4 6.91380281690141
263.6 7.43211267605634
263.8 7.76788732394366
264 7.88394366197183
264.2 7.9030985915493
264.4 7.9030985915493
264.6 7.77915492957746
264.8 7.54366197183099
265 7.08394366197183
265.2 6.50816901408451
265.4 5.90985915492958
265.6 5.2630985915493
265.8 4.5430985915493
266 4.0687323943662
266.2 3.64169014084507
266.4 3.16957746478873
266.6 2.62985915492958
266.8 2.22647887323944
267 1.92112676056338
267.2 1.69014084507042
267.4 1.41633802816901
267.6 1.22253521126761
267.8 1.07267605633803
268 0.890140845070423
268.2 0.772957746478873
268.4 0.674929577464789
268.6 0.674929577464789
268.8 1.02760563380282
269 1.38028169014085
269.2 2.60056338028169
269.4 3.90647887323944
269.6 4.7312676056338
269.8 5.30140845070423
270 6.05295774647887
270.2 6.81014084507042
270.4 7.23492957746479
270.6 7.49971830985915
270.8 7.64507042253521
271 7.65859154929577
271.2 7.65859154929577
271.4 7.47267605633803
271.6 7.12788732394366
271.8 6.89464788732394
272 6.43042253521127
272.2 5.76
272.4 5.29014084507042
272.6 4.7256338028169
272.8 4.51830985915493
273 4.23323943661972
273.2 3.73746478873239
273.4 3.06140845070423
273.6 2.50929577464789
273.8 2.18140845070423
274 1.7656338028169
274.2 1.38028169014085
274.4 1.20338028169014
274.6 1.04112676056338
274.8 0.861971830985916
275 0.665915492957746
275.2 0.664788732394366
275.4 0.664788732394366
275.6 0.795492957746479
275.8 1.04901408450704
276 1.4287323943662
276.2 2.11154929577465
276.4 2.92619718309859
276.6 3.81859154929577
276.8 3.93915492957747
277 5.26647887323944
277.2 6.1769014084507
277.4 6.48112676056338
277.6 6.52507042253521
277.8 6.54985915492958
278 6.54985915492958
278.2 6.49915492957746
278.4 6.41014084507042
278.6 6.30197183098592
278.8 6.16112676056338
279 5.90084507042254
279.2 5.64281690140845
279.4 5.27323943661972
279.6 4.8969014084507
279.8 4.37859154929578
280 3.97070422535211
280.2 3.55943661971831
280.4 2.90704225352113
280.6 2.46535211267606
280.8 1.97859154929577
281 1.75549295774648
281.2 1.52788732394366
281.4 1.24845070422535
281.6 1.04676056338028
281.8 0.914929577464789
282 0.778591549295775
282.2 0.548732394366197
282.4 0.52169014084507
282.6 0.415774647887324
282.8 0.312112676056338
283 0.312112676056338
283.2 0.458591549295775
283.4 0.922816901408451
283.6 1.6056338028169
283.8 2.4856338028169
284 3.54478873239437
284.2 4.4630985915493
284.4 5.05915492957747
284.6 5.56056338028169
284.8 5.80619718309859
285 6.09464788732394
285.2 6.50253521126761
285.4 6.83718309859155
285.6 7.26647887323944
285.8 7.30366197183099
286 7.30366197183099
286.2 7.24507042253521
286.4 6.98929577464789
286.6 6.6456338028169
286.8 6.03042253521127
287 5.38929577464789
287.2 4.88112676056338
287.4 4.25802816901408
287.6 3.83211267605634
287.8 3.41070422535211
288 2.95661971830986
288.2 2.62647887323944
288.4 2.11267605633803
288.6 1.84450704225352
288.8 1.63154929577465
289 1.40394366197183
289.2 1.18422535211268
289.4 1.04901408450704
289.6 0.934084507042254
289.8 0.934084507042254
290 1.19211267605634
290.2 1.89183098591549
290.4 2.58929577464789
290.6 3.38140845070423
290.8 4.12056338028169
291 5.06253521126761
291.2 5.88394366197183
291.4 6.54197183098592
291.6 6.94985915492958
291.8 7.44225352112676
292 7.53464788732394
292.2 7.53464788732394
292.4 7.53352112676056
292.6 7.37577464788732
292.8 7.03211267605634
293 6.32225352112676
293.2 5.61352112676056
293.4 4.84281690140845
293.6 4.01802816901408
293.8 3.25521126760563
294 2.64112676056338
294.2 2.27492957746479
294.4 1.97070422535211
294.6 1.65070422535211
294.8 1.42084507042254
295 1.25070422535211
295.2 1.10760563380282
295.4 1.00507042253521
295.6 0.901408450704225
295.8 0.797746478873239
296 0.754929577464789
296.2 0.754929577464789
296.4 1.25746478873239
296.6 2.03267605633803
296.8 3.64169014084507
297 4.82591549295775
297.2 5.86929577464789
297.4 6.46985915492958
297.6 7.22704225352113
297.8 7.63718309859155
298 7.7374647887324
298.2 7.7374647887324
298.4 7.67549295774648
298.6 7.47380281690141
298.8 7.19661971830986
299 6.67830985915493
299.2 6.10478873239437
299.4 5.56056338028169
299.6 4.78647887323944
299.8 4.16450704225352
