0 0
0.2 0.4
0.4 0.8
0.6 1.2
0.8 1.6
1 2
1.2 2.4
1.4 2.8
1.6 3.2
1.8 3.6
2 4
2.2 4.4
2.4 4.8
2.6 5.2
2.8 5.6
3 6
3.2 6.4
3.4 6.8
3.6 7.2
3.8 7.6
4 8
4.2 8.4
4.4 8.8
4.6 9.2
4.8 9.6
5 10
5.2 10
5.4 10
5.6 10
5.8 10
6 10
6.2 10.4
6.4 10.8
6.6 11.2
6.8 11.6
7 12
7.2 12.4
7.4 12.8
7.6 13.2
7.8 13.6
8 14
8.2 14.4
8.4 14.8
8.6 15.2
8.8 15.6
9 16
9.2 16.4
9.4 16.8
9.6 17.2
9.8 17.6
10 18
10.2 18.4
10.4 18.8
10.6 19.2
10.8 19.6
11 20
11.2 20
11.4 20
11.6 20
11.8 20
12 20
12.2 20.4
12.4 20.8
12.6 21.2
12.8 21.6
13 22
13.2 22.4
13.4 22.8
13.6 23.2
13.8 23.6
14 24
14.2 24.4
14.4 24.8
14.6 25.2
14.8 25.6
15 26
15.2 26.4
15.4 26.8
15.6 27.2
15.8 27.6
16 28
16.2 28.4
16.4 28.8
16.6 29.2
16.8 29.6
17 30
17.2 30
17.4 30
17.6 30
17.8 30
18 30
18.2 30
18.4 30
18.6 30
18.8 30
19 30
19.2 30.4
19.4 30.8
19.6 31.2
19.8 31.6
20 32
20.2 32.4
20.4 32.8
20.6 33.2
20.8 33.6
21 34
21.2 34.4
21.4 34.8
21.6 35.2
21.8 35.6
22 36
22.2 36.4
22.4 36.8
22.6 37.2
22.8 37.6
23 38
23.2 38.4
23.4 38.8
23.6 39.2
23.8 39.6
24 40
24.2 40
24.4 40
24.6 40
24.8 40
25 40
25.2 40
25.4 40
25.6 40
25.8 40
26 40
26.2 40.4
26.4 40.8
26.6 41.2
26.8 41.6
27 42
27.2 42.4
27.4 42.8
27.6 43.2
27.8 43.6
28 44
28.2 44.4
28.4 44.8
28.6 45.2
28.8 45.6
29 46
29.2 46.4
29.4 46.8
29.6 47.2
29.8 47.6
30 48
30.2 48.4
30.4 48.8
30.6 49.2
30.8 49.6
31 50
31.2 50
31.4 50
31.6 50
31.8 50
32 50
32.2 50
32.4 50
32.6 50
32.8 50
33 50
33.2 50
33.4 50
33.6 50
33.8 50
34 50
34.2 49.6
34.4 49.2
34.6 48.8
34.8 48.4
35 48
35.2 47.6
35.4 47.2
35.6 46.8
35.8 46.4
36 46
36.2 45.6
36.4 45.2
36.6 44.8
36.8 44.4
37 44
37.2 43.6
37.4 43.2
37.6 42.8
37.8 42.4
38 42
38.2 41.6
38.4 41.2
38.6 40.8
38.8 40.4
39 40
39.2 40
39.4 40
39.6 40
39.8 40
40 40
40.2 40
40.4 40
40.6 40
40.8 40
41 40
41.2 39.6
41.4 39.2
41.6 38.8
41.8 38.4
42 38
42.2 37.6
42.4 37.2
42.6 36.8
42.8 36.4
43 36
43.2 35.6
43.4 35.2
43.6 34.8
43.8 34.4
44 34
44.2 33.6
44.4 33.2
44.6 32.8
44.8 32.4
45 32
45.2 31.6
45.4 31.2
45.6 30.8
45.8 30.4
46 30
46.2 30
46.4 30
46.6 30
46.8 30
47 30
47.2 29.6
47.4 29.2
47.6 28.8
47.8 28.4
48 28
48.2 27.6
48.4 27.2
48.6 26.8
48.8 26.4
49 26
49.2 25.6
49.4 25.2
49.6 24.8
49.8 24.4
50 24
50.2 23.6
50.4 23.2
50.6 22.8
50.8 22.4
51 22
51.2 21.6
51.4 21.2
51.6 20.8
51.8 20.4
52 20
52.2 19.6
52.4 19.2
52.6 18.8
52.8 18.4
53 18
53.2 18
53.4 18
53.6 18
53.8 18
54 18
54.2 17.4
54.4 16.8
54.6 16.2
54.8 15.6
55 15
55.2 14.4
55.4 13.8
55.6 13.2
55.8 12.6
56 12
56.2 12
56.4 12
56.6 12
56.8 12
57 12
57.2 11.6
57.4 11.2
57.6 10.8
57.8 10.4
58 10
58.2 9.6
58.4 9.2
58.6 8.8
58.8 8.4
59 8
59.2 8
59.4 8
59.6 8
59.8 8
60 8
60.2 7.6
60.4 7.2
60.6 6.8
60.8 6.4
61 6
61.2 5.6
61.4 5.2
61.6 4.8
61.8 4.4
62 4
62.2 4
62.4 4
62.6 4
62.8 4
63 4
63.2 3.6
63.4 3.2
63.6 2.8
63.8 2.4
64 2
64.2 1.6
64.4 1.2
64.6 0.8
64.8 0.4
65 0
65.2 0.4
65.4 0.8
65.6 1.2
65.8 1.6
66 2
66.2 2.4
66.4 2.8
66.6 3.2
66.8 3.6
67 4
67.2 4.4
67.4 4.8
67.6 5.2
67.8 5.6
68 6
68.2 6.4
68.4 6.8
68.6 7.2
68.8 7.6
69 8
69.2 8.4
69.4 8.8
69.6 9.2
69.8 9.6
70 10
70.2 10
70.4 10
70.6 10
70.8 10
71 10
71.2 10.4
71.4 10.8
71.6 11.2
71.8 11.6
72 12
72.2 12.4
72.4 12.8
72.6 13.2
72.8 13.6
73 14
73.2 14.4
73.4 14.8
73.6 15.2
73.8 15.6
74 16
74.2 16.4
74.4 16.8
74.6 17.2
74.8 17.6
75 18
75.2 18.4
75.4 18.8
75.6 19.2
75.8 19.6
76 20
76.2 20
76.4 20
76.6 20
76.8 20
77 20
77.2 20.4
77.4 20.8
77.6 21.2
77.8 21.6
78 22
78.2 22.4
78.4 22.8
78.6 23.2
78.8 23.6
79 24
79.2 24.4
79.4 24.8
79.6 25.2
79.8 25.6
80 26
80.2 26.4
80.4 26.8
80.6 27.2
80.8 27.6
81 28
81.2 28.4
81.4 28.8
81.6 29.2
81.8 29.6
82 30
82.2 30
82.4 30
82.6 30
82.8 30
83 30
83.2 30
83.4 30
83.6 30
83.8 30
84 30
84.2 30.4
84.4 30.8
84.6 31.2
84.8 31.6
85 32
85.2 32.4
85.4 32.8
85.6 33.2
85.8 33.6
86 34
86.2 34.4
86.4 34.8
86.6 35.2
86.8 35.6
87 36
87.2 36.4
87.4 36.8
87.6 37.2
87.8 37.6
88 38
88.2 38.4
88.4 38.8
88.6 39.2
88.8 39.6
89 40
89.2 40
89.4 40
89.6 40
89.8 40
90 40
90.2 40
90.4 40
90.6 40
90.8 40
91 40
91.2 40.4
91.4 40.8
91.6 41.2
91.8 41.6
92 42
92.2 42.4
92.4 42.8
92.6 43.2
92.8 43.6
93 44
93.2 44.4
93.4 44.8
93.6 45.2
93.8 45.6
94 46
94.2 46.4
94.4 46.8
94.6 47.2
94.8 47.6
95 48
95.2 48.4
95.4 48.8
95.6 49.2
95.8 49.6
96 50
96.2 50
96.4 50
96.6 50
96.8 50
97 50
97.2 50
97.4 50
97.6 50
97.8 50
98 50
98.2 50
98.4 50
98.6 50
98.8 50
99 50
99.2 49.6
99.4 49.2
99.6 48.8
99.8 48.4
100 48
100.2 47.6
100.4 47.2
100.6 46.8
100.8 46.4
101 46
101.2 45.6
101.4 45.2
101.6 44.8
101.8 44.4
102 44
102.2 43.6
102.4 43.2
102.6 42.8
102.8 42.4
103 42
103.2 41.6
103.4 41.2
103.6 40.8
103.8 40.4
104 40
104.2 40
104.4 40
104.6 40
104.8 40
105 40
105.2 40
105.4 40
105.6 40
105.8 40
106 40
106.2 39.6
106.4 39.2
106.6 38.8
106.8 38.4
107 38
107.2 37.6
107.4 37.2
107.6 36.8
107.8 36.4
108 36
108.2 35.6
108.4 35.2
108.6 34.8
108.8 34.4
109 34
109.2 33.6
109.4 33.2
109.6 32.8
109.8 32.4
110 32
110.2 31.6
110.4 31.2
110.6 30.8
110.8 30.4
111 30
111.2 30
111.4 30
111.6 30
111.8 30
112 30
112.2 29.6
112.4 29.2
112.6 28.8
112.8 28.4
113 28
113.2 27.6
113.4 27.2
113.6 26.8
113.8 26.4
114 26
114.2 25.6
114.4 25.2
114.6 24.8
114.8 24.4
115 24
115.2 23.6
115.4 23.2
115.6 22.8
115.8 22.4
116 22
116.2 21.6
116.4 21.2
116.6 20.8
116.8 20.4
117 20
117.2 19.6
117.4 19.2
117.6 18.8
117.8 18.4
118 18
118.2 18
118.4 18
118.6 18
118.8 18
119 18
119.2 17.4
119.4 16.8
119.6 16.2
119.8 15.6
120 15
120.2 14.4
120.4 13.8
120.6 13.2
120.8 12.6
121 12
121.2 12
121.4 12
121.6 12
121.8 12
122 12
122.2 11.6
122.4 11.2
122.6 10.8
122.8 10.4
123 10
123.2 9.6
123.4 9.2
123.6 8.8
123.8 8.4
124 8
124.2 8
124.4 8
124.6 8
124.8 8
125 8
125.2 7.6
125.4 7.2
125.6 6.8
125.8 6.4
126 6
126.2 5.6
126.4 5.2
126.6 4.8
126.8 4.4
127 4
127.2 4
127.4 4
127.6 4
127.8 4
128 4
128.2 3.6
128.4 3.2
128.6 2.8
128.8 2.4
129 2
129.2 1.6
129.4 1.2
129.6 0.8
129.8 0.4
130 0
130.2 0.4
130.4 0.8
130.6 1.2
130.8 1.6
131 2
131.2 2.4
131.4 2.8
131.6 3.2
131.8 3.6
132 4
132.2 4.4
132.4 4.8
132.6 5.2
132.8 5.6
133 6
133.2 6.4
133.4 6.8
133.6 7.2
133.8 7.6
134 8
134.2 8.4
134.4 8.8
134.6 9.2
134.8 9.6
135 10
135.2 10
135.4 10
135.6 10
135.8 10
136 10
136.2 10.4
136.4 10.8
136.6 11.2
136.8 11.6
137 12
137.2 12.4
137.4 12.8
137.6 13.2
137.8 13.6
138 14
138.2 14.4
138.4 14.8
138.6 15.2
138.8 15.6
139 16
139.2 16.4
139.4 16.8
139.6 17.2
139.8 17.6
140 18
140.2 18.4
140.4 18.8
140.6 19.2
140.8 19.6
141 20
141.2 20
141.4 20
141.6 20
141.8 20
142 20
142.2 20.4
142.4 20.8
142.6 21.2
142.8 21.6
143 22
143.2 22.4
143.4 22.8
143.6 23.2
143.8 23.6
144 24
144.2 24.4
144.4 24.8
144.6 25.2
144.8 25.6
145 26
145.2 26.4
145.4 26.8
145.6 27.2
145.8 27.6
146 28
146.2 28.4
146.4 28.8
146.6 29.2
146.8 29.6
147 30
147.2 30
147.4 30
147.6 30
147.8 30
148 30
148.2 30
148.4 30
148.6 30
148.8 30
149 30
149.2 30.4
149.4 30.8
149.6 31.2
149.8 31.6
150 32
150.2 32.4
150.4 32.8
150.6 33.2
150.8 33.6
151 34
151.2 34.4
151.4 34.8
151.6 35.2
151.8 35.6
152 36
152.2 36.4
152.4 36.8
152.6 37.2
152.8 37.6
153 38
153.2 38.4
153.4 38.8
153.6 39.2
153.8 39.6
154 40
154.2 40
154.4 40
154.6 40
154.8 40
155 40
155.2 40
155.4 40
155.6 40
155.8 40
156 40
156.2 40.4
156.4 40.8
156.6 41.2
156.8 41.6
157 42
157.2 42.4
157.4 42.8
157.6 43.2
157.8 43.6
158 44
158.2 44.4
158.4 44.8
158.6 45.2
158.8 45.6
159 46
159.2 46.4
159.4 46.8
159.6 47.2
159.8 47.6
160 48
160.2 48.4
160.4 48.8
160.6 49.2
160.8 49.6
161 50
161.2 50
161.4 50
161.6 50
161.8 50
162 50
162.2 50
162.4 50
162.6 50
162.8 50
163 50
163.2 50
163.4 50
163.6 50
163.8 50
164 50
164.2 49.6
164.4 49.2
164.6 48.8
164.8 48.4
165 48
165.2 47.6
165.4 47.2
165.6 46.8
165.8 46.4
166 46
166.2 45.6
166.4 45.2
166.6 44.8
166.8 44.4
167 44
167.2 43.6
167.4 43.2
167.6 42.8
167.8 42.4
168 42
168.2 41.6
168.4 41.2
168.6 40.8
168.8 40.4
169 40
169.2 40
169.4 40
169.6 40
169.8 40
170 40
170.2 40
170.4 40
170.6 40
170.8 40
171 40
171.2 39.6
171.4 39.2
171.6 38.8
171.8 38.4
172 38
172.2 37.6
172.4 37.2
172.6 36.8
172.8 36.4
173 36
173.2 35.6
173.4 35.2
173.6 34.8
173.8 34.4
174 34
174.2 33.6
174.4 33.2
174.6 32.8
174.8 32.4
175 32
175.2 31.6
175.4 31.2
175.6 30.8
175.8 30.4
176 30
176.2 30
176.4 30
176.6 30
176.8 30
177 30
177.2 29.6
177.4 29.2
177.6 28.8
177.8 28.4
178 28
178.2 27.6
178.4 27.2
178.6 26.8
178.8 26.4
179 26
179.2 25.6
179.4 25.2
179.6 24.8
179.8 24.4
180 24
180.2 23.6
180.4 23.2
180.6 22.8
180.8 22.4
181 22
181.2 21.6
181.4 21.2
181.6 20.8
181.8 20.4
182 20
182.2 19.6
182.4 19.2
182.6 18.8
182.8 18.4
183 18
183.2 18
183.4 18
183.6 18
183.8 18
184 18
184.2 17.4
184.4 16.8
184.6 16.2
184.8 15.6
185 15
185.2 14.4
185.4 13.8
185.6 13.2
185.8 12.6
186 12
186.2 12
186.4 12
186.6 12
186.8 12
187 12
187.2 11.6
187.4 11.2
187.6 10.8
187.8 10.4
188 10
188.2 9.6
188.4 9.2
188.6 8.8
188.8 8.4
189 8
189.2 8
189.4 8
189.6 8
189.8 8
190 8
190.2 7.6
190.4 7.2
190.6 6.8
190.8 6.4
191 6
191.2 5.6
191.4 5.2
191.6 4.8
191.8 4.4
192 4
192.2 4
192.4 4
192.6 4
192.8 4
193 4
193.2 3.6
193.4 3.2
193.6 2.8
193.8 2.4
194 2
194.2 1.6
194.4 1.2
194.6 0.8
194.8 0.4
195 0
195.2 0.4
195.4 0.8
195.6 1.2
195.8 1.6
196 2
196.2 2.4
196.4 2.8
196.6 3.2
196.8 3.6
197 4
197.2 4.4
197.4 4.8
197.6 5.2
197.8 5.6
198 6
198.2 6.4
198.4 6.8
198.6 7.2
198.8 7.6
199 8
199.2 8.4
199.4 8.8
199.6 9.2
199.8 9.6
200 10
200.2 10
200.4 10
200.6 10
200.8 10
201 10
201.2 10.4
201.4 10.8
201.6 11.2
201.8 11.6
202 12
202.2 12.4
202.4 12.8
202.6 13.2
202.8 13.6
203 14
203.2 14.4
203.4 14.8
203.6 15.2
203.8 15.6
204 16
204.2 16.4
204.4 16.8
204.6 17.2
204.8 17.6
205 18
205.2 18.4
205.4 18.8
205.6 19.2
205.8 19.6
206 20
206.2 20
206.4 20
206.6 20
206.8 20
207 20
207.2 20.4
207.4 20.8
207.6 21.2
207.8 21.6
208 22
208.2 22.4
208.4 22.8
208.6 23.2
208.8 23.6
209 24
209.2 24.4
209.4 24.8
209.6 25.2
209.8 25.6
210 26
210.2 26.4
210.4 26.8
210.6 27.2
210.8 27.6
211 28
211.2 28.4
211.4 28.8
211.6 29.2
211.8 29.6
212 30
212.2 30
212.4 30
212.6 30
212.8 30
213 30
213.2 30
213.4 30
213.6 30
213.8 30
214 30
214.2 30.4
214.4 30.8
214.6 31.2
214.8 31.6
215 32
215.2 32.4
215.4 32.8
215.6 33.2
215.8 33.6
216 34
216.2 34.4
216.4 34.8
216.6 35.2
216.8 35.6
217 36
217.2 36.4
217.4 36.8
217.6 37.2
217.8 37.6
218 38
218.2 38.4
218.4 38.8
218.6 39.2
218.8 39.6
219 40
219.2 40
219.4 40
219.6 40
219.8 40
220 40
220.2 40
220.4 40
220.6 40
220.8 40
221 40
221.2 40.4
221.4 40.8
221.6 41.2
221.8 41.6
222 42
222.2 42.4
222.4 42.8
222.6 43.2
222.8 43.6
223 44
223.2 44.4
223.4 44.8
223.6 45.2
223.8 45.6
224 46
224.2 46.4
224.4 46.8
224.6 47.2
224.8 47.6
225 48
225.2 48.4
225.4 48.8
225.6 49.2
225.8 49.6
226 50
226.2 50
226.4 50
226.6 50
226.8 50
227 50
227.2 50
227.4 50
227.6 50
227.8 50
228 50
228.2 50
228.4 50
228.6 50
228.8 50
229 50
229.2 49.6
229.4 49.2
229.6 48.8
229.8 48.4
230 48
230.2 47.6
230.4 47.2
230.6 46.8
230.8 46.4
231 46
231.2 45.6
231.4 45.2
231.6 44.8
231.8 44.4
232 44
232.2 43.6
232.4 43.2
232.6 42.8
232.8 42.4
233 42
233.2 41.6
233.4 41.2
233.6 40.8
233.8 40.4
234 40
234.2 40
234.4 40
234.6 40
234.8 40
235 40
235.2 40
235.4 40
235.6 40
235.8 40
236 40
236.2 39.6
236.4 39.2
236.6 38.8
236.8 38.4
237 38
237.2 37.6
237.4 37.2
237.6 36.8
237.8 36.4
238 36
238.2 35.6
238.4 35.2
238.6 34.8
238.8 34.4
239 34
239.2 33.6
239.4 33.2
239.6 32.8
239.8 32.4
240 32
240.2 31.6
240.4 31.2
240.6 30.8
240.8 30.4
241 30
241.2 30
241.4 30
241.6 30
241.8 30
242 30
242.2 29.6
242.4 29.2
242.6 28.8
242.8 28.4
243 28
243.2 27.6
243.4 27.2
243.6 26.8
243.8 26.4
244 26
244.2 25.6
244.4 25.2
244.6 24.8
244.8 24.4
245 24
245.2 23.6
245.4 23.2
245.6 22.8
245.8 22.4
246 22
246.2 21.6
246.4 21.2
246.6 20.8
246.8 20.4
247 20
247.2 19.6
247.4 19.2
247.6 18.8
247.8 18.4
248 18
248.2 18
248.4 18
248.6 18
248.8 18
249 18
249.2 17.4
249.4 16.8
249.6 16.2
249.8 15.6
250 15
250.2 14.4
250.4 13.8
250.6 13.2
250.8 12.6
251 12
251.2 12
251.4 12
251.6 12
251.8 12
252 12
252.2 11.6
252.4 11.2
252.6 10.8
252.8 10.4
253 10
253.2 9.6
253.4 9.2
253.6 8.8
253.8 8.4
254 8
254.2 8
254.4 8
254.6 8
254.8 8
255 8
255.2 7.6
255.4 7.2
255.6 6.8
255.8 6.4
256 6
256.2 5.6
256.4 5.2
256.6 4.8
256.8 4.4
257 4
257.2 4
257.4 4
257.6 4
257.8 4
258 4
258.2 3.6
258.4 3.2
258.6 2.8
258.8 2.4
259 2
259.2 1.6
259.4 1.2
259.6 0.8
259.8 0.4
260 0
