0.0 0 0 0.0 0 0 0
0.2 0 0 -0.55081 0 0 0
0.4 0 0 -1.5363 0 0 0
0.6 0 0 -3.0854 0 0 0
0.8 0 0 -4.7562 0 0 0
1.0 0 0 -6.5316 0 0 0
1.2 0 0 -8.1364 0 0 0
1.4 0 0 -9.4142 0 0 0
1.6 0 0 -10.132 0 0 0
1.8 0 0 -10.41 0 0 0
2.0 0 0 -10.359 0 0 0
2.2 0 0 -9.371 0 0 0
2.4 0 0 -8.0467 0 0 0
2.6 0 0 -6.4831 0 0 0
2.8 0 0 -5.0452 0 0 0
3.0 0 0 -3.7199 0 0 0
3.2 0 0 -2.8837 0 0 0
3.4 0 0 -2.4944 0 0 0
3.6 0 0 -2.1976 0 0 0
3.8 0 0 -1.8344 0 0 0
4.0 0 0 -1.6832 0 0 0
4.2 0 0 -1.6871 0 0 0
4.4 0 0 -1.5187 0 0 0
4.6 0 0 -1.5446 0 0 0
4.8 0 0 -1.6246 0 0 0
5.0 0 0 -1.5338 0 0 0
5.2 0 0 -1.0002 0 0 0
5.4 0 0 -0.63488 0 0 0
5.6 0 0 -0.63339 0 0 0
5.8 0 0 -0.67234 0 0 0
6.0 0 0 -0.98579 0 0 0
6.2 0 0 -2.068 0 0 0
6.4 0 0 -3.8168 0 0 0
6.6 0 0 -5.4262 0 0 0
6.8 0 0 -6.7081 0 0 0
7.0 0 0 -7.3991 0 0 0
7.2 0 0 -7.101 0 0 0
7.4 0 0 -5.7394 0 0 0
7.6 0 0 -4.2953 0 0 0
7.8 0 0 -3.3733 0 0 0
8.0 0 0 -2.6298 0 0 0
8.2 0 0 -2.0669 0 0 0
8.4 0 0 -1.6877 0 0 0
8.6 0 0 -1.5224 0 0 0
8.8 0 0 -1.27 0 0 0
9.0 0 0 -1.5955 0 0 0
9.2 0 0 -2.6879 0 0 0
9.4 0 0 -4.2248 0 0 0
9.6 0 0 -5.6402 0 0 0
9.8 0 0 -6.853 0 0 0
10.0 0 0 -7.407 0 0 0
10.2 0 0 -6.7107 0 0 0
10.4 0 0 -5.3411 0 0 0
10.6 0 0 -4.0891 0 0 0
10.8 0 0 -3.3838 0 0 0
11.0 0 0 -2.6629 0 0 0
11.2 0 0 -2.1874 0 0 0
11.4 0 0 -1.8562 0 0 0
11.6 0 0 -1.6115 0 0 0
11.8 0 0 -1.2528 0 0 0
12.0 0 0 -1.5738 0 0 0
12.2 0 0 -2.4914 0 0 0
12.4 0 0 -3.3681 0 0 0
12.6 0 0 -4.037 0 0 0
12.8 0 0 -4.2338 0 0 0
13.0 0 0 -4.0893 0 0 0
13.2 0 0 -3.1769 0 0 0
13.4 0 0 -2.4104 0 0 0
13.6 0 0 -1.9266 0 0 0
13.8 0 0 -1.7049 0 0 0
14.0 0 0 -1.0425 0 0 0
14.2 0 0 -0.70078 0 0 0
14.4 0 0 -0.83247 0 0 0
14.6 0 0 -1.2909 0 0 0
14.8 0 0 -1.7954 0 0 0
15.0 0 0 -2.3863 0 0 0
15.2 0 0 -3.0772 0 0 0
15.4 0 0 -2.9879 0 0 0
15.6 0 0 -2.5325 0 0 0
15.8 0 0 -1.9615 0 0 0
16.0 0 0 -1.6497 0 0 0
16.2 0 0 -1.0957 0 0 0
16.4 0 0 -0.6887 0 0 0
16.6 0 0 -0.42607 0 0 0
16.8 0 0 -0.25672 0 0 0
17.0 0 0 0.098906 0 0 0
17.2 0 0 0.047529 0 0 0
17.4 0 0 -0.66077 0 0 0
17.6 0 0 -1.5599 0 0 0
17.8 0 0 -2.0648 0 0 0
18.0 0 0 -2.1681 0 0 0
18.2 0 0 -2.0284 0 0 0
18.4 0 0 -1.3991 0 0 0
18.6 0 0 -0.82226 0 0 0
18.8 0 0 -0.49024 0 0 0
19.0 0 0 -0.43851 0 0 0
19.2 0 0 -0.066619 0 0 0
19.4 0 0 0.35811 0 0 0
19.6 0 0 0.22613 0 0 0
19.8 0 0 -0.39721 0 0 0
20.0 0 0 -1.0054 0 0 0
20.2 0 0 -1.6204 0 0 0
20.4 0 0 -2.0131 0 0 0
20.6 0 0 -2.0846 0 0 0
20.8 0 0 -1.4192 0 0 0
21.0 0 0 -0.97417 0 0 0
21.2 0 0 -0.67943 0 0 0
21.4 0 0 -0.49283 0 0 0
21.6 0 0 0.044673 0 0 0
21.8 0 0 0.34939 0 0 0
22.0 0 0 0.27398 0 0 0
22.2 0 0 -0.037683 0 0 0
22.4 0 0 -0.36344 0 0 0
22.6 0 0 -1.0872 0 0 0
22.8 0 0 -2.0445 0 0 0
23.0 0 0 -2.4422 0 0 0
23.2 0 0 -2.2401 0 0 0
23.4 0 0 -1.6833 0 0 0
23.6 0 0 -1.2559 0 0 0
23.8 0 0 -0.72196 0 0 0
24.0 0 0 -0.21791 0 0 0
24.2 0 0 0.041721 0 0 0
24.4 0 0 0.17033 0 0 0
24.6 0 0 0.54342 0 0 0
24.8 0 0 0.73559 0 0 0
25.0 0 0 0.42077 0 0 0
25.2 0 0 -0.3204 0 0 0
25.4 0 0 -0.951 0 0 0
25.6 0 0 -1.685 0 0 0
25.8 0 0 -2.3988 0 0 0
26.0 0 0 -2.7698 0 0 0
26.2 0 0 -2.3026 0 0 0
26.4 0 0 -1.6428 0 0 0
26.6 0 0 -1.2062 0 0 0
26.8 0 0 -0.84639 0 0 0
27.0 0 0 -0.36116 0 0 0
27.2 0 0 -0.026914 0 0 0
27.4 0 0 0.14371 0 0 0
27.6 0 0 0.52385 0 0 0
27.8 0 0 0.8337 0 0 0
28.0 0 0 0.61051 0 0 0
28.2 0 0 -0.23466 0 0 0
28.4 0 0 -0.93674 0 0 0
28.6 0 0 -1.1801 0 0 0
28.8 0 0 -1.1866 0 0 0
29.0 0 0 -1.0231 0 0 0
29.2 0 0 -0.51074 0 0 0
29.4 0 0 -0.086845 0 0 0
29.6 0 0 0.1849 0 0 0
29.8 0 0 0.26737 0 0 0
30.0 0 0 0.73931 0 0 0
30.2 0 0 0.85652 0 0 0
30.4 0 0 0.42438 0 0 0
30.6 0 0 -0.472 0 0 0
30.8 0 0 -1.0501 0 0 0
31.0 0 0 -1.3652 0 0 0
31.2 0 0 -1.459 0 0 0
31.4 0 0 -1.1748 0 0 0
31.6 0 0 -0.53799 0 0 0
31.8 0 0 -0.097983 0 0 0
32.0 0 0 0.1012 0 0 0
32.2 0 0 0.40239 0 0 0
32.4 0 0 0.8394 0 0 0
32.6 0 0 0.92981 0 0 0
32.8 0 0 0.42888 0 0 0
33.0 0 0 -0.1268 0 0 0
33.2 0 0 -0.79995 0 0 0
33.4 0 0 -1.835 0 0 0
33.6 0 0 -3.3436 0 0 0
33.8 0 0 -4.8868 0 0 0
34.0 0 0 -6.3156 0 0 0
34.2 0 0 -7.309 0 0 0
34.4 0 0 -7.5781 0 0 0
34.6 0 0 -6.4921 0 0 0
34.8 0 0 -4.9998 0 0 0
35.0 0 0 -3.5821 0 0 0
35.2 0 0 -2.7918 0 0 0
35.4 0 0 -2.0081 0 0 0
35.6 0 0 -1.4849 0 0 0
35.8 0 0 -1.2414 0 0 0
36.0 0 0 -1.2224 0 0 0
36.2 0 0 -1.2275 0 0 0
36.4 0 0 -1.8467 0 0 0
36.6 0 0 -2.8511 0 0 0
36.8 0 0 -3.8598 0 0 0
37.0 0 0 -4.7275 0 0 0
37.2 0 0 -5.3347 0 0 0
37.4 0 0 -5.4174 0 0 0
37.6 0 0 -4.5849 0 0 0
37.8 0 0 -3.3407 0 0 0
38.0 0 0 -2.4495 0 0 0
38.2 0 0 -2.0218 0 0 0
38.4 0 0 -1.4571 0 0 0
38.6 0 0 -1.1751 0 0 0
38.8 0 0 -1.4627 0 0 0
39.0 0 0 -2.3656 0 0 0
39.2 0 0 -3.1401 0 0 0
39.4 0 0 -3.979 0 0 0
39.6 0 0 -5.0667 0 0 0
39.8 0 0 -6.1508 0 0 0
40.0 0 0 -6.4412 0 0 0
40.2 0 0 -5.9333 0 0 0
40.4 0 0 -4.9937 0 0 0
40.6 0 0 -3.8598 0 0 0
40.8 0 0 -2.8755 0 0 0
41.0 0 0 -2.2815 0 0 0
41.2 0 0 -2.0117 0 0 0
41.4 0 0 -1.4218 0 0 0
41.6 0 0 -1.1143 0 0 0
41.8 0 0 -1.4729 0 0 0
42.0 0 0 -2.5272 0 0 0
42.2 0 0 -3.4269 0 0 0
42.4 0 0 -4.3655 0 0 0
42.6 0 0 -5.2295 0 0 0
42.8 0 0 -5.5735 0 0 0
43.0 0 0 -4.9245 0 0 0
43.2 0 0 -3.9066 0 0 0
43.4 0 0 -3.1164 0 0 0
43.6 0 0 -2.534 0 0 0
43.8 0 0 -1.8887 0 0 0
44.0 0 0 -1.3777 0 0 0
44.2 0 0 -1.1647 0 0 0
44.4 0 0 -0.93204 0 0 0
44.6 0 0 -1.0772 0 0 0
44.8 0 0 -1.6822 0 0 0
45.0 0 0 -2.7476 0 0 0
45.2 0 0 -3.3545 0 0 0
45.4 0 0 -3.4783 0 0 0
45.6 0 0 -3.1532 0 0 0
45.8 0 0 -2.5858 0 0 0
46.0 0 0 -1.8118 0 0 0
46.2 0 0 -1.2881 0 0 0
46.4 0 0 -1.0188 0 0 0
46.6 0 0 -0.64631 0 0 0
46.8 0 0 -0.05648 0 0 0
47.0 0 0 0.020607 0 0 0
47.2 0 0 -0.59806 0 0 0
47.4 0 0 -1.4086 0 0 0
47.6 0 0 -2.1681 0 0 0
47.8 0 0 -2.6756 0 0 0
48.0 0 0 -2.8924 0 0 0
48.2 0 0 -2.377 0 0 0
48.4 0 0 -1.8129 0 0 0
48.6 0 0 -1.4435 0 0 0
48.8 0 0 -1.1633 0 0 0
49.0 0 0 -0.60259 0 0 0
49.2 0 0 -0.27744 0 0 0
49.4 0 0 -0.21681 0 0 0
49.6 0 0 -0.24334 0 0 0
49.8 0 0 -0.20154 0 0 0
50.0 0 0 -0.71892 0 0 0
50.2 0 0 -1.6105 0 0 0
50.4 0 0 -2.2329 0 0 0
50.6 0 0 -2.3757 0 0 0
50.8 0 0 -2.1899 0 0 0
51.0 0 0 -1.7781 0 0 0
51.2 0 0 -1.0873 0 0 0
51.4 0 0 -0.53421 0 0 0
51.6 0 0 -0.30084 0 0 0
51.8 0 0 -0.20799 0 0 0
52.0 0 0 0.10407 0 0 0
52.2 0 0 -0.058259 0 0 0
52.4 0 0 -0.84085 0 0 0
52.6 0 0 -1.7806 0 0 0
52.8 0 0 -2.3264 0 0 0
53.0 0 0 -2.5518 0 0 0
53.2 0 0 -2.5061 0 0 0
53.4 0 0 -2.0026 0 0 0
53.6 0 0 -1.3014 0 0 0
53.8 0 0 -0.82669 0 0 0
54.0 0 0 -0.6858 0 0 0
54.2 0 0 -0.29376 0 0 0
54.4 0 0 0.1061 0 0 0
54.6 0 0 0.018878 0 0 0
54.8 0 0 -0.59672 0 0 0
55.0 0 0 -1.1213 0 0 0
55.2 0 0 -1.8054 0 0 0
55.4 0 0 -2.2667 0 0 0
55.6 0 0 -2.6395 0 0 0
55.8 0 0 -2.183 0 0 0
56.0 0 0 -1.6788 0 0 0
56.2 0 0 -1.3238 0 0 0
56.4 0 0 -0.9916 0 0 0
56.6 0 0 -0.42879 0 0 0
56.8 0 0 0.015985 0 0 0
57.0 0 0 0.10343 0 0 0
57.2 0 0 0.1784 0 0 0
57.4 0 0 0.076514 0 0 0
57.6 0 0 -0.50095 0 0 0
57.8 0 0 -1.3892 0 0 0
58.0 0 0 -1.9896 0 0 0
58.2 0 0 -2.1656 0 0 0
58.4 0 0 -2.0377 0 0 0
58.6 0 0 -1.7679 0 0 0
58.8 0 0 -1.1494 0 0 0
59.0 0 0 -0.71161 0 0 0
59.2 0 0 -0.41409 0 0 0
59.4 0 0 -0.21123 0 0 0
59.6 0 0 0.34882 0 0 0
59.8 0 0 0.46995 0 0 0
60.0 0 0 -0.023843 0 0 0
60.2 0 0 -0.96055 0 0 0
60.4 0 0 -1.5233 0 0 0
60.6 0 0 -1.8766 0 0 0
60.8 0 0 -1.9167 0 0 0
61.0 0 0 -1.6519 0 0 0
61.2 0 0 -1.0627 0 0 0
61.4 0 0 -0.68142 0 0 0
61.6 0 0 -0.56555 0 0 0
61.8 0 0 -0.37334 0 0 0
62.0 0 0 0.047914 0 0 0
62.2 0 0 0.18322 0 0 0
62.4 0 0 -0.089673 0 0 0
62.6 0 0 -0.50833 0 0 0
62.8 0 0 -1.1518 0 0 0
63.0 0 0 -1.8475 0 0 0
63.2 0 0 -2.5033 0 0 0
63.4 0 0 -2.3332 0 0 0
63.6 0 0 -1.891 0 0 0
63.8 0 0 -1.3641 0 0 0
64.0 0 0 -1.0064 0 0 0
64.2 0 0 -0.44471 0 0 0
64.4 0 0 -0.14391 0 0 0
64.6 0 0 -0.073487 0 0 0
64.8 0 0 -0.12383 0 0 0
65.0 0 0 -0.16281 0 0 0
65.2 0 0 -0.86321 0 0 0
65.4 0 0 -2.1851 0 0 0
65.6 0 0 -3.8718 0 0 0
65.8 0 0 -5.565 0 0 0
66.0 0 0 -7.2936 0 0 0
66.2 0 0 -8.8255 0 0 0
66.4 0 0 -9.2711 0 0 0
66.6 0 0 -8.726 0 0 0
66.8 0 0 -7.2775 0 0 0
67.0 0 0 -5.8086 0 0 0
67.2 0 0 -4.3614 0 0 0
67.4 0 0 -3.4098 0 0 0
67.6 0 0 -2.7802 0 0 0
67.8 0 0 -2.4714 0 0 0
68.0 0 0 -2.0054 0 0 0
68.2 0 0 -2.2916 0 0 0
68.4 0 0 -3.3877 0 0 0
68.6 0 0 -4.9086 0 0 0
68.8 0 0 -6.0653 0 0 0
69.0 0 0 -7.1042 0 0 0
69.2 0 0 -8.2578 0 0 0
69.4 0 0 -8.9935 0 0 0
69.6 0 0 -9.0649 0 0 0
69.8 0 0 -8.3777 0 0 0
70.0 0 0 -7.1463 0 0 0
70.2 0 0 -5.532 0 0 0
70.4 0 0 -4.0823 0 0 0
70.6 0 0 -3.2272 0 0 0
70.8 0 0 -2.7666 0 0 0
71.0 0 0 -2.2023 0 0 0
71.2 0 0 -1.8315 0 0 0
71.4 0 0 -1.7222 0 0 0
71.6 0 0 -1.7154 0 0 0
71.8 0 0 -1.3882 0 0 0
72.0 0 0 -1.4667 0 0 0
72.2 0 0 -1.5764 0 0 0
72.4 0 0 -1.5353 0 0 0
72.6 0 0 -1.0201 0 0 0
72.8 0 0 -0.77324 0 0 0
73.0 0 0 -0.71728 0 0 0
73.2 0 0 -0.51862 0 0 0
73.4 0 0 -0.61794 0 0 0
73.6 0 0 -1.3168 0 0 0
73.8 0 0 -2.6499 0 0 0
74.0 0 0 -3.8065 0 0 0
74.2 0 0 -5.0248 0 0 0
74.4 0 0 -5.9244 0 0 0
74.6 0 0 -6.0291 0 0 0
74.8 0 0 -5.114 0 0 0
75.0 0 0 -3.9657 0 0 0
75.2 0 0 -3.2291 0 0 0
75.4 0 0 -2.5526 0 0 0
75.6 0 0 -2.0545 0 0 0
75.8 0 0 -1.6215 0 0 0
76.0 0 0 -1.4586 0 0 0
76.2 0 0 -1.2081 0 0 0
76.4 0 0 -1.541 0 0 0
76.6 0 0 -2.5014 0 0 0
76.8 0 0 -3.9199 0 0 0
77.0 0 0 -5.2 0 0 0
77.2 0 0 -6.309 0 0 0
77.4 0 0 -7.0714 0 0 0
77.6 0 0 -6.8373 0 0 0
77.8 0 0 -5.8506 0 0 0
78.0 0 0 -4.5502 0 0 0
78.2 0 0 -3.7069 0 0 0
78.4 0 0 -2.8839 0 0 0
78.6 0 0 -2.366 0 0 0
78.8 0 0 -1.9478 0 0 0
79.0 0 0 -1.7946 0 0 0
79.2 0 0 -1.4564 0 0 0
79.4 0 0 -1.5784 0 0 0
79.6 0 0 -2.1951 0 0 0
79.8 0 0 -3.0656 0 0 0
80.0 0 0 -3.5367 0 0 0
80.2 0 0 -3.7733 0 0 0
80.4 0 0 -3.7511 0 0 0
80.6 0 0 -3.1641 0 0 0
80.8 0 0 -2.3696 0 0 0
81.0 0 0 -1.8109 0 0 0
81.2 0 0 -1.5682 0 0 0
81.4 0 0 -1.1436 0 0 0
81.6 0 0 -0.77275 0 0 0
81.8 0 0 -0.77335 0 0 0
82.0 0 0 -1.2661 0 0 0
82.2 0 0 -1.7061 0 0 0
82.4 0 0 -2.2767 0 0 0
82.6 0 0 -2.7778 0 0 0
82.8 0 0 -2.8815 0 0 0
83.0 0 0 -2.3763 0 0 0
83.2 0 0 -1.8936 0 0 0
83.4 0 0 -1.6386 0 0 0
83.6 0 0 -1.2788 0 0 0
83.8 0 0 -0.85283 0 0 0
84.0 0 0 -0.62735 0 0 0
84.2 0 0 -0.58874 0 0 0
84.4 0 0 -0.21743 0 0 0
84.6 0 0 0.087838 0 0 0
84.8 0 0 0.083562 0 0 0
85.0 0 0 -0.20767 0 0 0
85.2 0 0 -0.27292 0 0 0
85.4 0 0 -0.39717 0 0 0
85.6 0 0 -0.55864 0 0 0
85.8 0 0 -0.54556 0 0 0
86.0 0 0 -0.15791 0 0 0
86.2 0 0 0.12591 0 0 0
86.4 0 0 0.18506 0 0 0
86.6 0 0 0.36412 0 0 0
86.8 0 0 0.35806 0 0 0
87.0 0 0 -0.11787 0 0 0
87.2 0 0 -1.0203 0 0 0
87.4 0 0 -1.7781 0 0 0
87.6 0 0 -2.3464 0 0 0
87.8 0 0 -2.5555 0 0 0
88.0 0 0 -2.245 0 0 0
88.2 0 0 -1.4453 0 0 0
88.4 0 0 -0.8085 0 0 0
88.6 0 0 -0.56103 0 0 0
88.8 0 0 -0.26189 0 0 0
89.0 0 0 0.15412 0 0 0
89.2 0 0 0.3473 0 0 0
89.4 0 0 0.071348 0 0 0
89.6 0 0 -0.32668 0 0 0
89.8 0 0 -0.82718 0 0 0
90.0 0 0 -1.5405 0 0 0
90.2 0 0 -2.1489 0 0 0
90.4 0 0 -2.1066 0 0 0
90.6 0 0 -1.6882 0 0 0
90.8 0 0 -1.2061 0 0 0
91.0 0 0 -0.85702 0 0 0
91.2 0 0 -0.27022 0 0 0
91.4 0 0 0.093853 0 0 0
91.6 0 0 0.16167 0 0 0
91.8 0 0 -0.025037 0 0 0
92.0 0 0 -0.14717 0 0 0
92.2 0 0 -0.77583 0 0 0
92.4 0 0 -1.9944 0 0 0
92.6 0 0 -3.6124 0 0 0
92.8 0 0 -5.2765 0 0 0
93.0 0 0 -7.0828 0 0 0
93.2 0 0 -8.8337 0 0 0
93.4 0 0 -10.172 0 0 0
93.6 0 0 -10.909 0 0 0
93.8 0 0 -10.76 0 0 0
94.0 0 0 -10.308 0 0 0
94.2 0 0 -9.6488 0 0 0
94.4 0 0 -9.2336 0 0 0
94.6 0 0 -8.4729 0 0 0
94.8 0 0 -7.153 0 0 0
95.0 0 0 -5.3917 0 0 0
95.2 0 0 -4.4017 0 0 0
95.4 0 0 -3.7974 0 0 0
95.6 0 0 -3.3642 0 0 0
95.8 0 0 -2.6249 0 0 0
96.0 0 0 -2.6321 0 0 0
96.2 0 0 -3.5307 0 0 0
96.4 0 0 -4.8357 0 0 0
96.6 0 0 -6.0265 0 0 0
96.8 0 0 -7.3707 0 0 0
97.0 0 0 -8.8048 0 0 0
97.2 0 0 -9.637 0 0 0
97.4 0 0 -9.584 0 0 0
97.6 0 0 -8.891 0 0 0
97.8 0 0 -7.6224 0 0 0
98.0 0 0 -6.0153 0 0 0
98.2 0 0 -4.6984 0 0 0
98.4 0 0 -3.9305 0 0 0
98.6 0 0 -3.4477 0 0 0
98.8 0 0 -2.7066 0 0 0
99.0 0 0 -2.3695 0 0 0
99.2 0 0 -2.6959 0 0 0
99.4 0 0 -3.4204 0 0 0
99.6 0 0 -4.2227 0 0 0
99.8 0 0 -5.3639 0 0 0
100.0 0 0 -6.9181 0 0 0
100.2 0 0 -8.2397 0 0 0
100.4 0 0 -9.2042 0 0 0
100.6 0 0 -9.4729 0 0 0
100.8 0 0 -9.0057 0 0 0
101.0 0 0 -7.5733 0 0 0
101.2 0 0 -6.1039 0 0 0
101.4 0 0 -4.9244 0 0 0
101.6 0 0 -4.1279 0 0 0
101.8 0 0 -3.3385 0 0 0
102.0 0 0 -3.0682 0 0 0
102.2 0 0 -3.5292 0 0 0
102.4 0 0 -4.4872 0 0 0
102.6 0 0 -5.6362 0 0 0
102.8 0 0 -6.8597 0 0 0
103.0 0 0 -8.118 0 0 0
103.2 0 0 -8.708 0 0 0
103.4 0 0 -8.4161 0 0 0
103.6 0 0 -7.5918 0 0 0
103.8 0 0 -6.4154 0 0 0
104.0 0 0 -5.0128 0 0 0
104.2 0 0 -3.9955 0 0 0
104.4 0 0 -3.3497 0 0 0
104.6 0 0 -3.0555 0 0 0
104.8 0 0 -2.2951 0 0 0
105.0 0 0 -1.8919 0 0 0
105.2 0 0 -1.8299 0 0 0
105.4 0 0 -1.7998 0 0 0
105.6 0 0 -1.5312 0 0 0
105.8 0 0 -1.4475 0 0 0
106.0 0 0 -1.5112 0 0 0
106.2 0 0 -1.4304 0 0 0
106.4 0 0 -1.1738 0 0 0
106.6 0 0 -1.1311 0 0 0
106.8 0 0 -1.4431 0 0 0
107.0 0 0 -2.0124 0 0 0
107.2 0 0 -3.3227 0 0 0
107.4 0 0 -5.4099 0 0 0
107.6 0 0 -7.3526 0 0 0
107.8 0 0 -8.6533 0 0 0
108.0 0 0 -9.4033 0 0 0
108.2 0 0 -9.7707 0 0 0
108.4 0 0 -9.142 0 0 0
108.6 0 0 -7.7789 0 0 0
108.8 0 0 -6.1534 0 0 0
109.0 0 0 -4.9881 0 0 0
109.2 0 0 -3.8069 0 0 0
109.4 0 0 -3.0961 0 0 0
109.6 0 0 -2.6361 0 0 0
109.8 0 0 -2.3558 0 0 0
110.0 0 0 -1.7778 0 0 0
110.2 0 0 -1.4476 0 0 0
110.4 0 0 -1.6569 0 0 0
110.6 0 0 -2.1963 0 0 0
110.8 0 0 -2.6995 0 0 0
111.0 0 0 -3.5809 0 0 0
111.2 0 0 -4.5471 0 0 0
111.4 0 0 -4.8221 0 0 0
111.6 0 0 -4.3893 0 0 0
111.8 0 0 -3.5771 0 0 0
112.0 0 0 -2.9649 0 0 0
112.2 0 0 -2.221 0 0 0
112.4 0 0 -1.6987 0 0 0
112.6 0 0 -1.4693 0 0 0
112.8 0 0 -1.3865 0 0 0
113.0 0 0 -0.97221 0 0 0
113.2 0 0 -0.95095 0 0 0
113.4 0 0 -1.5735 0 0 0
113.6 0 0 -2.5683 0 0 0
113.8 0 0 -3.3269 0 0 0
114.0 0 0 -3.8386 0 0 0
114.2 0 0 -3.9031 0 0 0
114.4 0 0 -3.304 0 0 0
114.6 0 0 -2.362 0 0 0
114.8 0 0 -1.7911 0 0 0
115.0 0 0 -1.5332 0 0 0
115.2 0 0 -1.1635 0 0 0
115.4 0 0 -0.73253 0 0 0
115.6 0 0 -0.63249 0 0 0
115.8 0 0 -0.90262 0 0 0
116.0 0 0 -1.0907 0 0 0
116.2 0 0 -1.5507 0 0 0
116.4 0 0 -2.2471 0 0 0
116.6 0 0 -2.6917 0 0 0
116.8 0 0 -2.4665 0 0 0
117.0 0 0 -2.0483 0 0 0
117.2 0 0 -1.6469 0 0 0
117.4 0 0 -1.2492 0 0 0
117.6 0 0 -0.64161 0 0 0
117.8 0 0 -0.32036 0 0 0
118.0 0 0 -0.26079 0 0 0
118.2 0 0 0.011303 0 0 0
118.4 0 0 0.38793 0 0 0
118.6 0 0 0.14622 0 0 0
118.8 0 0 -0.61491 0 0 0
119.0 0 0 -1.2776 0 0 0
119.2 0 0 -1.7003 0 0 0
119.4 0 0 -1.7696 0 0 0
119.6 0 0 -1.5962 0 0 0
119.8 0 0 -0.89532 0 0 0
120.0 0 0 -0.3881 0 0 0
120.2 0 0 -0.12459 0 0 0
120.4 0 0 0.036963 0 0 0
120.6 0 0 0.50349 0 0 0
120.8 0 0 0.65682 0 0 0
121.0 0 0 0.18359 0 0 0
121.2 0 0 -0.56566 0 0 0
121.4 0 0 -1.0872 0 0 0
121.6 0 0 -1.3424 0 0 0
121.8 0 0 -1.3283 0 0 0
122.0 0 0 -0.99603 0 0 0
122.2 0 0 -0.38255 0 0 0
122.4 0 0 -0.062115 0 0 0
122.6 0 0 0.056284 0 0 0
122.8 0 0 0.32958 0 0 0
123.0 0 0 0.77111 0 0 0
123.2 0 0 0.75888 0 0 0
123.4 0 0 0.27678 0 0 0
123.6 0 0 -0.28749 0 0 0
123.8 0 0 -0.63839 0 0 0
124.0 0 0 -0.91173 0 0 0
124.2 0 0 -0.96948 0 0 0
124.4 0 0 -0.40545 0 0 0
124.6 0 0 0.081043 0 0 0
124.8 0 0 0.45049 0 0 0
125.0 0 0 0.51281 0 0 0
125.2 0 0 0.85609 0 0 0
125.4 0 0 1.1365 0 0 0
125.6 0 0 1.1335 0 0 0
125.8 0 0 0.88129 0 0 0
126.0 0 0 0.77074 0 0 0
126.2 0 0 0.48421 0 0 0
126.4 0 0 0.13214 0 0 0
126.6 0 0 -0.097612 0 0 0
126.8 0 0 0.12026 0 0 0
127.0 0 0 0.41937 0 0 0
127.2 0 0 0.54682 0 0 0
127.4 0 0 0.67896 0 0 0
127.6 0 0 1.0749 0 0 0
127.8 0 0 1.3097 0 0 0
128.0 0 0 1.3449 0 0 0
128.2 0 0 1.2219 0 0 0
128.4 0 0 1.2394 0 0 0
128.6 0 0 0.99775 0 0 0
128.8 0 0 0.52487 0 0 0
129.0 0 0 0.28358 0 0 0
129.2 0 0 0.50534 0 0 0
129.4 0 0 0.78166 0 0 0
129.6 0 0 0.90931 0 0 0
129.8 0 0 1.0877 0 0 0
130.0 0 0 1.437 0 0 0
130.2 0 0 1.5504 0 0 0
130.4 0 0 1.4272 0 0 0
130.6 0 0 1.2989 0 0 0
130.8 0 0 1.3652 0 0 0
131.0 0 0 1.172 0 0 0
131.2 0 0 0.56583 0 0 0
131.4 0 0 0.12055 0 0 0
131.6 0 0 0.032784 0 0 0
131.8 0 0 0.27388 0 0 0
132.0 0 0 0.47395 0 0 0
132.2 0 0 0.75836 0 0 0
132.4 0 0 1.1819 0 0 0
132.6 0 0 1.4479 0 0 0
132.8 0 0 1.4462 0 0 0
133.0 0 0 1.3366 0 0 0
133.2 0 0 1.1801 0 0 0
133.4 0 0 0.64075 0 0 0
133.6 0 0 -0.44483 0 0 0
133.8 0 0 -1.4654 0 0 0
134.0 0 0 -2.5378 0 0 0
134.2 0 0 -3.6557 0 0 0
134.4 0 0 -4.9286 0 0 0
134.6 0 0 -5.7171 0 0 0
134.8 0 0 -5.339 0 0 0
135.0 0 0 -4.3513 0 0 0
135.2 0 0 -3.2777 0 0 0
135.4 0 0 -2.1841 0 0 0
135.6 0 0 -1.3315 0 0 0
135.8 0 0 -0.91013 0 0 0
136.0 0 0 -1.2715 0 0 0
136.2 0 0 -2.0755 0 0 0
136.4 0 0 -3.1221 0 0 0
136.6 0 0 -4.3904 0 0 0
136.8 0 0 -5.8745 0 0 0
137.0 0 0 -7.0041 0 0 0
137.2 0 0 -7.9739 0 0 0
137.4 0 0 -8.7605 0 0 0
137.6 0 0 -9.4757 0 0 0
137.8 0 0 -9.5732 0 0 0
138.0 0 0 -9.0359 0 0 0
138.2 0 0 -8.1016 0 0 0
138.4 0 0 -6.7957 0 0 0
138.6 0 0 -5.09 0 0 0
138.8 0 0 -3.8708 0 0 0
139.0 0 0 -3.1189 0 0 0
139.2 0 0 -2.9741 0 0 0
139.4 0 0 -3.0735 0 0 0
139.6 0 0 -3.9128 0 0 0
139.8 0 0 -5.5718 0 0 0
140.0 0 0 -7.2542 0 0 0
140.2 0 0 -8.4516 0 0 0
140.4 0 0 -9.4175 0 0 0
140.6 0 0 -10.223 0 0 0
140.8 0 0 -10.597 0 0 0
141.0 0 0 -10.127 0 0 0
141.2 0 0 -9.372 0 0 0
141.4 0 0 -8.5806 0 0 0
141.6 0 0 -7.4473 0 0 0
141.8 0 0 -6.0135 0 0 0
142.0 0 0 -4.756 0 0 0
142.2 0 0 -3.9286 0 0 0
142.4 0 0 -3.0751 0 0 0
142.6 0 0 -2.5546 0 0 0
142.8 0 0 -2.742 0 0 0
143.0 0 0 -3.792 0 0 0
143.2 0 0 -4.88 0 0 0
143.4 0 0 -6.0241 0 0 0
143.6 0 0 -6.9266 0 0 0
143.8 0 0 -7.443 0 0 0
144.0 0 0 -7.3172 0 0 0
144.2 0 0 -7.1914 0 0 0
144.4 0 0 -7.1768 0 0 0
144.6 0 0 -7.0467 0 0 0
144.8 0 0 -6.8437 0 0 0
145.0 0 0 -6.9897 0 0 0
145.2 0 0 -7.2182 0 0 0
145.4 0 0 -6.9831 0 0 0
145.6 0 0 -6.3274 0 0 0
145.8 0 0 -5.4096 0 0 0
146.0 0 0 -4.5653 0 0 0
146.2 0 0 -3.5949 0 0 0
146.4 0 0 -3.0412 0 0 0
146.6 0 0 -2.7495 0 0 0
146.8 0 0 -2.6554 0 0 0
147.0 0 0 -2.7798 0 0 0
147.2 0 0 -3.5473 0 0 0
147.4 0 0 -4.9459 0 0 0
147.6 0 0 -6.2354 0 0 0
147.8 0 0 -7.4152 0 0 0
148.0 0 0 -7.8908 0 0 0
148.2 0 0 -7.4908 0 0 0
148.4 0 0 -6.1452 0 0 0
148.6 0 0 -4.9755 0 0 0
148.8 0 0 -4.0927 0 0 0
149.0 0 0 -3.4208 0 0 0
149.2 0 0 -2.7021 0 0 0
149.4 0 0 -2.3296 0 0 0
149.6 0 0 -2.0771 0 0 0
149.8 0 0 -1.6984 0 0 0
150.0 0 0 -1.4753 0 0 0
150.2 0 0 -1.9665 0 0 0
150.4 0 0 -2.9875 0 0 0
150.6 0 0 -3.9811 0 0 0
150.8 0 0 -4.8307 0 0 0
151.0 0 0 -4.9984 0 0 0
151.2 0 0 -4.5652 0 0 0
151.4 0 0 -3.4313 0 0 0
151.6 0 0 -2.7842 0 0 0
151.8 0 0 -2.3424 0 0 0
152.0 0 0 -2.034 0 0 0
152.2 0 0 -1.3239 0 0 0
152.4 0 0 -1.0386 0 0 0
152.6 0 0 -1.2975 0 0 0
152.8 0 0 -1.8715 0 0 0
153.0 0 0 -2.328 0 0 0
153.2 0 0 -2.9617 0 0 0
153.4 0 0 -3.7277 0 0 0
153.6 0 0 -3.8856 0 0 0
153.8 0 0 -3.4399 0 0 0
154.0 0 0 -2.7877 0 0 0
154.2 0 0 -2.3555 0 0 0
154.4 0 0 -1.7394 0 0 0
154.6 0 0 -1.2297 0 0 0
154.8 0 0 -0.92443 0 0 0
155.0 0 0 -0.96692 0 0 0
155.2 0 0 -0.83905 0 0 0
155.4 0 0 -0.99597 0 0 0
155.6 0 0 -1.7319 0 0 0
155.8 0 0 -2.8853 0 0 0
156.0 0 0 -4.0229 0 0 0
156.2 0 0 -5.2453 0 0 0
156.4 0 0 -6.4998 0 0 0
156.6 0 0 -7.1117 0 0 0
156.8 0 0 -6.4374 0 0 0
157.0 0 0 -5.274 0 0 0
157.2 0 0 -4.1611 0 0 0
157.4 0 0 -3.4847 0 0 0
157.6 0 0 -2.5914 0 0 0
157.8 0 0 -2.0931 0 0 0
158.0 0 0 -1.7509 0 0 0
158.2 0 0 -1.5984 0 0 0
158.4 0 0 -1.4199 0 0 0
158.6 0 0 -1.7508 0 0 0
158.8 0 0 -2.7839 0 0 0
159.0 0 0 -4.1155 0 0 0
159.2 0 0 -5.3403 0 0 0
159.4 0 0 -6.6113 0 0 0
159.6 0 0 -7.8268 0 0 0
159.8 0 0 -8.3651 0 0 0
160.0 0 0 -7.8125 0 0 0
160.2 0 0 -6.6035 0 0 0
160.4 0 0 -5.269 0 0 0
160.6 0 0 -4.1773 0 0 0
160.8 0 0 -3.1721 0 0 0
161.0 0 0 -2.6008 0 0 0
161.2 0 0 -2.3787 0 0 0
161.4 0 0 -1.9266 0 0 0
161.6 0 0 -1.5055 0 0 0
161.8 0 0 -1.6512 0 0 0
162.0 0 0 -2.4204 0 0 0
162.2 0 0 -3.2384 0 0 0
162.4 0 0 -3.9036 0 0 0
162.6 0 0 -4.424 0 0 0
162.8 0 0 -4.6077 0 0 0
163.0 0 0 -4.0171 0 0 0
163.2 0 0 -3.2058 0 0 0
163.4 0 0 -2.6144 0 0 0
163.6 0 0 -2.1628 0 0 0
163.8 0 0 -1.4879 0 0 0
164.0 0 0 -1.0341 0 0 0
164.2 0 0 -0.85195 0 0 0
164.4 0 0 -0.89313 0 0 0
164.6 0 0 -0.82732 0 0 0
164.8 0 0 -1.4044 0 0 0
165.0 0 0 -2.3321 0 0 0
165.2 0 0 -3.2419 0 0 0
165.4 0 0 -3.6654 0 0 0
165.6 0 0 -3.8204 0 0 0
165.8 0 0 -3.5766 0 0 0
166.0 0 0 -2.8436 0 0 0
166.2 0 0 -2.062 0 0 0
166.4 0 0 -1.5594 0 0 0
166.6 0 0 -1.3261 0 0 0
166.8 0 0 -0.81545 0 0 0
167.0 0 0 -0.4815 0 0 0
167.2 0 0 -0.50292 0 0 0
167.4 0 0 -0.94804 0 0 0
167.6 0 0 -1.2993 0 0 0
167.8 0 0 -1.9433 0 0 0
168.0 0 0 -2.6638 0 0 0
168.2 0 0 -3.1016 0 0 0
168.4 0 0 -2.7624 0 0 0
168.6 0 0 -2.1739 0 0 0
168.8 0 0 -1.7908 0 0 0
169.0 0 0 -1.3043 0 0 0
169.2 0 0 -0.82297 0 0 0
169.4 0 0 -0.44407 0 0 0
169.6 0 0 -0.35533 0 0 0
169.8 0 0 -0.046937 0 0 0
170.0 0 0 0.14189 0 0 0
170.2 0 0 -0.18111 0 0 0
170.4 0 0 -1.0798 0 0 0
170.6 0 0 -1.9175 0 0 0
170.8 0 0 -2.8064 0 0 0
171.0 0 0 -3.9017 0 0 0
171.2 0 0 -4.8727 0 0 0
171.4 0 0 -4.9207 0 0 0
171.6 0 0 -4.33 0 0 0
171.8 0 0 -3.4646 0 0 0
172.0 0 0 -2.639 0 0 0
172.2 0 0 -1.742 0 0 0
172.4 0 0 -1.3137 0 0 0
172.6 0 0 -1.0817 0 0 0
172.8 0 0 -0.87577 0 0 0
173.0 0 0 -0.67854 0 0 0
173.2 0 0 -0.96651 0 0 0
173.4 0 0 -1.8453 0 0 0
173.6 0 0 -2.7005 0 0 0
173.8 0 0 -3.4771 0 0 0
174.0 0 0 -4.24 0 0 0
174.2 0 0 -4.8515 0 0 0
174.4 0 0 -4.4544 0 0 0
174.6 0 0 -3.7164 0 0 0
174.8 0 0 -2.8748 0 0 0
175.0 0 0 -2.3734 0 0 0
175.2 0 0 -1.6064 0 0 0
175.4 0 0 -1.1328 0 0 0
175.6 0 0 -0.86443 0 0 0
175.8 0 0 -0.71334 0 0 0
176.0 0 0 -0.24622 0 0 0
176.2 0 0 -0.19196 0 0 0
176.4 0 0 -0.81279 0 0 0
176.6 0 0 -1.6871 0 0 0
176.8 0 0 -2.4137 0 0 0
177.0 0 0 -3.3117 0 0 0
177.2 0 0 -4.3764 0 0 0
177.4 0 0 -4.9334 0 0 0
177.6 0 0 -4.6753 0 0 0
177.8 0 0 -3.8311 0 0 0
178.0 0 0 -3.0416 0 0 0
178.2 0 0 -2.0881 0 0 0
178.4 0 0 -1.433 0 0 0
178.6 0 0 -0.98027 0 0 0
178.8 0 0 -0.73125 0 0 0
179.0 0 0 -0.34426 0 0 0
179.2 0 0 -0.41511 0 0 0
179.4 0 0 -1.0347 0 0 0
179.6 0 0 -1.9099 0 0 0
179.8 0 0 -2.4773 0 0 0
180.0 0 0 -2.8316 0 0 0
180.2 0 0 -2.9027 0 0 0
180.4 0 0 -2.4513 0 0 0
180.6 0 0 -1.7545 0 0 0
180.8 0 0 -1.1891 0 0 0
181.0 0 0 -0.90532 0 0 0
181.2 0 0 -0.50482 0 0 0
181.4 0 0 -0.07779 0 0 0
181.6 0 0 0.15938 0 0 0
181.8 0 0 0.2294 0 0 0
182.0 0 0 0.34078 0 0 0
182.2 0 0 0.034848 0 0 0
182.4 0 0 -0.58431 0 0 0
182.6 0 0 -1.1613 0 0 0
182.8 0 0 -1.1531 0 0 0
183.0 0 0 -0.95342 0 0 0
183.2 0 0 -0.65619 0 0 0
183.4 0 0 -0.26962 0 0 0
183.6 0 0 0.26778 0 0 0
183.8 0 0 0.61026 0 0 0
184.0 0 0 0.64205 0 0 0
184.2 0 0 0.74079 0 0 0
184.4 0 0 0.81413 0 0 0
184.6 0 0 0.3811 0 0 0
184.8 0 0 -0.59336 0 0 0
185.0 0 0 -1.5903 0 0 0
185.2 0 0 -2.31 0 0 0
185.4 0 0 -2.6294 0 0 0
185.6 0 0 -2.5964 0 0 0
185.8 0 0 -1.9475 0 0 0
186.0 0 0 -1.2119 0 0 0
186.2 0 0 -0.62642 0 0 0
186.4 0 0 -0.34403 0 0 0
186.6 0 0 0.18585 0 0 0
186.8 0 0 0.55219 0 0 0
187.0 0 0 0.70615 0 0 0
187.2 0 0 0.38142 0 0 0
187.4 0 0 0.056216 0 0 0
187.6 0 0 -0.52608 0 0 0
187.8 0 0 -1.8041 0 0 0
188.0 0 0 -3.341 0 0 0
188.2 0 0 -4.9375 0 0 0
188.4 0 0 -6.4454 0 0 0
188.6 0 0 -7.9142 0 0 0
188.8 0 0 -9.1931 0 0 0
189.0 0 0 -9.7422 0 0 0
189.2 0 0 -9.4916 0 0 0
189.4 0 0 -8.6485 0 0 0
189.6 0 0 -7.2049 0 0 0
189.8 0 0 -5.5165 0 0 0
190.0 0 0 -4.1016 0 0 0
190.2 0 0 -3.3704 0 0 0
190.4 0 0 -2.7422 0 0 0
190.6 0 0 -2.0658 0 0 0
190.8 0 0 -1.6389 0 0 0
191.0 0 0 -1.8334 0 0 0
191.2 0 0 -2.2415 0 0 0
191.4 0 0 -2.8644 0 0 0
191.6 0 0 -3.8743 0 0 0
191.8 0 0 -5.3326 0 0 0
192.0 0 0 -6.785 0 0 0
192.2 0 0 -8.3022 0 0 0
192.4 0 0 -9.7218 0 0 0
192.6 0 0 -11.091 0 0 0
192.8 0 0 -11.923 0 0 0
193.0 0 0 -12.666 0 0 0
193.2 0 0 -12.966 0 0 0
193.4 0 0 -12.937 0 0 0
193.6 0 0 -12.616 0 0 0
193.8 0 0 -12.448 0 0 0
194.0 0 0 -12.207 0 0 0
194.2 0 0 -11.369 0 0 0
194.4 0 0 -9.8492 0 0 0
194.6 0 0 -8.1848 0 0 0
194.8 0 0 -6.7208 0 0 0
195.0 0 0 -5.3641 0 0 0
195.2 0 0 -4.6232 0 0 0
195.4 0 0 -4.4001 0 0 0
195.6 0 0 -4.4372 0 0 0
195.8 0 0 -4.3207 0 0 0
196.0 0 0 -4.5158 0 0 0
196.2 0 0 -4.8282 0 0 0
196.4 0 0 -4.7674 0 0 0
196.6 0 0 -4.2354 0 0 0
196.8 0 0 -3.6372 0 0 0
197.0 0 0 -3.2276 0 0 0
197.2 0 0 -2.5169 0 0 0
197.4 0 0 -2.3198 0 0 0
197.6 0 0 -2.6249 0 0 0
197.8 0 0 -3.5323 0 0 0
198.0 0 0 -4.3388 0 0 0
198.2 0 0 -5.281 0 0 0
198.4 0 0 -6.4375 0 0 0
198.6 0 0 -7.0342 0 0 0
198.8 0 0 -7.0605 0 0 0
199.0 0 0 -6.4155 0 0 0
199.2 0 0 -5.5997 0 0 0
199.4 0 0 -4.4237 0 0 0
199.6 0 0 -3.6119 0 0 0
199.8 0 0 -3.0911 0 0 0
200.0 0 0 -2.5776 0 0 0
200.2 0 0 -1.9126 0 0 0
200.4 0 0 -1.6264 0 0 0
200.6 0 0 -1.8191 0 0 0
200.8 0 0 -2.1004 0 0 0
201.0 0 0 -2.8432 0 0 0
201.2 0 0 -4.0355 0 0 0
201.4 0 0 -5.581 0 0 0
201.6 0 0 -6.763 0 0 0
201.8 0 0 -7.5064 0 0 0
202.0 0 0 -7.3828 0 0 0
202.2 0 0 -6.284 0 0 0
202.4 0 0 -4.8318 0 0 0
202.6 0 0 -3.821 0 0 0
202.8 0 0 -3.36 0 0 0
203.0 0 0 -2.6967 0 0 0
203.2 0 0 -2.2488 0 0 0
203.4 0 0 -2.1901 0 0 0
203.6 0 0 -2.6486 0 0 0
203.8 0 0 -3.3014 0 0 0
204.0 0 0 -4.5634 0 0 0
204.2 0 0 -6.1866 0 0 0
204.4 0 0 -7.7053 0 0 0
204.6 0 0 -8.7008 0 0 0
204.8 0 0 -9.2279 0 0 0
205.0 0 0 -8.9988 0 0 0
205.2 0 0 -7.7649 0 0 0
205.4 0 0 -6.2338 0 0 0
205.6 0 0 -4.9636 0 0 0
205.8 0 0 -4.3235 0 0 0
206.0 0 0 -3.4778 0 0 0
206.2 0 0 -2.9428 0 0 0
206.4 0 0 -2.7566 0 0 0
206.6 0 0 -2.9258 0 0 0
206.8 0 0 -3.0999 0 0 0
207.0 0 0 -3.82 0 0 0
207.2 0 0 -4.848 0 0 0
207.4 0 0 -5.548 0 0 0
207.6 0 0 -5.3437 0 0 0
207.8 0 0 -4.7554 0 0 0
208.0 0 0 -4.0477 0 0 0
208.2 0 0 -3.2449 0 0 0
208.4 0 0 -2.5583 0 0 0
208.6 0 0 -2.1643 0 0 0
208.8 0 0 -1.9327 0 0 0
209.0 0 0 -1.5286 0 0 0
209.2 0 0 -1.5883 0 0 0
209.4 0 0 -2.3182 0 0 0
209.6 0 0 -3.3119 0 0 0
209.8 0 0 -4.0325 0 0 0
210.0 0 0 -4.3797 0 0 0
210.2 0 0 -4.3639 0 0 0
210.4 0 0 -3.7013 0 0 0
210.6 0 0 -2.9221 0 0 0
210.8 0 0 -2.3902 0 0 0
211.0 0 0 -2.0841 0 0 0
211.2 0 0 -1.5108 0 0 0
211.4 0 0 -1.0495 0 0 0
211.6 0 0 -1.1399 0 0 0
211.8 0 0 -1.6383 0 0 0
212.0 0 0 -2.0913 0 0 0
212.2 0 0 -2.8827 0 0 0
212.4 0 0 -4.0695 0 0 0
212.6 0 0 -4.9312 0 0 0
212.8 0 0 -4.8371 0 0 0
213.0 0 0 -4.1289 0 0 0
213.2 0 0 -3.3603 0 0 0
213.4 0 0 -2.636 0 0 0
213.6 0 0 -1.9899 0 0 0
213.8 0 0 -1.6403 0 0 0
214.0 0 0 -1.6717 0 0 0
214.2 0 0 -1.8263 0 0 0
214.4 0 0 -2.327 0 0 0
214.6 0 0 -3.5082 0 0 0
214.8 0 0 -4.8609 0 0 0
215.0 0 0 -6.1346 0 0 0
215.2 0 0 -7.2679 0 0 0
215.4 0 0 -8.2767 0 0 0
215.6 0 0 -8.603 0 0 0
215.8 0 0 -8.0182 0 0 0
216.0 0 0 -6.9634 0 0 0
216.2 0 0 -5.7562 0 0 0
216.4 0 0 -4.4319 0 0 0
216.6 0 0 -3.5942 0 0 0
216.8 0 0 -2.9304 0 0 0
217.0 0 0 -2.5949 0 0 0
217.2 0 0 -1.8831 0 0 0
217.4 0 0 -1.4937 0 0 0
217.6 0 0 -1.6177 0 0 0
217.8 0 0 -2.0655 0 0 0
218.0 0 0 -2.5033 0 0 0
218.2 0 0 -3.424 0 0 0
218.4 0 0 -4.6167 0 0 0
218.6 0 0 -5.5448 0 0 0
218.8 0 0 -5.4614 0 0 0
219.0 0 0 -4.8169 0 0 0
219.2 0 0 -4.0439 0 0 0
219.4 0 0 -3.1611 0 0 0
219.6 0 0 -2.4876 0 0 0
219.8 0 0 -2.021 0 0 0
220.0 0 0 -1.8119 0 0 0
220.2 0 0 -1.3861 0 0 0
220.4 0 0 -1.379 0 0 0
220.6 0 0 -2.0292 0 0 0
220.8 0 0 -3.1239 0 0 0
221.0 0 0 -4.1599 0 0 0
221.2 0 0 -5.4646 0 0 0
221.4 0 0 -6.822 0 0 0
221.6 0 0 -7.4609 0 0 0
221.8 0 0 -6.9495 0 0 0
222.0 0 0 -5.7684 0 0 0
222.2 0 0 -4.5782 0 0 0
222.4 0 0 -3.3943 0 0 0
222.6 0 0 -2.6135 0 0 0
222.8 0 0 -2.1413 0 0 0
223.0 0 0 -1.9023 0 0 0
223.2 0 0 -1.2885 0 0 0
223.4 0 0 -1.026 0 0 0
223.6 0 0 -1.3032 0 0 0
223.8 0 0 -1.9485 0 0 0
224.0 0 0 -2.5323 0 0 0
224.2 0 0 -3.3471 0 0 0
224.4 0 0 -4.2676 0 0 0
224.6 0 0 -4.6579 0 0 0
224.8 0 0 -4.0873 0 0 0
225.0 0 0 -3.2726 0 0 0
225.2 0 0 -2.6503 0 0 0
225.4 0 0 -1.9932 0 0 0
225.6 0 0 -1.4406 0 0 0
225.8 0 0 -1.0765 0 0 0
226.0 0 0 -0.89149 0 0 0
226.2 0 0 -0.39501 0 0 0
226.4 0 0 -0.27105 0 0 0
226.6 0 0 -0.62223 0 0 0
226.8 0 0 -1.2972 0 0 0
227.0 0 0 -1.5124 0 0 0
227.2 0 0 -1.4825 0 0 0
227.4 0 0 -1.3276 0 0 0
227.6 0 0 -0.96999 0 0 0
227.8 0 0 -0.42574 0 0 0
228.0 0 0 -0.040256 0 0 0
228.2 0 0 0.026439 0 0 0
228.4 0 0 0.30975 0 0 0
228.6 0 0 0.59621 0 0 0
228.8 0 0 0.6443 0 0 0
229.0 0 0 0.29104 0 0 0
229.2 0 0 -0.031056 0 0 0
229.4 0 0 -0.55632 0 0 0
229.6 0 0 -1.5105 0 0 0
229.8 0 0 -2.9698 0 0 0
230.0 0 0 -4.4103 0 0 0
230.2 0 0 -5.8412 0 0 0
230.4 0 0 -7.0915 0 0 0
230.6 0 0 -7.6744 0 0 0
230.8 0 0 -7.0198 0 0 0
231.0 0 0 -5.8094 0 0 0
231.2 0 0 -4.4688 0 0 0
231.4 0 0 -3.3271 0 0 0
231.6 0 0 -2.401 0 0 0
231.8 0 0 -1.7989 0 0 0
232.0 0 0 -1.5292 0 0 0
232.2 0 0 -1.1238 0 0 0
232.4 0 0 -0.6998 0 0 0
232.6 0 0 -0.54309 0 0 0
232.8 0 0 -0.53384 0 0 0
233.0 0 0 -0.34327 0 0 0
233.2 0 0 -0.23651 0 0 0
233.4 0 0 -0.2767 0 0 0
233.6 0 0 -0.35723 0 0 0
233.8 0 0 -0.21381 0 0 0
234.0 0 0 -0.26171 0 0 0
234.2 0 0 -0.32776 0 0 0
234.4 0 0 -0.10587 0 0 0
234.6 0 0 0.029786 0 0 0
234.8 0 0 -0.32782 0 0 0
235.0 0 0 -1.4102 0 0 0
235.2 0 0 -2.7246 0 0 0
235.4 0 0 -4.3648 0 0 0
235.6 0 0 -6.0512 0 0 0
235.8 0 0 -7.2949 0 0 0
236.0 0 0 -7.1696 0 0 0
236.2 0 0 -6.2445 0 0 0
236.4 0 0 -4.9225 0 0 0
236.6 0 0 -3.6461 0 0 0
236.8 0 0 -2.6086 0 0 0
237.0 0 0 -1.8636 0 0 0
237.2 0 0 -1.5541 0 0 0
237.4 0 0 -0.9806 0 0 0
237.6 0 0 -0.75609 0 0 0
237.8 0 0 -1.1128 0 0 0
238.0 0 0 -2.3097 0 0 0
238.2 0 0 -3.6309 0 0 0
238.4 0 0 -5.1127 0 0 0
238.6 0 0 -6.8091 0 0 0
238.8 0 0 -8.3962 0 0 0
239.0 0 0 -9.3481 0 0 0
239.2 0 0 -9.9749 0 0 0
239.4 0 0 -10.173 0 0 0
239.6 0 0 -9.3308 0 0 0
239.8 0 0 -7.693 0 0 0
240.0 0 0 -5.99 0 0 0
240.2 0 0 -4.7438 0 0 0
240.4 0 0 -3.6463 0 0 0
240.6 0 0 -2.8672 0 0 0
240.8 0 0 -2.4068 0 0 0
241.0 0 0 -2.2249 0 0 0
241.2 0 0 -1.7894 0 0 0
241.4 0 0 -1.7167 0 0 0
241.6 0 0 -2.4012 0 0 0
241.8 0 0 -3.4201 0 0 0
242.0 0 0 -4.171 0 0 0
242.2 0 0 -4.9412 0 0 0
242.4 0 0 -5.6479 0 0 0
242.6 0 0 -5.8033 0 0 0
242.8 0 0 -4.9988 0 0 0
243.0 0 0 -4.1204 0 0 0
243.2 0 0 -3.4169 0 0 0
243.4 0 0 -2.8896 0 0 0
243.6 0 0 -2.1382 0 0 0
243.8 0 0 -1.6911 0 0 0
244.0 0 0 -1.5398 0 0 0
244.2 0 0 -1.3687 0 0 0
244.4 0 0 -1.3748 0 0 0
244.6 0 0 -1.9254 0 0 0
244.8 0 0 -2.8818 0 0 0
245.0 0 0 -3.6858 0 0 0
245.2 0 0 -4.6328 0 0 0
245.4 0 0 -5.8577 0 0 0
245.6 0 0 -7.1478 0 0 0
245.8 0 0 -7.6051 0 0 0
246.0 0 0 -7.2787 0 0 0
246.2 0 0 -6.315 0 0 0
246.4 0 0 -5.0343 0 0 0
246.6 0 0 -3.7128 0 0 0
246.8 0 0 -2.9175 0 0 0
247.0 0 0 -2.5631 0 0 0
247.2 0 0 -2.2218 0 0 0
247.4 0 0 -1.7457 0 0 0
247.6 0 0 -1.8893 0 0 0
247.8 0 0 -2.5232 0 0 0
248.0 0 0 -3.35 0 0 0
248.2 0 0 -4.0781 0 0 0
248.4 0 0 -4.988 0 0 0
248.6 0 0 -5.8315 0 0 0
248.8 0 0 -5.6419 0 0 0
249.0 0 0 -4.7808 0 0 0
249.2 0 0 -3.7816 0 0 0
249.4 0 0 -3.2195 0 0 0
249.6 0 0 -2.6369 0 0 0
249.8 0 0 -2.2892 0 0 0
250.0 0 0 -2.0536 0 0 0
250.2 0 0 -1.7975 0 0 0
250.4 0 0 -1.1828 0 0 0
250.6 0 0 -1.0862 0 0 0
250.8 0 0 -1.6382 0 0 0
251.0 0 0 -2.4397 0 0 0
251.2 0 0 -2.7076 0 0 0
251.4 0 0 -2.6737 0 0 0
251.6 0 0 -2.5004 0 0 0
251.8 0 0 -1.9715 0 0 0
252.0 0 0 -1.505 0 0 0
252.2 0 0 -1.4642 0 0 0
252.4 0 0 -2.2515 0 0 0
252.6 0 0 -3.164 0 0 0
252.8 0 0 -4.3777 0 0 0
253.0 0 0 -5.5882 0 0 0
253.2 0 0 -6.6992 0 0 0
253.4 0 0 -6.8092 0 0 0
253.6 0 0 -6.2329 0 0 0
253.8 0 0 -5.1791 0 0 0
254.0 0 0 -4.153 0 0 0
254.2 0 0 -3.1309 0 0 0
254.4 0 0 -2.5391 0 0 0
254.6 0 0 -2.2693 0 0 0
254.8 0 0 -1.7846 0 0 0
255.0 0 0 -1.3554 0 0 0
255.2 0 0 -1.4921 0 0 0
255.4 0 0 -2.1379 0 0 0
255.6 0 0 -2.7182 0 0 0
255.8 0 0 -3.2366 0 0 0
256.0 0 0 -3.9232 0 0 0
256.2 0 0 -4.7284 0 0 0
256.4 0 0 -4.7008 0 0 0
256.6 0 0 -4.2022 0 0 0
256.8 0 0 -3.5716 0 0 0
257.0 0 0 -2.8896 0 0 0
257.2 0 0 -2.1474 0 0 0
257.4 0 0 -1.6706 0 0 0
257.6 0 0 -1.4686 0 0 0
257.8 0 0 -1.1155 0 0 0
258.0 0 0 -0.50865 0 0 0
258.2 0 0 -0.41714 0 0 0
258.4 0 0 -0.97824 0 0 0
258.6 0 0 -1.7285 0 0 0
258.8 0 0 -2.304 0 0 0
259.0 0 0 -2.8139 0 0 0
259.2 0 0 -3.1149 0 0 0
259.4 0 0 -2.7224 0 0 0
259.6 0 0 -2.1483 0 0 0
259.8 0 0 -1.5791 0 0 0
260.0 0 0 -1.2637 0 0 0
260.2 0 0 -0.63461 0 0 0
260.4 0 0 -0.26584 0 0 0
260.6 0 0 -0.066594 0 0 0
260.8 0 0 -0.073185 0 0 0
261.0 0 0 0.035257 0 0 0
261.2 0 0 -0.11295 0 0 0
261.4 0 0 -0.66799 0 0 0
261.6 0 0 -1.0719 0 0 0
261.8 0 0 -0.96847 0 0 0
262.0 0 0 -0.7105 0 0 0
262.2 0 0 -0.53719 0 0 0
262.4 0 0 -0.21763 0 0 0
262.6 0 0 0.18418 0 0 0
262.8 0 0 0.43142 0 0 0
263.0 0 0 0.43522 0 0 0
263.2 0 0 0.50297 0 0 0
263.4 0 0 0.49119 0 0 0
263.6 0 0 0.017152 0 0 0
263.8 0 0 -0.95105 0 0 0
264.0 0 0 -1.8091 0 0 0
264.2 0 0 -2.7771 0 0 0
264.4 0 0 -3.9711 0 0 0
264.6 0 0 -5.2087 0 0 0
264.8 0 0 -5.5837 0 0 0
265.0 0 0 -4.953 0 0 0
265.2 0 0 -3.901 0 0 0
265.4 0 0 -2.9894 0 0 0
265.6 0 0 -2.1517 0 0 0
265.8 0 0 -1.5256 0 0 0
266.0 0 0 -1.2635 0 0 0
266.2 0 0 -1.5756 0 0 0
266.4 0 0 -2.1611 0 0 0
266.6 0 0 -3.4845 0 0 0
266.8 0 0 -5.2904 0 0 0
267.0 0 0 -6.9405 0 0 0
267.2 0 0 -8.1333 0 0 0
267.4 0 0 -9.1673 0 0 0
267.6 0 0 -10.214 0 0 0
267.8 0 0 -10.903 0 0 0
268.0 0 0 -10.649 0 0 0
268.2 0 0 -10.054 0 0 0
268.4 0 0 -9.2635 0 0 0
268.6 0 0 -8.0277 0 0 0
268.8 0 0 -6.3934 0 0 0
269.0 0 0 -5.006 0 0 0
269.2 0 0 -4.001 0 0 0
269.4 0 0 -3.228 0 0 0
269.6 0 0 -2.4515 0 0 0
269.8 0 0 -2.1635 0 0 0
270.0 0 0 -2.2671 0 0 0
270.2 0 0 -2.457 0 0 0
270.4 0 0 -2.7693 0 0 0
270.6 0 0 -3.424 0 0 0
270.8 0 0 -4.3028 0 0 0
271.0 0 0 -4.4405 0 0 0
271.2 0 0 -4.1358 0 0 0
271.4 0 0 -3.5676 0 0 0
271.6 0 0 -3.0068 0 0 0
271.8 0 0 -2.2157 0 0 0
272.0 0 0 -1.7484 0 0 0
272.2 0 0 -1.4349 0 0 0
272.4 0 0 -1.1994 0 0 0
272.6 0 0 -0.53385 0 0 0
272.8 0 0 -0.28303 0 0 0
273.0 0 0 -0.86531 0 0 0
273.2 0 0 -1.7341 0 0 0
273.4 0 0 -2.3575 0 0 0
273.6 0 0 -2.7983 0 0 0
273.8 0 0 -2.9987 0 0 0
274.0 0 0 -2.7164 0 0 0
274.2 0 0 -2.0647 0 0 0
274.4 0 0 -1.5844 0 0 0
274.6 0 0 -1.3622 0 0 0
274.8 0 0 -0.97499 0 0 0
275.0 0 0 -0.56151 0 0 0
275.2 0 0 -0.37399 0 0 0
275.4 0 0 -0.3277 0 0 0
275.6 0 0 -0.032833 0 0 0
275.8 0 0 0.059711 0 0 0
276.0 0 0 -0.34907 0 0 0
276.2 0 0 -1.2292 0 0 0
276.4 0 0 -2.1749 0 0 0
276.6 0 0 -3.5389 0 0 0
276.8 0 0 -5.322 0 0 0
277.0 0 0 -7.1565 0 0 0
277.2 0 0 -8.673 0 0 0
277.4 0 0 -10.02 0 0 0
277.6 0 0 -11.059 0 0 0
277.8 0 0 -11.941 0 0 0
278.0 0 0 -12.783 0 0 0
278.2 0 0 -13.824 0 0 0
278.4 0 0 -14.859 0 0 0
278.6 0 0 -15.787 0 0 0
278.8 0 0 -16.448 0 0 0
279.0 0 0 -16.921 0 0 0
279.2 0 0 -16.588 0 0 0
279.4 0 0 -15.582 0 0 0
279.6 0 0 -13.879 0 0 0
279.8 0 0 -11.916 0 0 0
280.0 0 0 -9.8395 0 0 0
280.2 0 0 -8.4735 0 0 0
280.4 0 0 -8.007 0 0 0
280.6 0 0 -8.0868 0 0 0
280.8 0 0 -7.9942 0 0 0
281.0 0 0 -7.9964 0 0 0
281.2 0 0 -8.115 0 0 0
281.4 0 0 -8.3024 0 0 0
281.6 0 0 -7.8863 0 0 0
281.8 0 0 -7.3228 0 0 0
282.0 0 0 -6.6536 0 0 0
282.2 0 0 -5.8251 0 0 0
282.4 0 0 -5.1 0 0 0
282.6 0 0 -4.6835 0 0 0
282.8 0 0 -4.3799 0 0 0
283.0 0 0 -3.7842 0 0 0
283.2 0 0 -3.7966 0 0 0
283.4 0 0 -4.5425 0 0 0
283.6 0 0 -5.988 0 0 0
283.8 0 0 -7.3962 0 0 0
284.0 0 0 -8.5726 0 0 0
284.2 0 0 -8.8603 0 0 0
284.4 0 0 -7.9429 0 0 0
284.6 0 0 -6.6669 0 0 0
284.8 0 0 -5.7523 0 0 0
285.0 0 0 -5.0377 0 0 0
285.2 0 0 -4.2415 0 0 0
285.4 0 0 -3.7141 0 0 0
285.6 0 0 -3.4785 0 0 0
285.8 0 0 -2.9835 0 0 0
286.0 0 0 -2.3589 0 0 0
286.2 0 0 -2.1757 0 0 0
286.4 0 0 -2.5251 0 0 0
286.6 0 0 -2.8448 0 0 0
286.8 0 0 -3.5425 0 0 0
287.0 0 0 -4.4177 0 0 0
287.2 0 0 -5.2061 0 0 0
287.4 0 0 -5.0628 0 0 0
287.6 0 0 -4.5695 0 0 0
287.8 0 0 -3.9876 0 0 0
288.0 0 0 -3.3755 0 0 0
288.2 0 0 -2.5809 0 0 0
288.4 0 0 -2.1655 0 0 0
288.6 0 0 -2.0326 0 0 0
288.8 0 0 -1.7349 0 0 0
289.0 0 0 -1.3165 0 0 0
289.2 0 0 -1.5521 0 0 0
289.4 0 0 -2.5569 0 0 0
289.6 0 0 -3.778 0 0 0
289.8 0 0 -4.7049 0 0 0
290.0 0 0 -5.1936 0 0 0
290.2 0 0 -5.1754 0 0 0
290.4 0 0 -4.3478 0 0 0
290.6 0 0 -3.4882 0 0 0
290.8 0 0 -2.8769 0 0 0
291.0 0 0 -2.5247 0 0 0
291.2 0 0 -1.8531 0 0 0
291.4 0 0 -1.3643 0 0 0
291.6 0 0 -1.1316 0 0 0
291.8 0 0 -1.357 0 0 0
292.0 0 0 -1.4378 0 0 0
292.2 0 0 -1.8186 0 0 0
292.4 0 0 -2.6744 0 0 0
292.6 0 0 -3.565 0 0 0
292.8 0 0 -3.6875 0 0 0
293.0 0 0 -3.3977 0 0 0
293.2 0 0 -2.9487 0 0 0
293.4 0 0 -2.5157 0 0 0
293.6 0 0 -1.6745 0 0 0
293.8 0 0 -1.1105 0 0 0
294.0 0 0 -0.84176 0 0 0
294.2 0 0 -0.75419 0 0 0
294.4 0 0 -0.34228 0 0 0
294.6 0 0 -0.35502 0 0 0
294.8 0 0 -1.1227 0 0 0
295.0 0 0 -2.3067 0 0 0
295.2 0 0 -3.4169 0 0 0
295.4 0 0 -4.5853 0 0 0
295.6 0 0 -5.3704 0 0 0
295.8 0 0 -5.356 0 0 0
296.0 0 0 -4.2896 0 0 0
296.2 0 0 -3.3121 0 0 0
296.4 0 0 -2.703 0 0 0
296.6 0 0 -2.1249 0 0 0
296.8 0 0 -1.3757 0 0 0
297.0 0 0 -0.9655 0 0 0
297.2 0 0 -0.88216 0 0 0
297.4 0 0 -0.82318 0 0 0
297.6 0 0 -0.64589 0 0 0
297.8 0 0 -1.1718 0 0 0
298.0 0 0 -2.3551 0 0 0
298.2 0 0 -3.6747 0 0 0
298.4 0 0 -4.8938 0 0 0
298.6 0 0 -5.8814 0 0 0
298.8 0 0 -6.2504 0 0 0
299.0 0 0 -5.4459 0 0 0
299.2 0 0 -4.1625 0 0 0
299.4 0 0 -3.1821 0 0 0
299.6 0 0 -2.5956 0 0 0
299.8 0 0 -1.7953 0 0 0
