0 0
0.2 0
0.4 0
0.6 0.0777
0.8 0.6606
1 1.4833
1.2 2.4594
1.4 3.436
1.6 4.4055
1.8 5.3575
2 6.0297
2.2 6.0297
2.4 6.0163
2.6 5.5971
2.8 4.9155
3 4.1323
3.2 3.2671
3.4 2.7233
3.6 2.3132
3.8 1.8854
4 1.6654
4.2 1.545
4.4 1.4828
4.6 1.2971
4.8 1.2552
5 1.2552
5.2 1.7952
5.4 2.2197
5.6 2.7857
5.8 3.5011
6 4.1236
6.2 4.8104
6.4 5.442
6.6 6.1395
6.8 6.761
7 7.1903
7.2 7.5611
7.4 7.9185
7.6 7.9185
7.8 7.7315
8 7.4028
8.2 6.8959
8.4 6.2495
8.6 5.5408
8.8 5.0244
9 4.3504
9.2 3.7521
9.4 2.9582
9.6 2.4496
9.8 2.1701
10 1.9095
10.2 1.6138
10.4 1.5837
10.6 1.5837
10.8 1.6337
11 2.0426
11.2 2.8161
11.4 3.7341
11.6 4.5539
11.8 5.2905
12 5.8265
12.2 5.8265
12.4 5.3081
12.6 4.14
12.8 3.3952
13 2.8756
13.2 2.3904
13.4 2.0304
13.6 1.7357
13.8 1.5026
14 1.3378
14.2 1.2441
14.4 1.2441
14.6 1.2478
14.8 1.2515
15 1.2552
15.2 1.2589
15.4 1.2626
15.6 1.2663
15.8 1.27
16 1.2737
16.2 1.2774
16.4 1.2811
16.6 1.2848
16.8 1.8729
17 2.5852
17.2 3.3473
17.4 3.9764
17.6 4.2752
17.8 5.1085
18 6.0961
18.2 6.4425
18.4 6.6173
18.6 6.6173
18.8 6.564
19 6.2186
19.2 5.712
19.4 5.2643
19.6 4.7714
19.8 4.1952
20 3.7726
20.2 3.2983
20.4 2.7645
20.6 2.2343
20.8 1.9694
21 1.842
21.2 1.7284
21.4 1.7284
21.6 1.7524
21.8 1.769
22 1.769
22.2 1.7674
22.4 1.6374
22.6 1.4804
22.8 1.3177
23 1.3177
23.2 1.3757
23.4 1.8828
23.6 2.8028
23.8 3.7141
24 4.4775
24.2 5.2128
24.4 5.966
24.6 6.6593
24.8 7.2974
25 7.7863
25.2 8.0179
25.4 8.0482
25.6 8.0482
25.8 8.0424
26 7.7997
26.2 7.4758
26.4 7.1519
26.6 6.7907
26.8 6.2697
27 5.682
27.2 5.1186
27.4 4.5518
27.6 3.8516
27.8 3.2427
28 2.87
28.2 2.3991
28.4 2.0269
28.6 1.7523
28.8 1.7523
29 2.7314
29.2 3.7526
29.4 3.7526
29.6 3.3299
29.8 2.8614
30 2.4814
30.2 2.2125
30.4 2.0178
30.6 1.9148
30.8 1.7361
31 1.5341
31.2 1.4191
31.4 1.2411
31.6 1.2411
31.8 1.3698
32 1.7894
32.2 2.3091
32.4 3.0031
32.6 3.4475
32.8 3.9694
33 4.2767
33.2 4.2767
33.4 3.924
33.6 3.7795
33.8 3.7774
34 3.7728
34.2 3.7728
34.4 3.9964
34.6 4.5884
34.8 5.2747
35 5.7976
35.2 6.227
35.4 6.227
35.6 6.1587
35.8 5.4442
36 4.6556
36.2 3.7798
36.4 3.2534
36.6 2.626
36.8 2.1373
37 1.7853
37.2 1.6043
37.4 1.3336
37.6 1.0493
37.8 1.0493
38 1.1605
38.2 1.9293
38.4 2.7798
38.6 3.6752
38.8 4.6347
39 5.5821
39.2 5.7769
39.4 5.7769
39.6 5.4604
39.8 4.2439
40 2.932
40.2 2.3505
40.4 2.0514
40.6 1.7941
40.8 1.5992
41 1.5296
41.2 1.4832
41.4 1.4473
41.6 1.4155
41.8 1.4155
42 1.451
42.2 2.0376
42.4 2.798
42.6 3.4554
42.8 4.1812
43 4.749
43.2 4.9221
43.4 5.0951
43.6 5.2682
43.8 5.7753
44 6.1225
44.2 6.1225
44.4 5.8241
44.6 4.6687
44.8 3.7077
45 2.7982
45.2 1.8567
45.4 1.591
45.6 1.4267
45.8 1.2409
46 1.2409
46.2 1.2467
46.4 1.8248
46.6 2.7622
46.8 3.6109
47 4.3544
47.2 5.3055
47.4 6.2965
47.6 6.2965
47.8 5.6335
48 4.5214
48.2 3.4657
48.4 2.7791
48.6 2.527
48.8 2.3899
49 2.0307
49.2 1.62
49.4 1.6074
49.6 1.5117
49.8 1.3482
50 1.3482
50.2 1.3531
50.4 1.8438
50.6 2.5485
50.8 3.3127
51 3.983
51.2 4.5984
51.4 5.0517
51.6 5.0517
51.8 4.393
52 3.3097
52.2 2.6713
52.4 2.2178
52.6 2.1425
52.8 2.0827
53 2.0497
53.2 1.8472
53.4 1.7838
53.6 1.758
53.8 1.632
54 1.4781
54.2 1.1844
54.4 0.996
54.6 0.8232
54.8 0.6844
55 0.5596
55.2 0.5596
55.4 0.7459
55.6 1.1272
55.8 1.8281
56 2.6186
56.2 3.7717
56.4 4.6343
56.6 5.4206
56.8 6.2287
57 6.6568
57.2 6.7877
57.4 6.7877
57.6 6.1693
57.8 5.6057
58 4.8365
58.2 3.6243
58.4 3.1026
58.6 2.7898
58.8 2.4878
59 2.2196
59.2 2.1006
59.4 1.9448
59.6 1.6378
59.8 1.5576
60 1.3932
60.2 1.2868
60.4 1.1757
60.6 1.1757
60.8 1.8781
61 2.7953
61.2 3.6734
61.4 4.6513
61.6 5.6953
61.8 6.5945
62 6.7402
62.2 6.7402
62.4 6.6644
62.6 5.8262
62.8 4.3703
63 3.1998
63.2 2.7063
63.4 2.4066
63.6 2.1044
63.8 1.9685
64 1.9125
64.2 1.859
64.4 1.632
64.6 1.4009
64.8 1.3591
65 1.285
65.2 1.0323
65.4 0.9208
65.6 0.8812
65.8 0.8812
66 0.9047
66.2 1.1624
66.4 1.4636
66.6 2.5449
66.8 3.4982
67 4.5442
67.2 5.5671
67.4 6.353
67.6 6.5608
67.8 6.619
68 6.619
68.2 6.0073
68.4 5
68.6 4.2365
68.8 3.4331
69 2.8534
69.2 2.3641
69.4 2.132
69.6 1.8817
69.8 1.726
70 1.434
70.2 1.3734
70.4 1.3488
70.6 1.2867
70.8 1.2867
71 1.8975
71.2 2.7486
71.4 3.6049
71.6 4.4377
71.8 5.1183
72 5.713
72.2 6.105
72.4 6.105
72.6 6.0683
72.8 5.6578
73 4.8351
73.2 4.0185
73.4 3.2731
73.6 2.7495
73.8 2.4101
74 2.065
74.2 1.7041
74.4 1.5715
74.6 1.3631
74.8 1.1923
75 0.8626
75.2 0.7755
75.4 0.691
75.6 0.691
75.8 0.8806
76 1.539
76.2 2.3086
76.4 3.0037
76.6 3.6809
76.8 4.5493
77 5.2846
77.2 5.9826
77.4 6.0066
77.6 6.0066
77.8 5.6033
78 5.2038
78.2 4.3195
78.4 3.3094
78.6 2.7329
78.8 2.4486
79 2.062
79.2 1.9142
79.4 1.7769
79.6 1.7068
79.8 1.4268
80 1.4268
80.2 1.5037
80.4 2.1515
80.6 3.0195
80.8 3.9646
81 4.9005
81.2 5.5914
81.4 5.5914
81.6 5.5793
81.8 5.429
82 5.2477
82.2 4.6956
82.4 3.8866
82.6 3.2022
82.8 2.5442
83 2.0045
83.2 1.7855
83.4 1.6392
83.6 1.599
83.8 1.4032
84 1.2339
84.2 0.9499
84.4 0.8291
84.6 0.6262
84.8 0.6262
85 0.8633
85.2 1.6138
85.4 2.4422
85.6 3.3972
85.8 4.2717
86 5.1196
86.2 5.3874
86.4 5.3874
86.6 4.376
86.8 3.3799
87 2.5816
87.2 2.035
87.4 1.7587
87.6 1.5668
87.8 1.3923
88 1.1149
88.2 1.0201
88.4 0.802
88.6 0.7805
88.8 0.5241
89 0.5241
89.2 0.5639
89.4 1.559
89.6 2.4838
89.8 3.6351
90 4.638
90.2 5.5407
90.4 5.9887
90.6 5.9887
90.8 4.7847
91 3.5494
91.2 2.7993
91.4 2.3373
91.6 2.0838
91.8 2.0519
92 1.9206
92.2 1.6048
92.4 1.4608
92.6 1.3458
92.8 1.1099
93 0.9316
93.2 0.9316
93.4 1.3863
93.6 1.9804
93.8 2.6346
94 3.5433
94.2 3.8639
94.4 4.1002
94.6 4.7162
94.8 4.7162
95 4.618
95.2 2.8979
95.4 2.1468
95.6 1.8158
95.8 1.6383
96 1.5807
96.2 1.4232
96.4 1.3909
96.6 1.3595
96.8 1.2283
97 1.0196
97.2 1.0196
97.4 1.2643
97.6 1.7621
97.8 2.3288
98 3.0303
98.2 3.2211
98.4 3.929
98.6 4.4357
98.8 4.8996
99 5.3104
99.2 5.3104
99.4 4.9125
99.6 4.6983
99.8 3.721
100 2.763
100.2 2.1919
100.4 1.8129
100.6 1.6256
100.8 1.4727
101 1.1759
101.2 1.0589
101.4 0.9566
101.6 0.8461
101.8 0.8461
102 0.8485
102.2 1.4705
102.4 2.3902
102.6 3.4253
102.8 4.204
103 5.2782
103.2 6.034
103.4 6.034
103.6 5.8192
103.8 5.2127
104 4.3675
104.2 3.4808
104.4 2.7593
104.6 2.3599
104.8 2.1959
105 1.854
105.2 1.6963
105.4 1.607
105.6 1.5609
105.8 1.308
106 1.308
106.2 1.8343
106.4 2.8468
106.6 3.7145
106.8 4.4845
107 5.1621
107.2 5.1621
107.4 4.9586
107.6 3.8823
107.8 3.3869
108 3.0039
108.2 2.4972
108.4 2.3283
108.6 2.1146
108.8 1.95
109 1.4991
109.2 1.3405
109.4 1.1788
109.6 1.0556
109.8 1.0556
110 1.3097
110.2 2.0016
110.4 2.6717
110.6 3.371
110.8 3.9412
111 4.5686
111.2 5.1267
111.4 5.1267
111.6 4.2337
111.8 3.364
112 3.0853
112.2 2.4696
112.4 1.9793
112.6 1.8681
112.8 1.7773
113 1.5962
113.2 1.4765
113.4 1.3821
113.6 1.3821
113.8 1.3932
114 1.8323
114.2 2.4223
114.4 2.991
114.6 3.1229
114.8 3.3535
115 3.3535
115.2 2.9596
115.4 2.5376
115.6 2.1255
115.8 1.9388
116 1.8893
116.2 1.873
116.4 1.453
116.6 1.1896
116.8 1.0649
117 0.8911
117.2 0.8911
117.4 1.361
117.6 2.0699
117.8 2.8612
118 3.7392
118.2 4.4308
118.4 5.1975
118.6 5.9187
118.8 6.5284
119 6.5284
119.2 6.248
119.4 5.5401
119.6 4.8248
119.8 4.0107
120 3.5388
120.2 3.2597
120.4 2.4665
120.6 2.0868
120.8 1.6816
121 1.3631
121.2 1.2606
121.4 1.2606
121.6 1.6454
121.8 2.5684
122 3.7058
122.2 4.7514
122.4 5.7091
122.6 6.5333
122.8 6.9356
123 6.9356
123.2 6.9013
123.4 6.4178
123.6 5.626
123.8 4.9021
124 4.4667
124.2 4.3034
124.4 3.1565
124.6 2.5216
124.8 2.059
125 1.7898
125.2 1.6478
125.4 1.4574
125.6 1.2088
125.8 1.2088
126 1.2549
126.2 1.6574
126.4 2.5071
126.6 3.3837
126.8 4.4391
127 5.3293
127.2 6.041
127.4 6.041
127.6 5.184
127.8 3.806
128 3.0795
128.2 2.8781
128.4 2.3444
128.6 2.0516
128.8 1.816
129 1.567
129.2 1.4202
129.4 1.3079
129.6 1.0897
129.8 0.9307
130 0.9307
130.2 1.3043
130.4 1.9257
130.6 2.6879
130.8 3.5096
131 4.2855
131.2 4.8079
131.4 4.8079
131.6 4.7102
131.8 3.7504
132 2.8036
132.2 2.4653
132.4 2.1221
132.6 1.6851
132.8 1.2933
133 1.064
133.2 0.9325
133.4 0.7762
133.6 0.509
133.8 0.3236
134 0.2229
134.2 0.2229
134.4 0.3117
134.6 0.9798
134.8 1.8085
135 2.5415
135.2 3.2624
135.4 4.0436
135.6 4.809
135.8 5.4184
136 5.6972
136.2 5.6972
136.4 5.518
136.6 4.8311
136.8 3.8879
137 3.188
137.2 2.6248
137.4 2.1091
137.6 1.7296
137.8 1.4892
138 1.4167
138.2 1.3242
138.4 1.2031
138.6 1.2031
138.8 1.6853
139 2.4555
139.2 3.381
139.4 4.3825
139.6 5.442
139.8 6.3226
140 6.4679
140.2 6.4679
140.4 5.8472
140.6 4.2935
140.8 2.963
141 2.4083
141.2 2.2075
141.4 2.0204
141.6 1.7068
141.8 1.4552
142 1.307
142.2 1.1721
142.4 1.0055
142.6 1.0055
142.8 1.3358
143 2.0876
143.2 2.4276
143.4 2.4276
143.6 1.9595
143.8 1.7373
144 1.4875
144.2 1.2493
144.4 0.9388
144.6 0.6645
144.8 0.471
145 0.2639
145.2 0.0601
145.4 -0.0157
145.6 -0.1295
145.8 -0.1295
146 0.0542
146.2 0.6308
146.4 1.3073
146.6 1.8246
146.8 2.3819
147 3.1158
147.2 3.8569
147.4 4.4269
147.6 4.8679
147.8 4.9876
148 4.9876
148.2 4.7303
148.4 3.9912
148.6 3.1954
148.8 2.476
149 2.0728
149.2 1.7519
149.4 1.3483
149.6 1.2264
149.8 1.0141
150 0.7636
150.2 0.6166
150.4 0.5091
150.6 0.3557
150.8 0.1769
151 0.0238
151.2 0.0238
151.4 0.0325
151.6 0.314
151.8 0.8548
152 1.4938
152.2 1.8505
152.4 2.417
152.6 3.2162
152.8 4.1511
153 4.8286
153.2 5.1852
153.4 5.2893
153.6 5.2893
153.8 4.6816
154 4.2897
154.2 3.7
154.4 3.0308
154.6 2.4688
154.8 1.9515
155 1.5855
155.2 1.2842
155.4 1.059
155.6 0.8113
155.8 0.6256
156 0.4401
156.2 0.303
156.4 0.224
156.6 0.1221
156.8 0.0096
157 -0.1053
157.2 -0.1053
157.4 0.0587
157.6 0.7359
157.8 1.4049
158 2.199
158.2 3.0368
158.4 3.9306
158.6 4.5224
158.8 4.8827
159 5.2793
159.2 5.5145
159.4 5.5206
159.6 5.5289
159.8 5.5289
160 5.5014
160.2 5.2655
160.4 4.8913
160.6 4.556
160.8 4.3893
161 4.1238
161.2 4.1238
161.4 4.0798
161.6 3.9497
161.8 3.3947
162 2.7661
162.2 2.2814
162.4 1.8614
162.6 1.4518
162.8 1.2008
163 0.9154
163.2 0.6706
163.4 0.5587
163.6 0.4565
163.8 0.4061
164 0.3576
164.2 0.0231
164.4 0.0231
164.6 0.1552
164.8 1.0432
165 1.9949
165.2 2.9325
165.4 3.7315
165.6 4.443
165.8 4.9878
166 5.2799
166.2 5.4056
166.4 5.4933
166.6 5.4933
166.8 5.4018
167 5.3027
167.2 5.2008
167.4 4.9754
167.6 4.7042
167.8 4.4329
168 4.1616
168.2 3.7804
168.4 3.2893
168.6 2.7981
168.8 2.307
169 1.8367
169.2 1.3706
169.4 1.1315
169.6 0.9212
169.8 0.6655
170 0.468
170.2 0.2948
170.4 0.2185
170.6 0.2185
170.8 0.3965
171 0.967
171.2 1.7482
171.4 2.6151
171.6 3.4479
171.8 4.1533
172 4.7668
172.2 5.2613
172.4 5.6474
172.6 5.7831
172.8 5.7831
173 5.5632
173.2 5.3838
173.4 5.1083
173.6 4.7557
173.8 4.3434
174 3.8781
174.2 3.2863
174.4 2.6152
174.6 2.0651
174.8 1.61
175 1.4191
175.2 1.2943
175.4 1.1695
175.6 0.8956
175.8 0.5498
176 0.2918
176.2 0.068
176.4 0.068
176.6 0.1811
176.8 0.4436
177 1.388
177.2 2.3175
177.4 3.3223
177.6 4.0466
177.8 4.6598
178 5.1012
178.2 5.2526
178.4 5.3073
178.6 5.3449
178.8 5.3449
179 5.226
179.2 5.0837
179.4 4.9287
179.6 4.5101
179.8 4.0035
180 3.4969
180.2 2.9904
180.4 2.4838
180.6 1.9773
180.8 1.7495
181 1.5915
181.2 1.1279
181.4 0.7178
181.6 0.5588
181.8 0.2464
182 0.0371
182.2 -0.1714
182.4 -0.4615
182.6 -0.5288
182.8 -0.5288
183 -0.2719
183.2 0.351
183.4 1.2354
183.6 2.1271
183.8 3.0592
184 3.6787
184.2 4.3026
184.4 4.6967
184.6 4.8726
184.8 4.8726
185 4.8136
185.2 4.5681
185.4 4.1516
185.6 3.8002
185.8 3.8002
186 3.9693
186.2 5.6485
186.4 5.6485
186.6 5.6379
186.8 5.6262
187 5.493
187.2 5.2734
187.4 5.0325
187.6 4.7085
187.8 4.4504
188 4.1758
188.2 3.7686
188.4 3.2917
188.6 2.8702
188.8 2.5234
189 1.9362
189.2 1.5879
189.4 1.2116
189.6 0.8791
189.8 0.4691
190 0.2025
190.2 0.0467
190.4 -0.116
190.6 -0.1706
190.8 -0.3788
191 -0.5021
191.2 -0.6522
191.4 -0.7588
191.6 -0.8269
191.8 -0.8269
192 -0.4212
192.2 0.0053
192.4 0.6843
192.6 1.6071
192.8 2.3116
193 3.0774
193.2 3.8193
193.4 4.4889
193.6 4.9587
193.8 5.2971
194 5.5712
194.2 5.6984
194.4 5.8275
194.6 5.845
194.8 5.845
195 5.8246
195.2 5.6885
195.4 5.2992
195.6 4.501
195.8 4.0632
196 3.4193
196.2 2.9074
196.4 2.5069
196.6 2.123
196.8 1.671
197 1.189
197.2 0.8979
197.4 0.5924
197.6 0.3545
197.8 0.1671
198 0.0852
198.2 -0.0138
198.4 -0.1888
198.6 -0.3545
198.8 -0.3634
199 -0.3634
199.2 -0.106
199.4 0.2409
199.6 1.0412
199.8 1.856
200 2.3852
200.2 2.9562
200.4 3.6281
200.6 4.2643
200.8 4.8093
201 5.1774
201.2 5.5757
201.4 5.6396
201.6 5.6396
201.8 5.5121
202 5.251
202.2 4.8628
202.4 4.459
202.6 4.0639
202.8 3.7991
203 3.7432
203.2 3.0741
203.4 2.5981
203.6 2.2008
203.8 1.7681
204 1.3215
204.2 0.9539
204.4 0.8038
204.6 0.6413
204.8 0.4026
205 0.2269
205.2 0.2269
205.4 0.5126
205.6 0.913
205.8 1.672
206 2.4286
206.2 3.1373
206.4 3.6512
206.6 4.403
206.8 5.0207
207 5.2994
207.2 5.5909
207.4 5.9038
207.6 6.0444
207.8 6.0444
208 5.8633
208.2 5.6659
208.4 5.3135
208.6 4.9258
208.8 4.4889
209 4.0452
209.2 3.566
209.4 3.1436
209.6 2.5744
209.8 2.2806
210 1.7714
210.2 1.3034
210.4 0.9314
210.6 0.753
210.8 0.6119
211 0.4889
211.2 0.2772
211.4 0.0227
211.6 -0.1441
211.8 -0.2418
212 -0.2418
212.2 -0.1763
212.4 0.0667
212.6 0.463
212.8 0.9919
213 1.6955
213.2 2.5775
213.4 3.3322
213.6 4.1992
213.8 4.9121
214 5.5298
214.2 5.7917
214.4 5.93
214.6 5.93
214.8 5.8456
215 5.8166
215.2 5.6119
215.4 5.1658
215.6 4.6857
215.8 4.2038
216 3.7439
216.2 3.2145
216.4 2.6999
216.6 2.2267
216.8 1.8584
217 1.4814
217.2 1.1326
217.4 0.8861
217.6 0.7115
217.8 0.5439
218 0.3764
218.2 0.3764
218.4 0.4152
218.6 0.6782
218.8 1.4163
219 2.0699
219.2 2.7324
219.4 4.2405
219.6 4.7839
219.8 5.3
220 5.8413
220.2 6.1255
220.4 6.3236
220.6 6.3236
220.8 6.0416
221 5.736
221.2 5.3276
221.4 4.6217
221.6 4.1393
221.8 3.5414
222 3.0041
222.2 2.5533
222.4 2.154
222.6 1.5902
222.8 1.2072
223 1.1536
223.2 1.1
223.4 1.0463
223.6 0.674
223.8 0.2662
224 0.0927
224.2 0.0125
224.4 -0.0676
224.6 -0.1477
224.8 -0.1477
225 0.2756
225.2 0.8026
225.4 1.5798
225.6 2.256
225.8 3.0104
226 4.0303
226.2 4.6017
226.4 5.1028
226.6 5.6206
226.8 5.9832
227 6.2426
227.2 6.2426
227.4 6.2288
227.6 5.9948
227.8 5.5551
228 5.0623
228.2 4.6916
228.4 4.5027
228.6 3.7118
228.8 3.0381
229 2.4451
229.2 1.7451
229.4 1.239
229.6 0.9121
229.8 0.6219
230 0.3044
230.2 0.0159
230.4 -0.2292
230.6 -0.3565
230.8 -0.4369
231 -0.5525
231.2 -0.6233
231.4 -0.6233
231.6 -0.4409
231.8 0.2963
232 1.1225
232.2 2.118
232.4 3.1778
232.6 4.0059
232.8 4.6651
233 5.2156
233.2 5.6889
233.4 5.7826
233.6 5.9137
233.8 6.035
234 6.035
234.2 5.9536
234.4 5.7867
234.6 5.4651
234.8 4.9497
235 4.282
235.2 3.7029
235.4 3.1931
235.6 2.6986
235.8 2.15
236 1.6862
236.2 1.2319
236.4 0.7505
236.6 0.5067
236.8 0.3492
237 0.2401
237.2 0.1229
237.4 0.0022
237.6 -0.1185
237.8 -0.1185
238 0.2443
238.2 0.8063
238.4 1.6326
238.6 2.4889
238.8 3.3578
239 4.3274
239.2 5.0434
239.4 5.6605
239.6 5.9924
239.8 6.2649
240 6.2649
240.2 6.2404
240.4 6.1107
240.6 5.9519
240.8 5.6886
241 5.3053
241.2 4.9113
241.4 4.4345
241.6 3.7733
241.8 3.1651
242 2.7241
242.2 2.2445
242.4 1.7636
242.6 1.3518
242.8 1.0389
243 0.7832
243.2 0.5361
243.4 0.3121
243.6 0.1949
243.8 0.1063
244 0.0103
244.2 -0.0884
244.4 -0.2221
244.6 -0.2221
244.8 -0.0581
245 0.1191
245.2 0.3521
245.4 1.7797
245.6 2.9977
245.8 3.8203
246 4.7853
246.2 5.4657
246.4 5.8771
246.6 5.9266
246.8 5.9266
247 5.7899
247.2 5.5098
247.4 5.1002
247.6 4.6036
247.8 4.0332
248 3.447
248.2 2.9668
248.4 2.4502
248.6 1.9047
248.8 1.4197
249 1.252
249.2 1.0843
249.4 0.8523
249.6 0.5059
249.8 0.3217
250 0.2845
250.2 0.2845
250.4 0.4654
250.6 0.9727
250.8 1.7527
251 2.6658
251.2 3.3298
251.4 4.0885
251.6 4.7622
251.8 5.3088
252 5.7687
252.2 6.0675
252.4 6.1705
252.6 6.1875
252.8 6.1875
253 6.0772
253.2 5.8681
253.4 5.46
253.6 4.9487
253.8 4.4184
254 3.8438
254.2 3.2047
254.4 2.7845
254.6 2.4046
254.8 1.9857
255 1.5068
255.2 1.149
255.4 0.8776
255.6 0.6735
255.8 0.4301
256 0.2585
256.2 0.1246
256.4 -0.0369
256.6 -0.1414
256.8 -0.2276
257 -0.2276
257.2 0.085
257.4 0.3977
257.6 1.481
257.8 2.6402
258 3.3718
258.2 3.8776
258.4 4.5446
258.6 5.2168
258.8 5.5945
259 5.8294
259.2 5.9578
259.4 5.9697
259.6 5.9697
259.8 5.8046
260 5.499
260.2 5.2916
260.4 4.8799
260.6 4.2855
260.8 3.8676
261 3.3667
261.2 3.1834
261.4 2.9301
261.6 2.4901
261.8 1.8904
262 1.4002
262.2 1.1094
262.4 0.7398
262.6 0.3979
262.8 0.2406
263 0.0968
263.2 -0.0624
263.4 -0.2355
263.6 -0.237
263.8 -0.237
264 -0.1208
264.2 0.1042
264.4 0.4408
264.6 1.0467
264.8 1.7703
265 2.5625
265.2 2.6691
265.4 3.8469
265.6 4.6555
265.8 4.9251
266 4.9643
266.2 4.986
266.4 4.986
266.6 4.9409
266.8 4.8622
267 4.7665
267.2 4.641
267.4 4.4097
267.6 4.1812
267.8 3.8534
268 3.5187
268.2 3.0594
268.4 2.6968
268.6 2.3316
268.8 1.7527
269 1.3614
269.2 0.9294
269.4 0.731
269.6 0.5295
269.8 0.2813
270 0.1017
270.2 -0.0149
270.4 -0.1356
270.6 -0.3398
270.8 -0.3637
271 -0.458
271.2 -0.55
271.4 -0.55
271.6 -0.4204
271.8 -0.008
272 0.5976
272.2 1.3793
272.4 2.3192
272.6 3.1345
272.8 3.6632
273 4.1076
273.2 4.3261
273.4 4.582
273.6 4.9445
273.8 5.2409
274 5.6223
274.2 5.6547
274.4 5.6547
274.6 5.6027
274.8 5.3763
275 5.0714
275.2 4.5255
275.4 3.9556
275.6 3.5055
275.8 2.9525
276 2.574
276.2 2.2004
276.4 1.7968
276.6 1.5037
276.8 1.0482
277 0.81
277.2 0.6209
277.4 0.4195
277.6 0.2236
277.8 0.1037
278 0.0018
278.2 0.0018
278.4 0.2307
278.6 0.8525
278.8 1.4711
279 2.1743
279.2 2.8303
279.4 3.6663
279.6 4.3946
279.8 4.9788
280 5.3414
280.2 5.7778
280.4 5.8596
280.6 5.8596
280.8 5.8587
281 5.7189
281.2 5.4138
281.4 4.7838
281.6 4.1555
281.8 3.4713
282 2.739
282.2 2.0622
282.4 1.5175
282.6 1.1918
282.8 0.9216
283 0.6384
283.2 0.4341
283.4 0.2832
283.6 0.1565
283.8 0.0646
284 -0.0272
284.2 -0.119
284.4 -0.1571
284.6 -0.1571
284.8 0.2891
285 0.9769
285.2 2.405
285.4 3.4557
285.6 4.3823
285.8 4.9151
286 5.5867
286.2 5.9513
286.4 6.0405
286.6 6.0405
286.8 5.9853
287 5.8061
287.2 5.5601
287.4 5.1002
287.6 4.5907
287.8 4.1083
288 3.4208
288.2 2.8687
288.4 2.3978
288.6 1.9598
288.8 1.5169
289 1.0236
289.2 0.7085
289.4 0.5626
289.6 0.328
289.8 0.1423
290 0.0418
290.2 0.0352
290.4 0.0352
290.6 0.3359
290.8 0.7579
291 1.4454
291.2 2.3102
291.4 2.9872
291.6 3.7764
291.8 4.5772
292 5.366
292.2 5.7604
292.4 5.98
292.6 6.0417
292.8 6.0417
293 6.0305
293.2 5.9146
293.4 5.772
293.6 5.4368
293.8 5.0868
294 4.6722
294.2 4.207
294.4 3.6089
294.6 3.298
294.8 2.7655
295 2.2947
295.2 1.727
295.4 1.2408
295.6 0.8594
295.8 0.5664
296 0.3209
296.2 0.0712
296.4 0.029
296.6 -0.0305
296.8 -0.1973
297 -0.2262
297.2 -0.2262
297.4 0.1927
297.6 0.7133
297.8 1.2764
298 1.871
298.2 2.5954
298.4 3.2414
298.6 3.949
298.8 4.5699
299 4.9047
299.2 5.2573
299.4 5.3203
299.6 5.3203
299.8 5.2126
300 5.0095
300.2 4.6018
300.4 4.0751
300.6 3.5301
300.8 2.9854
301 2.8888
301.2 2.2503
301.4 1.685
301.6 1.3841
301.8 1.0341
302 0.7553
302.2 0.5041
302.4 0.4153
302.6 0.2782
302.8 0.0831
303 0.0831
303.2 0.1015
303.4 0.4697
303.6 0.9528
303.8 1.8429
304 2.7286
304.2 3.3554
304.4 4.0396
304.6 4.7754
304.8 5.505
305 5.8119
305.2 5.9797
305.4 5.9797
305.6 5.933
305.8 5.5965
306 5.2889
306.2 4.8719
306.4 4.2964
306.6 3.5857
306.8 3.0594
307 2.525
307.2 2.0212
307.4 1.4565
307.6 0.9744
307.8 0.7992
308 0.7029
308.2 0.4564
308.4 0.2479
308.6 0.0989
308.8 0.0632
309 0.0632
309.2 0.5677
309.4 1.1104
309.6 1.7516
309.8 2.4868
310 3.185
310.2 3.763
310.4 4.5258
310.6 5.097
310.8 5.5632
311 5.7983
311.2 6.0319
311.4 6.0319
311.6 5.9079
311.8 5.0318
312 4.082
312.2 3.3853
312.4 2.7956
312.6 2.2186
312.8 1.7375
313 1.1389
313.2 0.6693
313.4 0.4426
313.6 0.3408
313.8 0.1872
