0 0
0.2 0.219760261532873
0.4 0.439520523065746
0.6 0.659280784598619
0.8 0.879041046131492
1 1.09880130766437
1.2 1.31856156919724
1.4 1.53832183073011
1.6 1.75808209226298
1.8 1.97784235379586
2 2.19760261532873
2.2 1.62077733381765
2.4 1.2991282237559
2.6 1.0176171449328
2.8 0.918452597166727
3 0.887577188521613
3.2 0.857609880130767
3.4 0.746640029059208
3.6 0.849800217944061
3.8 1.52796948783146
4 2.42244823828551
4.2 3.39593171086088
4.4 4.69941881583727
4.6 5.78223755902652
4.8 6.01343988376317
5 4.89829277152198
5.2 3.36778060297857
5.4 2.24809298946604
5.6 1.41590991645478
5.8 1.1331274972757
6 1.00762804213585
6.2 0.85779150018162
6.4 0.841264075553941
6.6 1.11932437341082
6.8 1.93715946240465
7 2.96730839084635
7.2 4.18416273156557
7.4 5.33000363240102
7.6 5.94805666545587
7.8 5.43043952052307
8 4.03741373047585
8.2 2.66981474754813
8.4 1.63094805666546
8.6 1.23955684707592
8.8 1.03577915001816
9 0.91609153650563
9.2 0.819288049400654
9.4 0.901743552488195
9.6 1.48510715583
9.8 2.35888122048674
10 3.67526334907374
10.2 4.83091173265529
10.4 5.66273156556484
10.6 5.97947693425354
10.8 5.23483472575372
11 3.63421721758082
11.2 2.22938612422811
11.4 1.58681438430803
11.6 1.21521976026153
11.8 0.990374137304759
12 0.864511442063204
12.2 0.843806756265892
12.4 1.09625862695242
12.6 1.9095532146749
12.8 3.22030512168543
13 4.49237195786415
13.2 5.31492916818017
13.4 6.07954958227388
13.6 5.8367235742826
13.8 4.20214311660007
14 2.53886669088267
14.2 1.71231383944788
14.4 1.29676716309481
14.6 0.976934253541591
14.8 0.891572829640392
15 0.870141663639666
15.2 1.0751907010534
15.4 1.74736650926262
15.6 2.94297130403197
15.8 4.09771158735925
16 5.01979658554304
16.2 5.90428623320015
16.4 5.94605884489648
16.6 4.617871413004
16.8 2.91245913548856
17 1.90900835452234
17.2 1.34634943697784
17.4 0.966218670541228
17.6 0.891391209589539
17.8 0.88594260806393
18 1.00617508172902
18.2 1.69651289502361
18.4 2.87268434435162
18.6 3.95513984743916
18.8 4.88467126770796
19 5.79840174355249
19.2 6.02470032691609
19.4 4.72302942244824
19.6 3.2439157282964
19.8 2.13567017798765
20 1.43933890301489
20.2 0.98292771521976
20.4 0.890664729386124
20.6 0.848892117689793
20.8 0.784598619687614
21 1.01707228478024
21.2 2.00889938249183
21.4 3.12731565564838
21.6 4.09008354522339
21.8 5.28714130039956
22 6.12895023610607
22.2 5.67526334907374
22.4 4.20759171812568
22.6 2.84071921540138
22.8 1.84816563748638
23 1.18289139120959
23.2 0.989647657101344
23.4 0.904286233200145
23.6 0.770795495822739
23.8 0.769887395568471
24 1.00454050127134
24.2 1.79440610243371
24.4 2.6405739193607
24.6 3.77806029785688
24.8 4.78223755902652
25 5.26225935343262
25.2 4.66382128586996
25.4 3.29858336360334
25.6 2.19869233563385
25.8 1.35107155830004
26 1.08209226298583
26.2 0.936251362150381
26.4 0.785143479840174
26.6 0.768252815110788
26.8 0.769524155466764
27 0.988557936796222
27.2 1.66000726480203
27.4 2.66454776607337
27.6 3.6304031965129
27.8 4.36487468216491
28 5.18652379222666
28.2 5.19796585543044
28.4 3.99673083908464
28.6 2.62767889575009
28.8 1.78169269887396
29 1.29803850345078
29.2 0.93770432255721
29.4 0.828187431892481
29.6 0.774791136941518
29.8 0.751180530330549
30 0.628042135851798
30.2 0.630221576462041
30.4 0.912640755539412
30.6 1.53269160915365
30.8 2.30058118416273
31 3.26026153287323
31.2 4.06629131856157
31.4 4.74137304758445
31.6 5.18942971304032
31.8 4.31856156919724
32 2.96058844896477
32.2 1.77388303668725
32.4 1.2689792953142
32.6 0.986015256084272
32.8 0.778968398111151
33 0.724482382855067
33.2 0.693788594260806
33.4 0.695059934616782
33.6 0.61006175081729
33.8 0.760624772974936
34 1.47348347257537
34.2 2.25081729022884
34.4 3.16472938612423
34.6 4.18979295314203
34.8 4.9674900108972
35 5.02034144569561
35.2 3.92517253904831
35.4 2.7513621503814
35.6 1.82637123138394
35.8 1.18924809298947
36 0.94424264438794
36.2 0.826007991282238
36.4 0.660552124954595
36.6 0.667998547039593
36.8 0.654740283327279
37 0.701053396294951
37.2 1.17326552851435
37.4 2.08390846349437
37.6 2.97675263349074
37.8 3.65455866327643
38 4.65982564475118
38.2 5.54231747184889
38.4 5.08045768252815
38.6 3.57882310207047
38.8 2.51162368325463
39 1.63930257900472
39.2 1.01071558300036
39.4 0.855975299673084
39.6 0.770250635670178
39.8 0.724664002905921
40 0.619324373410825
40.2 0.630221576462041
40.4 0.697420995277879
40.6 1.15147112241191
40.8 2.0152560842717
41 2.93643298220123
41.2 3.71485652015983
41.4 4.38830366872503
41.6 5.05630221576462
41.8 4.68634217217581
42 3.23755902651653
42.2 2.20014529604068
42.4 1.45713766799855
42.6 1.09589538685071
42.8 0.752088630584817
43 0.688339992735198
43.2 0.669996367598983
43.4 0.548129313476208
43.6 0.557391936069742
43.8 0.581365782782419
44 1.05375953505267
44.2 1.72793316382129
44.4 2.64693062114057
44.6 3.57900472212132
44.8 4.19197239375227
45 4.81983290955321
45.2 4.90501271340356
45.4 3.58663276425717
45.6 2.28478023973847
45.8 1.56229567744279
46 1.1233200145296
46.2 0.904104613149292
46.4 0.668180167090447
46.6 0.647838721394842
46.8 0.651289502361061
47 0.581184162731566
47.2 1.09135488557937
47.4 1.98183799491464
47.6 2.92281147838721
47.8 3.705957137668
48 4.70577551761714
48.2 5.42934980021794
48.4 4.76044315292408
48.6 3.37613512531783
48.8 2.22321104249909
49 1.45768252815111
49.2 0.922266618234653
49.4 0.789139120958954
49.6 0.728841264075554
49.8 0.648565201598256
50 0.563203777697058
50.2 0.587177624409735
50.4 1.01689066472939
50.6 1.80403196512895
50.8 2.81420268797675
51 3.84253541590992
51.2 4.57083181983291
51.4 5.17562658917544
51.6 5.04758445332365
51.8 3.57319288049401
52 2.11460225208863
52.2 1.41445695604795
52.4 1.02651652742463
52.6 0.788412640755539
52.8 0.654013803123865
53 0.628405375953505
53.2 0.631492916818017
53.4 0.52361060661097
53.6 0.695059934616782
53.8 1.39847439157283
54 2.09680348710498
54.2 2.98492553577915
54.4 3.96567381038867
54.6 4.7286596440247
54.8 5.15201598256448
55 4.49309843806756
55.2 3.27442789683981
55.4 2.02433708681438
55.6 1.2764257173992
55.8 0.984380675626589
56 0.801126044315292
56.2 0.604794769342535
56.4 0.600254268071195
56.6 0.615510352342899
56.8 0.584271703596077
57 1.0101707228478
57.2 1.83418089357065
57.4 2.66127860515801
57.6 3.33599709407919
57.8 3.98038503450781
58 3.42499091899746
58.2 2.19251725390483
58.4 1.36996004358881
58.6 1.01071558300036
58.8 0.8191064293498
59 0.603341808935707
59.2 0.595532146749001
59.4 0.619142753359971
59.6 0.967671630948057
59.8 1.71540138031239
60 2.85107155830004
60.2 3.91082455503088
60.4 4.71903378132946
60.6 5.39320741009807
60.8 4.94587722484562
61 3.60969851071558
61.2 2.42154013803124
61.4 1.69015619324373
61.6 1.19233563385398
61.8 0.788231020704686
62 0.718307301126044
62.2 0.68743189248093
62.4 0.745005448601526
62.6 1.18779513258264
62.8 2.13112967671631
63 3.2564475118053
63.2 4.47548129313476
63.4 5.5575735561206
63.6 5.85052669814748
63.8 4.58881220486742
64 3.31075190701053
64.2 2.24482382855067
64.4 1.48801307664366
64.6 0.928986560116237
64.8 0.794587722484562
65 0.717399200871776
65.2 0.623864874682165
65.4 0.568470759171813
65.6 0.809662186705412
65.8 1.61260443152924
66 2.53468942971304
66.2 3.76098801307664
66.4 4.9420632037777
66.6 5.62041409371595
66.8 5.26970577551762
67 4.07137667998547
67.2 2.68416273156556
67.4 1.53269160915365
67.6 1.08608790410461
67.8 0.865056302215765
68 0.720486741736288
68.2 0.558481656374864
68.4 0.583000363240102
68.6 0.913185615691972
68.8 1.59716672720668
69 2.77860515800944
69.2 3.9471485652016
69.4 4.79295314202688
69.6 5.5426807119506
69.8 5.11278605158009
70 3.82164911006175
70.2 2.33272793316382
70.4 1.61950599346168
70.6 1.14166363966582
70.8 0.879585906284054
71 0.638394478750454
71.2 0.60552124954595
71.4 0.648201961496549
71.6 0.980748274609517
71.8 2.0023610606611
72 3.08209226298583
72.2 4.0301489284417
72.4 4.80330548492554
72.6 5.47439157282964
72.8 4.68125681075191
73 3.18525245187069
73.2 2.07936796222303
73.4 1.35397747911369
73.6 0.938612422811478
73.8 0.658372684344352
74 0.609335270613876
74.2 0.594624046494733
74.4 0.564111877951326
74.6 1.26171449328006
74.8 2.33708681438431
75 3.30185252451871
75.2 4.19796585543044
75.4 5.14130039956411
75.6 5.73428986560116
75.8 5.0704685797312
76 3.7588085724664
76.2 2.53142026879768
76.4 1.59099164547766
76.6 0.971304031965129
76.8 0.790592081365783
77 0.698329095532147
77.2 0.569560479476934
77.4 0.56229567744279
77.6 0.65728296403923
77.8 1.36905194333454
78 2.1507446422085
78.2 3.29967308390846
78.4 4.38666908826734
78.6 5.06665455866328
78.8 5.65655648383582
79 4.79658554304395
79.2 3.26498365419542
79.4 1.90864511442063
79.6 1.30602978568834
79.8 0.981474754812931
80 0.702869596803487
80.2 0.628042135851798
80.4 0.633309117326553
80.6 0.856883399927352
80.8 1.50217944061024
81 2.58790410461315
81.2 3.80203414456956
81.4 4.73301852524519
81.6 5.63476207773338
81.8 5.75263349073738
82 4.3668725027243
82.2 2.80003632401017
82.4 1.91354885579368
82.6 1.31365782782419
82.8 0.932982201235016
83 0.681620050853614
83.2 0.639665819106429
83.4 0.649473301852524
83.6 0.769887395568471
83.8 1.65328732292045
84 2.64438794042862
84.2 3.61478387213948
84.4 4.43625136215038
84.6 5.38775880857247
84.8 5.6581910642935
85 4.65474028332728
85.2 3.54086451144206
85.4 2.48020341445696
85.6 1.67707954958227
85.8 1.01126044315292
86 0.808572466400291
86.2 0.728478023973847
86.4 0.641300399564112
86.6 0.643116600072648
86.8 1.21358517980385
87 2.05375953505267
87.2 2.88830366872503
87.4 4.00199782055939
87.6 5.0375953505267
87.8 5.60479476934254
88 4.84362513621504
88.2 3.55902651652742
88.4 2.35016345804577
88.6 1.39411551035234
88.8 1.00345078096622
89 0.809117326552851
89.2 0.724845622956774
89.4 0.569015619324373
89.6 0.639120958953869
89.8 1.25808209226299
90 1.96022520886306
90.2 3.02796948783146
90.4 4.22974936432982
90.6 5.20577551761714
90.8 5.57936796222303
91 4.83127497275699
91.2 3.50980748274609
91.4 2.25826371231384
91.6 1.35797312023247
91.8 1.00726480203414
92 0.81656374863785
92.2 0.615691972393752
92.4 0.580276062477297
92.6 0.586632764257174
92.8 0.88594260806393
93 1.42753359970941
93.2 2.59135488557937
93.4 3.6581910642935
93.6 4.33309117326553
93.8 5.18888485288776
94 6.13712313839448
94.2 6.60624772974936
94.4 5.09353432618961
94.6 3.60606610969851
94.8 2.52179440610243
95 1.56919723937523
95.2 1.04122775154377
95.4 0.811115147112241
95.6 0.698873955684708
95.8 0.543043952052307
96 0.555212495459499
96.2 0.542862332001453
96.4 0.551216854340719
96.6 0.763349073737741
96.8 1.66781692698874
97 2.76026153287323
97.2 3.54522339266255
97.4 4.60588448964766
97.6 5.47711587359245
97.8 5.10424990918997
98 3.58009444242644
98.2 2.48855793679622
98.4 1.71503814021068
98.6 1.12858699600436
98.8 0.766618234653106
99 0.662186705412278
99.2 0.668543407192154
99.4 0.966763530693789
99.6 2.05375953505267
99.8 3.39139120958954
100 4.53632401017072
100.2 5.34507809662187
100.4 6.11714493280058
100.6 5.22884126407555
100.8 3.69179077370142
101 2.68616055212495
101.2 1.98329095532147
101.4 1.58990192517254
101.6 1.37032328369052
101.8 1.55248819469669
102 2.81129676716309
102.2 4.18162005085361
102.4 5.45513984743916
102.6 6.62005085361424
102.8 8.16236832546313
103 9.66545586632764
103.2 10
103.4 7.76843443516164
103.6 5.87304758445332
103.8 4.53505266981475
104 3.60316018888485
104.2 2.80548492553578
104.4 2.0450417726117
104.6 1.61169633127497
104.8 1.25390483109335
105 1.01743552488195
105.2 0.801489284417
105.4 0.926443879404286
105.6 1.91027969487831
105.8 2.86723574282601
106 4.15201598256448
106.2 5.09880130766437
106.4 4.96549219033781
106.6 3.2964039229931
106.8 2.11950599346168
107 1.37213948419906
107.2 0.923174718488921
107.4 0.726480203414457
107.6 0.660915365056302
107.8 0.685978932074101
108 1.02015982564475
108.2 2.11714493280058
108.4 3.15256084271704
108.6 4.09698510715583
108.8 5.01798038503451
109 5.45550308754086
109.2 4.32255721031602
109.4 2.68289139120959
109.6 1.78187431892481
109.8 1.20958953868507
110 0.935343261896113
110.2 0.671086087904105
110.4 0.63766799854704
110.6 0.701416636396658
110.8 1.12531783508899
111 2.05230657464584
111.2 3.12132219397021
111.4 3.97802397384671
111.6 4.62622593534326
111.8 4.80039956411188
112 3.62949509625863
112.2 2.45423174718489
112.4 1.47784235379586
112.6 1.09680348710498
112.8 0.891754449691246
113 0.713766799854704
113.2 0.606792589901925
113.4 0.597711587359244
113.6 0.596803487104976
113.8 0.485107155830004
114 0.679803850345078
114.2 1.29004722121322
114.4 2.05975299673084
114.6 2.89647657101344
114.8 3.98329095532147
115 5.01362150381402
115.2 5.50563022157646
115.4 4.39393389030149
115.6 3.10352342898656
115.8 2.03559752996731
116 1.22956774427897
116.2 0.905194333454413
116.4 0.766254994551399
116.6 0.699418815837268
116.8 0.560116236832546
117 0.577006901561932
117.2 0.578459861968761
117.4 0.81057028695968
117.6 1.42371957864148
117.8 2.37686160552125
118 3.33218307301126
118.2 4.05266981474755
118.4 4.77824191790774
118.6 5.06483835815474
118.8 3.93661460225209
119 2.43370868143843
119.2 1.64911006175082
119.4 1.22230294224482
119.6 0.912095895386851
119.8 0.698873955684708
120 0.651471122411914
120.2 0.625499455139847
120.4 0.508172902288413
120.6 0.545768252815111
120.8 0.934798401743553
121 1.68924809298947
121.2 2.35270613875772
121.4 3.32509989102797
121.6 4.14093715946241
121.8 4.6907010533963
122 5.00181620050854
122.2 3.87631674536869
122.4 2.62477297493643
122.6 1.55866327642572
122.8 1.12695241554668
123 0.873955684707592
123.2 0.707591718125681
123.4 0.574645840900835
123.6 0.589720305121685
123.8 1.04358881220487
124 1.7537232110425
124.2 2.77297493643298
124.4 3.80221576462041
124.6 4.62422811478387
124.8 4.98038503450781
125 4.03323646930621
125.2 2.68870323283691
125.4 1.60370504903741
125.6 1.10370504903741
125.8 0.861423901198692
126 0.737014166363967
126.2 0.566291318561569
126.4 0.557391936069742
126.6 0.669814747548129
126.8 1.18870323283691
127 2.15365056302216
127.2 3.24173628768616
127.4 4.14584090083545
127.6 4.76952415546676
127.8 5.06901561932437
128 3.94424264438794
128.2 2.43606974209953
128.4 1.51779876498365
128.6 1.06066109698511
128.8 0.81002542680712
129 0.578823102070468
129.2 0.564475118053033
129.4 0.560116236832546
129.6 0.53668725027243
129.8 0.466400290592081
130 0.846531057028696
130.2 1.61605521249546
130.4 2.26825281511079
130.6 3.09244460588449
130.8 3.97475481293135
131 4.62531783508899
131.2 4.46803487104976
131.4 3.37268434435162
131.6 2.22248456229568
131.8 1.31946966945151
132 0.974573192880494
132.2 0.767707954958227
132.4 0.666363966581911
132.6 0.492371957864148
132.8 0.482564475118053
133 0.499455139847439
133.2 0.517435524881947
133.4 1.19124591354886
133.6 1.96603705049037
133.8 2.77497275699237
134 3.41808935706502
134.2 4.21013439883763
134.4 4.77933163821286
134.6 3.81783508899383
134.8 2.62440973483473
135 1.76770795495823
135.2 1.20704685797312
135.4 0.766436614602252
135.6 0.65328732292045
135.8 0.602796948783146
136 0.535597529967308
136.2 0.717944061024337
136.4 1.52070468579731
136.6 2.34762077733382
136.8 3.08881220486742
137 4.08663276425717
137.2 4.97747911369415
137.4 5.19015619324373
137.6 3.80094442426444
137.8 2.66309480566655
138 1.73029422448238
138.2 1.02796948783146
138.4 0.763349073737741
138.6 0.637304758445332
138.8 0.583363603341809
139 0.43516164184526
139.2 0.438794042862332
139.4 0.599527787867781
139.6 1.13421721758082
139.8 1.93861242281148
140 2.96567381038867
140.2 3.90864511442063
140.4 4.63258263712314
140.6 5.28877588085725
140.8 4.52542680711951
141 2.94424264438794
141.2 1.68561569197239
141.4 1.11805303305485
141.6 0.830003632401017
141.8 0.562658917544497
142 0.514166363966582
142.2 0.537776970577552
142.4 1.07755176171449
142.6 1.82237559026517
142.8 2.84544133672357
143 3.91445695604795
143.2 4.6785325099891
143.4 5.3468942971304
143.6 4.81565564838358
143.8 3.39883763167454
144 1.98074827460952
144.2 1.30820922629858
144.4 0.910279694878315
144.6 0.677442789683981
144.8 0.512168543407192
145 0.505266981474755
145.2 0.732292045041773
145.4 1.44351616418453
145.6 2.54068289139121
145.8 3.62985833636033
146 4.53941155103523
146.2 5.26062477297494
146.4 5.26007991282238
146.6 3.89974573192881
146.8 2.42844169996368
147 1.5630221576462
147.2 1.01689066472939
147.4 0.764983654195423
147.6 0.512531783508899
147.8 0.479476934253542
148 0.472756992371958
148.2 0.38594260806393
148.4 0.776970577551762
148.6 1.58881220486742
148.8 2.44188158372684
149 3.20159825644751
149.2 4.21976026153287
149.4 5.04159099164548
149.6 4.85978932074101
149.8 3.86396658191064
150 2.75917181256811
150.2 1.79476934253542
150.4 1.0501271340356
150.6 0.814384308027606
150.8 0.66581910642935
151 0.548492553577915
151.2 0.432255721031602
151.4 0.434253541590992
151.6 0.748274609516891
151.8 1.34235379585906
152 2.24064656738104
152.2 3.23083908463494
152.4 4.04522339266255
152.6 4.67308390846349
152.8 4.89102796948783
153 3.88267344714857
153.2 2.39357065019978
153.4 1.58790410461315
153.6 1.08209226298583
153.8 0.789502361060661
154 0.50853614239012
154.2 0.465492190337813
154.4 0.45931710860879
154.6 0.388485288775881
154.8 0.844896476571014
155 1.76843443516164
155.2 2.78241917907737
155.4 3.80003632401017
155.6 4.88866690882673
155.8 5.66218670541228
156 5.11968761351253
156.2 3.48347257537232
156.4 2.16690882673447
156.6 1.37359244460588
156.8 0.758263712313839
157 0.622956774427897
157.2 0.538503450780966
157.4 0.459861968761351
157.6 0.367598982927715
157.8 0.697057755176171
158 1.56610969851072
158.2 2.40283327279332
158.4 3.5375953505267
158.6 4.64257173992009
158.8 5.28114783872139
159 5.26207773338176
159.2 4.12767889575009
159.4 2.71558300036324
159.6 1.54377043225572
159.8 1.03577915001816
160 0.783327279331638
160.2 0.594260806393026
160.4 0.437341082455503
160.6 0.43770432255721
160.8 0.784598619687614
161 1.48292771521976
161.2 2.62622593534326
161.4 3.80094442426444
161.6 4.72920450417726
161.8 5.47112241191428
162 5.4298946603705
162.2 4.06120595713767
162.4 2.46185978932074
162.6 1.64693062114057
162.8 1.10043588812205
163 0.778605158009444
163.2 0.50853614239012
163.4 0.471667272066836
163.6 0.459861968761351
163.8 0.653832183073011
164 1.65873592444606
164.2 2.84053759535053
164.4 3.91445695604795
164.6 4.78369051943335
164.8 5.69197239375227
165 5.61187795132583
165.2 4.17526334907374
165.4 2.79240828187432
165.6 1.7838721394842
165.8 1.15855430439521
166 0.685070831819833
166.2 0.53868507083182
166.4 0.480021794406102
166.6 0.389030148928442
166.8 0.455866327642572
167 1.04431529240828
167.2 2.03323646930621
167.4 2.96058844896477
167.6 4.1002542680712
167.8 5.08590628405376
168 5.48129313476208
168.2 4.56574645840901
168.4 3.21921540138031
168.6 2.06610969851072
168.8 1.15237922266618
169 0.829458772248456
169.2 0.628405375953505
169.4 0.528332727933164
169.6 0.365782782419179
169.8 0.359970940791863
170 0.420450417726117
170.2 0.800581184162732
170.4 1.68053033054849
170.6 2.75862695241555
170.8 3.68779513258264
171 4.43098438067563
171.2 5.27533599709408
171.4 5.14202687976753
171.6 3.75009081002543
171.8 2.3516164184526
172 1.55121685434072
172.2 0.998183799491464
172.4 0.569197239375227
172.6 0.483835815474028
172.8 0.433890301489284
173 0.393207410098075
173.2 0.449509625862695
173.4 1.15056302215765
173.6 2.1859789320741
173.8 3.13349073737741
174 4.28405375953505
174.2 5.31837994914639
174.4 5.7916818016709
174.6 4.66618234653106
174.8 3.24100980748275
175 2.0928078459862
175.2 1.18180167090447
175.4 0.82564475118053
175.6 0.621867054122775
175.8 0.518525245187069
176 0.346349436977842
176.2 0.344896476571013
176.4 0.354340719215401
176.6 0.586632764257174
176.8 1.48038503450781
177 2.42789683981112
177.2 3.37286596440247
177.4 4.17962223029422
177.6 5.04903741373048
177.8 5.29240828187432
178 3.87359244460588
178.2 2.65691972393752
178.4 1.65673810388667
178.6 1.07173992008718
178.8 0.593352706138758
179 0.480748274609517
179.2 0.42916818016709
179.4 0.300217944061024
179.6 0.299673083908463
179.8 0.475844533236469
180 1.19051943334544
180.2 1.88267344714857
180.4 2.88430802760625
180.6 3.85452233926625
180.8 4.5227025063567
181 5.49001089720305
181.2 5.52433708681439
181.4 4.07827824191791
181.6 2.4949146385761
181.8 1.59970940791863
182 1.05248819469669
182.2 0.645296040682891
182.4 0.474209952778787
182.6 0.415909916454777
182.8 0.418270977115874
183 0.523792226661823
183.2 1.4122775154377
183.4 2.56374863784962
183.6 3.56120595713767
183.8 4.76443879404286
184 5.66854340719215
184.2 5.45822738830367
184.4 4.09335270613876
184.6 2.79822012350163
184.8 1.7560842717036
185 1.01235016345805
185.2 0.642026879767526
185.4 0.496912459135489
185.6 0.426807119505993
185.8 0.280058118416273
186 0.306937885942608
186.2 0.683617871413004
186.4 1.36796222302942
186.6 2.32037776970578
186.8 3.39120958953869
187 4.19378859426081
187.2 4.47984017435525
187.4 3.86741736287686
187.6 2.98873955684708
187.8 2.0152560842717
188 1.40918997457319
188.2 1.03814021067926
188.4 0.754812931347621
188.6 0.472575372321104
188.8 0.440973483472575
189 0.419542317471849
189.2 0.416273156556484
189.4 1.00617508172902
189.6 1.79495096258627
189.8 2.58554304395205
190 3.2991282237559
190.2 4.15619324373411
190.4 4.84199055575736
190.6 4.81129676716309
190.8 3.99836541954232
191 3.14911006175082
191.2 2.59298946603705
191.4 1.97475481293135
191.6 1.62495459498729
191.8 1.47820559389757
192 1.21503814021068
192.2 1.20450417726117
192.4 1.30076280421359
192.6 1.79731202324737
192.8 2.27297493643298
193 2.96294950962586
193.2 3.64602252088631
193.4 4.16890664729386
193.6 4.70486741736288
193.8 4.55775517617145
194 3.68034871049764
194.2 2.67562658917544
194.4 2.04340719215401
194.6 1.56175081729023
194.8 1.0755539411551
195 0.964584090083545
195.2 0.907373774064657
195.4 0.875408645114421
195.6 1.08844896476571
195.8 1.90501271340356
196 2.7388303668725
196.2 3.38612422811478
196.4 4.29313476207773
196.6 5.03505266981475
196.8 4.66363966581911
197 3.38013076643661
197.2 2.48783145659281
197.4 1.66654558663276
197.6 0.954231747184889
197.8 0.753541590991646
198 0.618234653105703
198.2 0.494188158372684
198.4 0.370323283690519
198.6 0.583545223392663
198.8 1.38576098801308
199 2.10261532873229
199.2 2.99654921903378
199.4 3.98855793679622
199.6 4.59099164547766
199.8 4.93207410098075
200 4.22666182346531
200.2 3.04122775154377
200.4 1.91082455503088
200.6 1.32001452960407
200.8 0.922448238285507
201 0.603341808935707
201.2 0.434616781692699
201.4 0.380675626589175
201.6 0.356883399927352
201.8 0.341445695604795
202 0.971485652015983
202.2 1.79785688339993
202.4 2.48783145659281
202.6 3.43261896113331
202.8 4.35652015982564
203 4.9169996367599
203.2 4.32709771158736
203.4 3.28695968034871
203.6 2.19070105339629
203.8 1.23937522702506
204 0.847984017435525
204.2 0.618234653105703
204.4 0.484562295677443
204.6 0.31002542680712
204.8 0.306574645840901
205 0.546676353069379
205.2 1.07301126044315
205.4 1.98438067562659
205.6 2.9647657101344
205.8 3.77769705775518
206 4.47130403196513
206.2 4.89375227025064
206.4 4.06956047947693
206.6 2.72393752270251
206.8 1.89683981111515
207 1.27206683617871
207.2 0.752815110788231
207.4 0.498183799491464
207.6 0.395931710860879
207.8 0.352161278605158
208 0.212495459498729
208.2 0.255721031601889
208.4 0.826007991282238
208.6 1.43806756265892
208.8 2.24282600799128
209 3.13748637849619
209.2 3.92626225935343
209.4 4.40337813294588
209.6 4.73011260443153
209.8 3.79676716309481
210 2.43116600072648
210.2 1.61805303305485
210.4 1.09535052669815
210.6 0.731020704685797
210.8 0.383036687250272
211 0.321649110061751
211.2 0.292589901925173
211.4 0.162913185615692
211.6 0.415001816200509
211.8 1.13385397747911
212 1.82836905194333
212.2 2.40392299309844
212.4 3.36596440247003
212.6 4.31311296767163
212.8 4.87613512531783
213 4.36868870323284
213.2 3.11696331274973
213.4 2.03178350889938
213.6 1.15782782419179
213.8 0.774791136941518
214 0.525063567017799
214.2 0.289139120958954
214.4 0.26734471485652
214.6 0.269705775517617
214.8 0.305121685434072
215 0.924990918997457
215.2 1.91027969487831
215.4 2.75899019251725
215.6 3.58318198329096
215.8 4.56393025790047
216 5.27987649836542
216.2 4.95296040682891
216.4 3.69923719578641
216.6 2.45205230657465
216.8 1.51398474391573
217 0.799673083908463
217.2 0.565928078459862
217.4 0.437341082455503
217.6 0.300581184162732
217.8 0.248819469669452
218 0.501634580457682
218.2 1.36269524155467
218.4 2.04159099164548
218.6 3.07410098074827
218.8 4.06229567744279
219 4.68452597166727
219.2 5.18507083181983
219.4 4.43788594260806
219.6 3.10988013076644
219.8 1.80602978568834
220 1.17435524881947
220.2 0.775335997094079
220.4 0.413367235742826
220.6 0.315110788231021
220.8 0.265528514347984
221 0.266073374500545
221.2 0.131492916818017
221.4 0.510170722847802
221.6 1.32546313112968
221.8 2.02470032691609
222 2.9146385760988
222.2 3.89320741009807
222.4 4.66218670541228
222.6 5.04994551398474
222.8 4.51071558300036
223 3.16236832546313
223.2 1.83454413367236
223.4 1.12731565564838
223.6 0.7411914275336
223.8 0.505630221576462
224 0.27787867780603
224.2 0.241373047584453
224.4 0.241736287686161
224.6 0.360152560842717
224.8 1.10915365056302
225 2.08336360334181
225.2 3.03432618961133
225.4 3.7686160552125
225.6 4.57882310207047
225.8 5.31184162731566
226 4.72648020341446
226.2 3.24645840900835
226.4 2.15110788231021
226.6 1.36941518343625
226.8 0.708136578278242
227 0.513984743915728
227.2 0.399927351979659
227.4 0.312023247366509
227.6 0.208681438430803
227.8 0.405557573556121
228 1.27824191790774
228.2 2.18906647293861
228.4 3.33690519433345
228.6 4.43043952052307
228.8 5.23447148565202
229 6.0098074827461
229.2 5.27442789683981
229.4 3.70432255721032
229.6 2.25499455139847
229.8 1.40846349436978
230 0.850526698147476
230.2 0.450962586269524
230.4 0.325099891027969
230.6 0.267889575009081
230.8 0.266436614602252
231 0.411006175081729
231.2 1.3191064293498
231.4 2.3289139120959
231.6 3.22557210316019
231.8 4.38884852887759
232 5.40029059208137
232.2 5.77951325826371
232.4 4.71431166000727
232.6 3.53850345078097
232.8 2.29622230294224
233 1.23755902651653
233.2 0.787322920450418
233.4 0.539411551035234
233.6 0.367780602978569
233.8 0.187068652379223
234 0.177442789683981
234.2 0.206320377769706
234.4 0.651289502361061
234.6 1.5701053396295
234.8 2.62368325463131
235 3.61478387213948
235.2 4.46531057028696
235.4 5.39175444969125
235.6 5.39084634943698
235.8 4.02070468579731
236 2.66073374500545
236.2 1.59444242644388
236.4 0.996185978932074
236.6 0.462586269524155
236.8 0.345986196876135
237 0.288049400653832
237.2 0.160733745005449
237.4 0.240283327279332
237.6 0.947875045405013
237.8 1.897021431166
238 2.68961133309117
238.2 3.73174718488921
238.4 4.6432982201235
238.6 5.17217580820923
238.8 4.8367235742826
239 3.56338539774791
239.2 2.2913185615692
239.4 1.23483472575372
239.6 0.778786778060298
239.8 0.53214674900109
240 0.282782419179077
240.2 0.247184889211769
240.4 0.236650926262259
240.6 0.470577551761715
240.8 1.20014529604068
241 2.27188521612786
241.2 3.26171449328006
241.4 4.06284053759535
241.6 4.91754449691246
241.8 5.53269160915365
242 4.75118053033055
242.2 3.36269524155467
242.4 2.27515437704323
242.6 1.38285506719942
242.8 0.749182709771159
243 0.523973846712677
243.2 0.374318924809299
243.4 0.291500181620051
243.6 0.180348710497639
243.8 0.313294587722485
244 1.09989102796949
244.2 1.86796222302942
244.4 2.92571739920087
244.6 3.96567381038867
244.8 4.64856520159826
245 5.31710860879041
245.2 4.93261896113331
245.4 3.62277515437704
245.6 2.19778423537959
245.8 1.45078096621867
246 0.920995277878678
246.2 0.536324010170723
246.4 0.316926988739557
246.6 0.263349073737741
246.8 0.245005448601526
247 0.172175808209226
247.2 0.907918634217218
247.4 1.82818743189248
247.6 2.56465673810389
247.8 3.34743915728296
248 4.3116600072648
248.2 5.05539411551035
248.4 5.13657827824192
248.6 4.19905557573556
248.8 3.1155103523429
249 1.91264075553941
249.2 1.06865237922267
249.4 0.709226298583364
249.6 0.48492553577915
249.8 0.220668361787141
250 0.219033781329459
250.2 0.205593897566291
250.4 0.422448238285507
250.6 1.05539411551035
250.8 1.98855793679622
251 2.93843080276062
251.2 3.69505993461678
251.4 4.56229567744279
251.6 5.3868507083182
251.8 5.00853614239012
252 3.39611333091173
252.2 2.21667272066836
252.4 1.37413730475845
252.6 0.751907010533963
252.8 0.480021794406102
253 0.354885579367962
253.2 0.300581184162732
253.4 0.159099164547766
253.6 0.239556847075917
253.8 0.98038503450781
254 1.69869233563385
254.2 2.66273156556484
254.4 3.72993098438068
254.6 4.63948419905558
254.8 5.17689792953142
255 4.96785325099891
255.2 3.6233200145296
255.4 2.1483835815474
255.6 1.39665819106429
255.8 0.851434798401744
256 0.572829640392299
256.2 0.258626952415547
256.4 0.223755902651653
256.6 0.219033781329459
256.8 0.201961496549219
257 0.956229567744279
257.2 1.96585543043952
257.4 2.94569560479477
257.6 3.84816563748638
257.8 4.81656374863785
258 5.51489284417
258.2 4.8265528514348
258.4 3.63203777697058
258.6 2.48274609516891
258.8 1.54831093352706
259 0.825463131129677
259.2 0.548129313476208
259.4 0.396113330911733
259.6 0.217762440973483
259.8 0.177624409734835
260 0.274791136941518
260.2 1.02760624772975
260.4 1.71176897929531
260.6 2.76098801307664
260.8 3.81601888848529
261 4.49545949872866
261.2 4.95477660733745
261.4 4.03922993098438
261.6 2.76044315292408
261.8 1.60461314929168
262 1.03705049037414
262.2 0.647293861242281
262.4 0.296767163094806
262.6 0.258626952415547
262.8 0.216309480566655
263 0.211405739193607
263.2 0.47638939338903
263.4 1.397021431166
263.6 2.38757718852161
263.8 3.18507083181983
264 4.12658917544497
264.2 4.86778060297857
264.4 4.89683981111515
264.6 3.66926988739557
264.8 2.50780966218671
265 1.65237922266618
265.2 0.862150381402107
265.4 0.559389756629132
265.6 0.378859426080639
265.8 0.301307664366146
266 0.139847439157283
266.2 0.149110061750817
266.4 0.397021431166001
266.6 0.917726116963313
266.8 1.76443879404286
267 2.64257173992009
267.2 3.52724300762804
267.4 4.21431166000727
267.6 4.71285869960044
267.8 3.9749364329822
268 2.65528514347984
268.2 1.64929168180167
268.4 1.03886669088267
268.6 0.642026879767526
268.8 0.301126044315292
269 0.248637849618598
269.2 0.221939702143117
269.4 0.163276425717399
269.6 0.131856156919724
269.8 0.669814747548129
270 1.38739556847076
270.2 2.01071558300036
270.4 2.9220849981838
270.6 3.82110424990919
270.8 4.46040682891391
271 4.04740283327279
271.2 3.00853614239012
271.4 1.99237195786415
271.6 1.07428260079913
271.8 0.652924082818743
272 0.42462767889575
272.2 0.300036324010171
272.4 0.108427170359608
272.6 0.108427170359608
272.8 0.152197602615329
273 0.502179440610243
273.2 1.22484562295677
273.4 2.19633127497276
273.6 3.08263712313839
273.8 3.7838721394842
274 4.46095168906647
274.2 4.38757718852161
274.4 3.03850345078097
274.6 1.80675626589175
274.8 1.19160915365056
275 0.722666182346531
275.2 0.31256810751907
275.4 0.227206683617871
275.6 0.205775517617145
275.8 0.565201598256448
276 1.10933527061388
276.2 2.08154740283327
276.4 3.06211405739194
276.6 3.81093352706139
276.8 4.50581184162732
277 4.45931710860879
277.2 3.27206683617871
277.4 1.95986196876135
277.6 1.27224845622957
277.8 0.837268434435162
278 0.438794042862332
278.2 0.24772974936433
278.4 0.189792953142027
278.6 0.154558663276426
278.8 0.0305121685434072
279 0.0533962949509626
279.2 0.394660370504904
279.4 1.10225208863058
279.6 1.62586269524155
279.8 2.45314202687977
280 3.28605158009444
280.2 3.74645840900835
280.4 4.0399564111878
280.6 3.10715583000363
280.8 2.07137667998547
281 1.21685434071922
281.2 0.882673447148565
281.4 0.591536505630222
281.6 0.365056302215765
281.8 0.146022520886306
282 0.121867054122775
282.2 0.119505993461678
282.4 0.00236106066109699
282.6 0.0312386487468216
282.8 0.419723937522702
283 1.00998910279695
283.2 1.37976752633491
283.4 2.03723211042499
283.6 2.74518706865238
283.8 3.31365782782419
284 3.71122411914275
284.2 3.39084634943698
284.4 2.41881583726843
284.6 1.51362150381402
284.8 1.10443152924083
285 0.806574645840901
285.2 0.567744278968398
285.4 0.239920087177624
285.6 0.173628768616055
285.8 0.142571739920087
286 0.0432255721031602
286.2 0.0274246276788957
286.4 0.398292771521976
286.6 0.824555030875409
286.8 1.40337813294588
287 2.27224845622957
287.2 3.12350163458046
287.4 3.91845259716673
287.6 4.26443879404286
287.8 3.99073737740647
288 3.07827824191791
288.2 1.97784235379586
288.4 1.28804940065383
288.6 0.862876861605521
288.8 0.579186342172176
289 0.262440973483473
289.2 0.201961496549219
289.4 0.175626589175445
289.6 0.147475481293135
289.8 0.244460588448965
290 0.880494006538322
290.2 1.56865237922267
290.4 2.22321104249909
290.6 3.11478387213948
290.8 3.97548129313476
291 4.3519796585543
291.2 3.57882310207047
291.4 2.66781692698874
291.6 1.94387940428623
291.8 1.23810388666909
292 0.809662186705412
292.2 0.598438067562659
292.4 0.416818016709045
292.6 0.183981111514711
292.8 0.161096985107156
293 0.223755902651653
293.2 0.579186342172176
293.4 1.01834362513622
293.6 1.79258990192517
293.8 2.49872865964402
294 3.06211405739194
294.2 3.8390846349437
294.4 4.30330548492554
294.6 3.67925899019252
294.8 2.51089720305122
295 1.75317835088994
295.2 1.20159825644751
295.4 0.666727206683618
295.6 0.386305848165637
295.8 0.271158735924446
296 0.192698873955685
296.2 0.0247003269160915
296.4 0.0430439520523066
296.6 0.223392662549946
296.8 0.691427533599709
297 1.18797675263349
297.2 1.98020341445696
297.4 2.60388666908827
297.6 3.13149291681802
297.8 3.75208863058482
298 3.59298946603705
298.2 2.66981474754813
298.4 1.66618234653106
298.6 1.14220849981838
298.8 0.725390483109335
299 0.31656374863785
299.2 0.158735924446059
299.4 0.0804576825281511
299.6 0.0401380312386487
299.8 0
300 0.517980385034508
300.2 1.26807119505993
300.4 1.99600435888122
300.6 2.69560479476934
300.8 3.59861968761351
301 4.33926625499455
301.2 4.27769705775518
301.4 3.25481293134762
301.6 2.25190701053396
301.8 1.43570650199782
