0 0 0 0 0 0 0
0.2 0 0 0.4 0 0 0
0.4 0 0 0 0 0 0
0.6 0 0 0.4 0 0 0
0.8 0 0 0 0 0 0
1 0 0 0.4 0 0 0
1.2 0 0 0 0 0 0
1.4 0 0 0.4 0 0 0
1.6 0 0 0 0 0 0
1.8 0 0 0.4 0 0 0
2 0 0 0 0 0 0
2.2 0 0 0.07489 0 0 0
2.4 0 0 0.33179 0 0 0
2.6 0 0 0.35742 0 0 0
2.8 0 0 0.3472 0 0 0
3 0 0 0.28837 0 0 0
3.2 0 0 0.1541 0 0 0
3.4 0 0 -0.32692 0 0 0
3.6 0 0 -1.2221 0 0 0
3.8 0 0 -2.1725 0 0 0
4 0 0 -3.1294 0 0 0
4.2 0 0 -3.9783 0 0 0
4.4 0 0 -4.4996 0 0 0
4.6 0 0 -4.3174 0 0 0
4.8 0 0 -3.4243 0 0 0
5 0 0 -2.3272 0 0 0
5.2 0 0 -1.1497 0 0 0
5.4 0 0 -0.23466 0 0 0
5.6 0 0 0.27634 0 0 0
5.8 0 0 0.33693 0 0 0
6 0 0 0.28251 0 0 0
6.2 0 0 -0.045745 0 0 0
6.4 0 0 -0.74416 0 0 0
6.6 0 0 -1.6714 0 0 0
6.8 0 0 -2.706 0 0 0
7 0 0 -3.5486 0 0 0
7.2 0 0 -4.2963 0 0 0
7.4 0 0 -4.4431 0 0 0
7.6 0 0 -4.0192 0 0 0
7.8 0 0 -3.0437 0 0 0
8 0 0 -1.8667 0 0 0
8.2 0 0 -0.77063 0 0 0
8.4 0 0 -0.10932 0 0 0
8.6 0 0 0.1158 0 0 0
8.8 0 0 0.15189 0 0 0
9 0 0 0.03666 0 0 0
9.2 0 0 -0.40261 0 0 0
9.4 0 0 -1.1496 0 0 0
9.6 0 0 -2.0912 0 0 0
9.8 0 0 -3.0891 0 0 0
10 0 0 -3.9891 0 0 0
10.2 0 0 -4.3953 0 0 0
10.4 0 0 -4.2992 0 0 0
10.6 0 0 -3.7715 0 0 0
10.8 0 0 -2.7638 0 0 0
11 0 0 -1.5532 0 0 0
11.2 0 0 -0.52638 0 0 0
11.4 0 0 -0.085575 0 0 0
11.6 0 0 0.12491 0 0 0
11.8 0 0 0.15821 0 0 0
12 0 0 -0.078422 0 0 0
12.2 0 0 -0.66217 0 0 0
12.4 0 0 -1.6156 0 0 0
12.6 0 0 -2.6515 0 0 0
12.8 0 0 -3.6603 0 0 0
13 0 0 -4.3103 0 0 0
13.2 0 0 -4.4512 0 0 0
13.4 0 0 -4.1498 0 0 0
13.6 0 0 -3.182 0 0 0
13.8 0 0 -1.9015 0 0 0
14 0 0 -0.72615 0 0 0
14.2 0 0 -0.15056 0 0 0
14.4 0 0 0.11157 0 0 0
14.6 0 0 0.14962 0 0 0
14.8 0 0 -0.099057 0 0 0
15 0 0 -0.5748 0 0 0
15.2 0 0 -1.4354 0 0 0
15.4 0 0 -2.4297 0 0 0
15.6 0 0 -3.3711 0 0 0
15.8 0 0 -3.9849 0 0 0
16 0 0 -4.3294 0 0 0
16.2 0 0 -4.2284 0 0 0
16.4 0 0 -3.4844 0 0 0
16.6 0 0 -2.2393 0 0 0
16.8 0 0 -1.0418 0 0 0
17 0 0 -0.31382 0 0 0
17.2 0 0 0.064982 0 0 0
17.4 0 0 0.12327 0 0 0
17.6 0 0 -0.070198 0 0 0
17.8 0 0 -0.58904 0 0 0
18 0 0 -1.4311 0 0 0
18.2 0 0 -2.4416 0 0 0
18.4 0 0 -3.3545 0 0 0
18.6 0 0 -4.0084 0 0 0
18.8 0 0 -4.3694 0 0 0
19 0 0 -4.4865 0 0 0
19.2 0 0 -3.8236 0 0 0
19.4 0 0 -2.6675 0 0 0
19.6 0 0 -1.3462 0 0 0
19.8 0 0 -0.40634 0 0 0
20 0 0 0.13993 0 0 0
20.2 0 0 0.2672 0 0 0
20.4 0 0 0.19147 0 0 0
20.6 0 0 -0.065648 0 0 0
20.8 0 0 -0.69959 0 0 0
21 0 0 -1.7213 0 0 0
21.2 0 0 -2.7594 0 0 0
21.4 0 0 -3.6462 0 0 0
21.6 0 0 -4.3471 0 0 0
21.8 0 0 -4.6428 0 0 0
22 0 0 -4.3012 0 0 0
22.2 0 0 -3.1946 0 0 0
22.4 0 0 -1.8936 0 0 0
22.6 0 0 -0.75467 0 0 0
22.8 0 0 0.0020824 0 0 0
23 0 0 0.33707 0 0 0
23.2 0 0 0.32243 0 0 0
23.4 0 0 0.27937 0 0 0
23.6 0 0 0.02475 0 0 0
23.8 0 0 -0.55416 0 0 0
24 0 0 -1.346 0 0 0
24.2 0 0 -2.3575 0 0 0
24.4 0 0 -3.2304 0 0 0
24.6 0 0 -3.9041 0 0 0
24.8 0 0 -3.945 0 0 0
25 0 0 -3.4378 0 0 0
25.2 0 0 -2.4871 0 0 0
25.4 0 0 -1.3374 0 0 0
25.6 0 0 -0.45213 0 0 0
25.8 0 0 0.068154 0 0 0
26 0 0 0.19153 0 0 0
26.2 0 0 0.25476 0 0 0
26.4 0 0 0.19228 0 0 0
26.6 0 0 -0.05213 0 0 0
26.8 0 0 -0.55139 0 0 0
27 0 0 -1.3307 0 0 0
27.2 0 0 -2.3269 0 0 0
27.4 0 0 -3.147 0 0 0
27.6 0 0 -3.6383 0 0 0
27.8 0 0 -3.806 0 0 0
28 0 0 -3.6818 0 0 0
28.2 0 0 -2.9682 0 0 0
28.4 0 0 -1.915 0 0 0
28.6 0 0 -0.87733 0 0 0
28.8 0 0 -0.2799 0 0 0
29 0 0 0.089486 0 0 0
29.2 0 0 0.21426 0 0 0
29.4 0 0 0.16254 0 0 0
29.6 0 0 0.10837 0 0 0
29.8 0 0 0.035924 0 0 0
30 0 0 -0.13725 0 0 0
30.2 0 0 -0.72615 0 0 0
30.4 0 0 -1.349 0 0 0
30.6 0 0 -2.0426 0 0 0
30.8 0 0 -2.6505 0 0 0
31 0 0 -3.231 0 0 0
31.2 0 0 -3.4852 0 0 0
31.4 0 0 -3.3908 0 0 0
31.6 0 0 -2.9248 0 0 0
31.8 0 0 -1.9753 0 0 0
32 0 0 -1.0072 0 0 0
32.2 0 0 -0.26072 0 0 0
32.4 0 0 0.0060862 0 0 0
32.6 0 0 0.11909 0 0 0
32.8 0 0 0.14521 0 0 0
33 0 0 0.079904 0 0 0
33.2 0 0 0.03348 0 0 0
33.4 0 0 -0.10157 0 0 0
33.6 0 0 -0.52395 0 0 0
33.8 0 0 -1.2767 0 0 0
34 0 0 -2.0333 0 0 0
34.2 0 0 -2.7563 0 0 0
34.4 0 0 -3.3914 0 0 0
34.6 0 0 -3.7863 0 0 0
34.8 0 0 -3.5403 0 0 0
35 0 0 -2.8581 0 0 0
35.2 0 0 -1.9831 0 0 0
35.4 0 0 -1.0312 0 0 0
35.6 0 0 -0.33742 0 0 0
35.8 0 0 0.07334 0 0 0
36 0 0 0.14417 0 0 0
36.2 0 0 0.19839 0 0 0
36.4 0 0 0.15226 0 0 0
36.6 0 0 0.016358 0 0 0
36.8 0 0 -0.36575 0 0 0
37 0 0 -0.98672 0 0 0
37.2 0 0 -1.9318 0 0 0
37.4 0 0 -2.7915 0 0 0
37.6 0 0 -3.3766 0 0 0
37.8 0 0 -3.852 0 0 0
38 0 0 -4.1529 0 0 0
38.2 0 0 -3.8208 0 0 0
38.4 0 0 -2.8954 0 0 0
38.6 0 0 -1.7152 0 0 0
38.8 0 0 -0.745 0 0 0
39 0 0 -0.020896 0 0 0
39.2 0 0 0.27188 0 0 0
39.4 0 0 0.27511 0 0 0
39.6 0 0 0.26233 0 0 0
39.8 0 0 0.24998 0 0 0
40 0 0 0.1825 0 0 0
40.2 0 0 -0.22827 0 0 0
40.4 0 0 -0.86237 0 0 0
40.6 0 0 -1.6993 0 0 0
40.8 0 0 -2.5046 0 0 0
41 0 0 -3.0643 0 0 0
41.2 0 0 -3.4631 0 0 0
41.4 0 0 -3.5659 0 0 0
41.6 0 0 -3.3866 0 0 0
41.8 0 0 -2.5716 0 0 0
42 0 0 -1.5897 0 0 0
42.2 0 0 -0.74444 0 0 0
42.4 0 0 -0.17027 0 0 0
42.6 0 0 0.063455 0 0 0
42.8 0 0 0.12859 0 0 0
43 0 0 0.053558 0 0 0
43.2 0 0 0.084608 0 0 0
43.4 0 0 0.038133 0 0 0
43.6 0 0 -0.24995 0 0 0
43.8 0 0 -0.74708 0 0 0
44 0 0 -1.4345 0 0 0
44.2 0 0 -2.1706 0 0 0
44.4 0 0 -2.8513 0 0 0
44.6 0 0 -3.3208 0 0 0
44.8 0 0 -3.5058 0 0 0
45 0 0 -3.3432 0 0 0
45.2 0 0 -2.6761 0 0 0
45.4 0 0 -1.6919 0 0 0
45.6 0 0 -0.76767 0 0 0
45.8 0 0 -0.3067 0 0 0
46 0 0 0.003258 0 0 0
46.2 0 0 0.07764 0 0 0
46.4 0 0 0.16801 0 0 0
46.6 0 0 0.05586 0 0 0
46.8 0 0 -0.20593 0 0 0
47 0 0 -0.78828 0 0 0
47.2 0 0 -1.6596 0 0 0
47.4 0 0 -2.4657 0 0 0
47.6 0 0 -3.1242 0 0 0
47.8 0 0 -3.6675 0 0 0
48 0 0 -3.9586 0 0 0
48.2 0 0 -3.5801 0 0 0
48.4 0 0 -2.6967 0 0 0
48.6 0 0 -1.5565 0 0 0
48.8 0 0 -0.62085 0 0 0
49 0 0 0.027849 0 0 0
49.2 0 0 0.2159 0 0 0
49.4 0 0 0.18345 0 0 0
49.6 0 0 0.19748 0 0 0
49.8 0 0 0.15885 0 0 0
50 0 0 -0.12019 0 0 0
50.2 0 0 -0.68812 0 0 0
50.4 0 0 -1.5467 0 0 0
50.6 0 0 -2.4637 0 0 0
50.8 0 0 -3.3115 0 0 0
51 0 0 -3.8314 0 0 0
51.2 0 0 -3.9691 0 0 0
51.4 0 0 -3.6727 0 0 0
51.6 0 0 -2.8369 0 0 0
51.8 0 0 -1.7152 0 0 0
52 0 0 -0.71124 0 0 0
52.2 0 0 -0.14955 0 0 0
52.4 0 0 0.16084 0 0 0
52.6 0 0 0.21676 0 0 0
52.8 0 0 0.2107 0 0 0
53 0 0 0.15672 0 0 0
53.2 0 0 0.020203 0 0 0
53.4 0 0 -0.42416 0 0 0
53.6 0 0 -1.1424 0 0 0
53.8 0 0 -1.8866 0 0 0
54 0 0 -2.6508 0 0 0
54.2 0 0 -3.3711 0 0 0
54.4 0 0 -3.8676 0 0 0
54.6 0 0 -3.9381 0 0 0
54.8 0 0 -3.4961 0 0 0
55 0 0 -2.6879 0 0 0
55.2 0 0 -1.5302 0 0 0
55.4 0 0 -0.59254 0 0 0
55.6 0 0 -0.065047 0 0 0
55.8 0 0 0.13456 0 0 0
56 0 0 0.23855 0 0 0
56.2 0 0 0.23245 0 0 0
56.4 0 0 0.12124 0 0 0
56.6 0 0 -0.17581 0 0 0
56.8 0 0 -0.78321 0 0 0
57 0 0 -1.6284 0 0 0
57.2 0 0 -2.3543 0 0 0
57.4 0 0 -2.8191 0 0 0
57.6 0 0 -2.7767 0 0 0
57.8 0 0 -2.3579 0 0 0
58 0 0 -1.4177 0 0 0
58.2 0 0 -0.57471 0 0 0
58.4 0 0 0.045972 0 0 0
58.6 0 0 0.28343 0 0 0
58.8 0 0 0.37709 0 0 0
59 0 0 0.33022 0 0 0
59.2 0 0 -0.04683 0 0 0
59.4 0 0 -0.66 0 0 0
59.6 0 0 -1.6721 0 0 0
59.8 0 0 -2.7452 0 0 0
60 0 0 -3.6373 0 0 0
60.2 0 0 -4.1681 0 0 0
60.4 0 0 -4.3669 0 0 0
60.6 0 0 -4.173 0 0 0
60.8 0 0 -3.3962 0 0 0
61 0 0 -2.3396 0 0 0
61.2 0 0 -1.2577 0 0 0
61.4 0 0 -0.43516 0 0 0
61.6 0 0 0.13022 0 0 0
61.8 0 0 0.29196 0 0 0
62 0 0 0.14603 0 0 0
62.2 0 0 -0.2871 0 0 0
62.4 0 0 -1.1395 0 0 0
62.6 0 0 -2.2746 0 0 0
62.8 0 0 -3.4543 0 0 0
63 0 0 -4.4382 0 0 0
63.2 0 0 -4.9702 0 0 0
63.4 0 0 -5.0408 0 0 0
63.6 0 0 -4.2557 0 0 0
63.8 0 0 -3.0835 0 0 0
64 0 0 -1.8269 0 0 0
64.2 0 0 -0.81246 0 0 0
64.4 0 0 -0.11715 0 0 0
64.6 0 0 0.2206 0 0 0
64.8 0 0 0.24422 0 0 0
65 0 0 0.25555 0 0 0
65.2 0 0 -0.0044167 0 0 0
65.4 0 0 -0.63663 0 0 0
65.6 0 0 -1.5951 0 0 0
65.8 0 0 -2.6706 0 0 0
66 0 0 -3.6747 0 0 0
66.2 0 0 -4.5034 0 0 0
66.4 0 0 -4.7216 0 0 0
66.6 0 0 -4.3489 0 0 0
66.8 0 0 -3.4663 0 0 0
67 0 0 -2.3292 0 0 0
67.2 0 0 -1.1059 0 0 0
67.4 0 0 -0.18398 0 0 0
67.6 0 0 0.15807 0 0 0
67.8 0 0 0.31526 0 0 0
68 0 0 0.2339 0 0 0
68.2 0 0 -0.097691 0 0 0
68.4 0 0 -0.77018 0 0 0
68.6 0 0 -1.6969 0 0 0
68.8 0 0 -2.7055 0 0 0
69 0 0 -3.6512 0 0 0
69.2 0 0 -4.1887 0 0 0
69.4 0 0 -4.3073 0 0 0
69.6 0 0 -4.0009 0 0 0
69.8 0 0 -3.2794 0 0 0
70 0 0 -2.2736 0 0 0
70.2 0 0 -1.2284 0 0 0
70.4 0 0 -0.52261 0 0 0
70.6 0 0 -0.017428 0 0 0
70.8 0 0 0.16414 0 0 0
71 0 0 0.11308 0 0 0
71.2 0 0 -0.24044 0 0 0
71.4 0 0 -0.87327 0 0 0
71.6 0 0 -1.7758 0 0 0
71.8 0 0 -2.7634 0 0 0
72 0 0 -3.4306 0 0 0
72.2 0 0 -3.9016 0 0 0
72.4 0 0 -4.0434 0 0 0
72.6 0 0 -3.6828 0 0 0
72.8 0 0 -2.7355 0 0 0
73 0 0 -1.4529 0 0 0
73.2 0 0 -0.58129 0 0 0
73.4 0 0 0.078295 0 0 0
73.6 0 0 0.26231 0 0 0
73.8 0 0 0.33806 0 0 0
74 0 0 0.15181 0 0 0
74.2 0 0 -0.296 0 0 0
74.4 0 0 -1.1283 0 0 0
74.6 0 0 -2.1265 0 0 0
74.8 0 0 -2.9864 0 0 0
75 0 0 -3.6648 0 0 0
75.2 0 0 -4.2042 0 0 0
75.4 0 0 -4.4542 0 0 0
75.6 0 0 -4.0795 0 0 0
75.8 0 0 -3.1595 0 0 0
76 0 0 -2.0601 0 0 0
76.2 0 0 -0.95204 0 0 0
76.4 0 0 -0.20072 0 0 0
76.6 0 0 0.15452 0 0 0
76.8 0 0 0.22478 0 0 0
77 0 0 0.25407 0 0 0
77.2 0 0 0.15108 0 0 0
77.4 0 0 -0.35479 0 0 0
77.6 0 0 -1.0497 0 0 0
77.8 0 0 -2.0099 0 0 0
78 0 0 -2.965 0 0 0
78.2 0 0 -3.7493 0 0 0
78.4 0 0 -4.228 0 0 0
78.6 0 0 -4.159 0 0 0
78.8 0 0 -3.6555 0 0 0
79 0 0 -2.534 0 0 0
79.2 0 0 -1.2827 0 0 0
79.4 0 0 -0.22548 0 0 0
79.6 0 0 0.18711 0 0 0
79.8 0 0 0.4132 0 0 0
80 0 0 0.38175 0 0 0
80.2 0 0 0.13987 0 0 0
80.4 0 0 -0.42359 0 0 0
80.6 0 0 -1.3772 0 0 0
80.8 0 0 -2.4932 0 0 0
81 0 0 -3.6048 0 0 0
81.2 0 0 -4.3604 0 0 0
81.4 0 0 -4.7807 0 0 0
81.6 0 0 -4.8165 0 0 0
81.8 0 0 -4.0986 0 0 0
82 0 0 -2.9079 0 0 0
82.2 0 0 -1.5052 0 0 0
82.4 0 0 -0.53557 0 0 0
82.6 0 0 0.048968 0 0 0
82.8 0 0 0.29797 0 0 0
83 0 0 0.26374 0 0 0
83.2 0 0 -0.017011 0 0 0
83.4 0 0 -0.59729 0 0 0
83.6 0 0 -1.4475 0 0 0
83.8 0 0 -2.4488 0 0 0
84 0 0 -3.2247 0 0 0
84.2 0 0 -3.861 0 0 0
84.4 0 0 -4.2306 0 0 0
84.6 0 0 -4.3607 0 0 0
84.8 0 0 -3.8973 0 0 0
85 0 0 -3.0566 0 0 0
85.2 0 0 -2.0984 0 0 0
85.4 0 0 -1.1135 0 0 0
85.6 0 0 -0.38015 0 0 0
85.8 0 0 0.05748 0 0 0
86 0 0 0.14129 0 0 0
86.2 0 0 0.051581 0 0 0
86.4 0 0 -0.33968 0 0 0
86.6 0 0 -1.1241 0 0 0
86.8 0 0 -1.9714 0 0 0
87 0 0 -2.7821 0 0 0
87.2 0 0 -3.4964 0 0 0
87.4 0 0 -4.1287 0 0 0
87.6 0 0 -4.2202 0 0 0
87.8 0 0 -3.7638 0 0 0
88 0 0 -2.802 0 0 0
88.2 0 0 -1.7259 0 0 0
88.4 0 0 -0.63978 0 0 0
88.6 0 0 0.048988 0 0 0
88.8 0 0 0.28636 0 0 0
89 0 0 0.35535 0 0 0
89.2 0 0 0.19006 0 0 0
89.4 0 0 -0.19908 0 0 0
89.6 0 0 -0.98726 0 0 0
89.8 0 0 -1.8458 0 0 0
90 0 0 -2.781 0 0 0
90.2 0 0 -3.6377 0 0 0
90.4 0 0 -4.2447 0 0 0
90.6 0 0 -4.2549 0 0 0
90.8 0 0 -3.6798 0 0 0
91 0 0 -2.7579 0 0 0
91.2 0 0 -1.5383 0 0 0
91.4 0 0 -0.52822 0 0 0
91.6 0 0 0.10092 0 0 0
91.8 0 0 0.36189 0 0 0
92 0 0 0.4708 0 0 0
92.2 0 0 0.47475 0 0 0
92.4 0 0 0.17727 0 0 0
92.6 0 0 -0.35839 0 0 0
92.8 0 0 -1.2812 0 0 0
93 0 0 -2.3529 0 0 0
93.2 0 0 -3.2453 0 0 0
93.4 0 0 -3.9084 0 0 0
93.6 0 0 -4.4531 0 0 0
93.8 0 0 -4.9573 0 0 0
94 0 0 -4.9367 0 0 0
94.2 0 0 -4.2059 0 0 0
94.4 0 0 -3.0808 0 0 0
94.6 0 0 -2.0508 0 0 0
94.8 0 0 -1.0812 0 0 0
95 0 0 -0.34126 0 0 0
95.2 0 0 0.1222 0 0 0
95.4 0 0 0.27659 0 0 0
95.6 0 0 0.36928 0 0 0
95.8 0 0 0.3663 0 0 0
96 0 0 0.28811 0 0 0
96.2 0 0 0.043221 0 0 0
96.4 0 0 -0.5429 0 0 0
96.6 0 0 -1.5092 0 0 0
96.8 0 0 -2.4836 0 0 0
97 0 0 -3.2209 0 0 0
97.2 0 0 -3.776 0 0 0
97.4 0 0 -4.1298 0 0 0
97.6 0 0 -3.904 0 0 0
97.8 0 0 -3.1356 0 0 0
98 0 0 -2.0092 0 0 0
98.2 0 0 -1.1053 0 0 0
98.4 0 0 -0.2433 0 0 0
98.6 0 0 0.19997 0 0 0
98.8 0 0 0.34696 0 0 0
99 0 0 0.014898 0 0 0
99.2 0 0 -0.69562 0 0 0
99.4 0 0 -1.778 0 0 0
99.6 0 0 -2.9354 0 0 0
99.8 0 0 -3.7603 0 0 0
100 0 0 -4.253 0 0 0
100.2 0 0 -4.3246 0 0 0
100.4 0 0 -4.0925 0 0 0
100.6 0 0 -3.3555 0 0 0
100.8 0 0 -2.5351 0 0 0
101 0 0 -1.8824 0 0 0
101.2 0 0 -1.4706 0 0 0
101.4 0 0 -1.4095 0 0 0
101.6 0 0 -1.9481 0 0 0
101.8 0 0 -2.9813 0 0 0
102 0 0 -4.0706 0 0 0
102.2 0 0 -5.0407 0 0 0
102.4 0 0 -6.0346 0 0 0
102.6 0 0 -6.8506 0 0 0
102.8 0 0 -7.3698 0 0 0
103 0 0 -7.1954 0 0 0
103.2 0 0 -6.6955 0 0 0
103.4 0 0 -5.7578 0 0 0
103.6 0 0 -4.9086 0 0 0
103.8 0 0 -4.0884 0 0 0
104 0 0 -3.3824 0 0 0
104.2 0 0 -2.6126 0 0 0
104.4 0 0 -1.9229 0 0 0
104.6 0 0 -1.3794 0 0 0
104.8 0 0 -1.0083 0 0 0
105 0 0 -0.91125 0 0 0
105.2 0 0 -1.2453 0 0 0
105.4 0 0 -1.8612 0 0 0
105.6 0 0 -2.613 0 0 0
105.8 0 0 -3.2409 0 0 0
106 0 0 -3.7726 0 0 0
106.2 0 0 -3.5758 0 0 0
106.4 0 0 -2.8921 0 0 0
106.6 0 0 -1.7708 0 0 0
106.8 0 0 -0.87564 0 0 0
107 0 0 -0.23095 0 0 0
107.2 0 0 0.067218 0 0 0
107.4 0 0 0.032989 0 0 0
107.6 0 0 -0.27706 0 0 0
107.8 0 0 -0.93134 0 0 0
108 0 0 -1.7881 0 0 0
108.2 0 0 -2.6862 0 0 0
108.4 0 0 -3.3453 0 0 0
108.6 0 0 -3.74 0 0 0
108.8 0 0 -3.7849 0 0 0
109 0 0 -3.3713 0 0 0
109.2 0 0 -2.3681 0 0 0
109.4 0 0 -1.2785 0 0 0
109.6 0 0 -0.53497 0 0 0
109.8 0 0 -0.11441 0 0 0
110 0 0 0.050867 0 0 0
110.2 0 0 -0.00058443 0 0 0
110.4 0 0 -0.34351 0 0 0
110.6 0 0 -0.93261 0 0 0
110.8 0 0 -1.7138 0 0 0
111 0 0 -2.642 0 0 0
111.2 0 0 -3.2765 0 0 0
111.4 0 0 -3.5316 0 0 0
111.6 0 0 -3.2744 0 0 0
111.8 0 0 -2.6975 0 0 0
112 0 0 -1.7822 0 0 0
112.2 0 0 -0.82969 0 0 0
112.4 0 0 -0.10179 0 0 0
112.6 0 0 0.095628 0 0 0
112.8 0 0 0.28355 0 0 0
113 0 0 0.32701 0 0 0
113.2 0 0 0.37425 0 0 0
113.4 0 0 0.29691 0 0 0
113.6 0 0 0.15104 0 0 0
113.8 0 0 -0.3285 0 0 0
114 0 0 -1.1579 0 0 0
114.2 0 0 -2.0119 0 0 0
114.4 0 0 -2.7864 0 0 0
114.6 0 0 -3.4021 0 0 0
114.8 0 0 -3.9974 0 0 0
115 0 0 -3.9719 0 0 0
115.2 0 0 -3.4149 0 0 0
115.4 0 0 -2.346 0 0 0
115.6 0 0 -1.2999 0 0 0
115.8 0 0 -0.36332 0 0 0
116 0 0 0.18197 0 0 0
116.2 0 0 0.34573 0 0 0
116.4 0 0 0.35208 0 0 0
116.6 0 0 0.3681 0 0 0
116.8 0 0 0.34218 0 0 0
117 0 0 0.10664 0 0 0
117.2 0 0 -0.36391 0 0 0
117.4 0 0 -1.1093 0 0 0
117.6 0 0 -2.0034 0 0 0
117.8 0 0 -2.8197 0 0 0
118 0 0 -3.3266 0 0 0
118.2 0 0 -3.4979 0 0 0
118.4 0 0 -3.4745 0 0 0
118.6 0 0 -2.8715 0 0 0
118.8 0 0 -1.9138 0 0 0
119 0 0 -0.82349 0 0 0
119.2 0 0 -0.21349 0 0 0
119.4 0 0 0.21474 0 0 0
119.6 0 0 0.35893 0 0 0
119.8 0 0 0.44983 0 0 0
120 0 0 0.4136 0 0 0
120.2 0 0 0.39044 0 0 0
120.4 0 0 0.11686 0 0 0
120.6 0 0 -0.50882 0 0 0
120.8 0 0 -1.2041 0 0 0
121 0 0 -1.9525 0 0 0
121.2 0 0 -2.6894 0 0 0
121.4 0 0 -3.3401 0 0 0
121.6 0 0 -3.5934 0 0 0
121.8 0 0 -3.3771 0 0 0
122 0 0 -2.791 0 0 0
122.2 0 0 -1.7873 0 0 0
122.4 0 0 -0.74695 0 0 0
122.6 0 0 -0.033269 0 0 0
122.8 0 0 0.22187 0 0 0
123 0 0 0.33489 0 0 0
123.2 0 0 0.27172 0 0 0
123.4 0 0 -0.054344 0 0 0
123.6 0 0 -0.66831 0 0 0
123.8 0 0 -1.4328 0 0 0
124 0 0 -2.2412 0 0 0
124.2 0 0 -3.0804 0 0 0
124.4 0 0 -3.4918 0 0 0
124.6 0 0 -3.4131 0 0 0
124.8 0 0 -2.7592 0 0 0
125 0 0 -1.86 0 0 0
125.2 0 0 -0.83438 0 0 0
125.4 0 0 -0.09138 0 0 0
125.6 0 0 0.18279 0 0 0
125.8 0 0 0.27826 0 0 0
126 0 0 0.32154 0 0 0
126.2 0 0 0.21269 0 0 0
126.4 0 0 -0.21591 0 0 0
126.6 0 0 -0.89603 0 0 0
126.8 0 0 -1.7868 0 0 0
127 0 0 -2.673 0 0 0
127.2 0 0 -3.3624 0 0 0
127.4 0 0 -3.6769 0 0 0
127.6 0 0 -3.495 0 0 0
127.8 0 0 -2.926 0 0 0
128 0 0 -1.83 0 0 0
128.2 0 0 -0.79849 0 0 0
128.4 0 0 -0.077046 0 0 0
128.6 0 0 0.17862 0 0 0
128.8 0 0 0.26516 0 0 0
129 0 0 0.29451 0 0 0
129.2 0 0 0.2058 0 0 0
129.4 0 0 0.19973 0 0 0
129.6 0 0 -0.071451 0 0 0
129.8 0 0 -0.58826 0 0 0
130 0 0 -1.3286 0 0 0
130.2 0 0 -2.0204 0 0 0
130.4 0 0 -2.6717 0 0 0
130.6 0 0 -3.2596 0 0 0
130.8 0 0 -3.4763 0 0 0
131 0 0 -3.2447 0 0 0
131.2 0 0 -2.525 0 0 0
131.4 0 0 -1.66 0 0 0
131.6 0 0 -0.71135 0 0 0
131.8 0 0 -0.11637 0 0 0
132 0 0 0.15229 0 0 0
132.2 0 0 0.27719 0 0 0
132.4 0 0 0.34126 0 0 0
132.6 0 0 0.30868 0 0 0
132.8 0 0 0.15254 0 0 0
133 0 0 -0.19775 0 0 0
133.2 0 0 -0.82304 0 0 0
133.4 0 0 -1.6708 0 0 0
133.6 0 0 -2.3075 0 0 0
133.8 0 0 -2.8553 0 0 0
134 0 0 -3.2701 0 0 0
134.2 0 0 -3.413 0 0 0
134.4 0 0 -2.9668 0 0 0
134.6 0 0 -2.0696 0 0 0
134.8 0 0 -1.1416 0 0 0
135 0 0 -0.40592 0 0 0
135.2 0 0 0.030374 0 0 0
135.4 0 0 0.29159 0 0 0
135.6 0 0 0.26005 0 0 0
135.8 0 0 0.12253 0 0 0
136 0 0 -0.43448 0 0 0
136.2 0 0 -1.2779 0 0 0
136.4 0 0 -2.1364 0 0 0
136.6 0 0 -2.877 0 0 0
136.8 0 0 -3.5169 0 0 0
137 0 0 -3.9795 0 0 0
137.2 0 0 -3.8973 0 0 0
137.4 0 0 -3.2512 0 0 0
137.6 0 0 -2.234 0 0 0
137.8 0 0 -1.2108 0 0 0
138 0 0 -0.33927 0 0 0
138.2 0 0 0.12359 0 0 0
138.4 0 0 0.27122 0 0 0
138.6 0 0 0.31248 0 0 0
138.8 0 0 0.32578 0 0 0
139 0 0 0.20126 0 0 0
139.2 0 0 -0.27661 0 0 0
139.4 0 0 -0.88825 0 0 0
139.6 0 0 -1.7279 0 0 0
139.8 0 0 -2.5772 0 0 0
140 0 0 -3.2651 0 0 0
140.2 0 0 -3.7107 0 0 0
140.4 0 0 -3.7643 0 0 0
140.6 0 0 -3.3473 0 0 0
140.8 0 0 -2.3337 0 0 0
141 0 0 -1.1397 0 0 0
141.2 0 0 -0.21096 0 0 0
141.4 0 0 0.17901 0 0 0
141.6 0 0 0.37483 0 0 0
141.8 0 0 0.29948 0 0 0
142 0 0 -0.019741 0 0 0
142.2 0 0 -0.60742 0 0 0
142.4 0 0 -1.4547 0 0 0
142.6 0 0 -2.3952 0 0 0
142.8 0 0 -3.2749 0 0 0
143 0 0 -3.7946 0 0 0
143.2 0 0 -3.9015 0 0 0
143.4 0 0 -3.6604 0 0 0
143.6 0 0 -2.764 0 0 0
143.8 0 0 -1.6707 0 0 0
144 0 0 -0.66088 0 0 0
144.2 0 0 -0.11939 0 0 0
144.4 0 0 0.17703 0 0 0
144.6 0 0 0.23716 0 0 0
144.8 0 0 0.029146 0 0 0
145 0 0 -0.48976 0 0 0
145.2 0 0 -1.2904 0 0 0
145.4 0 0 -2.2082 0 0 0
145.6 0 0 -3.0935 0 0 0
145.8 0 0 -3.6442 0 0 0
146 0 0 -3.8985 0 0 0
146.2 0 0 -3.7281 0 0 0
146.4 0 0 -3.1325 0 0 0
146.6 0 0 -2.0206 0 0 0
146.8 0 0 -0.9069 0 0 0
147 0 0 -0.20814 0 0 0
147.2 0 0 0.19171 0 0 0
147.4 0 0 0.34457 0 0 0
147.6 0 0 0.36284 0 0 0
147.8 0 0 0.29428 0 0 0
148 0 0 0.041432 0 0 0
148.2 0 0 -0.5412 0 0 0
148.4 0 0 -1.4292 0 0 0
148.6 0 0 -2.2153 0 0 0
148.8 0 0 -2.8891 0 0 0
149 0 0 -3.4564 0 0 0
149.2 0 0 -3.85 0 0 0
149.4 0 0 -3.7225 0 0 0
149.6 0 0 -3.1103 0 0 0
149.8 0 0 -2.2253 0 0 0
150 0 0 -1.2233 0 0 0
150.2 0 0 -0.39471 0 0 0
150.4 0 0 0.19393 0 0 0
150.6 0 0 0.33107 0 0 0
150.8 0 0 0.4192 0 0 0
151 0 0 0.37518 0 0 0
151.2 0 0 0.14104 0 0 0
151.4 0 0 -0.31455 0 0 0
151.6 0 0 -1.0005 0 0 0
151.8 0 0 -1.8447 0 0 0
152 0 0 -2.6484 0 0 0
152.2 0 0 -3.2296 0 0 0
152.4 0 0 -3.5368 0 0 0
152.6 0 0 -3.4693 0 0 0
152.8 0 0 -2.9889 0 0 0
153 0 0 -2.0368 0 0 0
153.2 0 0 -1.0692 0 0 0
153.4 0 0 -0.34624 0 0 0
153.6 0 0 0.069255 0 0 0
153.8 0 0 0.25452 0 0 0
154 0 0 0.2763 0 0 0
154.2 0 0 0.15375 0 0 0
154.4 0 0 -0.14736 0 0 0
154.6 0 0 -0.84831 0 0 0
154.8 0 0 -1.8501 0 0 0
155 0 0 -2.7668 0 0 0
155.2 0 0 -3.511 0 0 0
155.4 0 0 -4.085 0 0 0
155.6 0 0 -4.3935 0 0 0
155.8 0 0 -4.0161 0 0 0
156 0 0 -3.015 0 0 0
156.2 0 0 -1.7137 0 0 0
156.4 0 0 -0.65213 0 0 0
156.6 0 0 0.081351 0 0 0
156.8 0 0 0.37719 0 0 0
157 0 0 0.39047 0 0 0
157.2 0 0 0.37608 0 0 0
157.4 0 0 0.081653 0 0 0
157.6 0 0 -0.48157 0 0 0
157.8 0 0 -1.3146 0 0 0
158 0 0 -2.1989 0 0 0
158.2 0 0 -3.037 0 0 0
158.4 0 0 -3.8585 0 0 0
158.6 0 0 -4.1225 0 0 0
158.8 0 0 -3.9628 0 0 0
159 0 0 -3.2835 0 0 0
159.2 0 0 -2.2668 0 0 0
159.4 0 0 -1.1448 0 0 0
159.6 0 0 -0.34051 0 0 0
159.8 0 0 0.054827 0 0 0
160 0 0 0.25619 0 0 0
160.2 0 0 0.25917 0 0 0
160.4 0 0 -0.037754 0 0 0
160.6 0 0 -0.65436 0 0 0
160.8 0 0 -1.5122 0 0 0
161 0 0 -2.52 0 0 0
161.2 0 0 -3.5368 0 0 0
161.4 0 0 -4.1801 0 0 0
161.6 0 0 -4.4644 0 0 0
161.8 0 0 -4.2481 0 0 0
162 0 0 -3.5095 0 0 0
162.2 0 0 -2.3875 0 0 0
162.4 0 0 -1.2213 0 0 0
162.6 0 0 -0.51126 0 0 0
162.8 0 0 0.018751 0 0 0
163 0 0 0.20519 0 0 0
163.2 0 0 0.24332 0 0 0
163.4 0 0 -0.069805 0 0 0
163.6 0 0 -0.68724 0 0 0
163.8 0 0 -1.6737 0 0 0
164 0 0 -2.7954 0 0 0
164.2 0 0 -3.6099 0 0 0
164.4 0 0 -4.2389 0 0 0
164.6 0 0 -4.5331 0 0 0
164.8 0 0 -4.5051 0 0 0
165 0 0 -3.7105 0 0 0
165.2 0 0 -2.6171 0 0 0
165.4 0 0 -1.5335 0 0 0
165.6 0 0 -0.64786 0 0 0
165.8 0 0 -0.077379 0 0 0
166 0 0 0.17689 0 0 0
166.2 0 0 0.13064 0 0 0
166.4 0 0 -0.0011126 0 0 0
166.6 0 0 -0.404 0 0 0
166.8 0 0 -1.1588 0 0 0
167 0 0 -1.9591 0 0 0
167.2 0 0 -2.7374 0 0 0
167.4 0 0 -3.329 0 0 0
167.6 0 0 -3.8624 0 0 0
167.8 0 0 -3.8539 0 0 0
168 0 0 -3.3086 0 0 0
168.2 0 0 -2.3802 0 0 0
168.4 0 0 -1.4467 0 0 0
168.6 0 0 -0.54403 0 0 0
168.8 0 0 -0.0017602 0 0 0
169 0 0 0.22993 0 0 0
169.2 0 0 0.28832 0 0 0
169.4 0 0 0.31558 0 0 0
169.6 0 0 0.22215 0 0 0
169.8 0 0 -0.13382 0 0 0
170 0 0 -0.70337 0 0 0
170.2 0 0 -1.4513 0 0 0
170.4 0 0 -2.3701 0 0 0
170.6 0 0 -3.0509 0 0 0
170.8 0 0 -3.5489 0 0 0
171 0 0 -3.7314 0 0 0
171.2 0 0 -3.7515 0 0 0
171.4 0 0 -3.1149 0 0 0
171.6 0 0 -2.0939 0 0 0
171.8 0 0 -1.0552 0 0 0
172 0 0 -0.40125 0 0 0
172.2 0 0 0.014186 0 0 0
172.4 0 0 0.23362 0 0 0
172.6 0 0 0.19595 0 0 0
172.8 0 0 0.080003 0 0 0
173 0 0 -0.42173 0 0 0
173.2 0 0 -1.1894 0 0 0
173.4 0 0 -2.1741 0 0 0
173.6 0 0 -3.0017 0 0 0
173.8 0 0 -3.7592 0 0 0
174 0 0 -4.3338 0 0 0
174.2 0 0 -4.3978 0 0 0
174.4 0 0 -3.8844 0 0 0
174.6 0 0 -2.8779 0 0 0
174.8 0 0 -1.8163 0 0 0
175 0 0 -0.79046 0 0 0
175.2 0 0 -0.19498 0 0 0
175.4 0 0 0.061785 0 0 0
175.6 0 0 0.16057 0 0 0
175.8 0 0 0.19576 0 0 0
176 0 0 0.14914 0 0 0
176.2 0 0 -0.1043 0 0 0
176.4 0 0 -0.59357 0 0 0
176.6 0 0 -1.3878 0 0 0
176.8 0 0 -2.3045 0 0 0
177 0 0 -2.9688 0 0 0
177.2 0 0 -3.5677 0 0 0
177.4 0 0 -4.0023 0 0 0
177.6 0 0 -4.0163 0 0 0
177.8 0 0 -3.4368 0 0 0
178 0 0 -2.304 0 0 0
178.2 0 0 -1.3051 0 0 0
178.4 0 0 -0.45217 0 0 0
178.6 0 0 -0.009141 0 0 0
178.8 0 0 0.2138 0 0 0
179 0 0 0.18094 0 0 0
179.2 0 0 0.1939 0 0 0
179.4 0 0 0.039085 0 0 0
179.6 0 0 -0.39742 0 0 0
179.8 0 0 -1.0245 0 0 0
180 0 0 -1.8774 0 0 0
180.2 0 0 -2.659 0 0 0
180.4 0 0 -3.4904 0 0 0
180.6 0 0 -4.1104 0 0 0
180.8 0 0 -4.5025 0 0 0
181 0 0 -4.4576 0 0 0
181.2 0 0 -3.7388 0 0 0
181.4 0 0 -2.626 0 0 0
181.6 0 0 -1.437 0 0 0
181.8 0 0 -0.58055 0 0 0
182 0 0 -0.0818 0 0 0
182.2 0 0 0.14356 0 0 0
182.4 0 0 0.13276 0 0 0
182.6 0 0 -0.069209 0 0 0
182.8 0 0 -0.61903 0 0 0
183 0 0 -1.5622 0 0 0
183.2 0 0 -2.5996 0 0 0
183.4 0 0 -3.4627 0 0 0
183.6 0 0 -4.1033 0 0 0
183.8 0 0 -4.5079 0 0 0
184 0 0 -4.3526 0 0 0
184.2 0 0 -3.6802 0 0 0
184.4 0 0 -2.5361 0 0 0
184.6 0 0 -1.529 0 0 0
184.8 0 0 -0.56223 0 0 0
185 0 0 -0.03935 0 0 0
185.2 0 0 0.19288 0 0 0
185.4 0 0 0.23723 0 0 0
185.6 0 0 0.20282 0 0 0
185.8 0 0 0.0049159 0 0 0
186 0 0 -0.59305 0 0 0
186.2 0 0 -1.3622 0 0 0
186.4 0 0 -2.218 0 0 0
186.6 0 0 -2.9993 0 0 0
186.8 0 0 -3.4922 0 0 0
187 0 0 -3.5819 0 0 0
187.2 0 0 -3.3537 0 0 0
187.4 0 0 -2.9254 0 0 0
187.6 0 0 -2.2724 0 0 0
187.8 0 0 -1.5787 0 0 0
188 0 0 -0.98922 0 0 0
188.2 0 0 -0.57375 0 0 0
188.4 0 0 -0.3002 0 0 0
188.6 0 0 -0.2103 0 0 0
188.8 0 0 -0.30015 0 0 0
189 0 0 -0.61495 0 0 0
189.2 0 0 -1.2322 0 0 0
189.4 0 0 -2.0346 0 0 0
189.6 0 0 -2.6844 0 0 0
189.8 0 0 -3.21 0 0 0
190 0 0 -3.6744 0 0 0
190.2 0 0 -4.0061 0 0 0
190.4 0 0 -4.0025 0 0 0
190.6 0 0 -3.7853 0 0 0
190.8 0 0 -3.5823 0 0 0
191 0 0 -3.2539 0 0 0
191.2 0 0 -2.8456 0 0 0
191.4 0 0 -2.5177 0 0 0
191.6 0 0 -2.3034 0 0 0
191.8 0 0 -2.1745 0 0 0
192 0 0 -2.1382 0 0 0
192.2 0 0 -2.3071 0 0 0
192.4 0 0 -2.5621 0 0 0
192.6 0 0 -2.892 0 0 0
192.8 0 0 -3.2694 0 0 0
193 0 0 -3.65 0 0 0
193.2 0 0 -3.8588 0 0 0
193.4 0 0 -3.8889 0 0 0
193.6 0 0 -3.9227 0 0 0
193.8 0 0 -3.7092 0 0 0
194 0 0 -3.2785 0 0 0
194.2 0 0 -2.649 0 0 0
194.4 0 0 -2.0843 0 0 0
194.6 0 0 -1.6175 0 0 0
194.8 0 0 -1.3631 0 0 0
195 0 0 -1.351 0 0 0
195.2 0 0 -1.4918 0 0 0
195.4 0 0 -1.9065 0 0 0
195.6 0 0 -2.5481 0 0 0
195.8 0 0 -3.2198 0 0 0
196 0 0 -3.7136 0 0 0
196.2 0 0 -4.1189 0 0 0
196.4 0 0 -4.3304 0 0 0
196.6 0 0 -4.2028 0 0 0
196.8 0 0 -3.6562 0 0 0
197 0 0 -2.8907 0 0 0
197.2 0 0 -2.0424 0 0 0
197.4 0 0 -1.2183 0 0 0
197.6 0 0 -0.69528 0 0 0
197.8 0 0 -0.4639 0 0 0
198 0 0 -0.37078 0 0 0
198.2 0 0 -0.50269 0 0 0
198.4 0 0 -0.99668 0 0 0
198.6 0 0 -1.6922 0 0 0
198.8 0 0 -2.4514 0 0 0
199 0 0 -3.1024 0 0 0
199.2 0 0 -3.736 0 0 0
199.4 0 0 -4.0178 0 0 0
199.6 0 0 -3.9907 0 0 0
199.8 0 0 -3.7375 0 0 0
200 0 0 -3.0883 0 0 0
200.2 0 0 -2.3044 0 0 0
200.4 0 0 -1.4392 0 0 0
200.6 0 0 -0.90527 0 0 0
200.8 0 0 -0.52536 0 0 0
201 0 0 -0.31245 0 0 0
201.2 0 0 -0.24258 0 0 0
201.4 0 0 -0.31697 0 0 0
201.6 0 0 -0.71603 0 0 0
201.8 0 0 -1.3875 0 0 0
202 0 0 -2.1852 0 0 0
202.2 0 0 -2.8859 0 0 0
202.4 0 0 -3.4717 0 0 0
202.6 0 0 -3.9615 0 0 0
202.8 0 0 -4.1279 0 0 0
203 0 0 -3.8763 0 0 0
203.2 0 0 -3.2141 0 0 0
203.4 0 0 -2.3609 0 0 0
203.6 0 0 -1.4318 0 0 0
203.8 0 0 -0.73994 0 0 0
204 0 0 -0.40577 0 0 0
204.2 0 0 -0.20289 0 0 0
204.4 0 0 -0.15098 0 0 0
204.6 0 0 -0.28902 0 0 0
204.8 0 0 -0.73513 0 0 0
205 0 0 -1.4109 0 0 0
205.2 0 0 -2.2267 0 0 0
205.4 0 0 -2.981 0 0 0
205.6 0 0 -3.5271 0 0 0
205.8 0 0 -3.8333 0 0 0
206 0 0 -3.9208 0 0 0
206.2 0 0 -3.6561 0 0 0
206.4 0 0 -2.9788 0 0 0
206.6 0 0 -2.1323 0 0 0
206.8 0 0 -1.3511 0 0 0
207 0 0 -0.70899 0 0 0
207.2 0 0 -0.28717 0 0 0
207.4 0 0 -0.092512 0 0 0
207.6 0 0 -0.030403 0 0 0
207.8 0 0 -0.056191 0 0 0
208 0 0 -0.4521 0 0 0
208.2 0 0 -1.0203 0 0 0
208.4 0 0 -1.6802 0 0 0
208.6 0 0 -2.2882 0 0 0
208.8 0 0 -2.9818 0 0 0
209 0 0 -3.4526 0 0 0
209.2 0 0 -3.7478 0 0 0
209.4 0 0 -3.7336 0 0 0
209.6 0 0 -3.4436 0 0 0
209.8 0 0 -2.6838 0 0 0
210 0 0 -1.724 0 0 0
210.2 0 0 -0.9684 0 0 0
210.4 0 0 -0.41279 0 0 0
210.6 0 0 -0.13894 0 0 0
210.8 0 0 -0.0050521 0 0 0
211 0 0 -0.032932 0 0 0
211.2 0 0 -0.18791 0 0 0
211.4 0 0 -0.59849 0 0 0
211.6 0 0 -1.2891 0 0 0
211.8 0 0 -2.0312 0 0 0
212 0 0 -2.7664 0 0 0
212.2 0 0 -3.4927 0 0 0
212.4 0 0 -4.0611 0 0 0
212.6 0 0 -4.1433 0 0 0
212.8 0 0 -3.7736 0 0 0
213 0 0 -3.0418 0 0 0
213.2 0 0 -2.0058 0 0 0
213.4 0 0 -1.0654 0 0 0
213.6 0 0 -0.35414 0 0 0
213.8 0 0 -0.055015 0 0 0
214 0 0 0.07148 0 0 0
214.2 0 0 0.1016 0 0 0
214.4 0 0 -0.072465 0 0 0
214.6 0 0 -0.4155 0 0 0
214.8 0 0 -1.104 0 0 0
215 0 0 -2.0086 0 0 0
215.2 0 0 -2.8039 0 0 0
215.4 0 0 -3.4784 0 0 0
215.6 0 0 -4.0347 0 0 0
215.8 0 0 -4.4302 0 0 0
216 0 0 -4.2597 0 0 0
216.2 0 0 -3.5217 0 0 0
216.4 0 0 -2.458 0 0 0
216.6 0 0 -1.3326 0 0 0
216.8 0 0 -0.42977 0 0 0
217 0 0 -0.027707 0 0 0
217.2 0 0 0.11755 0 0 0
217.4 0 0 0.14268 0 0 0
217.6 0 0 -0.042105 0 0 0
217.8 0 0 -0.56386 0 0 0
218 0 0 -1.2791 0 0 0
218.2 0 0 -2.0979 0 0 0
218.4 0 0 -2.8566 0 0 0
218.6 0 0 -3.5918 0 0 0
218.8 0 0 -4.018 0 0 0
219 0 0 -4.0339 0 0 0
219.2 0 0 -3.7025 0 0 0
219.4 0 0 -2.827 0 0 0
219.6 0 0 -1.8316 0 0 0
219.8 0 0 -0.87022 0 0 0
220 0 0 -0.37836 0 0 0
220.2 0 0 -0.037664 0 0 0
220.4 0 0 0.074682 0 0 0
220.6 0 0 0.05058 0 0 0
220.8 0 0 0.014859 0 0 0
221 0 0 -0.20227 0 0 0
221.2 0 0 -0.66152 0 0 0
221.4 0 0 -1.3485 0 0 0
221.6 0 0 -1.9724 0 0 0
221.8 0 0 -2.5462 0 0 0
222 0 0 -3.1408 0 0 0
222.2 0 0 -3.603 0 0 0
222.4 0 0 -3.6256 0 0 0
222.6 0 0 -3.2867 0 0 0
222.8 0 0 -2.635 0 0 0
223 0 0 -1.6502 0 0 0
223.2 0 0 -0.76241 0 0 0
223.4 0 0 -0.16215 0 0 0
223.6 0 0 0.066196 0 0 0
223.8 0 0 0.16843 0 0 0
224 0 0 0.16302 0 0 0
224.2 0 0 -0.05105 0 0 0
224.4 0 0 -0.41129 0 0 0
224.6 0 0 -0.98827 0 0 0
224.8 0 0 -1.7916 0 0 0
225 0 0 -2.4578 0 0 0
225.2 0 0 -3.0042 0 0 0
225.4 0 0 -3.4295 0 0 0
225.6 0 0 -3.7913 0 0 0
225.8 0 0 -3.5892 0 0 0
226 0 0 -2.8275 0 0 0
226.2 0 0 -1.8361 0 0 0
226.4 0 0 -0.92182 0 0 0
226.6 0 0 -0.20182 0 0 0
226.8 0 0 0.23567 0 0 0
227 0 0 0.25622 0 0 0
227.2 0 0 0.26309 0 0 0
227.4 0 0 0.043339 0 0 0
227.6 0 0 -0.39375 0 0 0
227.8 0 0 -1.1658 0 0 0
228 0 0 -2.0899 0 0 0
228.2 0 0 -2.9986 0 0 0
228.4 0 0 -3.8392 0 0 0
228.6 0 0 -4.3231 0 0 0
228.8 0 0 -4.452 0 0 0
229 0 0 -4.1828 0 0 0
229.2 0 0 -3.4688 0 0 0
229.4 0 0 -2.32 0 0 0
229.6 0 0 -1.1834 0 0 0
229.8 0 0 -0.3981 0 0 0
230 0 0 0.009512 0 0 0
230.2 0 0 0.12696 0 0 0
230.4 0 0 0.10857 0 0 0
230.6 0 0 -0.10406 0 0 0
230.8 0 0 -0.63514 0 0 0
231 0 0 -1.5427 0 0 0
231.2 0 0 -2.5577 0 0 0
231.4 0 0 -3.3118 0 0 0
231.6 0 0 -3.9679 0 0 0
231.8 0 0 -4.4649 0 0 0
232 0 0 -4.4699 0 0 0
232.2 0 0 -4.047 0 0 0
232.4 0 0 -3.1828 0 0 0
232.6 0 0 -2.2012 0 0 0
232.8 0 0 -1.1646 0 0 0
233 0 0 -0.43267 0 0 0
233.2 0 0 -0.13438 0 0 0
233.4 0 0 -0.014818 0 0 0
233.6 0 0 0.032029 0 0 0
233.8 0 0 -0.056558 0 0 0
234 0 0 -0.36586 0 0 0
234.2 0 0 -0.88577 0 0 0
234.4 0 0 -1.6779 0 0 0
234.6 0 0 -2.5351 0 0 0
234.8 0 0 -3.1934 0 0 0
235 0 0 -3.6999 0 0 0
235.2 0 0 -3.9535 0 0 0
235.4 0 0 -3.9566 0 0 0
235.6 0 0 -3.3063 0 0 0
235.8 0 0 -2.3095 0 0 0
236 0 0 -1.2531 0 0 0
236.2 0 0 -0.38682 0 0 0
236.4 0 0 0.0046482 0 0 0
236.6 0 0 0.18287 0 0 0
236.8 0 0 0.1266 0 0 0
237 0 0 0.065316 0 0 0
237.2 0 0 -0.31951 0 0 0
237.4 0 0 -1.0008 0 0 0
237.6 0 0 -1.7958 0 0 0
237.8 0 0 -2.5793 0 0 0
238 0 0 -3.2817 0 0 0
238.2 0 0 -3.8987 0 0 0
238.4 0 0 -4.0164 0 0 0
238.6 0 0 -3.7251 0 0 0
238.8 0 0 -3.0592 0 0 0
239 0 0 -2.0201 0 0 0
239.2 0 0 -0.98194 0 0 0
239.4 0 0 -0.2385 0 0 0
239.6 0 0 0.096046 0 0 0
239.8 0 0 0.23973 0 0 0
240 0 0 0.26445 0 0 0
240.2 0 0 0.077367 0 0 0
240.4 0 0 -0.3733 0 0 0
240.6 0 0 -1.1661 0 0 0
240.8 0 0 -2.1283 0 0 0
241 0 0 -2.9695 0 0 0
241.2 0 0 -3.5856 0 0 0
241.4 0 0 -3.9105 0 0 0
241.6 0 0 -4.0737 0 0 0
241.8 0 0 -3.7126 0 0 0
242 0 0 -2.9588 0 0 0
242.2 0 0 -1.9612 0 0 0
242.4 0 0 -1.0441 0 0 0
242.6 0 0 -0.29829 0 0 0
242.8 0 0 0.13824 0 0 0
243 0 0 0.23297 0 0 0
243.2 0 0 0.29512 0 0 0
243.4 0 0 0.15146 0 0 0
243.6 0 0 -0.30282 0 0 0
243.8 0 0 -1.0652 0 0 0
244 0 0 -1.9923 0 0 0
244.2 0 0 -2.8859 0 0 0
244.4 0 0 -3.6919 0 0 0
244.6 0 0 -4.1086 0 0 0
244.8 0 0 -4.1742 0 0 0
245 0 0 -3.8662 0 0 0
245.2 0 0 -3.1465 0 0 0
245.4 0 0 -2.035 0 0 0
245.6 0 0 -0.90244 0 0 0
245.8 0 0 -0.1984 0 0 0
246 0 0 0.26897 0 0 0
246.2 0 0 0.44895 0 0 0
246.4 0 0 0.48146 0 0 0
246.6 0 0 0.3508 0 0 0
246.8 0 0 -0.027543 0 0 0
247 0 0 -0.73363 0 0 0
247.2 0 0 -1.6041 0 0 0
247.4 0 0 -2.3253 0 0 0
247.6 0 0 -2.9385 0 0 0
247.8 0 0 -3.5824 0 0 0
248 0 0 -3.9702 0 0 0
248.2 0 0 -3.9826 0 0 0
248.4 0 0 -3.4524 0 0 0
248.6 0 0 -2.6762 0 0 0
248.8 0 0 -1.5996 0 0 0
249 0 0 -0.66094 0 0 0
249.2 0 0 -0.021518 0 0 0
249.4 0 0 0.22002 0 0 0
249.6 0 0 0.32263 0 0 0
249.8 0 0 0.39277 0 0 0
250 0 0 0.19207 0 0 0
250.2 0 0 -0.14272 0 0 0
250.4 0 0 -0.86542 0 0 0
250.6 0 0 -1.7262 0 0 0
250.8 0 0 -2.4984 0 0 0
251 0 0 -3.1683 0 0 0
251.2 0 0 -3.7257 0 0 0
251.4 0 0 -4.0601 0 0 0
251.6 0 0 -3.7967 0 0 0
251.8 0 0 -2.9524 0 0 0
252 0 0 -1.8288 0 0 0
252.2 0 0 -0.87912 0 0 0
252.4 0 0 -0.12277 0 0 0
252.6 0 0 0.2418 0 0 0
252.8 0 0 0.37416 0 0 0
253 0 0 0.39591 0 0 0
253.2 0 0 0.3128 0 0 0
253.4 0 0 -0.10849 0 0 0
253.6 0 0 -0.76095 0 0 0
253.8 0 0 -1.5515 0 0 0
254 0 0 -2.3372 0 0 0
254.2 0 0 -3.1882 0 0 0
254.4 0 0 -3.7351 0 0 0
254.6 0 0 -3.9457 0 0 0
254.8 0 0 -3.66 0 0 0
255 0 0 -2.921 0 0 0
255.2 0 0 -1.8686 0 0 0
255.4 0 0 -0.77893 0 0 0
255.6 0 0 -0.087033 0 0 0
255.8 0 0 0.32909 0 0 0
256 0 0 0.49788 0 0 0
256.2 0 0 0.56589 0 0 0
256.4 0 0 0.40919 0 0 0
256.6 0 0 0.04403 0 0 0
256.8 0 0 -0.6946 0 0 0
257 0 0 -1.6491 0 0 0
257.2 0 0 -2.4973 0 0 0
257.4 0 0 -3.2126 0 0 0
257.6 0 0 -3.7556 0 0 0
257.8 0 0 -4.0498 0 0 0
258 0 0 -3.7245 0 0 0
258.2 0 0 -2.9968 0 0 0
258.4 0 0 -2.0327 0 0 0
258.6 0 0 -1.0199 0 0 0
258.8 0 0 -0.18061 0 0 0
259 0 0 0.30609 0 0 0
259.2 0 0 0.45616 0 0 0
259.4 0 0 0.51594 0 0 0
259.6 0 0 0.37383 0 0 0
259.8 0 0 -0.054886 0 0 0
260 0 0 -0.67843 0 0 0
260.2 0 0 -1.448 0 0 0
260.4 0 0 -2.3362 0 0 0
260.6 0 0 -3.1733 0 0 0
260.8 0 0 -3.5983 0 0 0
261 0 0 -3.5971 0 0 0
261.2 0 0 -3.2286 0 0 0
261.4 0 0 -2.3769 0 0 0
261.6 0 0 -1.3673 0 0 0
261.8 0 0 -0.4937 0 0 0
262 0 0 -0.003599 0 0 0
262.2 0 0 0.32428 0 0 0
262.4 0 0 0.45312 0 0 0
262.6 0 0 0.39722 0 0 0
262.8 0 0 0.18761 0 0 0
263 0 0 -0.37804 0 0 0
263.2 0 0 -1.2005 0 0 0
263.4 0 0 -2.1732 0 0 0
263.6 0 0 -2.8948 0 0 0
263.8 0 0 -3.4634 0 0 0
264 0 0 -3.82 0 0 0
264.2 0 0 -3.7658 0 0 0
264.4 0 0 -3.1609 0 0 0
264.6 0 0 -2.2046 0 0 0
264.8 0 0 -1.2392 0 0 0
265 0 0 -0.36422 0 0 0
265.2 0 0 0.12184 0 0 0
265.4 0 0 0.32937 0 0 0
265.6 0 0 0.39644 0 0 0
265.8 0 0 0.38834 0 0 0
266 0 0 0.18001 0 0 0
266.2 0 0 -0.31644 0 0 0
266.4 0 0 -0.94822 0 0 0
266.6 0 0 -1.7572 0 0 0
266.8 0 0 -2.6219 0 0 0
267 0 0 -3.2624 0 0 0
267.2 0 0 -3.674 0 0 0
267.4 0 0 -3.6634 0 0 0
267.6 0 0 -3.3094 0 0 0
267.8 0 0 -2.4277 0 0 0
268 0 0 -1.3765 0 0 0
268.2 0 0 -0.5229 0 0 0
268.4 0 0 0.029544 0 0 0
268.6 0 0 0.35717 0 0 0
268.8 0 0 0.5056 0 0 0
269 0 0 0.42376 0 0 0
269.2 0 0 0.35711 0 0 0
269.4 0 0 -0.033537 0 0 0
269.6 0 0 -0.62503 0 0 0
269.8 0 0 -1.4143 0 0 0
270 0 0 -2.1523 0 0 0
270.2 0 0 -2.7723 0 0 0
270.4 0 0 -3.3739 0 0 0
270.6 0 0 -3.4965 0 0 0
270.8 0 0 -3.164 0 0 0
271 0 0 -2.4131 0 0 0
271.2 0 0 -1.5475 0 0 0
271.4 0 0 -0.6491 0 0 0
271.6 0 0 0.036688 0 0 0
271.8 0 0 0.37178 0 0 0
272 0 0 0.47709 0 0 0
272.2 0 0 0.5186 0 0 0
272.4 0 0 0.43236 0 0 0
272.6 0 0 0.10938 0 0 0
272.8 0 0 -0.39314 0 0 0
273 0 0 -1.1358 0 0 0
273.2 0 0 -2.0064 0 0 0
273.4 0 0 -2.7056 0 0 0
273.6 0 0 -3.2458 0 0 0
273.8 0 0 -3.4133 0 0 0
274 0 0 -3.327 0 0 0
274.2 0 0 -2.6308 0 0 0
274.4 0 0 -1.6558 0 0 0
274.6 0 0 -0.70438 0 0 0
274.8 0 0 -0.10796 0 0 0
275 0 0 0.2692 0 0 0
275.2 0 0 0.34827 0 0 0
275.4 0 0 0.14511 0 0 0
275.6 0 0 -0.3132 0 0 0
275.8 0 0 -1.0123 0 0 0
276 0 0 -1.8837 0 0 0
276.2 0 0 -2.7314 0 0 0
276.4 0 0 -3.2026 0 0 0
276.6 0 0 -3.3872 0 0 0
276.8 0 0 -3.2485 0 0 0
277 0 0 -2.6824 0 0 0
277.2 0 0 -1.7923 0 0 0
277.4 0 0 -0.90168 0 0 0
277.6 0 0 -0.32149 0 0 0
277.8 0 0 0.10956 0 0 0
278 0 0 0.34399 0 0 0
278.2 0 0 0.41679 0 0 0
278.4 0 0 0.40411 0 0 0
278.6 0 0 0.3684 0 0 0
278.8 0 0 0.17184 0 0 0
279 0 0 -0.34299 0 0 0
279.2 0 0 -0.90464 0 0 0
279.4 0 0 -1.5281 0 0 0
279.6 0 0 -2.0491 0 0 0
279.8 0 0 -2.6299 0 0 0
280 0 0 -2.8622 0 0 0
280.2 0 0 -2.7747 0 0 0
280.4 0 0 -2.3308 0 0 0
280.6 0 0 -1.6337 0 0 0
280.8 0 0 -0.88255 0 0 0
281 0 0 -0.26523 0 0 0
281.2 0 0 0.070675 0 0 0
281.4 0 0 0.31303 0 0 0
281.6 0 0 0.44263 0 0 0
281.8 0 0 0.45218 0 0 0
282 0 0 0.39269 0 0 0
282.2 0 0 0.39464 0 0 0
282.4 0 0 0.24134 0 0 0
282.6 0 0 -0.13488 0 0 0
282.8 0 0 -0.54702 0 0 0
283 0 0 -1.0064 0 0 0
283.2 0 0 -1.4204 0 0 0
283.4 0 0 -1.9659 0 0 0
283.6 0 0 -2.2766 0 0 0
283.8 0 0 -2.3358 0 0 0
284 0 0 -2.1039 0 0 0
284.2 0 0 -1.6918 0 0 0
284.4 0 0 -1.074 0 0 0
284.6 0 0 -0.58456 0 0 0
284.8 0 0 -0.21291 0 0 0
285 0 0 0.081386 0 0 0
285.2 0 0 0.29952 0 0 0
285.4 0 0 0.40056 0 0 0
285.6 0 0 0.3615 0 0 0
285.8 0 0 0.36485 0 0 0
286 0 0 0.22554 0 0 0
286.2 0 0 -0.13724 0 0 0
286.4 0 0 -0.60804 0 0 0
286.6 0 0 -1.1432 0 0 0
286.8 0 0 -1.7086 0 0 0
287 0 0 -2.347 0 0 0
287.2 0 0 -2.6862 0 0 0
287.4 0 0 -2.762 0 0 0
287.6 0 0 -2.5393 0 0 0
287.8 0 0 -2.1683 0 0 0
288 0 0 -1.489 0 0 0
288.2 0 0 -0.81874 0 0 0
288.4 0 0 -0.31943 0 0 0
288.6 0 0 -0.02159 0 0 0
288.8 0 0 0.15405 0 0 0
289 0 0 0.23112 0 0 0
289.2 0 0 0.16793 0 0 0
289.4 0 0 0.067127 0 0 0
289.6 0 0 -0.23236 0 0 0
289.8 0 0 -0.83457 0 0 0
290 0 0 -1.4919 0 0 0
290.2 0 0 -2.0632 0 0 0
290.4 0 0 -2.5737 0 0 0
290.6 0 0 -3.0048 0 0 0
290.8 0 0 -3.0323 0 0 0
291 0 0 -2.7002 0 0 0
291.2 0 0 -2.1103 0 0 0
291.4 0 0 -1.6545 0 0 0
291.6 0 0 -1.051 0 0 0
291.8 0 0 -0.60258 0 0 0
292 0 0 -0.25922 0 0 0
292.2 0 0 -0.076699 0 0 0
292.4 0 0 0.068634 0 0 0
292.6 0 0 0.071906 0 0 0
292.8 0 0 -0.16514 0 0 0
293 0 0 -0.4892 0 0 0
293.2 0 0 -0.98675 0 0 0
293.4 0 0 -1.5855 0 0 0
293.6 0 0 -2.1507 0 0 0
293.8 0 0 -2.5409 0 0 0
294 0 0 -2.793 0 0 0
294.2 0 0 -2.9672 0 0 0
294.4 0 0 -2.7334 0 0 0
294.6 0 0 -2.1905 0 0 0
294.8 0 0 -1.4631 0 0 0
295 0 0 -0.87129 0 0 0
295.2 0 0 -0.37414 0 0 0
295.4 0 0 -0.087101 0 0 0
295.6 0 0 0.0071103 0 0 0
295.8 0 0 0.083065 0 0 0
296 0 0 0.13465 0 0 0
296.2 0 0 0.064591 0 0 0
296.4 0 0 -0.34403 0 0 0
296.6 0 0 -0.74661 0 0 0
296.8 0 0 -1.2805 0 0 0
297 0 0 -1.7922 0 0 0
297.2 0 0 -2.318 0 0 0
297.4 0 0 -2.6076 0 0 0
297.6 0 0 -2.6975 0 0 0
297.8 0 0 -2.6269 0 0 0
298 0 0 -2.1648 0 0 0
298.2 0 0 -1.5131 0 0 0
298.4 0 0 -0.85312 0 0 0
298.6 0 0 -0.39641 0 0 0
298.8 0 0 -0.0013742 0 0 0
299 0 0 0.21225 0 0 0
299.2 0 0 0.21462 0 0 0
299.4 0 0 0.13882 0 0 0
299.6 0 0 -0.094073 0 0 0
299.8 0 0 -0.58682 0 0 0
300 0 0 -1.3476 0 0 0
300.2 0 0 -1.9686 0 0 0
300.4 0 0 -2.55 0 0 0
300.6 0 0 -3.0184 0 0 0
300.8 0 0 -3.3932 0 0 0
301 0 0 -3.1976 0 0 0
301.2 0 0 -2.6054 0 0 0
301.4 0 0 -1.7816 0 0 0
301.6 0 0 -0.98172 0 0 0
301.8 0 0 -0.32984 0 0 0
