0 0 0 0 0 0 0
0.2 -0.70755 -0.26308 0.41549 0.48104 -0.51193 0.67225
0.4 -1.4587 -0.6619 0.99085 0.7921 -0.62503 0.82559
0.6 -2.0106 -0.9362 1.3813 1.0584 -0.95378 1.0791
0.8 -2.385 -1.1007 1.6002 1.3256 -1.1024 1.3694
1 -2.8075 -1.126 1.7069 1.4528 -1.3414 1.8818
1.2 -3.0226 -1.1479 1.7303 1.3379 -1.4401 2.1562
1.4 -3.1085 -1.0552 1.694 1.136 -1.4161 2.1816
1.6 -2.9935 -0.71883 1.3635 1.118 -1.4069 2.3581
1.8 -3.0502 0.16125 0.68825 0.53347 -1.1325 2.7805
2 -2.75 1.4997 -0.38324 -0.80821 -0.17332 2.8528
2.2 -1.7766 2.5324 -1.4979 -2.1764 0.7325 2.1521
2.4 -0.71958 3.2456 -2.5758 -3.0512 1.7785 1.3961
2.6 0.32641 3.6495 -3.6466 -3.4623 2.4827 0.83768
2.8 1.1769 3.862 -4.4318 -3.619 3.2369 0.37241
3 1.8144 3.8114 -4.6733 -3.6359 3.8002 -0.098055
3.2 1.8693 3.4791 -4.1833 -2.9697 3.3842 -0.1137
3.4 1.2689 2.7827 -3.0295 -2.0431 2.4621 0.020472
3.6 0.43362 1.7362 -1.6415 -0.89073 1.0624 0.45011
3.8 -0.41627 0.44903 -0.21312 0.30061 -0.11905 0.67794
4 -1.1782 -0.49044 0.70007 1.1449 -0.85837 1.1907
4.2 -2.0579 -0.785 1.2084 1.5066 -1.2234 1.9726
4.4 -2.5853 -0.84983 1.4344 1.1229 -1.0467 1.9769
4.6 -2.5418 -0.95422 1.4828 1.0401 -1.1503 2.0193
4.8 -2.5782 -1.1652 1.607 1.283 -1.407 1.8331
5 -2.7287 -1.2839 1.6781 1.7792 -1.8263 2.0827
5.2 -3.3344 -1.1131 1.7856 1.9741 -1.9595 2.6815
5.4 -3.6309 -0.77143 1.693 1.4768 -1.7647 2.8736
5.6 -3.3214 -0.35255 1.3953 0.8932 -1.3974 2.7416
5.8 -2.9142 0.30678 0.73875 0.027247 -0.61904 2.3212
6 -2.4537 1.3017 -0.21491 -0.65694 6.4664e-05 2.4142
6.2 -1.9869 2.3506 -1.1916 -1.706 0.68824 2.1702
6.4 -1.1564 3.1892 -2.2598 -2.7859 1.5695 1.7254
6.6 -0.12108 3.6733 -3.3752 -3.6516 2.6274 1.0609
6.8 0.7956 3.9166 -4.326 -3.9306 3.3282 0.70654
7 1.6708 3.9575 -5.0482 -4.0065 3.9769 0.17728
7.2 2.3333 3.787 -5.3051 -3.879 4.4762 -0.50826
7.4 2.599 3.5689 -5.2829 -3.6152 4.7596 -0.74233
7.6 2.4424 3.5368 -5.1226 -3.3939 4.8121 -0.51379
7.8 2.0249 3.5458 -4.6718 -3.4841 4.2595 -0.23368
8 1.6805 3.1253 -3.8089 -3.0572 3.5952 -0.37959
8.2 1.021 2.1945 -2.4863 -1.9082 2.357 -0.090587
8.4 0.0047141 1.0048 -0.98536 -0.5303 1.0442 0.42586
8.6 -0.92388 -0.01442 0.16408 0.30398 0.1909 0.9041
8.8 -1.501 -0.59854 0.84063 0.70394 -0.46681 1.1939
9 -1.8366 -0.9762 1.2564 1.025 -0.7506 1.3329
9.2 -2.4402 -1.0576 1.5472 1.3164 -1.3007 2.0859
9.4 -2.7357 -1.1773 1.6747 1.1351 -1.3187 2.0536
9.6 -2.8136 -1.2266 1.7558 1.0552 -1.3502 1.8812
9.8 -2.8394 -1.2622 1.7419 1.2058 -1.3841 1.7876
10 -3.0605 -0.8881 1.5533 1.4017 -1.4932 2.3169
10.2 -3.2288 -0.0052936 0.96911 0.77236 -1.2996 3.1287
10.4 -2.7435 1.0646 0.10941 -0.61208 -0.60568 2.6544
10.6 -1.9294 1.9687 -0.81485 -1.8497 0.13439 2.1483
10.8 -1.0013 2.6336 -1.9231 -2.6395 1.1781 1.4454
11 -0.083845 3.2949 -3.1638 -3.0905 2.1963 1.2056
11.2 0.6808 3.9073 -4.3202 -3.5275 3.1409 0.98669
11.4 1.518 4.1404 -4.9364 -3.8486 3.8004 0.18865
11.6 2.113 3.9406 -4.9502 -3.7241 4.1157 -0.19679
11.8 2.1808 3.5768 -4.5204 -3.3944 3.8473 -0.1408
12 1.7701 3.2509 -3.7857 -2.8289 3.1057 0.25089
12.2 0.81568 2.7837 -2.7138 -2.058 2.0927 0.75553
12.4 0.04637 1.8441 -1.4697 -1.4687 1.3926 0.3649
12.6 -0.468 0.71092 -0.30415 -0.50681 0.65868 0.37119
12.8 -1.0101 -0.22815 0.50382 0.29738 -0.01266 0.85471
13 -1.6579 -0.56093 1.0074 0.83727 -0.46047 1.5313
13.2 -2.1395 -0.76101 1.331 0.95112 -0.38717 1.6241
13.4 -2.3979 -0.87989 1.518 0.82258 -0.33302 1.3436
13.6 -2.6795 -0.94805 1.6082 0.99795 -0.56552 1.7202
13.8 -3.0008 -0.91477 1.7084 0.91739 -0.89951 1.9463
14 -3.0814 -0.82999 1.718 0.99867 -1.2269 2.2383
14.2 -3.0071 -0.75508 1.6378 0.98977 -1.3107 2.0056
14.4 -3.0127 -0.38557 1.2835 1.0511 -1.3062 2.4396
14.6 -3.0564 0.45928 0.59217 0.54937 -0.58086 2.7645
14.8 -2.5868 1.6362 -0.39739 -0.8031 0.1531 2.5582
15 -1.6072 2.5481 -1.4209 -1.9937 1.1168 1.7756
15.2 -0.58357 3.2122 -2.5348 -3.0113 1.9702 1.0497
15.4 0.39495 3.7208 -3.6885 -3.54 2.7495 0.80966
15.6 1.285 4.0532 -4.679 -3.9993 3.5354 0.45675
15.8 2.1577 4.1183 -5.2127 -3.9561 3.8161 0.1804
16 2.5411 3.943 -5.1769 -3.685 4.07 0.027011
16.2 2.3756 3.6587 -4.6195 -3.1893 3.6051 -0.03622
16.4 1.8536 3.0818 -3.5584 -2.4525 2.6857 -0.064793
16.6 1.0551 2.1096 -2.1363 -1.2504 1.5749 0.072968
16.8 0.087781 1.1238 -0.84261 -0.063092 0.58281 0.65375
17 -1.0146 0.44264 0.12058 0.55932 -0.10716 1.5167
17.2 -1.6943 0.0029724 0.68609 0.40543 -0.26063 1.4558
17.4 -1.7457 -0.37239 0.9378 0.63287 -0.39655 1.3991
17.6 -1.8348 -0.73959 1.165 0.92898 -0.74795 1.3422
17.8 -2.0516 -0.96679 1.3351 1.5266 -1.1867 1.6422
18 -2.6536 -0.88892 1.4624 1.615 -1.3885 2.1343
18.2 -3.2214 -0.68717 1.5461 1.2872 -1.0666 2.3777
18.4 -3.0852 -0.61957 1.4731 1.0375 -0.89763 2.2573
18.6 -2.9461 -0.51922 1.3529 0.89157 -0.83516 2.054
18.8 -2.8377 -0.19481 0.99712 0.91998 -0.97282 2.3562
19 -2.815 0.55659 0.48094 0.17606 -0.48934 2.2532
19.2 -2.5477 1.3782 -0.23102 -0.70429 0.19949 2.0745
19.4 -1.8457 2.2351 -1.2736 -1.6538 1.0407 1.598
19.6 -0.88745 2.9038 -2.406 -2.3204 1.5732 1.2398
19.8 0.037775 3.5075 -3.6839 -3.0658 2.3445 1.0531
20 1.0175 3.9756 -4.7701 -3.7445 3.1394 0.65855
20.2 1.817 4.3511 -5.7023 -4.1724 4.108 0.36967
20.4 2.6794 4.3378 -6.1013 -4.2486 4.6175 -0.31275
20.6 3.1558 4.0636 -5.9687 -4.1329 5.0331 -0.86526
20.8 3.159 3.7012 -5.4775 -3.8263 4.8723 -1.013
21 2.5272 3.478 -4.6469 -3.1671 4.2062 -0.33216
21.2 1.5829 3.0031 -3.5036 -2.6182 3.0782 0.13795
21.4 0.83021 1.8526 -2.0715 -1.8141 2.0357 -0.17987
21.6 0.19559 0.56393 -0.75801 -0.795 1.202 -0.20463
21.8 -0.40402 -0.44475 0.14366 0.3551 0.31358 0.14152
22 -1.1528 -0.83129 0.72177 1.2877 -0.51024 1.0401
22.2 -2.0625 -0.92202 1.1067 1.3951 -1.0543 1.8017
22.4 -2.3429 -0.99895 1.2656 1.0888 -0.76257 1.5339
22.6 -2.341 -1.0965 1.3494 1.1237 -0.78937 1.543
22.8 -2.4056 -1.1068 1.3239 1.2389 -0.9857 1.7588
23 -2.5575 -0.5716 1.0592 0.94457 -1.2616 2.2631
23.2 -2.5292 0.17544 0.57326 0.10896 -0.81871 2.3362
23.4 -2.1293 1.1132 -0.33425 -0.91445 0.27256 1.8067
23.6 -1.4396 2.0614 -1.5547 -1.8373 1.1917 1.6448
23.8 -0.64331 2.9591 -2.8485 -2.7574 2.1364 1.257
24 0.47127 3.5075 -3.8938 -3.3361 2.7435 0.77472
24.2 1.2927 3.6195 -4.2776 -3.1501 2.873 0.32766
24.4 1.249 3.4012 -3.8507 -2.3706 2.1297 0.70414
24.6 0.51862 2.7683 -2.6906 -1.6333 1.0808 1.0518
24.8 -0.10471 1.7392 -1.3636 -0.87354 0.51864 0.8363
25 -0.67362 0.58214 -0.2796 -0.15537 -0.051075 0.58603
25.2 -1.3078 -0.22563 0.46055 0.70578 -0.46565 0.9919
25.4 -1.8929 -0.57271 0.90348 0.99805 -0.77298 1.2386
25.6 -2.2319 -0.72965 1.1621 1.0804 -0.86376 1.6357
25.8 -2.3877 -0.9147 1.2507 1.1337 -1.1126 1.5329
26 -2.7795 -0.95105 1.3481 1.5518 -1.5422 2.1411
26.2 -3.262 -0.81762 1.3735 1.7016 -1.6917 2.6035
26.4 -3.3432 -0.64182 1.3569 1.2373 -1.3933 2.452
26.6 -3.044 -0.49447 1.1919 0.8977 -0.93196 2.1651
26.8 -2.8012 -0.27459 0.87032 0.57224 -0.66736 1.8766
27 -2.499 0.46099 0.11287 0.16793 -0.29887 2.1883
27.2 -2.2064 1.7125 -1.071 -0.87278 0.32387 2.5256
27.4 -1.3915 3.0127 -2.3519 -2.2868 1.3469 2.2385
27.6 -0.071217 3.8135 -3.5921 -3.4012 2.5217 1.2
27.8 1.1668 4.118 -4.6257 -3.9104 3.364 0.3463
28 1.9443 4.1422 -5.2972 -3.8172 3.5445 0.27735
28.2 2.2822 4.0894 -5.3939 -3.5411 3.5699 0.06933
28.4 2.2817 3.8107 -4.8111 -2.9814 3.2925 -0.054224
28.6 1.7977 3.2911 -3.777 -2.3167 2.8055 0.015226
28.8 0.96601 2.5331 -2.5149 -1.775 2.1833 0.080065
29 0.17469 1.5971 -1.3239 -1.0677 1.2953 0.3899
29.2 -0.55541 0.64024 -0.26843 -0.046993 0.76096 0.47585
29.4 -1.1627 -0.046432 0.39575 0.8576 0.16723 1.0617
29.6 -1.9393 -0.30251 0.82441 1.3091 -0.19345 1.8076
29.8 -2.4788 -0.31744 1.0518 1.0388 -0.15874 2.0125
30 -2.4132 -0.48084 1.0941 0.86749 -0.23191 1.9129
30.2 -2.4081 -0.68925 1.1805 1.0178 -0.37971 1.6415
30.4 -2.5056 -0.87735 1.2457 1.5173 -0.90328 1.7846
30.6 -3.0563 -0.6954 1.3351 1.7453 -1.4145 2.6209
30.8 -3.4235 -0.50249 1.3429 1.3448 -1.4237 2.8107
31 -3.2186 -0.31946 1.247 0.86139 -1.3138 2.6116
31.2 -3.0263 -0.15449 1.0042 0.74707 -1.0934 2.3312
31.4 -2.8247 0.4038 0.4169 0.72792 -1.144 2.675
31.6 -2.6809 1.436 -0.57924 -0.19866 -0.64911 2.9996
31.8 -2.0409 2.5907 -1.7535 -1.6478 0.41428 2.6957
32 -0.84005 3.3594 -2.9499 -2.9865 1.9114 1.6643
32.2 0.40912 3.7707 -4.1722 -3.6051 3.0824 0.8601
32.4 1.4304 3.9663 -5.1714 -3.7656 3.7074 0.28201
32.6 2.0478 4.0148 -5.6348 -3.5129 3.6996 0.15774
32.8 2.2299 3.886 -5.4347 -3.1287 3.8604 0.023021
33 1.8765 3.5955 -4.68 -2.6673 3.4543 0.10805
33.2 1.2359 3.042 -3.5862 -2.2455 3.0479 0.035518
33.4 0.56735 2.24 -2.3757 -1.4423 1.9588 0.12095
33.6 -0.14559 1.1785 -1.1178 -0.17589 1.0979 0.33767
33.8 -0.97482 0.39708 -0.21129 0.88688 0.20313 1.1969
34 -1.8736 0.038994 0.41028 0.93736 -0.19641 1.6612
34.2 -2.0514 -0.20352 0.64059 0.70868 -0.26092 1.4993
34.4 -2.1119 -0.41824 0.83356 0.7208 -0.43991 1.4263
34.6 -2.3882 -0.54272 0.96081 1.1517 -1.1361 1.933
34.8 -2.7294 -0.48564 1.1004 1.1255 -1.5398 2.2809
35 -2.9865 -0.41831 1.1875 1.0922 -1.5791 2.4215
35.2 -3.0145 -0.34808 1.1211 1.1955 -1.3559 2.3825
35.4 -3.1773 0.07318 0.8606 1.2763 -1.3725 2.9531
35.6 -2.9819 0.71101 0.30778 0.42064 -1.0112 2.8434
35.8 -2.4847 1.4664 -0.48731 -0.73608 -0.43009 2.3631
36 -1.7936 2.152 -1.4872 -1.518 0.20831 1.9331
36.2 -1.2153 2.9763 -2.675 -2.1827 1.0097 1.9995
36.4 -0.41617 3.7647 -3.8272 -2.9286 2.0001 1.6636
36.6 0.72716 4.0459 -4.6653 -3.6833 2.9483 0.66446
36.8 1.575 3.9505 -5.1425 -3.6778 3.4265 0.10427
37 1.8647 3.7703 -5.2421 -3.4063 3.4983 0.18952
37.2 1.5731 3.4903 -4.6468 -2.987 3.1707 0.20357
37.4 1.0113 2.8665 -3.4428 -2.2763 2.5066 -0.044178
37.6 0.18186 1.7206 -1.9131 -0.89336 1.3304 0.11543
37.8 -0.76806 0.73129 -0.68075 0.15841 0.54164 0.60901
38 -1.3239 0.013536 0.05931 0.76365 -0.063933 1.0143
38.2 -1.6849 -0.37039 0.54772 0.98704 -0.44373 1.0566
38.4 -1.9562 -0.66479 0.84269 1.5321 -0.94376 1.32
38.6 -2.4933 -0.68931 1.0429 1.8275 -1.3874 1.8774
38.8 -3.0289 -0.54781 1.1454 1.678 -1.4423 2.5135
39 -3.0422 -0.47915 1.1732 1.1666 -1.1572 2.1605
39.2 -2.8882 -0.48532 1.1813 0.98669 -1.1113 2.0724
39.4 -2.8178 -0.54779 1.1064 1.1188 -1.1787 1.9481
39.6 -2.9375 -0.22135 0.8115 1.1495 -1.4296 2.5913
39.8 -3.1297 0.50067 0.3057 0.44809 -1.2446 3.0975
40 -2.772 1.3953 -0.36066 -0.63041 -0.52924 2.7998
40.2 -2.0663 2.1461 -1.2058 -1.7974 0.47385 2.1305
40.4 -1.2215 2.7217 -2.2521 -2.3918 1.3378 1.3911
40.6 -0.27622 3.2674 -3.56 -2.9967 2.373 0.95534
40.8 0.65329 3.8565 -4.8349 -3.4844 3.1368 0.89324
41 1.7429 4.1281 -5.6623 -4.0104 3.9532 0.19275
41.2 2.4848 4.0205 -5.8488 -3.8945 4.1267 -0.19081
41.4 2.5893 3.778 -5.5342 -3.5541 4.0205 -0.31014
41.6 2.0246 3.4527 -4.6488 -2.8619 3.3807 -0.051741
41.8 1.2648 2.8286 -3.4476 -2.2642 2.5721 0.11576
42 0.3833 1.8793 -2.0345 -1.3041 1.6599 0.18783
42.2 -0.49462 0.91177 -0.86111 -0.58118 1.0404 0.52024
42.4 -1.119 0.25934 -0.10988 0.018948 0.52846 0.83139
42.6 -1.534 -0.14293 0.40419 0.48986 -0.13281 1.23
42.8 -1.8581 -0.43961 0.72221 0.97847 -0.74474 1.4437
43 -2.373 -0.53168 0.97782 1.5715 -1.223 1.9671
43.2 -2.9242 -0.39777 1.0938 1.6274 -1.4136 2.496
43.4 -2.9163 -0.37026 1.1083 1.0923 -1.0589 2.1093
43.6 -2.7324 -0.37239 1.073 0.84172 -0.79489 1.7654
43.8 -2.6124 -0.36241 0.91449 0.74831 -0.54476 1.697
44 -2.6585 0.11056 0.54334 0.9633 -0.45208 2.2185
44.2 -2.8045 1.0198 -0.10597 0.38601 -0.2104 2.9609
44.4 -2.4138 1.9914 -0.86661 -0.81613 0.48841 2.4921
44.6 -1.6744 2.6655 -1.6675 -1.9454 0.98096 1.9307
44.8 -0.87389 3.0786 -2.6397 -2.5801 1.5809 1.3171
45 -0.017077 3.5367 -3.8408 -3.0314 2.128 1.1842
45.2 0.75247 4.052 -5.0082 -3.517 3.1869 1.0558
45.4 1.6966 4.2235 -5.6683 -4.0209 3.6447 0.3318
45.6 2.3871 4.0009 -5.7988 -3.8894 4.1789 -0.38733
45.8 2.5184 3.6721 -5.5092 -3.4521 4.1569 -0.57181
46 2.1098 3.4483 -4.9104 -2.844 4.0626 -0.30273
46.2 1.5078 3.0024 -3.914 -2.2561 3.1925 0.02845
46.4 0.76049 2.1618 -2.6309 -1.3643 2.1582 0.26126
46.6 -0.17231 1.177 -1.3128 -0.47175 1.0233 0.73049
46.8 -0.85259 0.40092 -0.42102 0.096254 0.53291 0.97673
47 -1.3767 -0.08925 0.20645 0.56178 -0.12459 1.1695
47.2 -1.6887 -0.46394 0.57369 1.0882 -0.3268 1.2099
47.4 -2.2147 -0.55956 0.82187 1.5503 -0.98121 1.8376
47.6 -2.7923 -0.44394 0.97254 1.501 -1.1948 2.4337
47.8 -2.7304 -0.43879 0.96694 0.96443 -1.0809 1.9929
48 -2.6257 -0.44262 0.95398 0.72301 -0.8314 1.6834
48.2 -2.5509 -0.44189 0.82754 0.83295 -0.77004 1.6823
48.4 -2.7306 0.092392 0.43186 0.78276 -0.78584 2.4285
48.6 -2.8494 1.0018 -0.19375 0.074116 -0.6901 3.2065
48.8 -2.2385 1.9209 -0.99475 -1.3951 0.47282 2.392
49 -1.4097 2.6164 -1.8559 -2.4516 1.6359 1.6025
49.2 -0.50284 3.1022 -2.8983 -2.9667 2.677 0.8386
49.4 0.37817 3.6785 -4.1556 -3.2976 3.4802 0.70217
49.6 1.2181 4.2434 -5.3744 -3.8348 4.2994 0.58024
49.8 2.1779 4.3453 -6.0472 -4.3613 5.1226 -0.22309
50 2.9227 4.1539 -6.4314 -4.4486 5.8727 -0.92769
50.2 3.3077 3.8407 -6.6413 -4.3181 6.1766 -1.2513
50.4 3.3103 3.6651 -6.5765 -4.2833 6.1552 -1.1888
50.6 3.0967 3.3871 -6.0328 -3.9474 5.2248 -0.88365
50.8 2.3462 2.7501 -4.7135 -2.8995 4.1664 -0.58047
51 1.3841 1.8265 -3.2219 -1.7238 2.9706 -0.42656
51.2 0.53637 0.79487 -1.8917 -0.82342 2.2912 -0.34512
51.4 -0.082363 -0.10392 -0.86622 -0.037207 1.4439 -0.19594
51.6 -0.54878 -0.70501 -0.12213 0.55671 0.4261 0.3346
51.8 -1.2864 -0.93907 0.44867 1.0045 -0.26479 1.1427
52 -1.9489 -1.0079 0.875 0.98601 -0.65567 1.5399
52.2 -1.9983 -1.2076 1.0519 0.8521 -0.4824 1.2831
52.4 -2.0741 -1.432 1.255 1.1315 -0.65753 1.1026
52.6 -2.2087 -1.6456 1.4082 1.7588 -1.0496 1.2677
52.8 -2.7759 -1.5333 1.5672 2.2576 -1.2809 1.9728
53 -3.2837 -1.3293 1.6537 2.1053 -1.358 2.3354
53.2 -3.2238 -1.2569 1.6251 1.5747 -1.029 1.9878
53.4 -3.1469 -1.2802 1.6277 1.4175 -0.82396 1.6731
53.6 -3.0488 -1.2677 1.5008 1.6568 -0.82382 1.67
53.8 -3.2531 -0.72663 1.1653 1.6052 -0.84877 2.2921
54 -3.2588 0.14245 0.63209 0.90122 -0.66421 2.5599
54.2 -2.77 0.88585 0.063607 -0.13333 -0.18672 2.1793
54.4 -2.282 1.5006 -0.62785 -1.1003 0.3573 1.7416
54.6 -1.7118 2.138 -1.599 -1.8696 0.73408 1.7298
54.8 -1.0928 2.9036 -2.6081 -2.6912 1.1023 1.6852
55 -0.12018 3.5489 -3.716 -3.4491 1.8867 1.4089
55.2 0.9012 3.9392 -4.6583 -3.8903 2.7378 0.85868
55.4 1.6305 4.0426 -5.2828 -3.9787 3.6149 0.35639
55.6 2.0904 3.9778 -5.4822 -3.8371 3.9245 0.059361
55.8 2.0795 3.7557 -5.0778 -3.4799 3.8331 -0.053236
56 1.5324 3.5378 -4.3408 -2.8496 3.1139 0.50768
56.2 0.45753 3.1437 -3.1478 -2.198 2.1968 0.73032
56.4 -0.11994 2.1825 -1.7973 -1.3755 1.3328 0.5378
56.6 -0.57116 0.91344 -0.48985 -0.28352 0.54019 0.53348
56.8 -1.03 -0.16065 0.41274 0.55511 -0.12753 0.96047
57 -1.5182 -0.74002 0.94865 0.83124 -0.28937 1.2447
57.2 -1.9306 -1.0066 1.2329 0.92987 -0.37728 1.1897
57.4 -2.1804 -1.1981 1.38 1.294 -0.44174 1.2438
57.6 -2.6925 -1.1708 1.5051 1.5162 -0.95978 1.7836
57.8 -2.8713 -1.2042 1.532 1.2779 -1.1763 1.7534
58 -2.8992 -1.2563 1.5577 1.1744 -1.3625 1.5973
58.2 -2.9107 -1.3974 1.5667 1.5286 -1.8081 1.7868
58.4 -3.2688 -1.2163 1.5736 1.9503 -1.8264 2.3409
58.6 -3.5891 -0.75775 1.3967 1.8009 -1.859 3.0154
58.8 -3.3359 -0.14388 0.9711 0.81781 -0.75257 2.4638
59 -2.8016 0.52489 0.29547 -0.16528 -0.1186 2.1922
59.2 -2.2083 1.2888 -0.66664 -1.1032 0.76388 1.8335
59.4 -1.5274 2.3595 -1.8537 -1.9693 1.1976 1.8635
59.6 -0.67288 3.277 -3.0373 -3.0339 1.9965 1.492
59.8 0.39311 3.804 -4.0689 -3.7367 2.7108 0.76461
60 1.1876 3.9717 -4.6728 -3.7083 2.6694 0.66597
60.2 1.4267 3.8171 -4.452 -2.8919 2.3193 0.4887
60.4 1.0255 3.1856 -3.3278 -1.8863 1.4526 0.7025
60.6 0.1433 2.0453 -1.7089 -0.64443 0.65009 0.77512
60.8 -0.86412 0.92224 -0.40617 0.32812 -0.17506 1.2949
61 -1.6989 0.25212 0.3383 0.89624 -0.58995 1.7927
61.2 -2.0988 -0.17239 0.73367 0.83128 -0.56806 1.4669
61.4 -2.0691 -0.50367 0.87071 0.84159 -0.78032 1.3225
61.6 -2.141 -0.83626 1.0432 1.3 -1.1437 1.2973
61.8 -2.4296 -0.93051 1.1619 1.9131 -1.4291 1.8423
62 -3.0008 -0.76259 1.2554 2.1802 -1.6338 2.4115
62.2 -3.296 -0.57032 1.2787 1.7242 -1.3812 2.2333
62.4 -3.1066 -0.49855 1.2168 1.4448 -1.2503 2.0477
62.6 -3.0083 -0.49845 1.1085 1.2972 -1.179 2.0008
62.8 -2.9272 -0.16955 0.74562 1.2378 -1.2756 2.4392
63 -3.0001 0.71774 0.067324 0.67465 -0.94223 3.0934
63.2 -2.6399 1.901 -0.86204 -0.75099 -0.05908 2.8829
63.4 -1.721 2.8635 -1.8727 -2.1649 1.0867 2.2039
63.6 -0.75263 3.5329 -2.9783 -3.1005 2.0941 1.5514
63.8 0.18375 4.1217 -4.0697 -3.5286 2.6359 1.2438
64 1.0948 4.4822 -4.9466 -3.8718 3.2319 0.84868
64.2 1.8941 4.6181 -5.4691 -4.2516 3.7114 0.43272
64.4 2.4026 4.507 -5.7079 -4.2369 4.1581 0.084091
64.6 2.4988 4.2908 -5.4999 -3.9088 4.3314 -0.18674
64.8 2.2229 3.8896 -4.7342 -3.2179 3.8175 -0.41894
65 1.4519 2.8804 -3.2366 -1.983 2.6426 -0.32535
65.2 0.33032 1.6976 -1.729 -0.803 1.3683 0.41563
65.4 -0.80331 0.58706 -0.55332 0.0041114 0.25217 1.0348
65.6 -1.2056 -0.25806 0.11875 0.49472 -0.11166 1.1251
65.8 -1.4869 -0.82049 0.58906 1.1594 -0.59001 1.502
66 -1.9138 -1.0576 0.91136 1.5031 -0.9224 1.8684
66.2 -2.3603 -1.1011 1.1784 1.5473 -1.1276 2.1676
66.4 -2.6948 -1.1338 1.3573 1.505 -1.3707 2.1282
66.6 -2.8372 -1.2055 1.4437 1.6027 -1.5789 2.1551
66.8 -3.3163 -1.1191 1.5286 1.7707 -1.974 2.7361
67 -3.4214 -1.1214 1.5054 1.5502 -1.98 2.6037
67.2 -3.3455 -1.0525 1.4694 1.4119 -1.6674 2.2923
67.4 -3.1968 -0.97177 1.303 1.5465 -1.5659 2.1566
67.6 -3.3447 -0.42356 0.93052 1.3711 -1.5308 2.7613
67.8 -3.3693 0.4197 0.36971 0.52567 -1.1234 3.0798
68 -2.767 1.2621 -0.36077 -0.64939 -0.19793 2.5715
68.2 -2.0752 2.0005 -1.2691 -1.5686 0.66717 2.0884
68.4 -1.3052 2.7193 -2.3321 -2.1718 1.2668 1.7851
68.6 -0.52252 3.3139 -3.3807 -2.9187 2.0439 1.3537
68.8 0.37194 3.7097 -4.3167 -3.5897 2.877 0.8383
69 1.3078 3.8048 -5.0878 -3.7756 3.6736 0.14579
69.2 1.8391 3.8954 -5.7148 -3.8584 4.3099 0.062023
69.4 2.1454 3.915 -5.937 -3.8857 4.3534 -0.18534
69.6 2.4397 3.5998 -5.721 -3.8285 4.6734 -0.70894
69.8 2.3862 3.2151 -5.183 -3.4 4.1772 -0.66789
70 1.8781 2.8619 -4.3178 -2.7016 3.513 -0.18219
70.2 1.0275 2.3197 -3.1407 -2.1388 2.608 0.010086
70.4 0.44705 1.467 -1.9417 -1.2902 1.6845 0.052124
70.6 -0.11358 0.35957 -0.81481 -0.29042 0.91782 0.10548
70.8 -0.74806 -0.43182 0.0071266 0.7914 0.03479 0.83449
71 -1.5683 -0.7061 0.54679 1.3946 -0.4258 1.5164
71.2 -2.1854 -0.78062 0.87622 1.3093 -0.5396 1.6306
71.4 -2.213 -0.93888 0.99218 1.2456 -0.52463 1.3758
71.6 -2.2847 -1.1278 1.1041 1.299 -0.62199 1.1891
71.8 -2.5238 -1.2821 1.2244 1.6154 -1.0912 1.6661
72 -2.9343 -1.1833 1.3494 1.5734 -1.1706 2.0252
72.2 -3.1306 -1.0645 1.412 1.5758 -1.3827 2.3615
72.4 -3.1107 -0.87227 1.283 1.3315 -1.1628 2.1679
72.6 -3.1253 -0.36327 0.95699 1.0241 -1.2047 2.4267
72.8 -2.8807 0.28412 0.39199 0.14055 -0.71926 2.188
73 -2.368 1.0871 -0.4906 -0.998 0.12693 1.8476
73.2 -1.5788 1.9035 -1.7561 -1.9109 1.0149 1.526
73.4 -0.8231 2.8495 -3.2145 -2.7569 2.0027 1.3068
73.6 0.21113 3.7115 -4.5846 -3.541 3.0124 0.77646
73.8 1.5143 4.0454 -5.5052 -4.0683 3.8932 -0.24442
74 2.3706 3.8886 -5.6892 -3.9059 3.9245 -0.45583
74.2 2.3696 3.4854 -5.0957 -3.1057 3.2274 -0.16499
74.4 1.5273 2.9948 -3.8529 -1.9573 2.0422 0.59778
74.6 0.29442 2.3492 -2.4914 -1.2909 1.3235 1.0529
74.8 -0.35975 1.4663 -1.368 -0.76021 0.80088 0.80217
75 -0.74517 0.62041 -0.61463 -0.38083 0.32052 0.6501
75.2 -1.1752 -0.066432 0.015021 0.484 -0.50719 0.90075
75.4 -1.735 -0.43599 0.46325 1.0877 -1.092 1.5042
75.6 -2.5023 -0.4912 0.80523 1.3019 -1.5349 2.3833
75.8 -2.6938 -0.5684 0.94802 0.92945 -1.7003 2.2146
76 -2.6651 -0.64373 1.034 0.96239 -1.8221 2.0558
76.2 -2.5205 -0.74845 1.0392 0.83253 -1.608 1.6321
76.4 -2.5828 -0.73432 1.07 1.1553 -1.631 1.8417
76.6 -2.8864 -0.45434 0.90293 1.0884 -1.6142 2.2377
76.8 -3.0271 0.15784 0.4282 0.81393 -1.4692 2.6072
77 -3.002 1.1398 -0.33687 0.11092 -1.0936 3.0119
77.2 -2.3638 1.9651 -1.1543 -1.239 -0.085581 2.2964
77.4 -1.4464 2.595 -2.086 -2.2982 0.86374 1.533
77.6 -0.41183 3.1149 -3.2839 -2.9806 2.1054 0.69943
77.8 0.55036 3.6735 -4.6155 -3.4066 3.0748 0.50846
78 1.4532 4.1532 -5.788 -3.8605 3.9751 0.14181
78.2 2.4563 4.1642 -6.3004 -4.0383 4.4727 -0.4609
78.4 2.9428 3.9184 -6.2577 -3.6108 4.5664 -0.63526
78.6 2.6508 3.6824 -5.6569 -3.0456 3.9404 -0.20096
78.8 1.9233 3.2353 -4.5985 -2.4909 3.1108 0.077276
79 1.0471 2.4824 -3.2536 -1.7296 2.1499 0.20527
79.2 0.19413 1.4436 -1.9177 -0.68254 1.2503 0.24804
79.4 -0.69726 0.62435 -0.87665 0.28731 0.46795 0.86022
79.6 -1.5564 0.23884 -0.2446 0.57941 -0.29648 1.6103
79.8 -1.8582 -0.10248 0.14767 0.31849 -0.29072 1.3731
80 -1.8667 -0.41268 0.40617 0.33972 -0.33029 1.1611
80.2 -2.065 -0.72682 0.67859 0.84337 -0.41079 1.3665
80.4 -2.4791 -0.74346 0.91869 1.2242 -0.67406 1.959
80.6 -2.8435 -0.72683 1.0771 1.1388 -0.97378 2.3421
80.8 -3.0548 -0.72188 1.1782 1.0903 -1.2893 2.2753
81 -3.1976 -0.58869 1.0979 1.1815 -1.647 2.6626
81.2 -3.3367 -0.18971 0.88755 0.78348 -1.1655 2.5799
81.4 -3.1152 0.39801 0.38659 0.067465 -0.52109 2.4116
81.6 -2.69 1.0489 -0.42588 -0.73405 -0.098916 2.1773
81.8 -2.2229 1.9556 -1.5084 -1.4989 0.17837 2.4031
82 -1.5229 2.8561 -2.629 -2.5008 0.79605 1.9807
82.2 -0.4596 3.3883 -3.5818 -3.2797 1.848 1.3016
82.4 0.49983 3.5234 -4.2328 -3.0704 2.3561 0.69667
82.6 0.58123 3.4617 -4.1569 -2.3755 2.0496 1.1345
82.8 0.16717 3.0061 -3.3045 -1.5414 1.661 0.89067
83 -0.38207 2.1894 -2.0052 -0.88966 1.1119 0.74469
83.2 -1.0726 1.1184 -0.84818 0.03351 0.4981 0.91219
83.4 -1.6818 0.49759 -0.14005 0.59613 0.039245 1.5135
83.6 -2.1103 0.15438 0.25275 0.81832 -0.33477 1.9428
83.8 -2.3205 -0.031429 0.49594 0.88826 -0.60001 1.9489
84 -2.5943 -0.14935 0.59937 1.0257 -0.9218 2.2818
84.2 -2.8802 -0.12669 0.69539 0.92499 -1.0219 2.3014
84.4 -2.9712 -0.07928 0.71484 0.84244 -0.99182 2.3734
84.6 -2.9667 -0.16101 0.73116 1.0837 -1.1463 2.3648
84.8 -3.1943 -0.098354 0.70988 1.4631 -1.5555 2.994
85 -3.5114 0.18221 0.63795 1.2247 -1.5568 3.2282
85.2 -3.1578 0.61219 0.33704 0.385 -1.0997 2.7977
85.4 -2.8261 1.0453 -0.16122 -0.12881 -0.55065 2.5198
85.6 -2.4805 1.7181 -0.97919 -0.52673 -0.048911 2.666
85.8 -2.1011 2.6145 -1.9512 -1.3837 0.60844 2.5258
86 -1.2719 3.3807 -2.9587 -2.4742 1.4612 1.8657
86.2 -0.18787 3.8035 -4.0465 -3.1765 2.3904 1.0352
86.4 0.64163 4.0489 -4.9414 -3.3088 2.8418 0.85156
86.6 1.1521 4.1028 -5.2719 -3.1779 3.3302 0.57476
86.8 1.3722 3.8572 -4.8652 -2.7892 3.1027 0.38254
87 0.92903 3.2429 -3.8197 -1.8269 2.6546 0.4456
87.2 -0.034052 2.5737 -2.699 -0.96002 1.388 1.291
87.4 -0.87319 1.7857 -1.6382 -0.48499 0.58433 1.4553
87.6 -1.2571 1.0797 -0.81939 -0.067652 0.038124 1.2859
87.8 -1.573 0.52989 -0.34611 0.50547 -0.47884 1.3846
88 -2.1418 0.40374 -0.011953 0.94218 -0.904 1.8504
88.2 -2.4329 0.30787 0.12911 0.84155 -0.91937 1.9767
88.4 -2.5111 0.21051 0.27064 0.75255 -0.81314 1.7554
88.6 -2.6209 0.04161 0.34734 1.1141 -0.87158 1.9405
88.8 -3.0575 0.23976 0.39649 1.2715 -1.0937 2.6454
89 -3.0817 0.59647 0.2092 0.6703 -0.84939 2.6332
89.2 -2.8046 1.1317 -0.23787 -0.10134 -0.35403 2.5047
89.4 -2.3938 1.7436 -0.9982 -0.71735 0.18807 2.3249
89.6 -2.1148 2.6584 -1.884 -1.1953 0.52285 2.7649
89.8 -1.3256 3.3845 -2.8144 -2.1449 1.1352 2.2155
90 -0.36169 3.8765 -3.8197 -2.9781 1.9207 1.6121
90.2 0.59595 4.1052 -4.7935 -3.3514 2.7962 1.006
90.4 1.0186 4.2591 -5.2243 -3.3091 2.9438 1.0187
90.6 1.2313 4.1002 -4.9056 -2.9305 2.6379 0.85552
90.8 0.77594 3.4232 -3.7311 -2.0863 1.5397 0.93417
91 -0.078493 2.551 -2.4792 -0.98534 0.45818 1.4376
91.2 -0.96177 1.6769 -1.3533 -0.24742 -0.11832 1.5708
91.4 -1.3631 0.94773 -0.62179 0.29838 -0.26976 1.5652
91.6 -1.5711 0.35584 -0.15694 0.61992 -0.39877 1.2477
91.8 -2.0534 0.16112 0.087767 1.0199 -0.84485 1.9475
92 -2.4704 0.11391 0.25769 0.83985 -0.96592 1.9772
92.2 -2.561 0.12608 0.32644 0.74535 -0.97602 2.0693
92.4 -2.605 0.023309 0.3715 0.97183 -0.91617 1.9022
92.6 -2.9127 0.14074 0.37748 1.4525 -1.0778 2.6579
92.8 -3.0834 0.45679 0.22202 0.8367 -0.57315 2.504
93 -2.8224 1.0302 -0.20156 -0.088533 0.079091 2.4001
93.2 -2.337 1.7105 -1.0897 -1.0952 0.65226 2.1606
93.4 -1.7962 2.6974 -2.1835 -1.9081 1.1064 2.2432
93.6 -1.0028 3.5748 -3.3036 -2.8388 2.1618 1.6222
93.8 0.0089775 4.1447 -4.3897 -3.6226 3.343 0.73003
94 0.95436 4.3725 -5.3946 -4.0084 4.1068 0.17591
94.2 1.7514 4.3831 -6.1885 -4.1222 4.3114 -0.10886
94.4 2.3268 4.2064 -6.3131 -3.9569 4.4268 -0.15746
94.6 2.3528 3.7657 -5.7242 -3.3705 4.2915 -0.23647
94.8 1.629 3.2456 -4.6251 -2.4672 3.4889 0.19136
95 0.49946 2.6884 -3.4047 -1.6907 2.5698 0.624
95.2 -0.06318 2.0415 -2.4964 -1.5021 2.2389 0.22455
95.4 -0.12682 1.6377 -2.2244 -1.4579 2.5002 0.16571
95.6 -0.043673 1.6424 -2.4467 -1.567 2.615 0.39964
95.8 0.13023 2.0796 -2.8393 -1.6671 2.6908 0.62234
96 0.43392 2.3838 -3.1065 -1.7215 2.6738 0.42328
96.2 0.80979 2.3816 -3.1007 -1.444 2.7927 -0.31754
96.4 0.77023 2.1415 -2.8704 -0.85458 2.5785 0.012129
96.6 0.40835 1.8833 -2.5734 -0.70545 2.3357 0.19232
96.8 0.21352 1.6907 -2.3971 -0.8271 2.2395 0.43123
97 -0.1227 1.4122 -2.1046 -0.5182 1.5235 0.67256
97.2 -0.73061 1.1427 -1.5793 -0.0051875 0.71445 1.2303
97.4 -1.2939 0.74174 -0.85871 0.30453 0.22263 1.1708
97.6 -1.5853 0.33526 -0.27236 0.37222 0.02357 0.93779
97.8 -1.7987 -0.03982 0.046107 0.77355 -0.23012 1.0571
98 -2.2339 -0.10967 0.21896 1.0747 -0.65273 1.6246
98.2 -2.43 -0.13072 0.29842 1.0107 -0.63356 1.6535
98.4 -2.4693 -0.08363 0.36463 0.81229 -0.41972 1.3561
98.6 -2.4188 0.023429 0.22269 0.87525 -0.46287 1.6807
98.8 -2.4736 0.75419 -0.26443 0.29358 -0.08048 1.9619
99 -1.9486 1.6704 -1.1622 -0.9027 0.5964 1.8439
99.2 -1.1367 2.6481 -2.3846 -2.2232 1.7656 1.1752
99.4 -0.25586 3.3664 -3.6626 -2.9398 2.5418 1.0887
99.6 0.51424 3.9674 -4.7675 -3.5148 3.5225 0.78829
99.8 1.5974 4.2228 -5.5907 -3.9587 4.4617 0.11996
100 2.4988 4.1605 -6.0727 -4.1085 5.212 -0.52438
100.2 2.944 3.9842 -6.2245 -3.9628 5.4215 -0.68123
100.4 2.9024 3.7574 -5.9753 -3.7941 5.5601 -0.91276
100.6 2.8515 3.4259 -5.44 -3.4917 5.196 -1.0302
100.8 2.5786 2.9007 -4.5526 -2.6556 4.3061 -0.77433
101 1.7288 2.233 -3.3287 -1.6755 2.8851 0.152
101.2 0.74604 1.27 -1.9705 -0.80034 1.9177 0.39101
101.4 -0.078689 0.26498 -0.76337 0.027514 1.0252 0.60861
101.6 -0.79519 -0.49818 0.08769 0.64757 0.3875 0.80411
101.8 -1.4443 -0.82248 0.63825 0.97626 -0.10141 1.1744
102 -1.9271 -0.96199 0.97808 1.0292 -0.19755 1.3066
102.2 -2.1987 -1.0886 1.1639 1.2124 -0.24337 1.2705
102.4 -2.5461 -1.1251 1.29 1.69 -0.76923 1.9032
102.6 -3.0362 -0.95113 1.4151 1.5842 -1.0312 2.1513
102.8 -2.8605 -0.5791 1.2243 0.92954 -0.6587 1.9426
103 -2.5356 -0.0035321 0.69377 0.143 -0.16814 1.7243
103.2 -2.083 0.90737 -0.27136 -0.71507 0.49448 1.7803
103.4 -1.5694 2.0094 -1.3529 -1.7287 1.3065 1.5657
103.6 -0.66589 2.9848 -2.7082 -2.9548 2.6684 0.9012
103.8 0.62036 3.758 -4.2553 -3.9085 3.8023 0.13528
104 1.6382 4.2282 -5.4572 -4.1843 4.5358 -0.028149
104.2 2.3422 4.4007 -5.9372 -4.2064 4.6622 -0.31606
104.4 2.7235 4.0236 -5.5125 -3.7497 4.8471 -0.97089
104.6 2.6332 3.4142 -4.7703 -3.0662 4.4214 -1.1994
104.8 2.1158 2.9459 -3.9782 -2.1943 3.625 -0.61612
105 1.3868 2.2181 -2.9483 -1.5767 2.7964 -0.44743
105.2 0.6321 1.3106 -1.7819 -0.72992 1.8021 -0.26661
105.4 -0.28565 0.19857 -0.60456 0.2615 0.74966 0.030811
105.6 -1.3083 -0.41716 0.25208 0.9444 -0.2727 1.0181
105.8 -2.0067 -0.78682 0.76667 0.92833 -0.44525 1.3091
106 -2.2395 -0.90066 1.0186 1.0028 -0.57492 1.5201
106.2 -2.4367 -1.1238 1.1853 1.3727 -0.75513 1.5601
106.4 -2.9966 -1.0768 1.3268 1.8486 -1.5406 2.4211
106.6 -3.2743 -1.0664 1.3498 1.4722 -1.5534 2.3256
106.8 -3.2743 -0.99404 1.3407 1.2734 -1.4897 2.1785
107 -3.2707 -0.9234 1.2215 1.2095 -1.3521 2.1372
107.2 -3.3598 -0.45965 1.0012 1.239 -1.3055 2.5717
107.4 -3.1536 0.22326 0.45403 0.35465 -0.76737 2.542
107.6 -2.6758 1.0697 -0.42128 -0.61667 -0.035881 2.1566
107.8 -1.9895 1.9242 -1.5809 -1.5292 0.57483 1.8961
108 -1.2588 3.0039 -2.9691 -2.4359 1.4785 1.9197
108.2 -0.040171 3.826 -4.1848 -3.4957 2.3589 1.1975
108.4 1.1895 4.1257 -5.0651 -4.1861 3.4204 0.4284
108.6 1.9584 4.1084 -5.4717 -4.0849 3.794 -0.10156
108.8 2.0804 3.9129 -5.3287 -3.7348 3.8244 -0.11882
109 1.8629 3.3532 -4.5032 -2.9434 3.0989 -0.276
109.2 1.1939 2.3263 -3.1057 -1.8426 1.9793 -0.21618
109.4 0.12383 1.1123 -1.5603 -0.65353 0.80092 0.28994
109.6 -0.83345 0.10093 -0.41521 0.11733 0.20136 0.59268
109.8 -1.5407 -0.62231 0.39292 0.69016 -0.3797 0.83007
110 -1.9911 -1.0961 0.8043 1.3138 -0.9337 1.0722
110.2 -2.6609 -1.1895 1.0718 1.7001 -1.6651 1.891
110.4 -3.1641 -1.1722 1.2278 1.4155 -1.8239 1.99
110.6 -3.1529 -1.1428 1.2819 1.3064 -1.5934 1.8188
110.8 -3.1902 -1.1703 1.3462 1.4306 -1.489 1.692
111 -3.3564 -0.91166 1.2149 1.6027 -1.5473 2.2202
111.2 -3.3996 -0.31293 0.82241 0.95232 -1.2114 2.2888
111.4 -3.015 0.55844 0.05501 -0.061365 -0.62611 2.1115
111.6 -2.2325 1.4551 -1.0822 -0.99867 0.1243 1.7418
111.8 -1.4723 2.507 -2.3937 -1.8864 0.86415 1.7754
112 -0.39684 3.3334 -3.638 -2.7517 1.9479 0.93962
112.2 0.79959 3.7549 -4.6459 -3.5721 2.9505 0.19941
112.4 1.8108 3.8084 -5.3701 -3.737 3.8926 -0.4857
112.6 2.084 3.7309 -5.5606 -3.4991 3.8786 -0.15431
112.8 1.9853 3.4983 -5.1156 -3.0258 3.7626 -0.24289
113 1.3999 2.9492 -4.038 -2.3949 2.7014 -0.14231
113.2 0.59139 2.1548 -2.737 -1.4419 1.8018 0.18346
113.4 -0.46111 1.4042 -1.6095 -0.82199 0.83563 0.83753
113.6 -1.1119 0.51951 -0.68169 -0.2452 0.25509 0.99421
113.8 -1.5174 -0.20942 -0.0069162 0.11834 -0.057682 0.79225
114 -1.8597 -0.71061 0.43845 0.91503 -0.39728 0.899
114.2 -2.5307 -0.84037 0.80959 1.2555 -0.8252 1.4008
114.4 -2.8344 -0.94393 1.0141 1.2911 -1.0685 1.5608
114.6 -2.9647 -1.0458 1.1475 1.2154 -1.301 1.6031
114.8 -3.0893 -1.1819 1.2332 1.5763 -1.5752 1.7964
115 -3.6112 -1.0559 1.3274 1.6515 -1.8344 2.4467
115.2 -3.7047 -0.97928 1.3034 1.3283 -1.7042 2.4324
115.4 -3.583 -0.81461 1.216 0.89696 -1.4625 2.2172
115.6 -3.367 -0.55868 0.89853 0.85788 -1.4244 2.2398
115.8 -3.3282 0.13899 0.32478 0.64933 -1.2939 2.6466
116 -3.1031 1.2758 -0.64149 -0.41142 -0.71214 2.9919
116.2 -2.3384 2.3554 -1.633 -1.8115 0.34771 2.3831
116.4 -1.2955 3.1244 -2.5687 -2.8878 1.307 1.6125
116.6 -0.26722 3.5054 -3.5428 -3.4855 2.5041 0.82739
116.8 0.74539 3.8322 -4.6246 -3.7601 3.3778 0.41671
117 1.5169 4.278 -5.7297 -4.0259 4.2445 0.38826
117.2 2.1951 4.447 -6.2228 -4.1864 4.4887 0.044707
117.4 2.638 4.2249 -6.0476 -3.9857 4.5684 -0.3771
117.6 2.1905 3.5701 -4.8938 -3.054 3.599 -0.25735
117.8 1.245 2.7767 -3.4383 -1.9957 2.4825 0.11662
118 -0.010288 1.8789 -1.9618 -0.95504 1.2913 0.84282
118.2 -0.84893 0.8283 -0.81117 -0.46022 0.73419 0.95756
118.4 -1.1289 -0.060155 -0.077818 0.10886 0.23747 0.95869
118.6 -1.5399 -0.73912 0.46725 0.65461 -0.43323 1.1629
118.8 -2.0837 -0.99353 0.82573 1.1639 -1.0694 1.4929
119 -2.5597 -1.0907 1.0678 1.1378 -1.2427 1.6322
119.2 -2.8586 -1.1458 1.2751 1.2832 -1.2364 1.7201
119.4 -3.0866 -1.2182 1.3525 1.4685 -1.4993 2.1806
119.6 -3.4423 -1.1186 1.4165 1.412 -1.7114 2.4587
119.8 -3.4796 -0.94634 1.2575 1.0103 -1.5731 2.4747
120 -3.307 -0.60181 0.90927 0.43692 -1.1147 2.0315
120.2 -3.1166 0.011283 0.26156 0.064171 -0.94346 2.3746
120.4 -3.064 0.99279 -0.49763 -0.73563 -0.45035 2.6084
120.6 -2.3893 1.8543 -1.3786 -1.943 0.40379 2.1754
120.8 -1.4703 2.4759 -2.3689 -2.8052 1.4292 1.2685
121 -0.40763 2.9595 -3.6333 -3.2212 2.2457 0.69435
121.2 0.55437 3.4578 -4.7835 -3.3406 2.8495 0.29902
121.4 1.5006 3.7304 -5.5875 -3.6259 3.466 -0.031831
121.6 2.1934 3.7323 -5.8809 -3.592 3.7886 -0.34914
121.8 2.13 3.6456 -5.6401 -3.3756 3.6505 0.001012
122 1.5763 3.2027 -4.6966 -2.5701 2.8349 0.071829
122.2 0.788 2.2252 -3.2087 -1.6258 1.6663 0.1275
122.4 -0.11613 0.87828 -1.5785 -0.18978 0.48133 0.14686
122.6 -1.1203 -0.065075 -0.46235 0.68231 -0.52836 1.2438
122.8 -1.7141 -0.60885 0.1882 1.051 -0.99393 1.6059
123 -2.038 -0.892 0.58595 1.0568 -1.3274 1.7435
123.2 -2.3179 -1.17 0.85555 1.4594 -1.4514 1.691
123.4 -2.8978 -1.1775 1.1054 1.584 -1.6545 2.1204
123.6 -3.1442 -1.1795 1.2106 1.4491 -1.5915 2.2813
123.8 -3.2319 -1.1804 1.2947 1.273 -1.5505 2.0476
124 -3.2835 -1.1754 1.2466 1.5226 -1.5938 2.1325
124.2 -3.5796 -0.73358 1.0334 1.3793 -1.4496 2.6068
124.4 -3.3859 -0.10898 0.5372 0.61437 -0.93637 2.4826
124.6 -3.0328 0.59165 -0.10052 -0.22949 -0.2987 2.1152
124.8 -2.5472 1.3811 -1.0234 -0.93571 0.17245 2.0137
125 -2.1094 2.4152 -2.0735 -1.6678 0.66581 2.2253
125.2 -1.0573 3.2055 -3.1906 -2.6769 1.6168 1.749
125.4 0.19816 3.6753 -4.2789 -3.416 2.6336 1.0143
125.6 1.224 3.8593 -5.2075 -3.6069 3.5721 0.50131
125.8 1.6693 3.9047 -5.5248 -3.3176 3.7464 0.41208
126 1.7554 3.6772 -5.0894 -2.7507 2.9624 0.22927
126.2 1.0912 2.7097 -3.6593 -1.7744 1.8322 0.26643
126.4 0.0049849 1.5478 -2.048 -0.78284 0.56229 0.5601
126.6 -0.91268 0.37691 -0.73941 -0.095172 0.20733 0.65403
126.8 -1.4333 -0.3659 0.057968 0.48052 -0.1129 0.89702
127 -1.751 -0.86803 0.5174 1.0633 -0.37413 1.0882
127.2 -2.402 -0.94624 0.83104 1.4765 -0.89839 1.8645
127.4 -2.846 -1.02 1.0171 1.1314 -1.0691 1.7891
127.6 -2.8679 -1.0002 1.0819 0.86804 -1.0764 1.6379
127.8 -2.9837 -1.1158 1.155 1.1252 -1.3412 1.8442
128 -3.2795 -1.053 1.2558 1.4652 -1.5556 2.3449
128.2 -3.4972 -0.97325 1.2967 1.2587 -1.4347 2.255
128.4 -3.5328 -0.7986 1.1924 1.0734 -1.3069 2.1575
128.6 -3.3458 -0.51201 0.78396 1.0853 -1.3013 2.2616
128.8 -3.3372 0.28407 0.10047 0.80881 -1.2849 2.9119
129 -2.9958 1.2631 -0.67098 -0.20862 -0.75988 2.7654
129.2 -2.1946 2.0998 -1.4889 -1.2881 0.30668 1.9208
129.4 -1.4076 2.7888 -2.4657 -2.0254 1.3938 1.4448
129.6 -0.61781 3.4287 -3.5087 -2.603 2.261 1.2096
129.8 0.31051 3.9088 -4.552 -3.3831 3.1385 0.74029
130 1.3847 4.113 -5.4001 -3.9819 3.9431 0.20916
130.2 2.1196 4.0364 -5.8547 -4.2462 4.4798 -0.17438
130.4 2.3875 3.8818 -5.8264 -3.835 4.3066 -0.3102
130.6 2.1655 3.461 -4.9926 -3.0948 3.6904 -0.34684
130.8 1.4056 2.4666 -3.5193 -1.7976 2.4605 -0.16836
131 0.24705 1.3288 -1.9456 -0.75518 1.3431 0.4126
131.2 -0.64027 0.1963 -0.76822 -0.05122 0.53246 0.54851
131.4 -1.1239 -0.4947 -0.030283 0.47757 0.19785 0.61847
131.6 -1.5256 -1.0532 0.48766 1.1997 -0.26411 0.91584
131.8 -2.155 -1.1933 0.81945 1.8347 -0.93286 1.7757
132 -2.8593 -1.1601 1.0462 1.7276 -1.2838 2.2514
132.2 -2.91 -1.1642 1.0775 1.1865 -1.2452 1.9488
132.4 -2.9272 -1.1932 1.1538 1.243 -1.2766 1.7945
132.6 -3.0987 -1.2773 1.2399 1.6839 -1.7061 2.1516
132.8 -3.4405 -1.1346 1.3397 1.7492 -1.5923 2.4304
133 -3.6095 -1.0365 1.3713 1.6349 -1.7751 2.6344
133.2 -3.6744 -1.0065 1.3108 1.5311 -1.6388 2.5625
133.4 -3.879 -0.89814 1.2985 1.8083 -1.813 2.6157
133.6 -3.9087 -0.82069 1.216 1.7426 -1.6698 2.5327
133.8 -3.798 -0.5976 1.0534 1.3599 -1.4876 2.3212
134 -3.55 -0.2282 0.57905 1.0528 -1.5217 2.6113
134.2 -3.4789 0.68517 -0.22626 0.38573 -1.3634 3.398
134.4 -2.859 1.8642 -1.2423 -0.76841 -0.72789 3.2234
134.6 -1.8358 2.8124 -2.282 -2.1896 0.29476 2.3886
134.8 -0.71776 3.448 -3.3737 -2.9594 1.2552 1.4734
135 0.27503 3.9495 -4.549 -3.5388 2.4137 0.98359
135.2 1.062 4.3276 -5.4581 -3.8412 3.4039 0.63337
135.4 1.9181 4.3463 -5.822 -4.0086 4.1781 -0.18955
135.6 2.169 3.968 -5.4298 -3.3751 4.0219 -0.23114
135.8 1.7006 3.4205 -4.5466 -2.6256 3.2653 0.1293
136 0.85306 2.6678 -3.3265 -1.9386 2.1137 0.41763
136.2 0.25877 1.6645 -2.1329 -1.3635 1.252 0.34752
136.4 -0.25513 0.61095 -1.061 -0.29846 0.30501 0.5285
136.6 -1.0899 -0.13181 -0.18048 0.65909 -0.5129 1.3368
136.8 -1.8039 -0.5204 0.37995 0.91921 -0.74878 1.5237
137 -2.2299 -0.74946 0.72367 0.90434 -0.69258 1.5082
137.2 -2.4798 -1.0108 0.94685 1.1774 -0.88522 1.5054
137.4 -2.9871 -1.0339 1.1056 1.717 -1.4466 2.2656
137.6 -3.4359 -0.99768 1.211 1.6389 -1.6192 2.3486
137.8 -3.3755 -0.90386 1.1864 1.4508 -1.5534 2.299
138 -3.3171 -0.86449 1.0862 1.4069 -1.6604 2.2606
138.2 -3.3063 -0.51278 0.76304 1.4943 -1.9372 2.8226
138.4 -3.4204 0.32937 0.2332 0.68997 -1.6622 2.9361
138.6 -2.9766 1.1924 -0.46127 -0.36433 -0.92581 2.4926
138.8 -2.3614 1.9244 -1.3091 -1.2171 -0.18601 1.9059
139 -1.6411 2.5964 -2.3765 -1.8256 0.7398 1.7205
139.2 -0.92143 3.3687 -3.5183 -2.6787 1.5635 1.4339
139.4 0.24031 3.8459 -4.5033 -3.2283 2.7655 0.77927
139.6 1.2823 3.9872 -5.1993 -3.6667 3.4969 0.04946
139.8 1.9742 3.9477 -5.5924 -3.3746 4.1051 -0.19561
140 1.9237 3.8586 -5.4017 -3.064 3.9794 -0.049706
140.2 1.588 3.4167 -4.5299 -2.5167 3.3367 -0.085292
140.4 0.74921 2.4863 -3.1064 -1.5938 2.1107 -0.10273
140.6 -0.27858 1.4546 -1.6912 -0.64743 0.80441 0.47217
140.8 -1.0818 0.59121 -0.66848 -0.02898 0.14831 0.72321
141 -1.5289 -0.048556 -0.008094 0.51485 -0.15312 1.1035
141.2 -1.918 -0.52565 0.39289 0.99907 -0.68123 1.4806
141.4 -2.3889 -0.69988 0.7209 1.32 -0.90206 1.7395
141.6 -2.6997 -0.84564 0.92201 1.277 -1.0707 1.8472
141.8 -2.849 -0.95159 1.0595 1.1705 -0.86445 1.6328
142 -3.0683 -1.06 1.1078 1.5084 -1.4019 2.1315
142.2 -3.6387 -0.94146 1.1927 1.6705 -1.6445 2.606
142.4 -3.6223 -0.85636 1.1549 1.2923 -1.6197 2.4485
142.6 -3.5217 -0.8112 1.1264 1.1151 -1.5194 2.1743
142.8 -3.4592 -0.78788 1.0418 1.2344 -1.5402 2.2865
143 -3.6649 -0.33426 0.8347 1.1187 -1.4131 2.6157
143.2 -3.4785 0.2807 0.41536 0.49149 -0.91306 2.5566
143.4 -3.0486 0.99172 -0.27599 -0.43894 -0.30492 2.1441
143.6 -2.4516 1.757 -1.2723 -1.1647 0.3103 2.0418
143.8 -1.9586 2.7018 -2.347 -1.9839 0.93882 2.0806
144 -0.94127 3.4255 -3.3505 -2.9016 1.864 1.5402
144.2 0.14102 3.8634 -4.2788 -3.4405 2.9388 0.94636
144.4 1.1362 4.0159 -5.0642 -3.7552 3.595 0.40089
144.6 1.875 4.0364 -5.61 -3.8701 4.5263 -0.042409
144.8 2.3671 3.9074 -5.7564 -3.7304 4.7285 -0.44892
145 2.4401 3.6863 -5.5603 -3.3869 4.8241 -0.46326
145.2 1.9608 3.4076 -4.9074 -2.8386 3.9694 -0.16485
145.4 1.3236 2.672 -3.6746 -2.0657 2.5197 0.069648
145.6 0.48058 1.5075 -2.0875 -0.82915 1.0917 0.42926
145.8 -0.38566 0.34045 -0.74982 0.32747 0.12689 0.76165
146 -1.4048 -0.30558 0.14856 0.93763 -0.43667 1.519
146.2 -1.853 -0.7056 0.6335 1.062 -0.69376 1.4516
146.4 -2.0491 -0.9672 0.87727 1.1808 -0.87848 1.6257
146.6 -2.2787 -1.2177 1.0557 1.5435 -1.0849 1.6786
146.8 -2.8803 -1.1655 1.2293 1.7916 -1.6394 2.4103
147 -3.1255 -1.1499 1.2741 1.5703 -1.7427 2.3862
147.2 -3.182 -1.0986 1.3123 1.2257 -1.6246 2.1839
147.4 -3.2362 -1.1762 1.3006 1.2808 -1.5745 2.1269
147.6 -3.6612 -1.0064 1.3451 1.3932 -1.6975 2.6181
147.8 -3.7165 -0.79701 1.2306 1.0723 -1.5966 2.6808
148 -3.5398 -0.44288 0.96609 0.5124 -1.2385 2.4277
148.2 -3.2398 4.5642e-05 0.44125 0.14299 -0.89806 2.3026
148.4 -3.1642 0.90072 -0.31915 -0.23347 -0.74873 2.9809
148.6 -2.6587 1.8807 -1.2344 -1.2052 0.10371 2.6854
148.8 -1.7072 2.7202 -2.2275 -2.4117 1.1891 1.8709
149 -0.66663 3.2353 -3.3184 -3.0065 2.2643 1.1685
149.2 0.28741 3.6741 -4.4175 -3.2833 3.0337 0.8599
149.4 1.2159 3.8831 -5.2324 -3.3966 3.6385 0.41274
149.6 1.9062 3.8082 -5.4865 -3.3281 3.9428 -0.18635
149.8 2.044 3.5762 -5.2434 -2.8661 3.783 -0.23897
150 1.3365 3.3332 -4.4544 -2.2126 2.9493 0.63121
150.2 0.64528 2.7008 -3.3463 -1.6673 2.0965 0.75546
150.4 0.075394 1.6894 -2.0591 -0.86583 0.96739 0.72303
150.6 -0.55633 0.56292 -0.9099 0.20949 0.16665 0.60868
150.8 -1.3974 -0.017548 -0.18016 1.0182 -0.80352 1.6735
151 -2.1221 -0.34675 0.30704 1.0075 -0.73781 1.8577
151.2 -2.3263 -0.55402 0.54759 0.93508 -0.8118 1.9304
151.4 -2.4478 -0.80471 0.74601 1.1883 -0.83342 1.554
151.6 -2.8267 -0.84722 0.87774 1.7833 -1.4526 2.2134
151.8 -3.3253 -0.7216 0.9915 1.6097 -1.5384 2.3769
152 -3.3413 -0.58315 0.97971 1.3919 -1.3016 2.4602
152.2 -3.2918 -0.55036 0.94005 1.2248 -1.1813 2.351
152.4 -3.3 -0.39394 0.73198 1.4853 -1.1112 2.5982
152.6 -3.5323 0.1742 0.3747 1.1006 -1.2171 3.0759
152.8 -3.2538 0.88613 -0.17848 0.30576 -0.61459 2.9179
153 -2.6609 1.6691 -1.0007 -0.83406 0.11073 2.3357
153.2 -1.7269 2.3455 -2.0013 -1.9231 1.1195 1.5139
153.4 -0.91582 2.9923 -3.2399 -2.4858 2.0671 1.0881
153.6 0.16213 3.5635 -4.5207 -2.9372 2.8904 0.6461
153.8 1.1095 3.931 -5.5463 -3.025 3.6234 0.32984
154 1.7899 4.1724 -6.1177 -3.4194 4.0206 0.049985
154.2 2.2723 3.9024 -5.9358 -3.2237 4.1905 -0.39205
154.4 2.1318 3.416 -5.1846 -2.5469 3.6215 -0.17439
154.6 1.3836 2.774 -3.9954 -1.6491 2.5998 0.12445
154.8 0.24329 2.1484 -2.7325 -0.87491 1.4246 0.87591
155 -0.90244 1.4764 -1.6128 -0.51099 0.69357 1.3089
155.2 -1.303 0.68575 -0.83518 -0.10024 0.50178 1.0172
155.4 -1.4641 0.093309 -0.34964 0.21089 0.29198 0.87645
155.6 -1.7299 -0.38258 0.045273 0.99552 -0.098388 1.0871
155.8 -2.1913 -0.5184 0.27061 1.3782 -0.59049 1.6731
156 -2.8817 -0.40102 0.4576 1.5126 -1.0786 2.4555
156.2 -3.0104 -0.34522 0.48778 0.8487 -0.97717 2.0933
156.4 -2.9036 -0.30342 0.52091 0.64466 -0.88854 1.9208
156.6 -2.8466 -0.29092 0.42567 0.70842 -0.74393 1.9026
156.8 -2.9515 0.19101 0.069148 0.72653 -0.55544 2.4803
157 -3.0813 1.0586 -0.54254 0.0017202 -0.23137 3.1226
157.2 -2.5755 1.9982 -1.2896 -1.294 0.86171 2.486
157.4 -1.834 2.7238 -2.134 -2.4941 1.8515 1.7973
157.6 -1.0267 3.3247 -3.1813 -3.0277 2.615 1.2626
157.8 -0.15612 3.885 -4.323 -3.6041 3.2977 0.9021
158 0.75635 4.1702 -5.1031 -3.6492 3.7144 0.5324
158.2 1.222 4.0706 -5.1523 -3.2924 3.684 0.39958
158.4 1.0501 3.6877 -4.5341 -2.4717 3.0455 0.56368
158.6 0.41832 2.9436 -3.4189 -1.6847 2.0372 0.80728
158.8 -0.29011 1.9549 -2.1866 -0.75356 1.2441 0.91942
159 -1.002 0.98502 -1.1495 0.16733 0.45347 1.3185
159.2 -1.8097 0.52808 -0.49605 0.62034 -0.01127 1.6716
159.4 -2.0918 0.2394 -0.13622 0.57024 -0.28028 1.4229
159.6 -2.1852 0.0018108 0.10749 0.6961 -0.578 1.4589
159.8 -2.4705 -0.19754 0.28074 0.96285 -1.1777 2.0413
160 -2.839 -0.16189 0.41704 1.125 -1.3478 2.487
160.2 -3.0156 -0.063565 0.46017 1.0868 -1.436 2.6125
160.4 -2.9773 0.10968 0.33474 0.92413 -1.0915 2.277
160.6 -3.0519 0.60623 -0.086526 0.75568 -1.2892 3.0134
160.8 -2.9875 1.4255 -0.67458 -0.090315 -0.71591 3.0289
161 -2.3505 2.2734 -1.4685 -1.3279 0.025776 2.6986
161.2 -1.4981 2.9408 -2.5369 -2.346 1.2234 1.8933
161.4 -0.59457 3.5182 -3.7469 -3.1002 2.2115 1.4371
161.6 0.38788 3.9736 -4.8476 -3.6693 3.2388 0.72022
161.8 1.2966 4.1078 -5.4718 -3.8571 3.7962 0.17679
162 1.7477 3.9279 -5.508 -3.5853 4.0299 -0.065699
162.2 1.3937 3.6343 -4.9206 -2.867 3.0878 0.34813
162.4 0.81374 2.947 -3.7808 -2.0579 2.3183 0.34189
162.6 0.10428 1.9438 -2.3751 -1.0238 1.1849 0.31366
162.8 -0.73462 0.83712 -1.1168 0.019961 0.47691 0.59773
163 -1.5806 0.16976 -0.2836 0.4548 0.06313 0.82386
163.2 -1.9228 -0.17789 0.11783 0.68163 -0.054603 1.016
163.4 -2.1617 -0.42507 0.37637 0.96578 -0.20271 1.1788
163.6 -2.4975 -0.48226 0.52546 1.5115 -0.51551 1.7526
163.8 -2.8574 -0.46011 0.62811 1.2696 -0.56786 1.8781
164 -2.8901 -0.39472 0.64943 0.91653 -0.45985 1.8438
164.2 -2.8453 -0.43359 0.57764 0.97157 -0.42656 1.9331
164.4 -3.0127 -0.082908 0.35511 1.1088 -0.59193 2.7281
164.6 -2.9907 0.52444 -0.062167 0.44044 -0.11937 2.623
164.8 -2.6309 1.3196 -0.68134 -0.64778 0.4325 2.3568
165 -1.9392 2.0602 -1.4961 -1.6997 0.99527 1.7164
165.2 -1.2833 2.7573 -2.5173 -2.2181 1.5199 1.7579
165.4 -0.57746 3.5253 -3.7674 -2.8278 2.285 1.6291
165.6 0.32756 4.1823 -5.0323 -3.5062 3.4289 1.0984
165.8 1.2029 4.6686 -6.0525 -3.9533 4.2089 0.6072
166 2.0803 4.6654 -6.3977 -3.9134 4.6224 -0.12669
166.2 2.2764 4.1661 -5.8102 -3.2061 4.1996 -0.14721
166.4 1.6375 3.3165 -4.4874 -2.0373 3.0358 0.2229
166.6 0.40367 2.423 -2.9745 -1.0834 1.5478 1.0734
166.8 -0.44748 1.3842 -1.7145 -0.3947 0.51536 1.0663
167 -0.88367 0.51619 -0.88959 0.12872 -0.23856 0.99762
167.2 -1.2561 -0.12657 -0.35323 0.75333 -0.57867 1.1203
167.4 -1.9234 -0.27985 0.039231 1.0495 -0.89868 1.6918
167.6 -2.2892 -0.377 0.24384 0.84847 -1.0162 1.7436
167.8 -2.3363 -0.41566 0.37641 0.76749 -0.89073 1.6083
168 -2.244 -0.46854 0.38104 0.93551 -0.64646 1.4845
168.2 -2.427 -0.50576 0.46795 1.3232 -0.79998 1.9107
168.4 -2.7709 -0.40745 0.43673 1.4564 -0.84208 2.2369
168.6 -2.9593 -0.086688 0.19967 1.0969 -0.88808 2.4993
168.8 -2.9977 0.6549 -0.35993 0.64696 -0.40974 2.8136
169 -2.7101 1.6474 -1.0747 -0.52506 0.4751 2.5769
169.2 -1.8807 2.3676 -1.8798 -1.6028 1.3387 1.8987
169.4 -1.0644 2.9818 -2.785 -2.4104 2.1306 1.3289
169.6 -0.19273 3.6413 -4.0277 -3.1536 2.839 1.1152
169.8 0.56425 4.3328 -5.2055 -3.7589 3.5865 0.94633
170 1.5026 4.6427 -6.0496 -4.1947 4.1811 0.42489
170.2 2.1377 4.4983 -6.2207 -3.7249 4.3449 0.040883
170.4 2.0196 4.2326 -5.7888 -3.1286 3.9733 0.31955
170.6 1.4581 3.6911 -4.7689 -2.2734 3.3063 0.36006
170.8 0.72071 2.893 -3.4635 -1.5893 2.4911 0.46909
171 -0.13094 1.8459 -2.1543 -0.73965 1.5696 0.65113
171.2 -0.89913 1.1056 -1.2286 -0.1376 0.81542 1.0543
171.4 -1.3266 0.54892 -0.61597 0.12455 0.32087 1.1884
171.6 -1.625 0.10936 -0.14631 0.45493 0.063355 1.0703
171.8 -2.0548 -0.12938 0.19337 0.78336 -0.043382 1.5311
172 -2.3781 -0.28202 0.37349 0.81261 -0.11293 1.6815
172.2 -2.5376 -0.36402 0.48134 0.87088 -0.36285 1.9205
172.4 -2.5952 -0.38932 0.40931 0.9269 -0.53609 1.9292
172.6 -2.9176 0.023729 0.16579 0.9253 -0.82035 2.7556
172.8 -2.8695 0.7388 -0.31744 0.019258 -0.16627 2.6408
173 -2.3924 1.5376 -1.0298 -1.1809 0.54656 2.3481
173.2 -1.7572 2.1854 -1.9736 -2.0045 1.381 1.8283
173.4 -1.0331 3.0213 -3.2557 -2.6642 2.0125 1.9024
173.6 -0.040843 3.8339 -4.572 -3.4026 2.9702 1.2823
173.8 1.1627 4.255 -5.53 -3.8759 3.6335 0.74312
174 1.9308 4.2725 -5.8732 -3.6145 3.9357 0.25423
174.2 1.8751 4.0602 -5.5572 -2.9456 3.5458 0.65183
174.4 1.5021 3.6042 -4.7115 -2.3704 3.2024 0.52799
174.6 0.974 2.9669 -3.7314 -1.8513 2.5873 0.68599
174.8 0.48922 2.4872 -3.1085 -1.4708 2.458 0.73185
175 -0.010776 2.4484 -2.8161 -1.504 2.3664 1.1493
175.2 -0.021401 2.5333 -2.8261 -1.7347 2.6314 0.91698
175.4 0.22295 2.6182 -3.0605 -1.8306 2.6322 0.73826
175.6 0.43478 2.6948 -3.2649 -1.5099 2.3413 0.77066
175.8 0.51522 2.6289 -3.1933 -1.2695 2.4173 0.42681
176 0.44257 2.3885 -2.8758 -1.0185 2.5277 0.32251
176.2 0.12892 2.0252 -2.5809 -0.65407 2.3127 0.51688
176.4 -0.47597 1.8477 -2.2545 -0.37302 1.5605 1.0611
176.6 -0.87588 1.5439 -1.8069 -0.15483 0.96508 1.0635
176.8 -1.189 1.0962 -1.1579 0.197 0.50236 0.79876
177 -1.6059 0.66075 -0.66562 0.63479 0.034216 1.2779
177.2 -2.0502 0.50346 -0.35479 0.66288 -0.11127 1.5909
177.4 -2.1674 0.41525 -0.19639 0.6628 -0.12352 1.6996
177.6 -2.1789 0.2801 -0.096807 0.73375 -0.15325 1.3676
177.8 -2.4115 0.44458 -0.12589 0.96032 -0.41305 1.9112
178 -2.368 0.97367 -0.51084 0.069627 0.060988 1.6956
178.2 -1.8402 1.7529 -1.2637 -1.0439 0.83026 1.4458
178.4 -1.034 2.6518 -2.5077 -2.077 1.8 1.3324
178.6 -0.22476 3.577 -3.8093 -2.7991 2.3859 1.4053
178.8 0.65798 4.1327 -4.8507 -3.4221 3.2201 1.0464
179 1.6285 4.4272 -5.7433 -3.9443 3.9685 0.31476
179.2 2.39 4.4636 -6.3944 -4.039 4.2488 0.07454
179.4 2.745 4.3629 -6.5737 -3.9599 4.3688 -0.21214
179.6 2.925 4.0679 -6.2334 -3.6116 4.5464 -0.58522
179.8 2.8437 3.6279 -5.5096 -2.8933 4.5529 -0.7728
180 2.2886 3.292 -4.6802 -2.2164 3.733 -0.023311
180.2 1.4577 2.6558 -3.4945 -1.6319 2.3882 0.31757
180.4 0.7313 1.668 -2.1387 -0.77153 1.2902 0.38414
180.6 -0.078939 0.50869 -0.82626 0.23656 0.69234 0.27873
180.8 -0.88304 -0.11277 -0.03215 0.98724 0.23296 1.0064
181 -1.563 -0.37309 0.43285 0.89877 0.24573 1.2274
181.2 -1.7908 -0.42739 0.6271 0.74801 0.16675 1.353
181.4 -1.9819 -0.61128 0.77248 1.0692 -0.051541 1.3816
181.6 -2.4393 -0.55723 0.91946 1.3159 -0.5571 2.0858
181.8 -2.664 -0.47623 0.98214 1.0524 -0.35725 1.9421
182 -2.6639 -0.34049 0.96979 0.80504 -0.071039 1.8471
182.2 -2.57 -0.32004 0.86505 0.95782 -0.025973 1.734
182.4 -2.7084 0.19818 0.56811 0.88468 -0.19947 2.5167
182.6 -2.4997 0.90869 0.025546 0.052092 0.2146 2.3844
182.8 -1.9398 1.8336 -0.8253 -1.0937 0.99755 2.0897
183 -1.2322 2.6065 -1.9281 -1.8222 1.6123 1.6355
183.2 -0.66425 3.4938 -3.0751 -2.3971 2.2603 1.627
183.4 0.36929 4.1435 -4.2639 -3.3571 3.4243 0.69216
183.6 1.5871 4.4766 -5.2761 -4.0089 4.6597 -0.26276
183.8 2.5649 4.5829 -6.13 -4.2787 5.3968 -0.6672
184 3.1662 4.6726 -6.6943 -4.0376 5.5806 -0.60511
184.2 3.4414 4.6028 -6.7329 -3.8189 5.6885 -0.70388
184.4 3.432 4.266 -6.178 -3.4753 5.3215 -0.86464
184.6 2.8357 3.6909 -5.014 -2.8628 4.207 -0.44327
184.8 1.7948 2.6698 -3.3964 -2.0723 2.8666 -0.2376
185 0.861 1.3546 -1.8528 -0.96283 1.6801 -0.21288
185.2 -0.02166 -0.022956 -0.53337 0.26662 0.75141 -0.24925
185.4 -0.8557 -0.69069 0.20133 1.2352 -0.043918 0.72486
185.6 -1.6648 -0.89333 0.68221 1.3433 -0.23352 1.1712
185.8 -1.9179 -0.96299 0.90262 1.3456 -0.15147 1.2723
186 -2.1433 -1.1263 1.0375 1.3769 -0.40032 1.3478
186.2 -2.4383 -1.2416 1.14 1.8035 -1.1959 1.8604
186.4 -3.0528 -1.1236 1.2987 1.5444 -1.4797 2.0905
186.6 -3.1296 -1.0181 1.3115 1.304 -1.3722 1.9219
186.8 -3.1221 -0.98243 1.2973 1.3026 -1.3679 1.7798
187 -3.1483 -0.72915 1.0396 1.5099 -1.5131 2.3228
187.2 -3.1603 -0.092467 0.57576 0.95085 -1.2065 2.4605
187.4 -2.7201 0.79148 -0.25581 -0.15688 -0.33798 2.0648
187.6 -1.9983 1.6893 -1.3653 -1.3128 0.62772 1.5619
187.8 -1.13 2.6287 -2.6896 -2.0454 1.3282 1.4462
188 -0.30413 3.5776 -4.0273 -2.8735 2.0878 1.4993
188.2 0.84971 4.0981 -4.9935 -3.5727 2.8899 0.77113
188.4 1.9993 4.1185 -5.6996 -3.9005 4.0188 -0.222
188.6 2.7112 3.8933 -6.0355 -3.8041 4.6047 -0.7509
188.8 2.7693 3.743 -6.0103 -3.5127 4.7082 -0.56356
189 2.5534 3.3955 -5.399 -3.1168 4.0187 -0.67462
189.2 2.0099 2.5714 -4.1628 -2.2008 3.0094 -0.64913
189.4 1.0656 1.4508 -2.6564 -0.92345 1.8579 -0.27559
189.6 -0.15484 0.30749 -1.1558 0.059856 0.81585 0.44514
189.8 -1.0199 -0.55467 -0.15069 0.75899 0.33573 0.72319
190 -1.5069 -1.0638 0.35332 1.1846 -0.20105 0.84424
190.2 -2.0589 -1.2662 0.68086 1.5757 -0.67654 1.4646
190.4 -2.5645 -1.3272 0.92225 1.3522 -0.9603 1.6496
190.6 -2.7611 -1.2944 1.0229 1.1231 -1.1642 1.9157
190.8 -2.8644 -1.3802 1.082 1.2339 -1.2447 1.7046
191 -3.254 -1.258 1.1433 1.5173 -1.6287 2.4416
191.2 -3.3505 -1.1112 1.0695 1.2439 -1.3104 2.3578
191.4 -3.1998 -0.71438 0.79671 0.83101 -1.0254 2.5218
191.6 -2.7117 -0.12409 0.20881 0.031744 -0.2043 2.1038
191.8 -2.4259 0.60549 -0.5573 -0.47826 -0.066871 2.3263
192 -2.0383 1.5692 -1.6438 -1.3369 0.61157 2.1052
192.2 -1.3689 2.541 -2.8906 -2.067 1.3242 1.8028
192.4 -0.45048 3.5469 -4.2413 -2.9517 2.6387 1.5112
192.6 0.83846 3.9945 -5.2995 -3.5451 3.9009 0.44074
192.8 2.0669 3.9406 -6.0017 -3.9981 4.7285 -0.40344
193 2.6945 3.6503 -6.1504 -3.7144 5.0136 -0.78883
193.2 2.6987 3.4981 -5.9764 -3.5374 4.5949 -0.37923
193.4 2.3686 3.2884 -5.3946 -3.0852 4.2069 -0.21862
193.6 1.9912 2.859 -4.5366 -2.5858 3.4219 -0.052525
193.8 1.3635 2.1158 -3.403 -1.7359 2.643 0.028359
194 0.27836 1.3416 -2.1452 -0.92353 1.4072 0.74367
194.2 -0.51042 0.51663 -1.0888 -0.31798 0.74407 0.69203
194.4 -0.98652 -0.15535 -0.3541 0.25923 0.19562 0.85005
194.6 -1.4607 -0.62628 0.10889 0.83644 -0.067675 1.0869
194.8 -2.1203 -0.78562 0.46777 0.96092 -0.18524 1.4537
195 -2.3778 -0.90213 0.64099 0.92624 -0.29043 1.5247
195.2 -2.4543 -0.96175 0.76983 1.0585 -0.40742 1.59
195.4 -2.3753 -1.0328 0.77257 1.0677 -0.60615 1.6016
195.6 -2.718 -1.0359 0.81665 1.4514 -1.0431 1.9866
195.8 -3.0182 -0.72384 0.62272 1.3001 -1.0356 2.2045
196 -3.1434 -0.13896 0.1454 1.1857 -1.0627 2.6214
196.2 -2.9873 0.95503 -0.69334 0.035681 -0.62697 3.0121
196.4 -2.1949 1.9089 -1.6303 -1.3498 0.16846 2.464
196.6 -1.2704 2.5865 -2.5613 -2.4111 0.98527 1.8852
196.8 -0.42408 3.1019 -3.5357 -3.0747 1.9094 1.2037
197 0.24355 3.6466 -4.5559 -3.5983 2.8507 0.88067
197.2 1.1087 3.9885 -5.4483 -4.032 3.7263 0.25423
197.4 2.0639 4.0407 -6.1031 -4.3776 4.5704 -0.52613
197.6 2.5876 3.8747 -6.3614 -4.2384 4.8452 -0.55992
197.8 2.585 3.6168 -6.0561 -3.8913 4.4193 -0.5061
198 2.2528 3.1535 -5.1293 -3.0663 3.7187 -0.47217
198.2 1.5475 2.2873 -3.6764 -1.8709 2.4878 -0.40498
198.4 0.43256 1.3812 -2.2049 -0.72191 1.5021 0.29333
198.6 -0.53823 0.4156 -0.98222 -0.12465 0.77107 0.39456
198.8 -1.0792 -0.30478 -0.16879 0.50994 0.31741 0.53322
199 -1.4563 -0.90769 0.34592 1.156 -0.22205 0.72509
199.2 -2.1111 -1.0244 0.64315 1.6433 -0.90044 1.7781
199.4 -2.6243 -1.084 0.83308 1.3603 -1.2166 2.0399
199.6 -2.7321 -1.0651 0.92082 1.0514 -1.1304 1.8904
199.8 -2.7791 -1.2003 1.0005 1.225 -1.1894 1.73
200 -3.1236 -1.0826 1.0518 1.6356 -1.5738 2.3571
200.2 -3.3552 -0.67782 0.90037 1.1756 -1.0229 2.401
200.4 -3.1316 -0.052221 0.47548 0.32096 -0.40275 2.2836
200.6 -2.8052 0.61147 -0.24544 -0.46432 0.25465 2.2055
200.8 -2.3239 1.5747 -1.2624 -1.3015 0.61788 2.3392
201 -1.6886 2.5251 -2.3404 -2.3018 1.4982 1.9448
201.2 -0.75004 3.2429 -3.4846 -3.2376 2.3577 1.2791
201.4 0.38268 3.6803 -4.6906 -3.7739 3.2962 0.47722
201.6 1.2798 4.0284 -5.8098 -3.9621 3.9225 0.33343
201.8 2.0004 4.1593 -6.4092 -4.1193 4.5796 -0.038752
202 2.5785 3.869 -6.3688 -4.0211 4.6935 -0.59848
202.2 2.5989 3.3618 -5.7416 -3.4727 4.1721 -0.64052
202.4 2.0036 2.8562 -4.7395 -2.6595 3.1239 -0.026245
202.6 1.0866 2.1477 -3.4482 -1.8417 2.2102 0.18471
202.8 0.25094 1.2868 -2.1793 -1.1413 1.3583 0.47499
203 -0.35894 0.31767 -1.1218 -0.30433 0.78674 0.28469
203.2 -0.93992 -0.27854 -0.43559 0.40681 0.087015 0.88674
203.4 -1.6627 -0.59977 0.094261 0.89498 -0.25012 1.2362
203.6 -2.1805 -0.74247 0.42791 0.542 -0.35142 1.2795
203.8 -2.1883 -0.9774 0.61466 0.57127 -0.29221 1.0701
204 -2.2478 -1.2534 0.81309 1.0237 -0.55908 1.2674
204.2 -2.5188 -1.3412 0.99878 1.5687 -0.87791 1.6568
204.4 -2.8431 -1.3197 1.1302 1.6566 -1.0145 1.9631
204.6 -3.119 -1.2803 1.2294 1.5862 -1.2334 2.03
204.8 -3.2352 -1.253 1.2376 1.7523 -1.4399 2.0519
205 -3.5149 -1.0852 1.2417 1.7666 -1.5732 2.3278
205.2 -3.4045 -0.79435 0.98678 1.4304 -1.258 2.2364
205.4 -3.1482 -0.37371 0.52866 0.87501 -0.74476 2.0928
205.6 -2.8323 0.23516 -0.18957 0.50579 -0.56039 2.2108
205.8 -2.6774 1.242 -1.163 -0.22384 0.0023996 2.5064
206 -2.0849 2.341 -2.2795 -1.5884 0.65641 2.0867
206.2 -0.98374 3.0447 -3.3327 -2.6937 1.5496 1.3046
206.4 0.16517 3.5017 -4.4419 -3.424 2.4629 0.66268
206.6 1.1716 3.7752 -5.4442 -3.6192 3.2914 0.45733
206.8 1.8876 3.9783 -6.1448 -3.8423 4.0622 0.14923
207 2.4743 3.9559 -6.3979 -4.0006 4.3864 -0.3545
207.2 2.6035 3.7064 -6.1273 -3.8188 4.838 -0.53258
207.4 2.1179 3.4693 -5.439 -3.3547 4.3027 -0.15876
207.6 1.5328 2.9264 -4.357 -2.6532 3.5159 -0.12895
207.8 0.91933 2.1262 -3.1262 -1.7717 2.1482 -0.16585
208 0.36144 1.1442 -2.0043 -0.72884 1.4122 -0.052316
208.2 -0.53886 0.50061 -1.0894 -0.17469 0.72225 0.69018
208.4 -1.0839 -0.13071 -0.35597 0.22213 0.53829 0.89076
208.6 -1.4142 -0.59473 0.16686 0.53985 0.090991 0.96351
208.8 -1.7236 -0.96912 0.49838 1.0865 -0.46423 1.2529
209 -2.388 -1.0264 0.80288 1.343 -1.0537 2.0371
209.2 -2.6364 -1.1238 0.96842 1.1865 -0.97771 1.8719
209.4 -2.7308 -1.2331 1.1015 1.2707 -0.91164 1.6904
209.6 -2.9336 -1.3056 1.1718 1.5939 -1.2277 1.8449
209.8 -3.1947 -1.263 1.2105 1.3483 -1.2884 1.8879
210 -3.3497 -1.1985 1.1951 1.0849 -1.3362 1.9661
210.2 -3.3289 -1.2425 1.1563 1.1357 -1.2007 1.8521
210.4 -3.4766 -1.0816 1.0272 1.637 -1.4035 2.3641
210.6 -3.65 -0.58186 0.6588 1.6136 -1.1583 2.8037
210.8 -3.4468 0.33117 0.03554 0.49265 -0.53523 2.6524
211 -2.703 1.1746 -0.79748 -0.78164 0.45506 1.9497
211.2 -1.8957 1.9489 -1.8369 -1.9055 0.94901 1.3099
211.4 -0.92694 2.6729 -3.1637 -2.7516 1.717 1.071
211.6 -0.053945 3.5126 -4.6094 -3.348 2.4657 1.1086
211.8 0.8672 4.1257 -5.6626 -3.8421 3.2649 0.83009
212 1.8337 4.2907 -6.158 -4.0367 3.8548 -0.12291
212.2 2.1954 3.9609 -5.8332 -3.6751 3.7151 -0.33703
212.4 1.8864 3.4078 -4.9166 -2.8091 3.0011 -0.049715
212.6 0.99018 2.809 -3.6746 -1.7286 2.0363 0.63346
212.8 -0.086683 2.0896 -2.3916 -0.96633 0.8695 1.2341
213 -0.68519 1.1247 -1.2978 -0.50692 0.19884 1.0132
213.2 -0.99845 0.23873 -0.51467 0.096743 -0.24233 0.85644
213.4 -1.4567 -0.40545 0.054445 0.81701 -0.68243 1.0378
213.6 -2.0158 -0.64918 0.43857 1.0269 -0.95929 1.2309
213.8 -2.4009 -0.78534 0.68679 0.98233 -1.2043 1.4505
214 -2.6441 -0.88472 0.86347 1.0986 -1.4399 1.4775
214.2 -2.9649 -0.88581 0.95396 1.4715 -1.6447 2.0292
214.4 -3.2281 -0.86394 1.0056 1.456 -1.7619 2.0933
214.6 -3.2214 -0.78926 0.99804 1.3246 -1.5848 2.0195
214.8 -3.1519 -0.76408 0.88687 1.3755 -1.6714 2.0213
215 -3.2211 -0.39174 0.55133 1.4984 -1.76 2.5352
215.2 -3.2501 0.48738 -0.22728 0.76506 -1.1822 3.0429
215.4 -2.6719 1.7438 -1.3308 -0.83848 -0.11709 2.6207
215.6 -1.6289 2.7466 -2.5008 -2.3926 1.0486 1.8573
215.8 -0.45398 3.5414 -3.8261 -3.4119 1.9191 0.90871
216 0.65956 4.0317 -4.9988 -3.8641 2.5359 0.39823
216.2 1.45 4.2857 -5.6886 -3.8055 3.0369 0.14851
216.4 1.8844 4.1785 -5.6429 -3.5691 3.2008 -0.057874
216.6 1.7193 3.7697 -4.9558 -2.8492 3.0002 0.19726
216.8 0.87662 3.1193 -3.7977 -2.1948 2.1902 0.41374
217 0.22627 2.2008 -2.5941 -1.272 1.4736 0.44048
217.2 -0.32821 1.1727 -1.4732 -0.30877 0.87834 0.37471
217.4 -0.80861 0.36873 -0.71742 0.6203 0.28412 0.73912
217.6 -1.5313 -0.0079079 -0.15135 1.2872 -0.22674 1.476
217.8 -2.2045 -0.093865 0.16973 1.2541 -0.54168 2.0814
218 -2.3478 -0.23856 0.30542 0.94886 -0.41638 1.8166
218.2 -2.2852 -0.42 0.42091 0.95336 -0.47137 1.5558
218.4 -2.3629 -0.68374 0.57558 1.4724 -0.85652 1.4852
218.6 -2.7274 -0.69031 0.71062 1.9847 -1.2898 2.0779
218.8 -3.3125 -0.49948 0.73208 1.9401 -1.6318 2.9033
219 -3.3942 -0.28386 0.66308 1.2551 -1.2641 2.6705
219.2 -3.1131 -0.084052 0.50366 0.88656 -0.77053 2.3897
219.4 -2.8882 0.11128 0.17365 0.64241 -0.58497 2.4127
219.6 -2.6858 0.7456 -0.39454 0.44398 -0.55538 2.8442
219.8 -2.2879 1.5739 -1.2035 -0.64399 -0.10056 2.5135
220 -1.6011 2.4307 -2.2593 -1.6879 0.83033 1.8973
220.2 -0.64468 3.2034 -3.6055 -2.6842 1.9014 1.3233
220.4 0.25832 3.8996 -4.8991 -3.1213 2.6524 1.2126
220.6 1.2974 4.2512 -5.8571 -3.6336 3.6609 0.5565
220.8 2.1488 4.2458 -6.3111 -3.7008 4.2023 -0.16988
221 2.4411 4.0549 -6.304 -3.3701 4.358 -0.35056
221.2 2.0361 3.9167 -5.7649 -2.8803 3.5694 0.13148
221.4 1.4178 3.3209 -4.5779 -2.3223 2.9651 -0.049564
221.6 0.84364 2.3572 -3.1805 -1.4352 2.3538 -0.14629
221.8 0.13241 1.3129 -1.9438 -0.3889 1.4883 0.16705
222 -0.60683 0.60139 -1.0101 0.39064 0.84489 0.79358
222.2 -1.2042 0.1032 -0.3718 0.66811 0.11866 1.2875
222.4 -1.6171 -0.24458 0.050708 0.7908 -0.0013375 1.2405
222.6 -2.0064 -0.5458 0.32999 1.2273 -0.51499 1.6443
222.8 -2.6099 -0.57296 0.51011 1.4527 -0.94307 2.2659
223 -3.0109 -0.41922 0.61533 1.3204 -1.1109 2.4817
223.2 -2.8814 -0.42114 0.58749 0.97657 -0.90391 2.0734
223.4 -2.7438 -0.4491 0.58321 0.93636 -0.66031 1.6849
223.6 -2.5437 -0.52566 0.50091 0.85205 -0.46619 1.5633
223.8 -2.76 -0.53341 0.54358 1.249 -0.74782 2.0145
224 -3.0808 -0.33961 0.4343 1.363 -0.93623 2.3492
224.2 -3.2077 0.095022 0.090582 1.3559 -0.93874 2.5979
224.4 -3.0303 1.0249 -0.70214 0.66076 -0.38279 2.8757
224.6 -2.4111 2.1226 -1.7892 -0.44796 0.63176 2.8531
224.8 -1.5751 3.1571 -2.9389 -1.8277 1.6472 2.4162
225 -0.38274 3.7373 -4.0356 -2.9179 2.674 1.447
225.2 0.70887 4.0475 -5.0805 -3.7647 3.6074 0.66192
225.4 1.5185 4.1624 -5.961 -3.8431 4.28 0.11723
225.6 2.0461 4.2566 -6.4915 -3.8208 4.8995 -0.25959
225.8 2.3423 4.154 -6.4838 -3.5665 4.8354 -0.33908
226 2.2949 3.8894 -6.0221 -3.3152 4.7703 -0.19056
226.2 1.9819 3.5762 -5.2987 -3.1133 4.1343 -0.00091723
226.4 1.6503 3.0759 -4.4437 -2.6627 3.5237 -0.038042
226.6 1.2012 2.373 -3.4628 -1.8449 2.5218 0.048024
226.8 0.4531 1.7372 -2.5232 -0.97302 1.6275 0.7395
227 -0.40574 1.1096 -1.6046 -0.46626 1.2348 0.86588
227.2 -0.834 0.56233 -0.88957 -0.022744 0.99849 0.96241
227.4 -1.2646 0.073662 -0.39841 0.53772 0.50253 1.2122
227.6 -1.7807 -0.10779 -0.05151 0.91999 -0.10189 1.8464
227.8 -2.2039 -0.21461 0.20114 0.95128 -0.56918 2.0531
228 -2.423 -0.29461 0.39237 0.89318 -0.54541 1.8066
228.2 -2.5945 -0.42969 0.47818 1.2734 -0.82422 1.9729
228.4 -3.0268 -0.3243 0.5133 1.6173 -1.1236 2.4064
228.6 -3.3378 -0.0054349 0.38232 1.2921 -1.1167 2.9373
228.8 -3.0777 0.31784 0.082131 0.50873 -0.4454 2.4814
229 -2.6649 0.72457 -0.41586 -0.11286 0.038187 2.2823
229.2 -2.2531 1.1188 -1.0083 -0.29676 0.2908 1.9793
229.4 -2.079 1.8302 -1.7541 -0.49441 0.42033 2.4026
229.6 -1.8216 2.7479 -2.6723 -1.3734 0.95035 2.5443
229.8 -0.96186 3.5571 -3.5983 -2.6172 2.0666 1.7298
230 0.1399 3.9338 -4.5674 -3.6699 3.1084 0.80705
230.2 1.1357 4.0441 -5.5154 -4.1178 4.1848 0.065389
230.4 1.8688 4.1322 -6.3068 -4.3626 4.8364 -0.14115
230.6 2.4473 4.1005 -6.6796 -4.2545 5.335 -0.41219
230.8 2.8189 3.9456 -6.6055 -4.0053 5.6636 -0.68382
231 2.598 3.6461 -5.999 -3.3952 5.2255 -0.47387
231.2 1.9619 3.1501 -5.0054 -2.7103 4.3583 -0.36772
231.4 1.1047 2.357 -3.6379 -1.7486 2.835 0.013928
231.6 0.25828 1.3591 -2.3339 -0.9477 1.854 0.094143
231.8 -0.52734 0.65349 -1.3716 -0.15648 0.98313 0.69962
232 -1.2974 0.30897 -0.73401 0.13146 0.41962 1.2244
232.2 -1.595 -0.064096 -0.28527 0.025639 0.16596 0.94355
232.4 -1.6607 -0.39252 0.0059251 0.13608 0.07807 0.74513
232.6 -1.8808 -0.73676 0.27268 0.67454 -0.33668 0.99926
232.8 -2.2953 -0.77985 0.48995 1.0188 -0.58583 1.5793
233 -2.6094 -0.78588 0.61873 0.97821 -0.77303 1.8749
233.2 -2.7865 -0.78558 0.70473 0.89573 -0.89929 1.8259
233.4 -2.9596 -0.78307 0.70807 1.2441 -1.1678 2.2465
233.6 -3.295 -0.63403 0.76072 1.288 -1.2635 2.4722
233.8 -3.2257 -0.54232 0.71679 1.1278 -1.1711 2.3987
234 -3.1001 -0.51346 0.6201 1.0222 -1.0306 2.0464
234.2 -3.0856 -0.25232 0.27848 0.99312 -0.8401 2.351
234.4 -3.1567 0.45995 -0.21857 0.32566 -0.27944 2.3497
234.6 -2.705 1.2967 -0.94178 -0.64309 0.48756 2.0697
234.8 -2.0165 2.091 -1.9068 -1.697 1.1374 1.5876
235 -1.2714 2.905 -3.0704 -2.3163 1.6417 1.6706
235.2 -0.38818 3.6136 -4.2411 -3.0947 2.4837 1.3965
235.4 0.69768 4.0049 -5.1665 -3.651 3.41 0.84075
235.6 1.661 3.9779 -5.869 -3.8211 4.1638 0.17406
235.8 2.1611 3.9706 -6.365 -3.6695 4.3411 0.17403
236 2.1551 4.0617 -6.4174 -3.3984 4.3882 0.30877
236.2 1.9902 3.8851 -5.8919 -3.3353 3.907 0.13535
236.4 1.6615 3.3495 -4.876 -2.7908 3.1638 -0.033467
236.6 0.93689 2.3905 -3.5737 -1.81 2.0329 0.36933
236.8 0.21422 1.4195 -2.3678 -0.9 1.4843 0.44294
237 -0.45643 0.55473 -1.3526 -0.18362 1.0104 0.68178
237.2 -0.96011 -0.064969 -0.66034 0.32225 0.36833 0.76468
237.4 -1.4202 -0.41406 -0.24765 0.92558 -0.40322 1.3594
237.6 -2.092 -0.48496 0.011951 1.1262 -0.90364 2.0668
237.8 -2.5175 -0.40063 0.19585 0.92739 -0.79836 2.1166
238 -2.4081 -0.48856 0.2342 0.67721 -0.57327 1.8792
238.2 -2.3837 -0.61251 0.30238 0.65334 -0.41294 1.4967
238.4 -2.5453 -0.69336 0.37387 0.75693 -0.63793 1.6431
238.6 -2.8102 -0.5647 0.46411 0.75187 -0.81359 1.7833
238.8 -3.0104 -0.42602 0.5056 0.73596 -1.0788 2.0823
239 -2.9582 -0.24617 0.32583 0.80618 -1.0309 2.1958
239.2 -3.0738 0.26408 -0.025632 0.62674 -0.94131 2.5598
239.4 -2.7723 0.89056 -0.59412 -0.088254 -0.31278 2.4096
239.6 -2.2523 1.5788 -1.3075 -0.91587 0.097833 1.8825
239.8 -1.5978 2.2149 -2.2342 -1.4989 0.68449 1.6207
240 -1.0695 3.0883 -3.3999 -2.1799 1.3629 1.8474
240.2 -0.19143 3.9216 -4.5928 -3.1841 2.3868 1.5805
240.4 1.0902 4.3292 -5.5307 -4.1077 3.6244 0.50593
240.6 2.1574 4.3538 -6.2027 -4.4269 4.2344 -0.1557
240.8 2.7811 4.2447 -6.5313 -4.2314 4.6078 -0.42259
241 2.8294 4.069 -6.3019 -3.8411 4.3246 -0.33263
241.2 2.4314 3.6075 -5.3288 -3.0022 3.5775 -0.27394
241.4 1.6571 2.8938 -3.98 -2.021 2.7443 -0.014998
241.6 0.60378 2.102 -2.6474 -1.0834 1.8277 0.37248
241.8 -0.056305 1.27 -1.6654 -0.53919 1.3031 0.44948
242 -0.51337 0.50654 -0.92368 0.05588 0.87755 0.54033
242.2 -0.98537 -0.080909 -0.41208 0.7757 0.38576 0.92446
242.4 -1.6561 -0.26792 -0.057192 1.2565 -0.066331 1.6306
242.6 -2.2954 -0.23565 0.17723 1.4508 -0.63296 2.1924
242.8 -2.3985 -0.27791 0.28198 0.94685 -0.46108 1.7498
243 -2.2842 -0.39552 0.3505 0.89654 -0.46962 1.4966
243.2 -2.3054 -0.62376 0.42912 1.1785 -0.41269 1.2819
243.4 -2.6179 -0.59558 0.46037 1.6764 -0.83751 1.9885
243.6 -3.171 -0.3632 0.51201 1.7258 -1.0013 2.6331
243.8 -3.2377 -0.17218 0.44206 1.0523 -0.69937 2.4022
244 -3.0169 -0.076047 0.35549 0.6486 -0.37189 2.1159
244.2 -2.8413 0.061011 0.090818 0.58503 -0.15607 1.9842
244.4 -2.8088 0.71409 -0.39224 0.42678 0.089145 2.5139
244.6 -2.4381 1.6151 -1.206 -0.48164 0.61709 2.408
244.8 -1.7003 2.5194 -2.2837 -1.628 1.5185 1.9101
245 -0.69552 3.2647 -3.6157 -2.4398 2.3766 1.3556
245.2 0.19699 3.9722 -4.9622 -2.9756 3.0551 1.1337
245.4 1.1526 4.5965 -6.1491 -3.6461 3.9157 0.79926
245.6 2.2419 4.7432 -6.8918 -4.2234 4.8236 -0.2345
245.8 3.0158 4.5375 -7.1147 -4.1645 5.44 -0.67108
246 3.2145 4.1462 -6.773 -3.5471 5.2087 -0.6333
246.2 2.763 3.8639 -5.9666 -2.6548 4.2585 0.03912
246.4 1.7925 3.487 -4.7841 -2.109 2.919 0.83828
246.6 0.94188 2.6296 -3.3625 -1.6128 1.9691 0.68837
246.8 0.32439 1.6154 -2.1243 -1.0115 1.3456 0.54165
247 -0.2845 0.66087 -1.1368 -0.15261 0.74666 0.3391
247.2 -0.92144 0.18542 -0.53313 0.69446 -0.042231 1.0042
247.4 -1.7517 0.0017757 -0.090896 0.95312 -0.65778 1.8377
247.6 -2.122 -0.12952 0.11505 0.80296 -0.34869 1.8694
247.8 -2.1277 -0.2798 0.19907 0.67603 -0.18226 1.7344
248 -2.2127 -0.49153 0.26973 0.8572 -0.24674 1.7127
248.2 -2.5612 -0.46841 0.37972 0.88529 -0.38647 2.0035
248.4 -2.8158 -0.39351 0.45002 0.77655 -0.075636 1.8149
248.6 -2.9439 -0.32351 0.4971 0.88027 -0.074889 1.7225
248.8 -3.0828 -0.25861 0.47446 1.3071 -0.59205 2.1006
249 -3.2819 -0.15345 0.44427 1.1038 -0.85752 2.1903
249.2 -3.2036 -0.047178 0.36129 0.92904 -0.74077 2.1119
249.4 -3.0662 0.12195 0.16704 0.67383 -0.47757 1.8941
249.6 -2.9992 0.55694 -0.21924 0.89252 -0.74003 2.5181
249.8 -3.0219 1.3927 -0.85405 0.43201 -0.49799 3.0098
250 -2.5822 2.3635 -1.6072 -0.65806 0.11387 2.6831
250.2 -1.668 3.0669 -2.4836 -1.9238 0.96599 1.9263
250.4 -0.79397 3.5789 -3.4882 -2.7776 1.6394 1.4305
250.6 0.096878 4.0706 -4.5522 -3.2261 2.5775 1.0358
250.8 0.93098 4.3513 -5.4065 -3.605 3.5095 0.60306
251 1.7048 4.3719 -5.8829 -3.6435 4.1767 0.062926
251.2 2.1021 4.1899 -6.0508 -3.6247 4.4086 -0.027642
251.4 2.0787 3.942 -5.7711 -3.3357 4.1371 -0.023227
251.6 1.7495 3.5456 -4.9872 -2.7242 3.2575 0.049148
251.8 1.049 2.7567 -3.6097 -1.6186 2.1415 0.30627
252 0.054503 1.8311 -2.1682 -0.46538 1.003 0.95193
252.2 -1.0097 1.0459 -1.0293 0.21994 0.37736 1.7516
252.4 -1.5893 0.48415 -0.37873 0.26944 0.11578 1.8981
252.6 -1.6215 0.01286 -0.068439 0.35267 0.072881 1.7034
252.8 -1.7297 -0.36223 0.17405 0.64328 -0.21642 1.3994
253 -1.9299 -0.58969 0.34093 1.2204 -0.45558 1.4407
253.2 -2.56 -0.50167 0.45942 1.5289 -0.7911 2.2125
253.4 -3.0224 -0.27592 0.49255 1.3025 -0.77705 2.4814
253.6 -2.9061 -0.17925 0.41279 0.87306 -0.59355 2.2622
253.8 -2.8018 -0.15059 0.40287 0.84465 -0.58109 1.9054
254 -2.7409 -0.044983 0.23145 1.0327 -0.65892 2.0577
254.2 -2.928 0.55369 -0.18715 0.84097 -0.70663 2.7767
254.4 -2.8386 1.5057 -0.88201 -0.10242 -0.24758 3.1265
254.6 -2.1624 2.3866 -1.6946 -1.4783 0.65219 2.5307
254.8 -1.4259 3.0014 -2.5754 -2.3477 1.5372 1.8462
255 -0.58168 3.5342 -3.6754 -2.9758 2.3113 1.4236
255.2 0.24522 3.9949 -4.7734 -3.4753 3.1911 1.0703
255.4 1.1573 4.1717 -5.5571 -3.7963 3.8472 0.7064
255.6 1.8518 4.112 -5.9515 -3.7157 4.3217 0.32752
255.8 1.9213 3.8909 -5.6174 -3.0528 3.7267 0.40781
256 1.6301 3.3753 -4.7149 -2.2112 2.9802 0.36729
256.2 0.92009 2.4597 -3.2566 -1.2018 1.6162 0.40036
256.4 0.057647 1.4308 -1.9607 -0.2408 0.7395 0.77893
256.6 -0.94646 0.76414 -1.0225 0.45922 0.0037037 1.5557
256.8 -1.7189 0.48528 -0.49101 0.43902 0.036078 1.9619
257 -1.8688 0.22612 -0.23776 0.42632 0.27801 1.5912
257.2 -1.8926 -0.053191 -0.055125 0.64143 -0.011196 1.6641
257.4 -2.0183 -0.27598 0.070516 1.138 -0.46929 1.8033
257.6 -2.4624 -0.2271 0.1744 1.4268 -0.92256 2.4718
257.8 -3.0209 0.077167 0.21396 1.2032 -0.95768 2.8919
258 -2.9484 0.25432 0.16584 0.77432 -0.61171 2.6558
258.2 -2.8024 0.33339 0.1366 0.60917 -0.63812 2.4965
258.4 -2.6697 0.39521 -0.017857 0.80305 -0.62713 2.296
258.6 -2.7583 0.81391 -0.30685 0.89028 -0.58466 2.6989
258.8 -2.8268 1.6801 -0.89387 0.14322 -0.13866 3.2023
259 -2.324 2.5238 -1.5342 -1.0663 0.58439 2.8062
259.2 -1.6743 3.1186 -2.2617 -2.0762 1.3039 2.2462
259.4 -0.90806 3.6321 -3.2935 -2.8813 2.0523 1.7129
259.6 -0.13183 4.194 -4.4535 -3.678 2.8152 1.2856
259.8 0.77169 4.4917 -5.3704 -4.1637 3.5466 0.75938
260 1.495 4.4747 -5.7228 -3.8793 3.8762 0.44235
260.2 1.5468 4.1602 -5.3087 -2.8942 3.5627 0.62827
260.4 1.1092 3.5055 -4.2555 -1.9178 2.7371 0.76883
260.6 0.35648 2.5856 -2.866 -0.8351 1.5546 1.0387
260.8 -0.41252 1.512 -1.6512 0.11474 0.74254 1.2775
261 -1.2067 0.95021 -0.97272 0.77755 0.11025 1.9575
261.2 -1.8993 0.81346 -0.59761 0.83549 -0.062469 2.3796
261.4 -1.941 0.62734 -0.43231 0.65035 -0.060967 2.0661
261.6 -1.8912 0.45561 -0.30637 0.65278 -0.16881 1.8143
261.8 -1.9627 0.21211 -0.22695 1.0478 -0.55193 1.8955
262 -2.4055 0.33116 -0.20428 1.4006 -0.86206 2.6367
262.2 -2.9644 0.62271 -0.22625 1.352 -1.0764 3.4428
262.4 -2.8986 0.7943 -0.28701 0.68715 -0.69521 2.9711
262.6 -2.6999 0.89354 -0.37262 0.22634 -0.50661 2.6679
262.8 -2.4927 0.96177 -0.60003 0.14561 -0.36737 2.4676
263 -2.4456 1.497 -1.1194 0.040407 -0.20978 2.9017
263.2 -2.4179 2.4287 -1.8831 -0.44429 0.24307 3.2778
263.4 -1.7546 3.3124 -2.729 -1.8525 1.2378 2.4321
263.6 -0.86462 3.8946 -3.5867 -2.8341 2.3615 1.73
263.8 0.072019 4.2374 -4.6691 -3.6029 3.3464 1.1548
264 0.9575 4.5734 -5.7682 -3.8574 4.2713 0.81953
264.2 1.7793 4.7072 -6.6089 -4.0761 4.8281 0.47773
264.4 2.4608 4.5947 -6.9746 -4.1493 5.0071 0.095146
264.6 2.6152 4.3474 -6.751 -3.5693 4.7575 0.10722
264.8 2.3115 3.8977 -5.9258 -2.891 4.1643 0.023564
265 1.6049 3.17 -4.4784 -1.8089 3.0548 -0.025677
265.2 0.74172 2.1284 -2.9143 -0.81382 1.9936 0.27321
265.4 -0.26111 1.4003 -1.8444 -0.018527 1.2625 0.98206
265.6 -1.1149 0.93957 -1.1644 0.22376 0.90314 1.7204
265.8 -1.3361 0.56602 -0.81223 0.022393 0.52879 1.4725
266 -1.4123 0.23728 -0.54294 0.20848 0.13818 1.5488
266.2 -1.5563 -0.089478 -0.31915 0.6896 -0.23494 1.5437
266.4 -2.0282 -0.058129 -0.19453 1.1681 -0.52184 2.2636
266.6 -2.651 0.13711 -0.10129 0.95937 -0.71063 2.8434
266.8 -2.754 0.31629 -0.11568 0.37567 -0.68942 2.6687
267 -2.6 0.35122 -0.12951 0.16462 -0.51251 2.4507
267.2 -2.4684 0.33201 -0.20408 0.36637 -0.28256 2.0494
267.4 -2.505 0.71183 -0.51781 0.52393 -0.16074 2.4174
267.6 -2.6211 1.506 -1.0904 -0.10257 0.072289 2.8943
267.8 -2.2056 2.3677 -1.8297 -1.2728 0.65074 2.6034
268 -1.5017 3.0122 -2.6009 -2.2928 1.4282 1.9523
268.2 -0.70056 3.512 -3.5811 -2.9752 2.5025 1.2511
268.4 0.12846 4.0135 -4.6868 -3.569 3.4163 0.85486
268.6 1.0544 4.3266 -5.7179 -4.0853 4.4193 0.37373
268.8 2.0691 4.3765 -6.5729 -4.5403 5.3098 -0.33286
269 2.7481 4.2522 -7.0301 -4.2702 5.8016 -0.56375
269.2 2.9938 4.0325 -6.9757 -3.8797 5.8796 -0.70859
269.4 2.8459 3.737 -6.3218 -3.1735 5.3966 -0.48711
269.6 2.2446 3.2779 -5.2184 -2.4536 4.5572 -0.093017
269.8 1.3773 2.8042 -4.0696 -1.708 3.6023 0.4359
270 0.32033 2.2244 -2.902 -1.0684 2.3172 1.1487
270.2 -0.25552 1.4012 -1.8951 -0.7902 1.7028 0.80901
270.4 -0.47016 0.66422 -1.2236 -0.33147 1.2193 0.67518
270.6 -0.81436 0.020531 -0.66943 0.41697 0.69943 0.71131
270.8 -1.372 -0.2307 -0.31733 1.0773 0.241 1.3037
271 -2.1093 -0.16279 -0.10258 1.2943 -0.20819 2.117
271.2 -2.4034 -0.065888 -0.01776 0.73631 0.079568 1.8153
271.4 -2.3106 -0.075462 0.030595 0.54779 0.048573 1.6496
271.6 -2.3286 -0.2281 0.10644 0.77367 -0.14622 1.5762
271.8 -2.4496 -0.17251 0.10675 1.3478 -0.55515 2.1315
272 -2.7926 0.31438 -0.1451 1.2563 -0.74004 2.8774
272.2 -2.6911 0.99378 -0.57391 0.31796 -0.37666 2.6344
272.4 -2.1673 1.6098 -1.1308 -0.56695 0.26254 2.2138
272.6 -1.719 2.1223 -1.7854 -1.1348 0.99619 1.8899
272.8 -1.2702 2.8235 -2.6154 -1.5918 1.7194 2.0575
273 -0.60765 3.5413 -3.6199 -2.4674 2.7554 1.6606
273.2 0.35776 4.1121 -4.7529 -3.3385 3.8056 1.0515
273.4 1.3804 4.4338 -5.8831 -3.8969 4.6519 0.4906
273.6 2.2966 4.5413 -6.8248 -4.1039 5.3641 0.03287
273.8 3.1291 4.5448 -7.4308 -4.0978 5.8457 -0.51492
274 3.5868 4.3265 -7.4519 -3.8594 6.3046 -0.93155
274.2 3.5417 4.1477 -7.0426 -3.4479 6.0658 -0.83112
274.4 2.969 3.9588 -6.2054 -3.09 5.1787 -0.20138
274.6 2.2485 3.2671 -4.8224 -2.5882 4.0302 -0.26903
274.8 1.6333 2.2316 -3.454 -1.9319 2.7466 -0.14941
275 0.84334 1.0171 -2.0881 -0.94174 1.5585 -0.062865
275.2 0.05575 0.23622 -1.1431 0.09931 0.70607 0.52694
275.4 -0.91119 -0.11071 -0.48595 0.57316 0.492 1.2664
275.6 -1.5522 -0.30519 -0.091796 0.45268 0.75425 1.4198
275.8 -1.664 -0.52999 0.056133 0.3365 0.5588 1.4482
276 -1.7734 -0.79111 0.19791 0.43808 0.071236 1.3447
276.2 -2.0074 -0.9181 0.32115 1.0253 -0.59492 1.7097
276.4 -2.5863 -0.7864 0.43535 1.2848 -0.79451 2.3558
276.6 -2.9058 -0.5569 0.47416 1.0339 -0.79211 2.5479
276.8 -2.7149 -0.37952 0.35302 0.60306 -0.43167 2.2059
277 -2.5511 -0.12366 0.092735 0.25595 -0.2178 1.9084
277.2 -2.4194 0.39376 -0.34614 -0.0255 0.11748 2.009
277.4 -2.2864 1.1358 -0.85736 -0.68408 0.4649 2.0313
277.6 -1.9691 1.8264 -1.4782 -1.4118 1.1363 1.9645
277.8 -1.488 2.4664 -2.2843 -2.1947 1.6859 1.8316
278 -0.8513 3.1479 -3.3156 -2.9235 2.4125 1.6254
278.2 0.16305 3.6741 -4.4615 -3.6683 3.1862 1.0168
278.4 1.3176 4.0152 -5.5445 -4.2378 4.1113 0.13232
278.6 2.1818 4.1806 -6.4454 -4.3305 4.7162 -0.24978
278.8 2.6097 4.4168 -7.0532 -4.4966 5.1962 -0.3613
279 2.9615 4.3098 -7.0631 -4.4764 5.5705 -0.87487
279.2 2.9306 3.9227 -6.447 -4.0058 5.1721 -0.77167
279.4 2.0593 3.1508 -5.0069 -2.8066 3.9235 -0.21733
279.6 0.8306 2.0887 -3.2829 -1.6739 2.6309 0.23173
279.8 -0.11407 0.97799 -1.8261 -0.6352 1.5731 0.35141
280 -0.59984 -0.024121 -0.87845 0.051491 0.97542 0.16866
280.2 -1.121 -0.49539 -0.29974 0.63777 0.22167 0.8714
280.4 -1.5943 -0.78844 0.085322 0.77049 0.072507 0.97532
280.6 -1.8388 -0.96559 0.34495 0.90711 -0.2034 1.3005
280.8 -2.0229 -1.1439 0.5112 1.2707 -0.56227 1.408
281 -2.4173 -1.1774 0.64482 1.6055 -1.1738 1.9823
281.2 -2.9559 -1.0373 0.72379 1.5836 -1.432 2.4377
281.4 -3.143 -0.88851 0.71661 0.88339 -1.0723 1.9389
281.6 -2.9356 -0.85939 0.66739 0.61907 -0.88156 1.5884
281.8 -2.8209 -0.90719 0.62208 0.79499 -0.76152 1.4357
282 -2.8418 -0.75649 0.42621 1.2252 -1.0302 1.9516
282.2 -3.0864 -0.14159 0.013431 1.0085 -0.85318 2.6033
282.4 -2.9661 0.8122 -0.65904 -0.06233 0.0041005 2.5864
282.6 -2.209 1.6483 -1.5004 -1.2478 1.0369 2.1363
282.8 -1.3827 2.3491 -2.5376 -2.0879 1.8861 1.6195
283 -0.4322 3.0128 -3.8198 -2.6728 2.677 1.0484
283.2 0.4259 3.7911 -5.2163 -3.1164 3.52 0.85221
283.4 1.3089 4.4053 -6.2967 -3.5961 4.4081 0.38844
283.6 2.2974 4.4053 -6.7495 -3.9717 4.9858 -0.27565
283.8 2.7542 4.1146 -6.6596 -3.9505 5.2154 -0.64763
284 2.6668 3.7776 -6.1677 -3.6448 4.8386 -0.45927
284.2 2.1626 3.4395 -5.3347 -3.1892 4.3074 -0.32894
284.4 1.6466 2.838 -4.2534 -2.3643 3.2676 -0.14818
284.6 0.92083 1.8917 -2.9666 -1.2949 2.1543 0.18869
284.8 0.11692 0.93561 -1.8059 -0.47857 1.3334 0.39764
285 -0.60647 0.14491 -0.89124 0.1559 0.70931 0.7062
285.2 -1.1909 -0.42717 -0.24504 0.58195 0.34223 0.79033
285.4 -1.6709 -0.76647 0.12424 1.1674 -0.40666 1.3449
285.6 -2.3628 -0.80662 0.3556 1.4465 -0.82084 2.0721
285.8 -2.7777 -0.68991 0.48762 1.0742 -0.93005 2.1356
286 -2.6535 -0.70064 0.47063 0.719 -0.71395 1.8952
286.2 -2.603 -0.78184 0.50716 0.64607 -0.61262 1.6574
286.4 -2.6263 -0.73859 0.38752 0.89559 -0.69712 1.8989
286.6 -2.9535 -0.1951 0.14179 0.89458 -0.74603 2.5697
286.8 -2.9537 0.57429 -0.33948 0.040759 -0.29864 2.5342
287 -2.4939 1.3611 -0.93612 -0.99527 0.20913 2.175
287.2 -2.0072 1.9256 -1.6682 -1.5882 0.52411 1.8768
287.4 -1.4332 2.6184 -2.6817 -2.0461 1.0532 1.9202
287.6 -0.81777 3.5084 -3.9473 -2.6696 2.0709 1.8206
287.8 0.14947 4.1824 -5.0191 -3.5426 3.1334 1.2462
288 1.333 4.3204 -5.8034 -4.1202 4.0671 0.32691
288.2 2.0215 4.1252 -6.0497 -4.0002 4.2623 -0.0067755
288.4 2.0973 3.8761 -5.7588 -3.6853 4.0034 -0.0010176
288.6 1.6552 3.4461 -4.8368 -2.878 3.0839 0.13878
288.8 0.93957 2.6223 -3.485 -1.9441 2.1586 0.13134
289 0.075464 1.5491 -2.0922 -0.81268 1.1732 0.41001
289.2 -0.61324 0.59718 -1.1151 -0.060756 0.69328 0.54927
289.4 -1.204 -0.040348 -0.45076 0.48045 0.29214 0.91025
289.6 -1.5927 -0.48568 -0.061298 0.97377 0.14552 0.88028
289.8 -2.2399 -0.56042 0.18629 1.3871 -0.21503 1.7135
290 -2.6065 -0.61378 0.30941 1.2217 -0.15469 1.7299
290.2 -2.5752 -0.59552 0.33525 1.0349 -0.10551 1.5252
290.4 -2.6806 -0.65318 0.37429 1.1848 -0.4099 1.6424
290.6 -2.9742 -0.55821 0.40906 1.2261 -0.63397 2.08
290.8 -3.1527 -0.3918 0.40638 1.1191 -0.80921 2.2173
291 -3.153 -0.15487 0.26093 0.86531 -0.6117 2.1578
291.2 -3.0223 0.36282 -0.19914 0.63372 -0.65461 2.5379
291.4 -2.8698 1.1388 -0.78646 -0.23927 -0.29641 2.4624
291.6 -2.3893 1.9077 -1.5093 -1.1709 0.22815 2.1086
291.8 -1.7339 2.5361 -2.4697 -2.042 0.95931 1.6478
292 -1.0359 3.1792 -3.6647 -2.7068 1.8179 1.6409
292.2 -0.32586 3.8206 -4.7551 -3.4669 2.5984 1.457
292.4 0.77574 4.0895 -5.5253 -3.8819 3.6614 0.48927
292.6 1.5167 3.9609 -5.7491 -3.5364 4.1804 0.035994
292.8 1.6247 3.717 -5.5957 -3.0777 4.1335 0.2213
293 1.2085 3.535 -4.9473 -2.6134 3.2813 0.58976
293.2 0.69637 3.0718 -3.9511 -2.1033 2.4687 0.6848
293.4 0.054335 2.3452 -2.8279 -1.1277 1.5021 0.7363
293.6 -0.72128 1.7001 -1.9139 -0.4012 1.0278 1.2241
293.8 -1.1658 1.2359 -1.4003 -0.18992 0.50175 1.4512
294 -1.4078 0.90655 -1.0376 0.054697 0.40086 1.4064
294.2 -1.6588 0.60089 -0.8251 0.38453 0.16683 1.6052
294.4 -2.2021 0.54056 -0.60874 0.41632 -0.1922 1.9818
294.6 -2.3744 0.47461 -0.502 0.21418 -0.20113 1.9723
294.8 -2.4169 0.39204 -0.38432 0.15412 -0.22482 1.6944
295 -2.5597 0.29081 -0.32853 0.6709 -0.20661 1.9419
295.2 -2.9565 0.43941 -0.28825 0.58842 -0.35504 2.2179
295.4 -2.9177 0.61406 -0.37709 0.32319 -0.12402 2.1849
295.6 -2.7715 0.84992 -0.64651 -0.093686 0.15005 1.9213
295.8 -2.5803 1.3731 -1.2723 -0.35271 0.31578 2.4206
296 -2.4379 2.2317 -2.0276 -1.2075 0.54652 2.7897
296.2 -1.651 3.0792 -2.9808 -2.5356 1.4448 2.369
296.4 -0.66619 3.7069 -4.0157 -3.5307 2.4364 1.6374
296.6 0.26305 4.1595 -5.0418 -3.9454 3.2881 1.1224
296.8 1.1207 4.5666 -5.8493 -4.1353 4.0875 0.61259
297 1.905 4.6524 -6.1744 -4.0552 4.5191 0.20059
297.2 2.2535 4.401 -5.9799 -3.699 4.7692 -0.20398
297.4 1.9082 4.043 -5.421 -3.0142 4.2726 0.10113
297.6 1.2852 3.6591 -4.6702 -2.8255 3.7464 0.071635
297.8 0.96317 3.1461 -3.9198 -2.4882 3.128 0.015396
298 0.56023 2.5731 -3.2687 -1.9377 2.3966 0.33807
298.2 0.045553 2.2895 -2.8266 -1.3187 2.1444 1.0096
298.4 -0.45875 2.2697 -2.5956 -1.3766 2.2299 1.1578
298.6 -0.51577 2.2944 -2.4871 -1.6775 2.4622 1.0438
298.8 -0.32034 2.3492 -2.7549 -1.8607 2.5672 0.82327
299 -0.083575 2.6505 -3.2109 -1.8096 2.4795 1.1469
299.2 0.25418 2.8549 -3.4943 -1.7873 2.7999 0.61585
299.4 0.51109 2.7382 -3.4423 -1.7911 3.0749 0.44259
299.6 0.37072 2.3805 -3.2124 -1.644 3.0493 0.38085
299.8 -0.20002 2.3399 -3.0904 -1.4337 2.5321 1.2393
300 -0.69419 2.4441 -3.0418 -1.3372 2.1651 1.6125
