0 0 0 0 0 0 0
0.2 0.12218 0.86144 -0.12949 -1.1075 0.98835 -0.93429
0.4 0.28723 2.3386 -0.59514 -1.7427 1.3972 -1.2572
0.6 0.44738 3.6495 -1.0396 -1.6947 1.6763 -1.0469
0.8 0.50028 4.6705 -1.4295 -0.042 1.4388 -0.31531
1 0.54374 5.6695 -1.6863 0.80513 -0.27815 -0.43528
1.2 0.58989 6.7016 -1.7138 0.71533 -0.78643 -0.88037
1.4 0.52358 7.183 -2.029 0.43129 -0.83332 -1.0723
1.6 0.40928 6.411 -2.518 1.9692 0.6954 -0.78056
1.8 0.13308 4.0753 -2.7735 2.1331 1.9083 0.66454
2 0.0034909 1.0526 -2.8222 2.1637 2.67 1.9454
2.2 -0.31107 -2.0264 -2.433 0.6792 1.5935 3.3203
2.4 -0.38102 -4.8946 -1.783 -0.073957 1.9133 3.835
2.6 -0.56593 -7.0011 -1.0291 -0.0070809 1.1348 3.9269
2.8 -0.46411 -7.7452 -0.26666 -1.1505 3.0541 3.2857
3 -0.3735 -6.5658 -0.011861 -2.5934 3.7458 2.1139
3.2 -0.16888 -4.3363 0.15999 -4.6435 4.9189 1.151
3.4 0.12859 -1.8459 -0.28345 -3.307 4.3465 0.053039
3.6 0.23728 0.23415 -0.46207 -2.4053 3.8019 -0.41384
3.8 0.39772 1.9541 -0.77897 -1.6962 3.0473 -0.78858
4 0.34146 3.3742 -0.80755 -0.80039 2.0156 -0.43816
4.2 0.43161 4.5676 -1.2269 0.37137 1.1982 -0.64257
4.4 0.45787 5.6235 -1.5775 0.77927 1.6698 -1.5632
4.6 0.58564 6.2997 -2.0363 -0.16962 2.506 -1.5318
4.8 0.5005 6.263 -2.4728 1.1823 2.6505 -1.1522
5 0.35887 4.8997 -3.0632 3.5812 2.738 0.092673
5.2 0.2112 2.6485 -3.378 4.6663 0.6409 0.80804
5.4 0.013331 -0.024019 -3.352 3.0583 1.0791 1.6295
5.6 -0.15673 -2.5929 -2.6236 2.0256 0.64421 2.5164
5.8 -0.35082 -4.6165 -1.8224 1.3458 2.4596 2.6517
6 -0.36041 -5.6529 -0.95594 -0.69448 3.1623 1.9543
6.2 -0.32979 -5.155 -0.62418 -2.3366 2.381 1.2196
6.4 -0.23289 -3.7033 -0.47784 -3.2846 2.4426 0.86003
6.6 -0.14433 -1.5083 -1.0259 -2.5272 1.2459 0.64482
6.8 0.060111 0.45184 -1.3328 -1.5462 1.8349 -0.079109
7 0.19818 2.0708 -1.7154 -1.4867 2.4219 -0.98177
7.2 0.33061 3.3439 -1.6146 -0.46043 3.7675 -1.6055
7.4 0.40321 4.4514 -1.8255 0.24673 4.4679 -1.77
7.6 0.50103 5.4333 -2.1636 -0.58118 2.6741 -2.3338
7.8 0.60482 6.3116 -2.2328 -0.49292 2.7177 -3.1576
8 0.7549 7.0038 -2.5019 -1.0401 2.4084 -3.4357
8.2 0.69264 6.935 -2.434 0.37831 2.2235 -2.9586
8.4 0.45122 5.6619 -2.9414 1.5914 1.4686 -1.2286
8.6 0.14161 3.2532 -3.0434 2.0692 1.1239 0.60345
8.8 -0.039568 0.42933 -3.0173 0.89881 2.827 1.8914
9 -0.059192 -2.398 -2.5009 0.65951 4.743 2.8814
9.2 -0.26179 -4.7458 -1.6708 0.18317 5.0718 3.3923
9.4 -0.36728 -5.8162 -1.1993 -0.94241 3.8068 2.9532
9.6 -0.32547 -5.2834 -0.79524 -2.842 2.6768 2.1623
9.8 -0.063043 -3.4352 -0.93296 -4.0685 1.9592 1.2745
10 0.14549 -1.1653 -0.9879 -2.8971 1.5577 0.77645
10.2 0.21531 0.99009 -1.2558 -2.5556 1.0322 0.14643
10.4 0.38589 2.5944 -1.4724 -1.3168 0.76942 -0.6466
10.6 0.47001 3.7788 -1.6107 -1.031 1.8962 -0.97109
10.8 0.63822 4.6962 -1.7117 -0.97148 1.8573 -1.271
11 0.70881 5.4405 -1.9704 -1.0666 2.0721 -1.6833
11.2 0.71723 6.0341 -2.2092 -0.51374 2.7764 -1.8719
11.4 0.70431 6.3242 -2.6649 0.26646 2.4585 -1.3825
11.6 0.62215 5.6108 -3.0076 1.3494 2.4856 -0.78237
11.8 0.49897 4.0007 -3.3466 1.9122 1.0689 0.52837
12 0.34902 1.6533 -3.3192 2.0856 2.9703 1.0065
12.2 -0.034258 -0.74164 -3.0195 2.3765 3.2235 1.5526
12.4 -0.2956 -2.8702 -2.3153 0.47639 4.0914 1.3489
12.6 -0.4147 -4.2793 -1.7345 -0.50089 2.7968 1.8072
12.8 -0.35648 -4.5919 -0.93706 -2.4116 2.2671 1.9123
13 -0.19038 -3.6653 -0.8168 -2.6219 1.2907 1.5347
13.2 -0.053857 -1.8936 -0.97071 -3.4016 1.3944 0.41245
13.4 0.16072 -0.028656 -1.3977 -3.2461 1.9997 -0.17847
13.6 0.33565 1.599 -1.7931 -1.526 2.5132 -0.82638
13.8 0.51796 2.8991 -1.82 -1.5849 1.8574 -1.2352
14 0.58572 3.9556 -2.1908 -0.99728 2.6304 -1.8099
14.2 0.58935 4.8915 -2.3732 -2.4982 1.8922 -2.1389
14.4 0.60961 5.5496 -2.9098 -1.7227 2.1735 -1.6161
14.6 0.66524 5.897 -3.0813 0.69331 1.0382 -0.64616
14.8 0.76932 5.1418 -3.4025 3.718 0.072633 0.75967
15 0.53187 3.5311 -3.6161 3.3332 0.19221 1.1043
15.2 0.29963 1.2672 -3.6714 1.8566 0.23965 2.3903
15.4 -0.053621 -1.2105 -3.4666 -0.68717 2.3842 2.9724
15.6 -0.13278 -3.5632 -2.8007 -0.19828 2.9377 3.7195
15.8 -0.32581 -5.8959 -1.8605 -0.80133 2.9969 3.6449
16 -0.40273 -7.2333 -0.88971 -1.6363 3.0022 3.1797
16.2 -0.39797 -7.1196 -0.09609 -2.706 3.9749 2.7551
16.4 -0.1831 -5.4257 -0.19105 -3.5404 4.1041 1.2942
16.6 -0.027634 -2.9297 -0.5705 -3.9525 2.2236 0.53171
16.8 0.12141 -0.49571 -0.85972 -3.8888 1.0736 -0.054563
17 0.24191 1.5349 -1.1928 -2.7358 0.20097 -0.82724
17.2 0.39188 3.124 -1.2721 -1.1301 1.0708 -1.3604
17.4 0.45697 4.2179 -1.6928 -0.39997 1.5217 -1.8493
17.6 0.4761 5.2452 -1.9055 -0.4755 2.2307 -1.8571
17.8 0.6331 6.0633 -2.1778 0.14136 2.8719 -2.1272
18 0.66954 6.4004 -2.3118 1.8899 3.3979 -1.7144
18.2 0.65415 5.8254 -2.7921 4.4007 1.9996 -0.61292
18.4 0.45876 4.0229 -2.9652 4.5319 3.1143 0.54143
18.6 0.17952 1.566 -3.3109 4.455 1.3881 1.5511
18.8 -0.1275 -1.109 -2.803 3.0651 2.8463 2.1873
19 -0.36928 -3.5134 -2.3942 2.9149 1.8806 3.2062
19.2 -0.47024 -5.4557 -1.4226 0.52677 2.2357 3.8958
19.4 -0.51754 -6.6229 -0.8158 -1.0372 1.8962 3.6981
19.6 -0.44886 -6.1902 -0.24222 -3.4911 1.4631 2.2618
19.8 -0.32889 -4.48 -0.32087 -3.9984 2.7071 0.68862
20 0.017542 -2.0909 -0.54414 -3.4426 4.1612 0.00501
20.2 0.23541 0.1967 -0.84693 -2.7957 4.764 -0.77986
20.4 0.37519 2.0242 -1.2222 -1.8117 3.0569 -1.7015
20.6 0.34668 3.4151 -1.4953 -1.1536 0.95825 -2.1982
20.8 0.50242 4.5102 -1.9032 -0.56661 1.5379 -2.1136
21 0.77247 5.4907 -1.9908 -0.30624 3.1464 -2.2667
21.2 0.94782 6.4228 -2.353 0.52976 3.8859 -2.4104
21.4 0.88143 7.0235 -2.6596 2.1016 4.1732 -2.1618
21.6 0.64477 6.5266 -3.1408 3.2392 2.5467 -0.93625
21.8 0.38019 4.8251 -3.48 3.1803 1.9864 0.19277
22 0.05328 2.1708 -3.5245 2.2154 0.34308 1.3683
22.2 -0.26177 -0.79423 -2.9627 1.8181 0.3625 2.2391
22.4 -0.49724 -3.6777 -2.0394 -0.067272 0.94317 2.7242
22.6 -0.6081 -6.1143 -0.99972 -1.5031 2.0401 2.6862
22.8 -0.57842 -7.2947 -0.4086 -2.8928 2.6676 2.5737
23 -0.45433 -7.0129 0.030411 -3.663 2.4199 1.926
23.2 -0.30527 -5.2321 0.0063574 -4.8502 1.8119 1.2758
23.4 -0.12899 -2.701 -0.1024 -5.5249 1.6923 -0.04126
23.6 0.083604 -0.1938 -0.58899 -4.2423 1.9237 -0.82509
23.8 0.42447 1.795 -0.68353 -2.6099 0.62337 -0.64376
24 0.54343 3.3939 -1.0368 -0.44437 0.87433 -1.1643
24.2 0.55551 4.5556 -0.97753 -0.42462 0.73114 -1.6426
24.4 0.54902 5.5256 -1.5169 0.91537 2.9056 -2.4197
24.6 0.62461 6.3583 -1.8481 0.68383 3.8044 -2.4533
24.8 0.71369 7.1357 -2.174 0.44488 3.7194 -2.6034
25 0.69751 7.9116 -2.3479 1.5056 3.2866 -2.4838
25.2 0.76193 7.8704 -2.2643 2.8842 2.8074 -1.6867
25.4 0.63438 6.9018 -2.5375 3.9017 2.4602 -0.5864
25.6 0.49472 4.7899 -3.0676 2.3221 1.4774 1.1519
25.8 0.20659 2.4155 -3.4282 1.7598 -0.22418 1.8742
26 -0.0043708 0.078356 -3.5488 0.95421 0.33996 1.8847
26.2 -0.19047 -1.8354 -2.6751 1.3584 2.0148 1.1527
26.4 -0.25847 -2.7266 -2.1223 -0.65257 3.5993 0.58356
26.6 -0.17137 -2.1515 -1.6939 -1.6264 3.4521 0.30694
26.8 0.012347 -0.31651 -1.7257 -1.6549 1.4296 -0.59862
27 0.11598 1.9319 -1.8639 -1.6948 0.67028 -1.3891
27.2 0.25478 3.8379 -1.811 -0.95867 1.6678 -1.8543
27.4 0.32209 5.4586 -1.9886 -2.1086 2.532 -2.337
27.6 0.52449 6.8425 -2.148 -1.8439 1.093 -2.2427
27.8 0.67237 8.0317 -2.5843 -1.6936 0.57286 -2.4397
28 0.76296 8.9771 -2.729 -1.6993 1.0986 -2.3634
28.2 0.91416 9.6166 -3.0904 -0.59844 2.9887 -3.0922
28.4 0.89941 10.062 -3.2403 -0.36977 3.9773 -3.8274
28.6 0.79894 10.172 -3.3503 1.3961 3.3649 -3.7269
28.8 0.78517 9.5201 -3.6127 2.9837 1.1781 -2.6491
29 0.64152 7.8686 -3.8771 4.521 -0.3697 -1.5456
29.2 0.5823 5.4455 -4.2777 4.6221 -0.26573 -0.64942
29.4 0.19721 2.7219 -3.9996 2.6339 0.77107 0.20502
29.6 0.045328 0.27469 -3.6133 1.4757 0.94313 1.7129
29.8 -0.11118 -1.5076 -2.6496 0.096717 2.9698 2.1249
30 -0.07596 -1.9506 -2.2194 -0.17735 4.4302 1.5973
30.2 -0.12068 -1.0285 -2.0199 -3.5148 5.242 -0.36832
30.4 0.016018 0.95988 -2.3734 -3.8466 2.8241 -1.4751
30.6 0.15613 3.3398 -2.3618 -4.6107 1.2133 -2.7677
30.8 0.46304 5.4234 -2.3624 -2.0645 1.1007 -2.8445
31 0.60095 6.9574 -2.4594 -1.3873 1.1155 -3.0765
31.2 0.57658 8.0952 -2.6192 -1.593 1.08 -3.4233
31.4 0.50188 8.8116 -2.8435 -1.8007 0.64855 -3.9095
31.6 0.56096 9.3313 -2.8982 0.058827 0.44272 -3.4456
31.8 0.7266 9.4751 -3.4479 3.6542 -0.35475 -1.8964
32 0.79556 8.7163 -3.806 7.2995 -0.90197 -0.59431
32.2 0.63727 7.0233 -4.1118 7.5958 -1.6626 -0.31543
32.4 0.39912 4.3503 -4.291 6.0978 0.25672 -0.16089
32.6 0.099076 1.3826 -3.9023 3.7494 1.2966 0.61863
32.8 -0.0071737 -1.5098 -3.3522 1.8834 3.1133 2.0799
33 -0.24023 -4.0087 -2.3333 0.44309 2.3007 3.3164
33.2 -0.38992 -5.2447 -1.4872 -1.4377 2.7667 3.5156
33.4 -0.35802 -4.7521 -0.93741 -2.6848 2.2064 2.6242
33.6 -0.16726 -2.6917 -0.97096 -3.4616 2.1909 1.0532
33.8 0.13839 -0.11152 -1.375 -3.6975 0.52658 0.16559
34 0.19492 2.3255 -1.9861 -3.6782 0.54796 -1.2661
34.2 0.342 4.3363 -2.0719 -3.3238 0.55885 -1.8579
34.4 0.41972 5.9531 -2.2818 -2.6948 0.93396 -2.6456
34.6 0.63378 7.0922 -2.1839 -1.2674 0.78929 -2.5719
34.8 0.70041 8.0057 -2.5211 0.54089 -0.016791 -2.6208
35 0.71782 8.669 -2.5026 1.8998 0.76088 -2.8757
35.2 0.64617 8.457 -2.5082 2.3476 1.2326 -2.412
35.4 0.68299 7.1496 -2.6328 2.2507 2.6752 -1.0021
35.6 0.57612 4.6776 -3.2958 3.2139 2.1882 0.75199
35.8 0.42883 1.8 -3.811 3.4109 2.2096 1.7453
36 0.10428 -1.2526 -3.6438 1.4543 2.1803 2.4922
36.2 -0.23533 -4.0418 -2.7782 -0.37058 4.1466 3.0776
36.4 -0.36935 -5.8092 -1.4282 -2.9101 4.9874 3.4643
36.6 -0.31165 -6.3514 -0.62758 -4.2839 6.0751 2.553
36.8 -0.18895 -5.1463 -0.36289 -6.0526 4.0962 0.92661
37 -0.12779 -2.8446 -0.7735 -6.5291 3.4301 -0.91705
37.2 -0.04795 -0.14128 -0.99185 -5.4321 1.8225 -2.1587
37.4 0.28114 2.218 -1.2636 -2.1009 2.0108 -2.1944
37.6 0.4501 3.9719 -1.2451 -0.8223 3.3175 -2.6637
37.8 0.60127 5.3175 -1.301 0.13707 4.2885 -2.8568
38 0.55734 6.3463 -1.6462 -0.81712 5.1758 -3.3295
38.2 0.6771 7.1886 -2.0899 -0.36696 4.8598 -3.3228
38.4 0.68405 7.8571 -2.7349 0.79456 3.5435 -3.0447
38.6 0.58016 7.6254 -3.0037 1.0095 3.5922 -2.3474
38.8 0.37522 6.2748 -3.1925 1.7836 3.668 -0.88949
39 0.32297 3.5968 -3.4727 2.453 3.9061 0.87046
39.2 0.23637 0.60865 -3.2829 3.2743 3.1949 2.2873
39.4 0.0031715 -2.5371 -2.9691 3.1134 2.7816 3.6497
39.6 -0.35144 -5.326 -1.9166 2.7278 3.6483 3.8075
39.8 -0.66418 -7.1418 -1.1285 0.5306 2.9435 3.3577
40 -0.62003 -7.0412 -0.62581 -2.1112 2.2193 2.38
40.2 -0.41771 -5.2415 -0.37462 -4.1575 1.622 0.98229
40.4 -0.085508 -2.6374 -0.32426 -4.2883 2.3747 -0.14742
40.6 0.083003 -0.041228 -0.50099 -3.8579 2.6406 -0.93745
40.8 0.25327 2.1535 -0.91917 -2.807 3.1639 -1.3863
41 0.37401 3.8885 -1.1556 -2.0984 3.1899 -2.0035
41.2 0.4359 5.2524 -1.1927 -1.2223 4.6063 -2.6017
41.4 0.46059 6.2843 -1.1686 -0.020349 4.2634 -2.5343
41.6 0.54163 7.2249 -1.5485 -0.077773 5.0149 -2.4974
41.8 0.59683 7.6629 -2.0357 2.7219 2.4633 -1.7611
42 0.68634 7.0706 -2.7106 4.5912 1.7165 -0.84543
42.2 0.47591 4.927 -3.0151 6.5034 -0.1016 0.4468
42.4 0.24973 1.7309 -3.0422 4.9117 1.359 1.2239
42.6 -0.060882 -1.3371 -2.5915 2.1742 1.9093 2.4712
42.8 -0.36383 -3.9663 -1.9694 1.6453 2.3111 3.5919
43 -0.49972 -5.7466 -1.2633 -0.40839 2.7478 3.7406
43.2 -0.59651 -6.2504 -0.66604 -0.85389 2.9647 3.155
43.4 -0.36754 -5.1335 -0.42531 -3.8564 3.22 1.167
43.6 -0.20218 -2.8033 -0.35179 -4.3969 2.1915 0.37305
43.8 0.023218 -0.33287 -0.68728 -2.573 0.57985 -0.46875
44 0.18577 1.8927 -0.85866 -0.14552 0.052638 -0.56002
44.2 0.39362 3.585 -0.9399 0.94438 -0.38436 -1.0525
44.4 0.50794 4.7793 -1.0684 1.1614 0.89877 -1.639
44.6 0.57722 5.7582 -1.3902 -0.36552 0.95224 -2.3559
44.8 0.71933 6.6405 -1.8183 -1.0496 0.85799 -2.4837
45 0.79678 7.1976 -2.0723 -1.3175 0.6345 -2.0539
45.2 0.87175 6.9996 -2.4718 -0.10965 0.83458 -0.93652
45.4 0.77729 5.5652 -3.0553 2.4215 1.0138 -0.14543
45.6 0.58528 3.0472 -3.2342 2.2892 2.3556 0.11883
45.8 0.27277 0.15895 -2.9026 2.5157 3.369 0.80397
46 -0.10673 -2.7966 -2.2408 0.39418 4.5884 1.5496
46.2 -0.35319 -5.3856 -1.4184 -0.93769 4.5246 2.5749
46.4 -0.52081 -7.367 -0.64103 -2.7549 3.2204 2.78
46.6 -0.54656 -7.6458 -0.085276 -4.4817 3.6643 2.085
46.8 -0.40928 -6.2296 -0.045991 -5.5074 3.1479 0.95978
47 -0.13276 -3.619 -0.51739 -5.1882 3.3261 -0.15025
47.2 0.14019 -0.78465 -0.72905 -3.063 2.7192 -0.64677
47.4 0.38753 1.4933 -0.96759 -1.014 1.8198 -0.68469
47.6 0.38823 3.2438 -0.99379 -0.87449 2.4561 -1.3692
47.8 0.47747 4.6811 -1.1249 -1.2104 3.0827 -1.8142
48 0.50754 5.9198 -1.4902 -1.8097 2.7526 -2.4508
48.2 0.74735 7.0526 -1.6676 -1.3065 2.0424 -2.3745
48.4 0.75054 7.6423 -1.9148 -0.27803 0.51676 -2.1607
48.6 0.66228 7.2047 -2.301 1.0614 1.8353 -2.0235
48.8 0.45479 5.2372 -2.9936 2.4271 2.1613 -0.79155
49 0.31706 2.3 -3.5838 2.6574 3.0491 0.68882
49.2 0.10481 -1.081 -3.1495 3.0433 3.8596 2.5336
49.4 -0.20198 -4.3267 -2.295 1.8566 4.6416 3.7513
49.6 -0.51544 -7.1546 -1.2928 -0.16635 5.7956 4.32
49.8 -0.68195 -8.3882 -0.86749 -3.4683 4.8797 4.033
50 -0.52874 -7.5864 -0.51323 -5.0242 4.5606 2.741
50.2 -0.3242 -5.3147 -0.35415 -4.8167 2.9369 1.5502
50.4 -0.092328 -2.5206 -0.028467 -3.6384 2.5806 0.238
50.6 0.082843 -0.073791 -0.13541 -2.7181 2.1609 -0.50398
50.8 0.28698 2.0203 -0.58942 -2.6884 1.9405 -1.5202
51 0.53986 3.6372 -1.0651 -2.6245 3.1679 -1.9812
51.2 0.58252 5.0121 -1.3833 -3.1149 2.9815 -2.9054
51.4 0.57156 6.3612 -1.2805 -2.2439 4.1717 -3.0351
51.6 0.52124 7.4228 -1.3307 -0.097271 4.484 -3.3803
51.8 0.62941 7.7136 -1.7476 3.6181 5.2853 -2.519
52 0.61374 6.5678 -2.6065 6.0847 4.9658 -1.2111
52.2 0.49397 4.0655 -3.3228 5.2794 3.4367 0.7528
52.4 0.1557 1.0745 -3.3834 2.7383 2.7797 1.8866
52.6 -0.2502 -2.2951 -2.7193 -0.44237 2.5206 2.8081
52.8 -0.49296 -5.1731 -1.6915 -1.15 4.7283 3.2381
53 -0.63525 -6.8226 -0.86949 -3.6296 4.265 3.1751
53.2 -0.49206 -6.8729 -0.40572 -4.4593 3.6874 2.2982
53.4 -0.30281 -5.2549 -0.11308 -5.1452 2.9889 1.0634
53.6 -0.023582 -2.9246 -0.25663 -3.1289 2.1796 0.54487
53.8 0.23671 -0.41191 -0.39886 -1.2878 2.7941 0.0052414
54 0.40467 1.8145 -0.7481 -0.48689 1.7453 -0.27283
54.2 0.50236 3.4759 -0.77961 0.24405 3.9495 -1.0617
54.4 0.65078 4.9071 -0.99262 0.10291 3.3625 -1.9213
54.6 0.66499 6.0934 -1.2508 -0.43925 3.67 -2.6192
54.8 0.70923 7.1312 -1.8887 -1.1435 1.8883 -2.9481
55 0.70559 7.8719 -2.3373 0.21288 2.5896 -2.3761
55.2 0.64208 7.3692 -2.719 3.2539 2.1761 -1.2973
55.4 0.47382 5.5603 -3.1524 5.3958 1.4825 -0.0052155
55.6 0.24708 2.4838 -3.271 4.8324 0.59901 1.2681
55.8 0.083692 -0.87404 -3.2209 2.6736 0.92112 1.9105
56 -0.093987 -4.0719 -2.3227 0.25322 2.7135 2.5931
56.2 -0.33587 -6.691 -1.2469 -1.8265 2.9721 3.6004
56.4 -0.61365 -7.5427 -0.44229 -3.3502 3.096 3.5643
56.6 -0.55839 -6.6871 -0.20165 -4.5783 2.0617 2.6717
56.8 -0.33058 -4.1052 -0.54203 -4.7325 1.3386 0.74599
57 0.050616 -1.3021 -0.75861 -3.7892 0.33379 -0.19152
57.2 0.20739 1.2041 -0.79279 -2.8231 1.3511 -1.0416
57.4 0.25046 2.8843 -0.82747 -1.6093 2.0786 -0.90389
57.6 0.30923 4.2549 -1.2635 -1.4142 2.8146 -1.4085
57.8 0.45285 5.3718 -1.715 -0.71968 2.2964 -1.5384
58 0.54849 6.4291 -2.0931 -0.55557 3.4987 -2.7352
58.2 0.61074 7.17 -2.2666 -0.58516 5.1897 -3.4081
58.4 0.54139 6.8669 -2.6597 1.4255 5.9796 -3.104
58.6 0.50753 5.2741 -3.1409 4.649 4.8648 -1.2799
58.8 0.33595 2.6291 -3.3953 6.6653 4.8537 0.50243
59 0.05201 -0.18186 -2.9987 4.7433 5.5661 1.7857
59.2 -0.24934 -2.4786 -2.0725 0.86143 6.3247 1.7925
59.4 -0.42606 -3.8369 -1.018 -1.959 5.417 2.2088
59.6 -0.32222 -3.8665 -0.71716 -2.6533 2.7779 1.5051
59.8 -0.18793 -2.7079 -0.543 -3.2278 1.3975 0.34367
60 -3.5647e-05 -0.82158 -0.82059 -3.5104 0.92106 -1.5354
60.2 0.14409 1.2232 -0.95742 -3.9467 1.3212 -2.1947
60.4 0.40898 2.9551 -1.2525 -3.2256 1.517 -2.2498
60.6 0.60985 4.4107 -1.4771 -2.2083 1.2496 -2.235
60.8 0.73909 5.5561 -1.4762 -2.2428 3.6635 -2.9855
61 0.71245 6.4605 -1.8369 -1.8734 2.9761 -3.3978
61.2 0.6775 7.2388 -2.2706 -1.6205 3.5277 -3.045
61.4 0.65235 7.0113 -3.0725 0.75767 1.5946 -1.986
61.6 0.51315 5.5199 -3.3848 1.29 2.5284 -0.77245
61.8 0.31762 2.4868 -3.4876 1.9098 3.3592 0.50666
62 0.030449 -1.1645 -3.0927 1.6859 4.0726 2.1065
62.2 -0.16212 -4.534 -2.2984 1.7751 3.3868 3.5768
62.4 -0.37018 -7.0696 -1.4542 -0.59847 2.8608 4.1644
62.6 -0.51857 -7.9428 -0.48154 -4.7719 1.951 3.2834
62.8 -0.66436 -6.7503 -0.16631 -7.7543 2.1957 1.6568
63 -0.4512 -4.3788 -0.13897 -7.145 1.7885 -0.037523
63.2 -0.13913 -1.7565 -0.32549 -4.9673 2.6014 -0.59311
63.4 0.26081 0.30813 -0.43913 -2.8807 4.5914 -0.96626
63.6 0.39103 2.0613 -0.72163 -0.63723 4.6838 -0.94777
63.8 0.51013 3.4001 -1.2687 -0.4076 3.4314 -1.1286
64 0.67853 4.5597 -1.7059 0.22237 0.73297 -1.4471
64.2 0.81126 5.6481 -1.8184 -0.17713 1.0089 -1.7023
64.4 0.80069 6.4578 -2.0067 0.51518 1.3748 -1.8979
64.6 0.63397 6.8178 -2.2725 1.4876 2.3457 -1.7986
64.8 0.61231 6.2081 -2.9015 3.6696 1.8812 -0.4803
65 0.5569 4.6114 -3.4582 5.9811 2.408 0.93648
65.2 0.35866 2.199 -3.6972 5.4573 2.1797 1.9866
65.4 -0.011458 -0.56241 -3.2682 3.7703 1.5891 2.6909
65.6 -0.33478 -3.166 -2.2143 0.31378 1.6326 2.6573
65.8 -0.45836 -4.7785 -1.4719 -0.97739 1.4952 2.7905
66 -0.4568 -4.7423 -1.0403 -3.0222 1.7012 2.1088
66.2 -0.36603 -3.2662 -1.1081 -4.0005 2.406 0.9382
66.4 -0.13305 -1.0015 -1.1702 -3.9423 2.7673 -0.251
66.6 0.20467 1.1286 -1.3287 -3.516 3.6477 -1.7219
66.8 0.49113 3.0218 -1.5018 -1.6293 2.7036 -2.1739
67 0.59849 4.42 -1.8614 -0.48725 2.0198 -1.9191
67.2 0.69263 5.5409 -2.0121 0.47647 1.777 -1.8453
67.4 0.72109 6.3657 -2.2425 0.20185 1.2695 -1.7405
67.6 0.80228 7.1888 -2.4224 0.3276 0.58643 -2.2167
67.8 0.79077 7.6917 -2.7183 0.87322 -0.32657 -1.933
68 0.85308 7.2762 -3.1206 2.9145 0.74338 -1.3438
68.2 0.74056 5.4603 -3.5354 4.3794 1.7547 -0.41666
68.4 0.47967 2.9037 -3.7937 4.1756 2.3541 0.58102
68.6 0.14456 0.49105 -3.6844 2.3081 1.6725 1.4719
68.8 -0.14799 -1.6751 -3.1569 1.0795 0.97553 2.1268
69 -0.28384 -3.1857 -2.4884 -0.0024391 1.2426 2.2886
69.2 -0.40036 -3.6844 -1.7998 -0.5832 1.663 1.7107
69.4 -0.32408 -2.6756 -1.3848 -2.6355 2.582 0.71997
69.6 0.018258 -0.68448 -1.459 -3.6297 3.3059 -0.40107
69.8 0.26338 1.5793 -1.6104 -3.6443 3.1753 -1.5799
70 0.50724 3.48 -1.6263 -2.1068 3.1779 -2.2703
70.2 0.4727 4.9419 -1.42 -0.77322 3.6274 -2.4422
70.4 0.69095 6.0819 -1.8134 -0.52533 2.7139 -2.1483
70.6 0.78409 7.0606 -2.2108 0.46038 1.9759 -1.7325
70.8 0.93309 7.5011 -2.715 1.5714 0.28295 -1.8033
71 0.69705 7.1024 -3.0164 1.8862 -0.082686 -1.3976
71.2 0.55482 5.4545 -3.3037 1.2341 0.33894 -0.77129
71.4 0.35274 2.9897 -3.5908 1.2076 1.3239 0.58914
71.6 0.29695 -0.039044 -3.2999 1.2668 3.0635 1.2783
71.8 0.065339 -3.2322 -2.8222 0.32055 3.3182 1.9341
72 -0.25156 -6.0854 -1.824 -1.1762 3.2896 2.2305
72.2 -0.47987 -7.9142 -1.1501 -2.7535 2.9199 2.7359
72.4 -0.52473 -8.0466 -0.25796 -3.9563 3.5813 3.0496
72.6 -0.29673 -6.4333 -0.17341 -4.5696 3.5764 2.4465
72.8 -0.059664 -3.9084 -0.21966 -4.4699 2.9018 1.6452
73 0.19502 -1.1856 -0.72738 -3.9176 2.4363 0.088165
73.2 0.39362 1.0316 -1.1097 -3.1667 1.7209 -0.52899
73.4 0.54333 2.8042 -1.3257 -1.6572 1.5066 -1.3138
73.6 0.71923 4.1437 -1.5023 -2.1149 2.5285 -1.3013
73.8 0.78948 5.1208 -1.5062 -1.9077 3.3246 -1.856
74 0.80135 6.092 -1.7001 -1.8112 2.6408 -1.8753
74.2 0.78025 6.9213 -1.9946 -1.3025 2.0216 -2.5598
74.4 0.72064 7.4965 -2.3524 -1.148 2.0487 -2.7204
74.6 0.58259 7.2385 -2.985 -1.1669 2.3747 -1.757
74.8 0.48028 5.8081 -3.4139 1.3417 1.3656 -0.49632
75 0.23043 3.6116 -3.8407 3.3002 0.1625 1.1053
75.2 0.050518 1.1116 -3.7088 3.3555 0.5307 1.8257
75.4 -0.21024 -1.2749 -3.0462 2.3406 1.0329 2.6776
75.6 -0.26976 -3.4806 -2.1728 0.81613 2.368 3.1538
75.8 -0.15617 -4.6061 -1.3435 -0.35694 3.5757 2.912
76 -0.076981 -4.3593 -0.99168 -1.8221 3.9508 2.1255
76.2 0.032335 -2.669 -1.2273 -3.1928 2.7909 1.2491
76.4 0.15262 -0.43835 -1.413 -3.1036 1.3856 0.65811
76.6 0.41733 1.6605 -1.8007 -2.4484 1.5181 -0.32203
76.8 0.56236 3.3272 -2.0182 -1.6273 1.5992 -1.1864
77 0.72645 4.5811 -2.06 -1.0681 2.8105 -2.1367
77.2 0.73315 5.6494 -2.2372 -0.81589 1.9572 -2.4393
77.4 0.90604 6.5713 -2.4107 -1.0745 1.7307 -2.7964
77.6 0.92076 7.2876 -2.8561 -1.2376 0.053702 -2.5981
77.8 0.9616 7.7397 -2.9773 -1.2416 0.72331 -2.7212
78 0.75849 7.4013 -3.272 0.57964 1.055 -2.0183
78.2 0.59605 6.2419 -3.5588 3.039 0.94625 -1.2061
78.4 0.48113 4.1393 -4.0066 4.0161 1.7735 -0.091689
78.6 0.33055 1.6431 -3.8019 3.504 2.2879 0.58809
78.8 0.080737 -0.81471 -3.4137 1.1769 2.8254 0.79306
79 -0.26746 -3.1047 -2.85 -0.25259 2.2081 1.3958
79.2 -0.49019 -4.3165 -2.1947 -2.0986 2.055 1.962
79.4 -0.38872 -4.1072 -1.4839 -3.6294 2.7788 1.8892
79.6 -0.2344 -2.3852 -0.93076 -4.7566 2.0145 1.0056
79.8 0.087877 -0.30986 -0.93472 -4.4703 2.0504 0.010706
80 0.33098 1.6418 -0.9951 -3.2566 2.0348 -0.77531
80.2 0.56104 3.2901 -1.1549 -2.4403 2.9427 -1.2302
80.4 0.68144 4.6354 -1.494 -1.2867 2.4219 -1.2055
80.6 0.79844 5.5585 -1.8799 -0.58523 2.3059 -1.0405
80.8 0.91009 6.2554 -2.461 -0.2948 1.6811 -1.0781
81 0.95278 6.8708 -2.6774 -1.1879 1.1739 -1.9484
81.2 0.94441 7.5503 -3.0349 -1.5961 0.17482 -2.2403
81.4 0.88453 8.2307 -3.349 -1.1623 0.65989 -2.4017
81.6 0.83698 8.0642 -3.7239 0.0096641 1.9808 -2.2323
81.8 0.73168 6.7391 -4.0658 0.69999 3.8228 -2.3573
82 0.53207 4.4748 -4.2878 2.44 2.8982 -1.3514
82.2 0.23339 1.8455 -4.0515 3.2494 2.1092 0.6557
82.4 -0.037799 -0.61271 -3.4355 3.5551 0.36165 2.3023
82.6 -0.25965 -3.1561 -2.6611 1.8034 1.6057 3.1909
82.8 -0.35475 -4.931 -2.0921 -0.32831 0.39214 2.9064
83 -0.46939 -5.3771 -1.5008 -3.6576 1.4 1.7401
83.2 -0.41097 -4.0435 -1.4204 -5.186 1.0785 0.33461
83.4 -0.12946 -1.6155 -1.2793 -5.9264 2.642 -0.97699
83.6 0.17803 0.85139 -1.3969 -4.2703 1.8153 -1.6516
83.8 0.48576 2.8478 -1.4309 -3.5724 2.1937 -1.9001
84 0.6583 4.3076 -1.6157 -2.558 2.0319 -2.4181
84.2 0.69323 5.3883 -1.916 -1.225 1.3225 -2.2472
84.4 0.72495 6.3654 -2.3293 -0.26467 0.74723 -2.4015
84.6 0.75 7.2195 -2.6892 0.7348 0.94612 -2.2024
84.8 0.87029 8.0119 -2.9088 -0.30925 3.59 -2.9082
85 0.84927 8.6218 -2.8807 0.06344 3.9289 -3.2147
85.2 0.8469 8.8022 -3.024 1.6681 2.6063 -2.7525
85.4 0.79406 8.1076 -3.3465 4.4281 0.43143 -1.3729
85.6 0.70651 6.4445 -3.73 5.8702 0.33941 -0.39608
85.8 0.44072 4.1174 -3.7182 5.0203 0.82991 0.65393
86 0.19487 1.7536 -3.5998 3.2521 2.4752 0.95435
86.2 0.0065302 -0.28018 -3.1257 1.5341 3.5023 1.435
86.4 -0.05044 -1.619 -2.8057 -0.067845 4.8798 0.94103
86.6 0.020123 -1.8872 -2.0289 -1.5872 5.128 0.9114
86.8 0.0085819 -0.98603 -1.8514 -2.6488 3.1529 -0.12722
87 0.21786 0.68235 -1.9769 -2.5104 2.1336 -1.1538
87.2 0.33032 2.5094 -2.6682 -2.8968 1.5143 -1.8614
87.4 0.66925 4.1057 -3.0212 -1.8213 1.3534 -1.9601
87.6 0.71607 5.4157 -3.3113 -1.3049 1.7079 -1.5645
87.8 0.92101 6.4899 -3.37 -0.61363 1.2936 -1.75
88 0.94401 7.3563 -3.1691 -1.078 3.2434 -2.2022
88.2 0.95094 8.0751 -3.0834 -0.7227 2.1286 -2.0752
88.4 0.96968 8.3544 -3.0154 1.3831 1.7288 -1.4352
88.6 0.90563 7.6242 -3.5648 3.1164 0.87498 -0.42188
88.8 0.79269 5.74 -3.827 3.8119 2.0049 0.39406
89 0.57969 3.1724 -3.9649 2.2254 3.064 0.77976
89.2 0.28072 0.71598 -3.5308 2.0988 3.4792 1.6939
89.4 0.069816 -1.5115 -2.8297 0.56093 3.8686 1.7377
89.6 -0.13958 -3.3261 -2.284 -0.15399 3.4998 2.2108
89.8 -0.19657 -4.2064 -1.8072 -1.673 2.8091 2.2725
90 -0.13603 -3.9595 -1.6182 -1.8921 0.4677 2.264
90.2 -0.10193 -2.3061 -1.5332 -1.9518 0.76212 1.1152
90.4 0.08924 -0.089428 -1.872 -2.505 1.4096 -0.35829
90.6 0.27396 2.049 -1.9389 -2.5554 2.3745 -0.73281
90.8 0.51576 3.6091 -2.1379 -1.887 1.8923 -1.1114
91 0.68936 4.7344 -2.192 -1.1296 1.059 -1.2161
91.2 0.82958 5.7234 -2.623 -1.0831 0.58601 -2.0721
91.4 0.98561 6.6565 -2.916 -1.5788 0.59754 -2.573
91.6 1.0335 7.5321 -3.2608 -1.5266 0.07381 -2.6798
91.8 1.0352 8.2704 -3.5023 -0.5736 0.1719 -2.5723
92 0.92928 8.2695 -3.783 1.2626 -0.45162 -1.8049
92.2 0.83735 7.2969 -4.221 3.7833 -0.082381 -1.3975
92.4 0.7207 5.2396 -4.4903 5.8686 0.87852 -0.2838
92.6 0.48566 2.5707 -4.5085 5.9996 1.5828 0.45142
92.8 0.25485 -0.20535 -3.9824 4.2616 2.6833 1.22
93 -0.10948 -2.8006 -3.3586 1.0249 2.4745 1.857
93.2 -0.19509 -4.7068 -2.4057 -0.81841 3.7505 2.4444
93.4 -0.24297 -5.2327 -1.7828 -1.8546 3.1955 2.0894
93.6 -0.090412 -4.2097 -1.2746 -1.2544 2.9046 0.8476
93.8 0.060255 -2.0233 -1.3692 -1.2147 1.6094 -0.4854
94 0.22752 0.33464 -1.3284 -0.83322 0.86951 -0.54955
94.2 0.51048 2.4917 -1.5506 -1.9915 0.70204 -1.2685
94.4 0.62233 4.1828 -1.6044 -2.2543 2.1999 -1.7336
94.6 0.77399 5.5099 -1.9998 -2.7602 3.1711 -2.6493
94.8 0.72846 6.536 -2.1591 -2.0017 4.8036 -2.9404
95 0.85117 7.4513 -2.4377 -0.26765 3.5577 -2.4161
95.2 0.94896 8.338 -2.6742 1.1418 1.9055 -2.4732
95.4 1.0338 9.0447 -2.8601 1.3039 0.054812 -2.2488
95.6 0.95785 8.9758 -3.1235 1.8222 -0.77587 -1.7227
95.8 0.72554 7.6399 -3.3806 1.8595 0.9118 -1.3398
96 0.57037 5.3381 -3.9309 2.2764 1.9044 0.22407
96.2 0.42147 2.4516 -4.2546 1.7944 1.4688 1.45
96.4 0.15771 -0.44016 -3.8766 1.6789 0.1791 2.7869
96.6 -0.086103 -3.2143 -3.1488 1.6351 0.99122 3.1926
96.8 -0.29211 -5.5349 -2.2749 -1.0038 2.7235 2.7407
97 -0.26193 -6.5 -1.5339 -3.3011 4.6616 2.513
97.2 -0.10695 -5.803 -1.1391 -4.2282 5.0371 1.9006
97.4 -0.0072866 -3.5801 -0.74221 -3.3029 4.707 1.4644
97.6 0.15277 -0.99514 -0.7956 -2.4982 4.8462 0.64803
97.8 0.37783 1.3647 -1.0794 -1.3549 4.5215 -0.058433
98 0.45873 3.3786 -1.4618 -0.46051 4.1366 -1.5739
98.2 0.54428 5.0113 -2.024 -0.30178 1.7165 -2.5687
98.4 0.56353 6.3188 -2.1859 -0.6242 0.63419 -3.1609
98.6 0.72697 7.3419 -2.3523 -0.44454 0.25353 -2.8193
98.8 0.90566 8.2868 -2.2794 -0.59045 0.9909 -2.7725
99 0.91836 8.7855 -2.639 0.85904 1.8377 -2.3522
99.2 0.92492 8.4376 -3.151 2.0076 0.44154 -1.5639
99.4 0.74556 6.7806 -3.6583 3.5029 1.1568 -0.8929
99.6 0.63134 4.1123 -4.0734 3.9085 1.6953 0.35091
99.8 0.41244 1.2369 -3.9149 2.7083 4.219 0.78421
100 0.15166 -1.4945 -3.1694 2.3421 3.9742 1.8563
100.2 -0.19969 -3.674 -2.3766 -0.45861 3.1248 1.7671
100.4 -0.37953 -5.0271 -1.7902 -2.782 1.7231 1.2974
100.6 -0.31218 -4.6911 -1.5558 -5.7199 2.666 0.7302
100.8 -0.12562 -2.972 -1.1657 -5.9009 3.4345 -0.043651
101 0.039686 -0.59822 -1.0551 -5.2831 3.6243 -0.56947
101.2 0.18729 1.7055 -1.2143 -4.1568 2.7629 -1.6901
101.4 0.37576 3.6287 -1.6433 -3.5482 1.3789 -1.8175
101.6 0.72475 5.1438 -1.925 -3.092 1.0353 -2.7831
101.8 0.8106 6.3245 -1.8607 -2.2445 1.4601 -2.8968
102 0.88945 7.3423 -2.1934 -0.85569 1.854 -3.6408
102.2 0.72259 8.1431 -2.2289 0.15503 1.3886 -3.0472
102.4 0.70007 8.3503 -2.7235 1.2681 0.89653 -2.4989
102.6 0.70401 7.5134 -2.8497 2.0675 0.99007 -1.8137
102.8 0.52242 5.5005 -3.261 2.5906 1.5984 -0.63293
103 0.36446 2.8419 -3.5527 2.5916 2.1186 0.77885
103.2 0.16341 0.080816 -3.4477 2.8793 2.7004 2.1227
103.4 0.12918 -2.1556 -3.1763 2.0148 3.3318 2.5759
103.6 0.047042 -3.6374 -2.7392 -0.33683 3.5736 2.0624
103.8 -0.0063092 -3.9171 -2.1796 -2.8899 4.0713 1.598
104 -0.023472 -2.9254 -1.8345 -3.9248 3.8032 0.42068
104.2 0.11693 -0.96832 -1.8099 -3.5844 4.0638 -0.70682
104.4 0.32775 1.3794 -2.0876 -3.8514 2.859 -1.8765
104.6 0.51612 3.3114 -2.2308 -2.6189 2.575 -2.2215
104.8 0.65006 4.8513 -2.4975 -2.548 0.94287 -2.4632
105 0.68969 5.9964 -2.2537 -1.5976 2.0737 -2.6067
105.2 0.72178 6.9154 -2.3022 -1.7666 2.2153 -3.1101
105.4 0.78262 7.8383 -2.3247 -1.1845 2.5693 -3.0562
105.6 0.88381 8.5486 -2.8735 -0.7349 2.3511 -3.0658
105.8 0.94038 9.1665 -3.0826 0.24379 1.4169 -3.0136
106 0.90639 9.2518 -3.1013 -0.39226 1.9788 -2.7299
106.2 0.85946 8.6974 -3.371 0.56908 1.4072 -2.0064
106.4 0.70501 7.116 -3.8164 0.57631 1.4144 -1.1175
106.6 0.55937 4.7467 -4.0467 1.4356 1.8179 -0.18583
106.8 0.32236 2.1685 -3.6094 0.80265 2.8873 0.054605
107 0.05383 0.079767 -3.0608 0.024536 3.4379 0.42656
107.2 -0.070363 -0.90221 -2.4739 -1.2235 4.1536 -0.14956
107.4 -0.0431 -0.57594 -2.4325 -1.7664 3.7685 -0.73708
107.6 0.21699 0.99995 -2.1784 -3.2328 2.9076 -1.3386
107.8 0.30433 3.0653 -2.4848 -3.3091 1.3727 -2.0483
108 0.42734 5.1118 -2.7153 -0.78849 -1.8666 -1.3018
108.2 0.58052 6.6477 -2.9394 0.62 -1.9638 -1.6933
108.4 0.74849 7.8428 -2.8581 0.38991 -0.68035 -2.2272
108.6 0.85164 8.6269 -2.7765 -0.81227 1.5326 -3.1711
108.8 0.92602 9.1759 -2.9178 -1.2182 3.9374 -3.391
109 1.1767 9.5931 -2.9717 -0.28202 4.6102 -3.0193
109.2 1.224 9.8731 -3.1049 -1.0537 5.4082 -3.3539
109.4 1.1271 9.4755 -3.1816 -1.2551 5.3137 -2.7079
109.6 0.86366 8.171 -3.7191 -1.5254 4.5688 -2.2944
109.8 0.54415 5.6809 -4.2259 -0.50522 3.865 -1.4096
110 0.37774 2.7705 -4.6692 0.2773 1.6294 -0.48834
110.2 0.16868 -0.409 -4.3041 1.4563 0.8705 1.1255
110.4 0.031371 -3.4081 -3.4255 0.90277 0.49225 2.8153
110.6 -0.23054 -5.6921 -2.5379 -0.96595 1.5513 2.8396
110.8 -0.32142 -6.4292 -1.8208 -3.978 2.8116 1.8693
111 -0.2299 -5.4564 -1.4651 -5.1982 3.2991 0.73953
111.2 0.048915 -3.4169 -1.0917 -5.5465 3.6519 -0.1107
111.4 0.30342 -0.99793 -1.1763 -4.1616 3.3869 -0.46416
111.6 0.49512 1.2979 -1.251 -4.1519 4.7028 -1.7963
111.8 0.63153 3.2818 -1.5465 -2.987 4.1932 -2.3176
112 0.75528 4.8562 -1.7617 -2.6623 2.9814 -2.922
112.2 1.0115 6.1215 -2.0114 -0.3659 1.8868 -2.4151
112.4 0.94453 7.0603 -2.3413 0.34041 2.1495 -2.7451
112.6 0.97382 7.8033 -2.3343 1.724 2.3365 -3.0176
112.8 0.75975 7.7873 -2.648 2.0834 1.6344 -2.4202
113 0.7965 6.3194 -3.0173 3.77 1.6931 -1.6928
113.2 0.58696 3.8344 -3.758 5.3828 2.5801 -0.62742
113.4 0.34984 0.70364 -3.987 4.3153 2.6901 0.021842
113.6 0.030193 -2.2061 -3.4737 1.6157 2.927 0.93837
113.8 -0.17255 -4.7793 -2.6338 -1.1439 2.1194 1.8368
114 -0.16673 -6.4466 -1.6546 -1.3219 2.8254 2.2868
114.2 -0.04796 -6.508 -0.9956 -1.9707 2.0584 1.8326
114.4 0.23505 -4.6867 -0.87764 -2.9732 2.0304 1.1156
114.6 0.42914 -1.8248 -0.85922 -3.7146 1.8618 -0.57384
114.8 0.61665 0.96934 -1.1572 -3.547 2.2117 -1.5439
115 0.67272 3.0414 -1.1209 -2.9559 2.8926 -1.8074
115.2 0.81189 4.6866 -1.3456 -2.6156 1.6525 -1.8039
115.4 0.99107 6.0078 -1.6667 -0.55519 1.8642 -1.5101
115.6 1.0977 7.0914 -2.1547 1.2281 -0.90299 -2.0751
115.8 1.0747 7.9722 -2.4836 0.97979 -0.10897 -2.6452
116 0.91756 8.1289 -2.7243 2.7673 -1.0579 -1.6901
116.2 0.74102 7.0465 -2.898 2.8393 0.44639 -0.53365
116.4 0.53303 4.5386 -3.3972 4.4013 -0.69359 1.8388
116.6 0.20891 1.2955 -3.6139 1.552 -0.031123 2.5297
116.8 -0.11583 -1.9621 -3.1932 1.0225 1.1017 3.2714
117 -0.45824 -4.9609 -2.2807 0.040388 2.9106 3.5828
117.2 -0.54334 -6.8349 -1.2032 -2.257 2.9361 3.2434
117.4 -0.41817 -7.0834 -0.61504 -4.7899 2.7669 2.3451
117.6 -0.20545 -5.645 -0.22032 -7.3073 3.1157 0.49361
117.8 0.012185 -2.9963 -0.10717 -6.3974 3.9049 -0.62983
118 0.23459 -0.3454 -0.39573 -4.033 4.4106 -1.4916
118.2 0.48109 1.8828 -0.66041 -2.5911 5.518 -1.4911
118.4 0.69397 3.5386 -0.97168 -0.92411 4.8754 -1.5643
118.6 0.75459 4.8821 -1.0805 -0.21805 3.6443 -1.7149
118.8 0.79465 6.0224 -1.066 0.11889 2.8832 -2.5403
119 0.71932 6.8647 -1.2296 0.54293 2.5438 -2.9919
119.2 0.79797 7.4129 -1.4952 -0.59203 3.2564 -3.292
119.4 0.80665 7.0454 -2.2247 1.937 1.5739 -1.8355
119.6 0.79184 5.6775 -2.5747 4.4975 1.1102 -0.43032
119.8 0.72674 3.3219 -2.9712 6.4196 1.743 0.71547
120 0.28881 0.50821 -2.5591 5.473 2.4399 1.6426
120.2 0.017443 -2.4562 -1.9862 2.2538 2.9509 1.8592
120.4 -0.39113 -5.2429 -1.235 0.059978 2.8497 3.1959
120.6 -0.44884 -7.1892 -0.4993 -2.4983 1.7305 3.0344
120.8 -0.33848 -7.863 0.1287 -3.1317 1.2669 3.2594
121 -0.087252 -6.7245 0.65498 -5.4891 1.0978 1.7208
121.2 0.09357 -4.4617 0.80332 -5.4507 1.8465 0.71739
121.4 0.23157 -1.7781 0.66917 -4.5138 2.4927 -0.72239
121.6 0.40699 0.71295 0.50475 -2.9153 1.6738 -1.2665
121.8 0.59568 2.628 0.059969 -2.4435 1.7469 -1.6621
122 0.70603 4.1404 -0.38498 -2.7036 1.2624 -1.7552
122.2 0.66958 5.2672 -0.66384 -1.9101 1.4324 -2.0783
122.4 0.7475 6.1389 -0.76014 -0.55678 2.431 -2.4403
122.6 0.8361 6.909 -1.0222 0.98277 2.6312 -2.0514
122.8 0.86564 6.7976 -1.475 2.6066 2.4513 -1.7139
123 0.71989 5.6386 -2.0232 3.8997 0.92828 -0.39714
123.2 0.3926 3.0156 -2.02 3.9471 0.49527 0.42857
123.4 0.092415 -0.030816 -1.8483 2.8675 1.1434 1.5187
123.6 -0.0050886 -2.9487 -1.2453 1.3404 1.7566 2.4128
123.8 -0.17953 -5.5342 -0.51323 -0.051413 2.3349 3.1976
124 -0.27214 -7.1162 0.33479 -1.2688 1.8175 3.41
124.2 -0.30074 -7.2712 0.95304 -2.1996 2.4165 2.4138
124.4 -0.13177 -5.6979 1.0136 -3.7391 2.3939 0.50947
124.6 0.10304 -3.1821 0.69647 -3.9326 2.3494 -0.52098
124.8 0.28026 -0.64522 0.42548 -3.9357 2.3581 -1.1809
125 0.37544 1.4965 0.33793 -3.4318 1.9849 -1.3537
125.2 0.51932 3.2153 0.3053 -2.2548 2.5338 -1.7918
125.4 0.50585 4.5268 0.21337 -2.0576 1.4315 -2.0401
125.6 0.67072 5.7329 -0.037519 -0.81263 1.0081 -2.0143
125.8 0.70673 6.6163 -0.10717 0.79829 0.40435 -2.1002
126 0.75521 6.5483 -0.41718 1.244 0.71753 -1.4339
126.2 0.65065 5.4493 -0.81719 2.1074 1.3639 -0.28785
126.4 0.50529 3.0172 -1.1219 1.54 2.478 0.47613
126.6 0.2581 0.30824 -1.0952 2.1656 3.6435 1.4526
126.8 -0.055223 -2.6281 -0.4532 2.3861 3.0728 2.1506
127 -0.34104 -5.1941 0.426 1.0165 2.5533 3.5407
127.2 -0.47817 -7.2386 1.1657 -0.61612 2.1987 3.6892
127.4 -0.37657 -8.0698 1.5427 -3.1455 3.6187 3.0083
127.6 -0.22205 -7.1478 1.6848 -4.3405 3.5421 1.4667
127.8 0.089978 -5.0717 1.6458 -4.9252 3.9821 0.21627
128 0.27386 -2.3786 1.3234 -4.051 2.4894 -0.87584
128.2 0.43658 0.16959 1.0865 -2.9514 2.0335 -1.4491
128.4 0.51461 2.1615 0.69255 -2.6981 1.0239 -1.5162
128.6 0.62675 3.5219 0.56577 -1.3452 1.056 -1.6439
128.8 0.75512 4.6451 0.22011 -0.47298 0.45555 -1.6279
129 0.82596 5.6238 0.099465 1.2014 -0.95457 -1.9775
129.2 0.912 6.1708 -0.22407 1.7876 -2.3144 -1.1579
129.4 0.80762 5.7323 -0.46687 2.3918 -2.2943 -0.96882
129.6 0.70626 4.4376 -0.81523 3.1192 -1.7695 0.25607
129.8 0.54008 2.635 -1.1498 2.7254 0.4384 0.56452
130 0.36563 0.54316 -1.0739 1.7122 2.2656 1.5374
130.2 0.11086 -1.7616 -0.8174 1.3822 4.9519 1.6234
130.4 -0.20942 -4.1512 -0.25562 0.64896 5.3484 2.3713
130.6 -0.33217 -6.438 0.36048 -0.093244 4.5362 2.7947
130.8 -0.34923 -7.8078 1.2635 -3.0128 3.8902 2.7785
131 -0.18834 -8.0417 1.8147 -3.748 2.9833 2.6863
131.2 -0.027307 -6.7491 2.0233 -4.9392 2.5006 2.0834
131.4 0.15481 -4.4413 1.8371 -4.1958 1.9524 1.1301
131.6 0.25521 -1.9525 1.6867 -3.4697 1.5073 0.13016
131.8 0.42869 0.4883 1.3186 -2.8411 1.3204 -0.94331
132 0.58512 2.2988 1.211 -2.3968 2.0832 -1.5202
132.2 0.70475 3.7264 1.0083 -2.2008 2.2789 -1.6161
132.4 0.68623 4.8721 0.83388 -0.76292 1.9195 -1.3866
132.6 0.74501 5.8684 0.365 1.3488 -0.10474 -0.81898
132.8 0.85769 5.7717 -0.3024 2.3328 -0.54774 -0.22082
133 0.79838 4.08 -0.7902 3.3223 0.79936 1.2339
133.2 0.50677 1.0619 -0.88927 2.4177 2.1332 2.1685
133.4 0.13369 -2.0652 -0.67629 1.5245 3.2379 2.7179
133.6 -0.19511 -5.0475 -0.085428 0.11369 2.5793 2.9555
133.8 -0.43194 -7.5872 0.70587 -0.0144 2.5382 3.6071
134 -0.54073 -8.9005 1.7271 -1.9248 3.0675 3.6182
134.2 -0.58803 -8.8041 2.2787 -3.0497 3.3831 2.9587
134.4 -0.42831 -6.9872 2.3101 -5.0352 3.1338 1.6144
134.6 -0.20131 -4.4104 2.114 -4.3756 2.283 0.90583
134.8 0.057559 -1.702 1.8073 -4.2504 2.484 -0.34067
135 0.22937 0.49968 1.5007 -3.5144 3.7179 -0.65856
135.2 0.39742 2.1354 1.0883 -1.5528 3.0071 -1.0302
135.4 0.58993 3.516 0.90002 -0.89589 2.2618 -1.5456
135.6 0.70575 4.6246 0.71901 -0.32386 0.31122 -2.1382
135.8 0.78151 5.5709 0.54569 -1.1399 1.9151 -3.2195
136 0.72259 5.9164 0.055177 -0.20557 2.2071 -2.6551
136.2 0.73756 5.1131 -0.63417 1.1432 2.1356 -1.3213
136.4 0.58423 3.1215 -1.1704 2.6184 -0.17553 0.69457
136.6 0.43789 0.15366 -1.2245 2.9307 -0.090383 2.3091
136.8 0.15374 -2.8854 -0.67531 2.3357 1.1493 2.9054
137 -0.10368 -5.6111 0.0032418 1.0415 2.9354 2.909
137.2 -0.30673 -7.1799 0.81322 -1.373 2.8405 2.8087
137.4 -0.24927 -7.4471 1.5052 -2.4468 1.4507 2.9925
137.6 -0.057426 -6.1835 2.0308 -4.5482 0.9023 1.9393
137.8 0.081783 -4.1957 2.1127 -3.8898 1.5264 1.1226
138 0.15378 -2.3149 1.7001 -4.0857 2.1156 0.67283
138.2 0.26909 -1.9776 1.2653 -0.95484 2.4278 1.962
138.4 0.57601 -3.667 0.84169 0.026645 2.3005 2.7218
138.6 0.74745 -5.3648 0.71989 -1.005 2.7215 3.0483
138.8 0.64306 -6.027 0.69606 -3.5393 2.6627 2.6204
139 0.44172 -5.0672 0.98728 -5.1976 2.529 2.8606
139.2 0.31774 -3.8 1.1592 -3.8033 2.0901 2.4156
139.4 0.38753 -2.1868 1.2738 -4.1066 2.2298 1.9187
139.6 0.53845 -0.41185 0.82173 -3.3125 1.8691 0.70334
139.8 0.62508 1.5307 0.40969 -2.5176 1.7326 -0.1699
140 0.70315 3.1258 -0.25882 -0.12901 1.0717 -0.81481
140.2 0.74811 4.2538 -0.50993 -0.041059 0.55783 -1.1784
140.4 0.75151 5.0973 -0.4248 -1.3367 1.0131 -1.8943
140.6 0.92565 5.9887 -0.27561 -2.5175 1.8933 -2.2662
140.8 1.0579 6.7831 -0.55452 -0.61103 1.7876 -2.0044
141 1.1161 6.9144 -0.94719 2.257 1.888 -1.3723
141.2 0.93522 5.6274 -1.4755 6.0713 0.25206 0.25197
141.4 0.57381 2.9817 -1.5432 5.8171 1.3104 1.0813
141.6 0.29809 -0.54047 -1.4483 4.2741 1.005 2.6407
141.8 -0.028817 -4.0789 -0.40792 1.744 2.7568 3.4958
142 -0.21421 -6.5618 0.637 -1.3731 3.2846 3.8237
142.2 -0.27957 -7.4185 1.6579 -3.313 3.7054 3.5719
142.4 -0.17009 -6.4337 1.9855 -4.557 2.9276 2.8591
142.6 -0.045516 -4.3181 1.9509 -3.6839 1.5813 1.2198
142.8 0.16134 -1.7008 1.4793 -3.0227 0.74377 0.096368
143 0.4564 0.57744 0.87605 -3.1113 0.39071 -0.88068
143.2 0.72714 2.2349 0.51913 -3.1937 2.3676 -0.79016
143.4 0.83879 3.5727 0.48062 -2.8209 4.5051 -1.649
143.6 0.85681 4.6366 0.2372 -2.1175 5.0709 -2.3486
143.8 0.99322 5.6588 -0.11125 -0.66143 2.3241 -2.49
144 1.1572 6.584 -0.55939 0.97764 0.40889 -2.1281
144.2 1.1411 6.9472 -0.87926 3.2823 -1.0673 -0.93384
144.4 1.0229 6.144 -1.0366 5.2426 1.0718 0.36306
144.6 0.77413 4.0301 -1.5624 5.6749 0.3083 2.4162
144.8 0.51228 1.2153 -1.825 2.4114 2.1048 2.1613
145 0.27956 -0.88398 -1.5602 -0.94655 1.0646 1.7835
145.2 0.12147 -1.8714 -1.0247 -3.333 1.7715 1.0057
145.4 0.15267 -1.6649 -0.434 -3.5886 0.64689 1.0376
145.6 0.12527 -1.1521 -0.20372 -2.969 1.263 0.77923
145.8 0.17848 -0.51168 0.049925 -2.5686 1.8426 1.1511
146 0.19954 -0.36257 0.13982 -0.90042 2.9008 1.7016
146.2 0.4152 -1.2933 -0.13184 -0.56794 2.1094 2.4581
146.4 0.53842 -2.5709 -0.2106 -1.6076 2.5687 2.0127
146.6 0.57171 -3.4085 -0.2478 -3.0898 1.6161 1.406
146.8 0.49763 -2.9994 -0.057823 -4.7287 1.1238 0.40129
147 0.4256 -2.093 0.23526 -3.9765 -0.68063 0.36868
147.2 0.35285 -1.0788 0.35298 -3.6713 -0.31101 0.22042
147.4 0.39905 0.22321 0.42907 -3.9389 1.1928 0.036163
147.6 0.49522 2.0207 0.26453 -3.5648 2.2929 -0.44961
147.8 0.77053 3.8332 0.051659 -3.2526 2.4578 -1.0719
148 0.9771 5.2919 0.019217 -2.1509 1.4539 -1.4231
148.2 1.0315 6.2742 -0.24385 -1.317 1.1753 -1.3413
148.4 1.056 6.1727 -0.69243 1.2695 0.84988 -0.46192
148.6 0.89844 4.3747 -1.1266 3.7729 2.4642 0.32926
148.8 0.62997 1.1798 -1.3112 4.7413 3.0125 0.97318
149 0.21685 -2.7147 -0.92471 2.5237 3.568 1.9216
149.2 -0.16709 -6.0942 -0.19528 0.33638 1.689 3.2384
149.4 -0.36712 -8.1476 0.8915 -0.76716 1.3239 4.0406
149.6 -0.34776 -8.3601 1.8967 -2.0414 2.357 3.4132
149.8 -0.17632 -6.8946 2.2606 -3.1896 4.2844 2.1042
150 0.095813 -4.6786 2.2123 -3.9677 4.5638 1.4206
150.2 0.30583 -2.0467 1.5975 -3.3895 2.8784 0.27256
150.4 0.45538 0.27576 1.2129 -3.2192 1.8306 -1.0191
150.6 0.62069 2.093 0.69115 -2.6773 2.4544 -1.9013
150.8 0.75344 3.5706 0.48118 -2.9693 4.1306 -2.6616
151 0.9014 4.9353 0.19595 -2.0604 3.1053 -2.5413
151.2 0.93379 5.7599 0.022311 -0.21828 2.3997 -1.6788
151.4 0.87936 5.2756 -0.56486 2.7007 0.6303 0.56691
151.6 0.74006 3.0335 -1.0224 4.8828 1.0132 2.4267
151.8 0.46297 -0.19922 -1.1857 4.3145 0.30692 3.1043
152 0.13143 -3.8452 -0.63148 2.8877 0.69798 3.8807
152.2 -0.1628 -7.307 0.5511 1.7695 2.1759 4.3934
152.4 -0.31361 -9.4836 1.3966 -0.75117 3.8127 4.6162
152.6 -0.37803 -10.16 2.185 -3.3643 4.0121 3.3163
152.8 -0.38827 -8.7976 2.2919 -5.7059 3.7551 2.4458
153 -0.20273 -6.4218 2.3121 -5.2926 2.96 1.771
153.2 0.068467 -3.7356 1.9933 -4.6762 3.0487 1.0232
153.4 0.35558 -1.2312 1.7714 -3.6542 2.1749 0.15919
153.6 0.47861 0.92295 1.5465 -2.6491 1.4853 -0.73971
153.8 0.5751 2.7436 1.2432 -2.0671 0.76785 -1.2464
154 0.68798 4.3609 0.68564 -1.7855 1.0348 -1.7457
154.2 0.85309 5.638 0.33377 -1.478 1.3059 -2.2851
154.4 0.99645 6.5821 0.13347 0.45377 2.3598 -2.0187
154.6 1.0405 6.1676 -0.068607 2.1386 2.5594 -0.24519
154.8 0.80647 4.35 -0.69235 4.1466 1.4629 1.3318
155 0.42715 1.0784 -0.96091 3.6891 0.7983 2.9563
155.2 0.017012 -2.6209 -0.73581 3.8148 0.67902 3.3558
155.4 -0.25916 -6.0658 0.42019 1.8069 1.9375 3.929
155.6 -0.38732 -8.5406 1.3028 0.62983 2.9834 4.1374
155.8 -0.42735 -9.3922 1.6712 -0.59807 2.9636 4.2694
156 -0.368 -8.5197 1.8488 -2.4573 2.7945 3.3967
156.2 -0.14105 -6.2833 1.8954 -2.575 3.2353 2.2797
156.4 0.055476 -3.6297 2.1789 -3.1052 3.4506 0.51231
156.6 0.36344 -1.0619 1.9832 -2.41 3.7362 -0.17444
156.8 0.5661 1.1846 1.8059 -1.7716 2.0831 -0.92469
157 0.70927 3.0476 1.6308 -1.9434 1.9918 -1.2934
157.2 0.76758 4.7647 1.2221 -1.235 0.83664 -1.7423
157.4 0.78221 6.1585 1.0261 -0.68397 1.244 -2.1069
157.6 0.90042 7.0842 0.8221 0.43809 1.3233 -1.9158
157.8 0.89939 6.209 0.53127 2.0625 2.3862 -0.89801
158 0.68521 3.789 0.18041 2.0755 2.3899 0.80022
158.2 0.2552 0.12998 -0.19724 2.3223 1.913 3.0109
158.4 -0.10703 -3.5493 0.19129 1.7632 2.5756 4.2512
158.6 -0.32772 -6.5946 0.69705 0.65575 3.4328 4.855
158.8 -0.58686 -8.6443 1.5871 -2.1473 4.2842 4.2672
159 -0.66652 -8.9517 2.2926 -5.216 3.3913 3.4481
159.2 -0.58345 -7.6891 2.7369 -5.8524 2.7691 2.6701
159.4 -0.16243 -5.0315 2.6962 -5.0237 2.2732 1.8474
159.6 0.20383 -2.1138 2.3757 -3.8387 2.4204 0.78473
159.8 0.45993 0.3434 1.7622 -3.6432 1.9109 -0.84857
160 0.6245 2.3108 1.5308 -3.4444 3.1077 -2.3561
160.2 0.72387 4.0132 1.197 -3.2374 3.2688 -3.1412
160.4 0.75242 5.5011 1.2718 -2.4852 3.8866 -3.4986
160.6 0.83362 6.8205 1.2096 -1.5811 3.7817 -2.9571
160.8 0.84727 7.2883 0.95276 0.67685 2.2813 -1.6758
161 0.72816 6.3464 0.31529 2.385 0.56607 -0.47333
161.2 0.39361 3.9975 -0.47791 3.3377 -0.42189 0.49967
161.4 0.14049 0.8841 -0.71323 2.8218 0.46953 0.89611
161.6 -0.029399 -2.1724 -0.45515 1.3575 3.1576 1.871
161.8 -0.07947 -5.0669 0.22965 0.71473 3.1409 3.5482
162 -0.24525 -7.3656 0.98135 -1.2169 2.9823 4.0081
162.2 -0.2916 -8.1177 1.4969 -2.982 0.57728 3.6748
162.4 -0.27632 -7.1756 1.6496 -5.2807 -0.25115 1.8626
162.6 0.036759 -4.887 1.7406 -5.9921 0.18123 0.61112
162.8 0.27333 -2.3801 1.5553 -5.2564 1.2669 -0.60058
163 0.6042 0.077746 1.3797 -4.5173 2.4726 -1.6998
163.2 0.6096 2.024 1.1136 -2.7411 2.6913 -2.2038
163.4 0.77275 3.6791 0.94072 -1.7584 3.3976 -2.4864
163.6 0.93351 5.0519 0.95762 -0.70519 3.6633 -2.0302
163.8 1.0567 6.2918 0.61595 -0.81543 3.5567 -2.106
164 1.1201 7.3973 0.45782 -1.1721 2.0851 -2.3873
164.2 1.0219 7.9731 0.17338 0.09028 0.72445 -1.7051
164.4 0.9429 7.2475 -0.097706 1.8878 1.0796 -1.0358
164.6 0.77795 5.1348 -0.39832 4.3839 3.0793 0.28992
164.8 0.50736 1.8147 -0.66955 3.8511 3.2094 0.88462
165 0.2315 -1.7371 -0.42975 2.5041 3.3803 2.1912
165.2 -0.11979 -4.903 0.22997 0.54021 1.9975 3.1833
165.4 -0.26524 -7.1571 1.2021 0.042603 2.0633 3.9541
165.6 -0.2941 -8.0848 1.7012 -1.7996 1.8861 2.8667
165.8 -0.12327 -7.1584 2.1167 -3.3682 2.9979 1.7607
166 0.021529 -4.7262 2.0241 -4.4728 4.2797 0.3568
166.2 0.214 -1.8658 1.834 -3.5682 4.2155 -0.099239
166.4 0.47166 0.7666 1.3106 -2.6137 3.2721 -0.63576
166.6 0.7083 2.7195 0.74789 -2.0017 2.8151 -1.2717
166.8 0.78634 4.3759 0.65758 -1.7761 1.8541 -2.0196
167 0.76392 5.5615 0.64554 -1.3167 1.6083 -2.3403
167.2 0.7806 6.6118 0.6381 -1.2692 0.91497 -2.56
167.4 0.97901 7.5769 0.6106 -1.1545 2.5487 -2.4511
167.6 1.172 8.4277 0.24204 -0.57474 1.576 -2.1431
167.8 1.1994 8.756 0.16181 0.70365 1.3983 -1.9022
168 0.95465 7.8712 -0.43304 2.6608 1.091 -0.74875
168.2 0.74858 5.8226 -0.84371 2.7701 2.4744 -0.22441
168.4 0.54895 3.0495 -1.2969 1.732 2.7956 0.3245
168.6 0.34626 -0.15533 -1.2197 0.75589 2.7211 1.1063
168.8 -0.023982 -3.0661 -0.84904 -0.11586 1.7136 1.7548
169 -0.29268 -5.1406 -0.090485 -1.2102 2.5416 2.5603
169.2 -0.36843 -5.6336 0.55626 -3.9528 2.2263 2.0431
169.4 -0.12258 -4.6455 1.0141 -5.3469 2.0038 1.0146
169.6 0.1586 -2.3831 1.1626 -5.0397 0.80506 -0.3395
169.8 0.45839 0.16334 1.3383 -3.8849 1.5554 -1.6297
170 0.59328 2.3972 1.1818 -3.2339 1.9893 -2.1285
170.2 0.82999 4.0664 1.0392 -2.597 3.0662 -1.7622
170.4 1.0014 5.3751 0.4984 -1.4499 1.6207 -1.7406
170.6 1.1281 6.5432 0.17359 -1.0249 1.5303 -1.9846
170.8 1.1053 7.429 -0.079996 -1.5761 0.68574 -2.9565
171 1.1123 8.2524 -0.022515 -1.6649 0.42475 -2.8631
171.2 1.2054 8.9189 0.24593 -0.17112 0.17691 -2.7232
171.4 1.2642 8.8997 -0.056673 2.5735 -0.33607 -1.9846
171.6 1.1889 7.8025 -0.74426 4.6861 -0.32761 -0.94297
171.8 0.88615 5.4638 -1.3185 4.35 -0.786 -0.069761
172 0.49638 2.6709 -1.582 2.1167 0.41523 0.61133
172.2 0.22085 -0.18457 -1.3192 0.71139 1.012 0.962
172.4 0.095695 -2.3947 -0.74421 -0.23074 1.6496 1.7414
172.6 -0.0027229 -3.5584 -0.11791 -1.3383 2.4158 1.8882
172.8 -0.056911 -3.1638 0.4338 -3.9513 3.7299 0.88314
173 0.097114 -1.3048 0.53175 -5.5574 4.2788 -0.37603
173.2 0.32867 1.2376 0.55031 -5.4643 3.5751 -1.9409
173.4 0.66472 3.7023 0.37487 -3.11 2.8784 -2.246
173.6 0.80948 5.5799 0.28612 -2.435 2.4065 -2.6534
173.8 0.98224 6.9264 0.038175 -1.7348 2.0327 -2.4452
174 1.0334 7.9934 -0.051987 -2.2266 0.9216 -3.5919
174.2 1.0908 8.8426 -0.15741 -1.807 0.77432 -3.8249
174.4 1.1809 9.5581 -0.23222 -1.9202 1.0913 -4.1714
174.6 1.2439 10.068 -0.44561 -0.22577 0.85566 -3.2907
174.8 1.3111 10.069 -0.78438 2.2159 0.2478 -2.4391
175 1.1671 9.1251 -1.2135 4.981 -0.11134 -1.4723
175.2 0.84638 7.2615 -1.5733 4.847 0.69501 -0.68681
175.4 0.5093 4.7579 -1.8616 2.9309 1.542 0.079684
175.6 0.29268 2.4126 -1.8112 0.90261 1.6317 0.57539
175.8 0.21666 0.17736 -1.359 -1.0625 1.5428 1.1359
176 0.19688 -1.3791 -0.77346 -1.8201 1.0866 0.96945
176.2 0.15958 -1.6815 -0.15634 -3.0244 0.63087 0.57936
176.4 0.25706 -0.57233 -0.034046 -3.0104 0.35299 -0.59766
176.6 0.5176 1.7221 -0.25114 -2.4936 0.45019 -2.06
176.8 0.79378 4.0422 -0.40867 0.032018 1.7935 -2.5527
177 0.91346 5.8985 -0.55694 0.70126 1.5895 -2.7281
177.2 0.97521 7.1799 -0.42258 0.17539 2.8368 -2.5027
177.4 0.99972 8.1445 -0.67766 -0.69243 2.179 -2.7137
177.6 1.2661 8.9389 -0.89592 -0.75424 2.5147 -2.9051
177.8 1.343 9.6797 -1.0044 -0.5901 1.7958 -3.2399
178 1.4415 10.207 -1.0828 -1.322 1.8941 -3.3872
178.2 1.3143 10.521 -0.99149 -0.85211 1.2137 -3.4558
178.4 1.232 10.271 -1.256 0.52108 1.9546 -2.9633
178.6 1.208 9.2203 -1.9799 3.312 1.7931 -2.1951
178.8 1.0589 7.1885 -2.5914 5.0769 2.7317 -1.4616
179 0.7523 4.6051 -2.8564 5.813 1.7644 -0.60989
179.2 0.45614 1.985 -2.1383 3.6301 2.052 -0.23741
179.4 0.25176 -0.1155 -1.4963 3.287 2.0127 0.81029
179.6 0.25337 -1.5315 -0.70299 1.1139 3.1354 0.71862
179.8 0.30864 -1.5242 -0.29312 0.70668 2.6689 0.58747
180 0.45745 -0.14533 -0.26241 -0.72619 2.2014 -0.23534
180.2 0.5473 2.16 -0.32368 -0.39339 1.7005 -1.2654
180.4 0.66495 4.3977 -0.83152 -0.92283 1.6553 -2.0767
180.6 0.82182 6.2314 -1.015 -0.99953 1.1808 -2.4178
180.8 0.97166 7.4812 -1.0548 -2.215 0.25354 -1.9771
181 1.0727 8.3778 -1.1377 -2.2603 -0.028465 -2.5744
181.2 1.1158 8.955 -1.1897 -1.8069 0.85371 -2.8457
181.4 0.99872 9.5113 -1.5661 -0.21955 0.59695 -3.4765
181.6 1.055 9.8687 -1.6704 1.2635 0.95732 -3.1029
181.8 1.0076 9.6073 -1.8441 1.8281 1.1946 -3.2914
182 1.0606 8.291 -2.2591 1.9424 2.4383 -2.3638
182.2 0.94739 6.0438 -2.4534 2.9005 2.7237 -1.2828
182.4 0.74332 3.4254 -2.4416 1.9011 2.6598 0.033716
182.6 0.57697 0.9075 -2.3662 1.5953 1.2384 0.73586
182.8 0.45677 -1.0476 -1.9217 -0.83068 0.76357 1.0831
183 0.34484 -1.9105 -1.3254 -1.4867 -0.12136 0.78154
183.2 0.34065 -1.3237 -0.75488 -2.8343 0.77146 -0.27329
183.4 0.33824 0.49059 -0.67221 -3.4024 0.96102 -1.5902
183.6 0.4835 2.8097 -0.81462 -3.9266 0.81642 -2.5604
183.8 0.73765 4.7511 -0.99473 -3.1721 0.33715 -2.5371
184 0.86566 6.1732 -0.85279 -1.5196 -0.059637 -1.6449
184.2 0.97656 7.1356 -0.82481 0.30538 0.72037 -1.6379
184.4 0.9007 7.8156 -0.84046 0.762 1.1041 -2.1615
184.6 0.90706 8.4443 -1.0111 0.21752 2.4325 -3.1781
184.8 0.9949 8.823 -1.4253 0.92476 1.4137 -2.9057
185 1.032 8.6613 -1.5995 1.4383 1.6604 -2.3014
185.2 1.0159 7.3887 -2.4272 2.1942 0.80364 -1.0636
185.4 0.72919 4.9212 -2.6076 2.2915 1.599 -0.31357
185.6 0.51401 2.1041 -2.921 1.6758 2.5196 0.24331
185.8 0.14493 -0.90911 -2.1244 1.3508 4.0458 1.3542
186 -0.12883 -3.7282 -1.3907 0.73204 3.3433 2.664
186.2 -0.29064 -5.9184 -0.37261 -0.80678 2.8271 3.2259
186.4 -0.23504 -6.7136 0.18718 -3.0896 1.7822 2.5606
186.6 0.017964 -5.6094 0.57286 -4.7727 1.5364 1.4643
186.8 0.2235 -3.2567 0.63331 -4.8679 1.1497 0.72645
187 0.46795 -0.31288 0.54884 -4.1685 1.5598 -0.7215
187.2 0.60235 2.2998 0.46878 -3.4705 1.8689 -2.0725
187.4 0.80227 4.1652 0.15244 -2.8384 1.2913 -2.9114
187.6 0.94142 5.7318 0.018295 -1.326 -0.31078 -2.7379
187.8 1.0293 6.9904 -0.32736 -0.13326 -0.36271 -2.2427
188 1.0694 8.0089 -0.37323 0.062404 0.0022693 -2.1765
188.2 1.0632 8.6886 -0.44999 -0.19653 2.4957 -2.7557
188.4 1.1574 8.4971 -1.0496 -0.55813 3.2231 -2.5426
188.6 0.97517 6.9494 -1.7507 2.7824 3.6247 -1.4965
188.8 0.82543 4.0394 -2.5232 4.9545 2.4758 1.2782
189 0.46769 0.48888 -2.1361 5.3421 2.6057 1.8188
189.2 0.16562 -2.976 -1.2855 2.7262 3.4361 2.4054
189.4 -0.18467 -6.1117 -0.37902 0.0077428 3.5399 2.2107
189.6 -0.39802 -8.4557 0.50559 -2.6805 4.0181 3.6435
189.8 -0.41957 -9.2529 1.2102 -4.8548 4.5483 3.5274
190 -0.29137 -7.9992 1.6826 -5.7983 4.2753 1.8678
190.2 -0.0019073 -5.2395 1.5426 -5.026 2.4824 0.25656
190.4 0.30834 -2.0016 1.1623 -4.0826 0.49836 -0.96063
190.6 0.54993 0.83021 1.015 -3.5459 0.25319 -1.6393
190.8 0.78432 3.0708 0.81431 -3.0264 0.96462 -2.1389
191 0.89905 4.657 0.93459 -2.4642 2.1144 -2.5497
191.2 1.0027 5.8632 0.80542 -2.2477 3.3996 -2.5401
191.4 1.0163 7.0697 0.63649 -1.9093 3.7059 -2.753
191.6 1.0075 8.0757 0.22103 -0.10413 1.9033 -2.157
191.8 1.0242 8.2196 -0.11998 1.623 1.3475 -1.9816
192 0.82982 6.899 -0.72545 3.7012 0.33335 -0.87536
192.2 0.66177 4.1441 -1.2653 3.9257 1.595 -0.047425
192.4 0.37283 0.86468 -1.5188 4.1226 0.89669 1.527
192.6 0.040718 -2.5171 -1.0574 2.5648 1.6735 2.7071
192.8 -0.272 -5.5405 -0.13951 0.79457 2.257 3.8239
193 -0.52961 -7.9363 0.82354 -1.3562 3.2991 3.8419
193.2 -0.4602 -9.0616 1.5153 -2.4666 3.7341 3.4061
193.4 -0.3964 -8.0556 1.7534 -4.3761 3.185 1.9655
193.6 -0.097882 -5.5316 1.6068 -4.8416 2.233 0.8932
193.8 0.10126 -2.4592 1.3808 -4.7842 1.8253 -0.36168
194 0.42941 0.42185 0.93529 -3.4755 2.2741 -1.0629
194.2 0.54738 2.6685 0.78029 -2.7906 2.2152 -1.9425
194.4 0.72434 4.5842 0.62797 -1.3839 1.7793 -2.4246
194.6 0.81564 6.0338 0.67391 -1.4952 1.8036 -3.135
194.8 0.95181 7.202 0.4945 -1.3307 2.6666 -2.8116
195 1.016 8.1912 0.28785 -0.70757 2.3136 -2.9813
195.2 1.0009 8.5546 -0.058944 2.035 2.2758 -2.6229
195.4 1.012 7.6965 -0.54955 3.9713 1.4486 -2.4532
195.6 0.8509 5.3252 -1.1152 3.6821 2.1012 -1.1544
195.8 0.64191 2.1375 -1.4368 2.6748 1.551 0.34234
196 0.29549 -0.96039 -1.2378 2.1542 2.7734 1.2009
196.2 -0.079657 -3.9642 -0.36808 0.67973 4.4329 2.5835
196.4 -0.28844 -6.4137 0.71354 -1.8481 6.2055 3.1218
196.6 -0.35492 -7.552 1.5821 -4.9677 5.8731 3.7023
196.8 -0.26412 -7.1754 1.8756 -6.2443 3.5613 2.1377
197 -0.15319 -5.139 1.8251 -6.388 2.3875 0.90026
197.2 0.07025 -2.3743 1.4002 -5.3595 2.3489 -0.79843
197.4 0.38286 0.58383 1.0921 -5.1198 2.8022 -1.3624
197.6 0.61249 2.9955 0.76373 -4.0082 3.0984 -1.8954
197.8 0.76945 4.7638 0.70447 -3.0716 2.5361 -2.231
198 0.79963 6.1802 0.31293 -1.9853 1.1249 -2.3959
198.2 0.95846 7.3512 -0.12981 -1.7662 0.72832 -2.2935
198.4 0.99647 7.6582 -0.34926 0.47906 0.36431 -1.0907
198.6 0.87229 6.6281 -0.51287 2.6584 2.1285 0.35979
198.8 0.61091 3.9897 -0.80082 3.8328 2.662 1.7694
199 0.25066 0.87162 -0.99165 2.8489 3.5479 2.4191
199.2 -0.0017511 -2.1792 -0.76627 2.1003 4.5934 2.6693
199.4 -0.26993 -4.6806 -0.10693 1.8557 4.0741 3.2095
199.6 -0.30071 -6.3912 0.54757 -0.12078 3.9433 3.2411
199.8 -0.18214 -6.6579 0.92658 -1.9163 2.316 3.1534
200 -0.019823 -5.1478 1.3149 -3.9568 2.5276 1.4948
200.2 0.19437 -2.4207 1.25 -4.0881 1.749 0.10329
200.4 0.29742 0.41065 1.1253 -3.7594 1.5823 -1.3178
200.6 0.47377 2.7887 0.81647 -2.7553 1.3643 -1.8186
200.8 0.59193 4.4282 0.64439 -2.1239 3.7151 -2.3042
201 0.84055 5.6977 0.12471 -2.2732 4.6296 -2.4981
201.2 1.1062 6.7696 -0.2232 -2.8901 4.7614 -2.977
201.4 1.2277 7.7063 -0.41692 -2.117 4.7429 -3.2552
201.6 1.1571 7.8834 -0.4361 -0.085021 3.9081 -3.0702
201.8 0.90059 6.9178 -0.84157 2.5497 1.9793 -1.1145
202 0.68684 4.5394 -1.3657 3.4795 0.20486 0.091933
202.2 0.45864 1.5743 -1.5695 3.7332 -0.28006 1.8748
202.4 0.16147 -1.5637 -1.1113 2.4379 2.8178 1.8686
202.6 -0.11643 -4.4392 -0.19723 1.9946 3.8029 2.8385
202.8 -0.31515 -6.5739 0.5375 -0.73258 4.96 2.6328
203 -0.2764 -7.3198 1.0927 -2.625 3.9526 2.0371
203.2 -0.16558 -6.1168 1.1905 -4.746 2.6769 0.24208
203.4 0.066311 -3.7 1.2585 -5.3862 2.1165 -1.4483
203.6 0.2478 -0.72352 1.0529 -5.0038 1.2695 -2.289
203.8 0.49967 1.895 0.80915 -3.8857 1.3331 -2.6384
204 0.60165 3.8774 0.69447 -3.1931 0.96163 -2.734
204.2 0.78418 5.3031 0.59012 -3.1301 1.8808 -3.4332
204.4 0.82399 6.4814 0.47909 -2.2726 0.66843 -3.5838
204.6 0.91924 7.3943 0.34159 -1.3784 0.29531 -3.5792
204.8 0.85845 8.3399 0.20219 -0.68254 -0.475 -3.5392
205 0.9264 8.9063 0.17401 -0.10955 0.97526 -3.0045
205.2 0.85911 8.5288 -0.20398 1.9967 0.26562 -1.9881
205.4 0.74745 6.8287 -0.83556 2.967 0.78849 -0.45033
205.6 0.53207 4.0125 -1.6041 4.1302 1.5341 0.52226
205.8 0.41026 1.0642 -1.5467 3.562 4.1245 1.2795
206 0.20355 -1.7815 -1.0626 2.5259 5.1176 2.0133
206.2 -0.014492 -4.0691 -0.20199 -0.33838 4.8717 2.3728
206.4 -0.12376 -4.8958 0.42531 -2.8704 2.8588 1.6792
206.6 -0.10396 -3.9873 0.73394 -4.6312 2.5062 0.044445
206.8 0.10386 -1.5812 0.83884 -3.7637 2.0228 -1.2452
207 0.37439 1.039 0.60725 -2.3014 2.8826 -1.6411
207.2 0.71533 3.3723 0.52026 -0.86072 2.3558 -1.9066
207.4 0.95037 5.057 0.43101 -0.72302 2.2026 -2.5991
207.6 0.98298 6.2967 0.18786 -1.1765 1.0398 -3.2787
207.8 1.1067 7.4348 -0.012733 -0.40799 2.0988 -3.5975
208 1.1805 8.334 -0.47189 0.2577 1.6262 -3.4358
208.2 1.2331 9.1388 -0.69965 1.2151 2.1108 -3.18
208.4 1.0726 9.6733 -0.6362 1.7959 1.296 -3.075
208.6 0.90117 9.6435 -0.83504 1.1866 2.0094 -3.1327
208.8 0.81862 8.724 -0.97667 0.40321 2.4308 -2.9627
209 0.74257 6.8373 -1.6812 1.1234 2.5787 -1.833
209.2 0.60931 4.3049 -1.6875 1.1267 2.8745 -0.7788
209.4 0.39728 1.6437 -1.8667 0.91215 3.2104 0.46714
209.6 0.2585 -0.55701 -1.2986 0.20244 3.2699 1.0171
209.8 0.20664 -1.8559 -0.74616 -0.22729 3.0736 1.5103
210 0.17068 -1.7025 -0.081208 -0.25004 2.5763 0.5346
210.2 0.16972 -0.20401 0.023594 -2.9175 3.3281 -0.78527
210.4 0.26475 1.9277 -0.068617 -2.7152 2.8396 -1.9616
210.6 0.56428 4.0822 -0.26666 -2.6325 2.9403 -1.966
210.8 0.77128 5.6664 -0.3509 -0.30156 2.2146 -2.2547
211 0.93161 6.9052 -0.41889 0.30441 2.7401 -2.7409
211.2 0.89098 7.7686 -0.37478 0.41174 2.4202 -3.1529
211.4 0.90095 8.5184 -0.54695 -0.54773 1.9777 -3.4638
211.6 0.98955 9.1692 -0.80803 0.26623 0.65198 -3.0426
211.8 0.9654 9.7816 -1.0935 1.4426 0.15216 -3.2758
212 1.0387 10.162 -1.2817 1.6997 0.11172 -3.3035
212.2 1.0564 10.235 -1.4269 2.4687 0.83028 -3.1043
212.4 1.0803 9.4751 -1.6925 3.7001 1.2901 -2.1431
212.6 1.0003 8.0821 -2.0279 5.1503 0.98059 -1.2719
212.8 0.8106 5.877 -2.4262 5.2576 -0.30439 -0.032772
213 0.62538 3.3277 -2.2314 4.1453 -0.66037 0.90101
213.2 0.44033 0.84318 -1.937 2.0688 -0.054367 1.6051
213.4 0.35781 -1.291 -1.224 -0.11245 1.3046 1.4873
213.6 0.28328 -2.2732 -0.55219 -2.3839 2.2301 0.53111
213.8 0.39433 -1.6073 -0.37552 -3.3644 2.1357 -0.57377
214 0.48017 0.33374 -0.43559 -3.4958 0.6016 -2.1094
214.2 0.69705 2.6962 -0.986 -3.7714 -0.78102 -2.9827
214.4 0.82714 4.5725 -0.82867 -2.8347 -0.6519 -3.2319
214.6 0.95468 6.0377 -0.87521 -2.6116 1.2562 -2.7847
214.8 1.0526 7.0491 -0.78087 -2.4855 2.4404 -3.0275
215 1.1381 7.8831 -0.84232 -0.6658 3.1988 -3.256
215.2 1.2426 8.5398 -1.069 0.29049 2.7744 -3.4066
215.4 1.2397 9.1216 -1.4469 1.9246 1.6996 -3.0584
215.6 1.11 9.044 -1.8119 1.7711 1.5489 -2.7381
215.8 1.0303 8.2045 -2.1454 3.1553 0.69594 -1.2964
216 0.93052 6.2688 -2.2952 3.828 1.0017 -0.35579
216.2 0.85898 3.7883 -2.4252 4.7979 0.692 0.5938
216.4 0.55244 1.1107 -2.1371 4.1267 2.0843 0.55318
216.6 0.28775 -1.475 -1.2367 1.5333 4.1317 1.0572
216.8 0.12725 -3.2643 -0.66799 -0.55191 4.1552 1.6808
217 0.15552 -3.8136 -0.27083 -3.6615 3.3169 1.2778
217.2 0.35654 -2.6104 -0.20444 -4.3866 2.653 0.052183
217.4 0.53789 -0.2869 -0.043689 -5.7402 3.5593 -1.6232
217.6 0.63109 2.3216 -0.21754 -3.9086 2.6548 -2.2242
217.8 0.73534 4.5608 -0.4243 -1.8161 0.54734 -2.171
218 0.86454 6.2515 -0.69477 0.079372 -1.4815 -2.1901
218.2 1.0833 7.4651 -0.70403 -0.72984 -1.6965 -2.7978
218.4 1.1075 8.4364 -0.64192 -0.38733 -2.7409 -3.1493
218.6 1.1683 9.185 -0.64364 -0.7518 -2.5161 -3.0485
218.8 1.301 9.8164 -0.81072 0.71568 -2.5058 -2.6161
219 1.4325 10.256 -1.0476 -0.023297 0.097839 -3.2938
219.2 1.4191 10.202 -1.4469 0.1639 0.79925 -3.6107
219.4 1.0746 9.3337 -1.5775 1.0168 1.6606 -3.6644
219.6 0.79409 7.6542 -2.0901 1.829 1.182 -2.6799
219.8 0.56333 5.4977 -2.2775 2.8762 1.1062 -1.8702
220 0.43984 3.1509 -2.5244 2.2304 1.6097 -0.99654
220.2 0.24488 0.82729 -2.0814 2.0063 1.3715 0.52323
220.4 0.065418 -0.68142 -1.393 -0.23112 2.7665 1.0172
220.6 0.014853 -0.74192 -0.57288 -2.0349 3.0218 0.38335
220.8 0.2025 0.80995 -0.38104 -3.4428 3.1019 -1.9842
221 0.52329 3.3078 -0.7077 -3.0022 0.82041 -2.9914
221.2 0.84552 5.5533 -1.0712 -2.9972 0.66663 -3.5978
221.4 1.1091 7.2296 -1.1623 -1.9184 1.4814 -3.5574
221.6 1.1928 8.3352 -0.9988 -1.4527 1.6366 -3.7466
221.8 1.2216 9.0829 -0.87309 0.72942 0.91934 -3.5866
222 1.1611 9.7664 -1.0086 1.3058 -0.20817 -3.3212
222.2 1.1884 10.227 -1.2718 1.5646 1.541 -3.0151
222.4 1.2472 10.605 -1.5661 1.5566 1.2434 -3.039
222.6 1.3269 10.748 -1.5713 1.8355 0.86649 -3.1426
222.8 1.3185 10.724 -1.4595 2.0096 -0.057158 -3.32
223 1.1941 10.249 -1.7367 2.1521 -0.15296 -3.1612
223.2 0.99939 8.9993 -2.3041 2.563 0.87236 -2.2138
223.4 0.81256 6.9685 -2.8442 2.1498 1.4581 -1.3832
223.6 0.677 4.5582 -3.094 1.3536 1.1479 -0.6425
223.8 0.36777 2.0125 -2.9539 0.25893 0.64697 0.20465
224 0.20147 -0.43281 -2.4573 -0.48511 0.12268 1.0378
224.2 0.10576 -2.051 -1.3969 -1.9721 1.3317 1.1095
224.4 0.28239 -2.8042 -0.36103 -3.3858 1.6934 0.46846
224.6 0.39138 -2.0159 0.34134 -5.1783 1.7462 -0.97908
224.8 0.54402 -0.065918 0.23228 -4.7711 1.9983 -1.4291
225 0.70967 2.3984 -0.047667 -4.5034 1.7305 -2.3575
225.2 0.84261 4.613 -0.42382 -2.6576 2.5444 -3.0958
225.4 0.93214 6.1849 -0.84366 -1.8847 1.945 -3.6846
225.6 1.1157 7.4147 -1.055 -0.40023 2.8706 -3.1702
225.8 1.2293 8.314 -1.2651 1.0167 0.23108 -2.5392
226 1.3138 9.0654 -1.2257 1.4658 0.90222 -2.6422
226.2 1.2611 9.7629 -1.2228 0.99172 -0.0031804 -3.1941
226.4 1.2038 9.7455 -1.38 0.56132 0.73326 -3.2418
226.6 1.1313 8.7455 -1.8396 1.2549 -0.60296 -2.2222
226.8 0.9064 6.4584 -2.3396 1.8799 -0.60915 -0.58764
227 0.73458 3.6214 -2.2842 2.8585 -0.30709 1.1492
227.2 0.544 0.59119 -1.7227 3.1388 1.2402 1.9175
227.4 0.43576 -2.4897 -1.1659 3.2949 2.5362 2.5047
227.6 0.17485 -5.0034 -0.45227 1.1109 2.9905 2.4129
227.8 0.027979 -6.0295 -0.10923 -1.5851 2.3864 2.2026
228 0.06738 -4.9104 0.46099 -4.2051 1.4165 0.60198
228.2 0.37338 -2.459 0.34691 -5.2105 1.511 -1.3649
228.4 0.66941 0.3999 0.34262 -5.6982 2.3549 -2.8504
228.6 0.86108 2.7878 -0.083949 -4.1746 3.3415 -3.9359
228.8 0.96083 4.6141 -0.25216 -2.3735 3.4193 -3.9933
229 0.97812 6.0293 -0.50889 -0.95385 2.8531 -4.2578
229.2 1.0803 7.0538 -0.55861 -0.18015 1.6343 -3.233
229.4 1.1332 7.9165 -0.76469 0.058859 0.080772 -3.3717
229.6 1.164 8.5495 -0.85025 0.30434 0.060335 -3.0847
229.8 1.137 8.7743 -0.98287 0.014086 1.223 -3.2376
230 1.0804 8.1696 -1.4021 1.6952 1.9839 -2.4207
230.2 0.91718 6.3178 -1.8774 2.839 1.241 -1.2141
230.4 0.63145 3.826 -2.3177 2.9288 0.54078 0.18475
230.6 0.43295 0.9488 -2.2581 2.6961 1.2043 1.6177
230.8 0.21124 -1.62 -1.7561 1.5714 2.1232 1.9591
231 0.043564 -3.4707 -1.1751 0.42137 0.96695 2.0392
231.2 -0.0070402 -4.0761 -0.35499 -2.6583 0.9462 1.1001
231.4 0.096798 -2.9283 -0.08628 -4.6916 0.42494 -0.025197
231.6 0.36234 -0.64589 -0.099635 -3.9499 1.1954 -1.2203
231.8 0.59082 2.1311 -0.44419 -3.3896 0.21761 -2.2635
232 0.86787 4.3107 -0.43793 -1.3421 0.62818 -2.8135
232.2 1.006 5.7871 -0.51211 -1.3178 1.0833 -3.3909
232.4 1.1234 6.9175 -0.73436 -0.22831 1.6947 -3.5879
232.6 1.0857 7.8604 -0.81393 -1.6033 1.9451 -3.6486
232.8 1.1838 8.7118 -0.92138 -0.16307 1.4757 -3.0694
233 1.1789 9.3294 -0.95767 -0.74645 0.6108 -3.0418
233.2 1.2515 9.544 -1.2747 0.76543 -0.58575 -2.7677
233.4 1.1564 8.8445 -1.6689 0.67386 -1.3239 -2.9646
233.6 1.0305 7.243 -2.1111 2.072 -0.71885 -1.8978
233.8 0.85095 4.8962 -2.6043 1.4664 0.71442 -0.82807
234 0.70552 2.3148 -2.6362 0.98836 2.0011 0.2583
234.2 0.46854 -0.060205 -2.1337 -0.061875 2.2806 1.2123
234.4 0.30135 -1.5091 -1.4333 -1.255 1.7413 1.0969
234.6 0.33684 -1.5476 -0.67721 -3.2247 1.3948 0.74667
234.8 0.49816 -0.12429 -0.64372 -4.798 1.5014 -1.0045
235 0.69891 2.0991 -0.58446 -4.9264 1.4043 -2.3494
235.2 0.69711 4.2951 -0.85647 -3.7767 0.56144 -3.1127
235.4 0.74657 5.8457 -0.74757 -1.9031 0.10018 -3.5203
235.6 0.83392 7.0498 -0.87881 -0.45151 0.12222 -3.0657
235.8 0.99474 7.9184 -1.2759 1.0796 0.19121 -2.5832
236 1.0107 8.6694 -1.6914 2.1302 0.70351 -2.5549
236.2 1.0213 9.1913 -2.1752 3.6664 0.18662 -2.8078
236.4 0.98891 9.4226 -2.1054 2.5331 1.1982 -3.2739
236.6 1.0117 9.1035 -2.4468 2.3907 -0.33814 -3.1286
236.8 0.93597 7.8553 -2.6546 1.2761 -0.18183 -2.5859
237 0.83336 5.779 -3.1524 1.9124 -0.54052 -1.458
237.2 0.70902 3.2526 -3.1129 1.374 0.96288 -0.094393
237.4 0.51061 0.82962 -2.5911 1.041 1.9629 0.71548
237.6 0.30116 -1.0298 -1.9139 0.033348 1.6665 0.89775
237.8 0.14986 -1.9143 -1.2021 -0.92524 1.3334 0.46178
238 0.22497 -1.494 -1.0179 -1.9791 0.9393 -0.60212
238.2 0.44395 0.20188 -0.60222 -1.6228 2.0563 -1.2292
238.4 0.67434 2.4183 -0.73601 -1.6784 1.2196 -1.6693
238.6 0.87589 4.5643 -0.79446 0.34533 -0.083921 -1.4227
238.8 0.85402 6.2157 -1.0971 -0.28176 -0.16641 -1.7502
239 0.82694 7.2989 -1.1329 0.67024 1.6575 -2.2591
239.2 0.7749 8.1527 -1.2054 0.66125 2.1976 -2.4575
239.4 0.92722 8.7954 -1.5772 1.3332 -0.97851 -2.9104
239.6 1.0775 9.2996 -1.697 0.31388 -2.1405 -3.0075
239.8 1.1038 9.6267 -1.9327 0.45291 -2.1673 -2.9889
240 1.0166 9.2781 -2.0887 2.3125 0.70565 -2.9923
240.2 0.92428 8.1858 -2.6156 3.243 2.0626 -2.8812
240.4 0.91055 6.2726 -3.1451 2.7633 3.2328 -2.6479
240.6 0.82011 4.0714 -3.2966 1.8176 2.6621 -1.0914
240.8 0.74748 2.3488 -3.0102 1.2222 1.0858 -0.41828
241 0.71897 1.4883 -2.5302 0.30751 1.7664 -0.31576
241.2 0.77381 2.1104 -2.1177 -1.0991 2.3735 -0.92941
241.4 0.88609 3.8609 -2.033 -2.3642 2.3885 -1.9571
241.6 1.0116 5.8277 -1.6833 -2.6828 2.2953 -2.9849
241.8 1.1377 7.3943 -1.8194 -3.5314 2.1664 -3.9228
242 1.1049 8.3168 -1.9366 -3.1179 2.3281 -3.5775
242.2 1.0905 9.1233 -2.4329 -2.2398 1.3452 -3.3711
242.4 1.0433 9.667 -2.5063 -0.87319 2.4694 -3.4474
242.6 1.2002 10.041 -2.4324 0.55672 1.8516 -3.0196
242.8 1.2596 10.338 -2.4381 0.38203 0.8721 -2.9585
243 1.3454 10.412 -2.8071 0.32387 -0.44662 -2.0454
243.2 1.3329 9.8354 -3.2956 1.4177 -0.068925 -2.1577
243.4 1.2611 8.35 -3.6523 2.2854 0.48289 -0.70798
243.6 1.0729 6.022 -3.9968 2.1912 0.82563 -0.5648
243.8 0.7804 3.5771 -3.9824 1.6811 0.068542 0.36198
244 0.55093 1.3329 -3.5366 0.27901 1.0719 -0.22854
244.2 0.42528 0.2069 -2.7247 0.1373 0.13364 -0.4858
244.4 0.42621 0.34114 -2.0118 -0.67011 0.4092 -0.87298
244.6 0.56017 1.7863 -1.7996 -1.4645 0.16447 -0.85747
244.8 0.657 3.6463 -1.802 -2.6647 0.7316 -1.343
245 0.90785 5.4141 -1.6379 -2.6176 0.27514 -1.9941
245.2 1.024 6.7318 -1.5018 -1.7053 0.68555 -2.5569
245.4 1.0721 7.8194 -1.3871 -0.17731 1.342 -3.1095
245.6 1.0221 8.7186 -1.8025 -0.75689 2.6825 -4.0014
245.8 0.97845 9.4106 -2.2116 -0.78124 1.7122 -3.6619
246 1.1486 9.8404 -2.7047 -0.46258 1.1658 -2.6947
246.2 1.2238 9.5854 -2.9926 1.3153 1.4091 -1.9871
246.4 1.1615 8.3285 -3.3685 2.3864 1.4942 -1.3811
246.6 1.0123 6.011 -3.6802 4.1488 1.2011 -0.84146
246.8 0.67113 3.0581 -3.7753 4.9167 1.129 0.72953
247 0.42654 0.088175 -3.2506 3.7792 1.7716 1.0899
247.2 0.11985 -2.5807 -2.1911 1.3941 1.4011 1.6823
247.4 0.055233 -4.4756 -1.0926 -2.3796 1.4173 1.5189
247.6 0.16492 -4.9212 -0.37797 -4.1073 1.7588 1.2424
247.8 0.26146 -3.4531 -0.27033 -5.1522 1.4901 -0.55227
248 0.43553 -0.65536 -0.40122 -5.2795 1.8929 -1.9248
248.2 0.57641 2.3445 -0.68834 -4.5071 0.4856 -3.1159
248.4 0.88557 4.7467 -0.80677 -3.2384 -0.653 -3.2622
248.6 1.0842 6.5157 -0.98834 -2.1098 -2.6302 -3.2892
248.8 1.184 7.651 -0.85944 -1.3268 -2.4789 -2.7808
249 1.213 8.6035 -0.82684 -0.19993 -0.64335 -2.5809
249.2 1.2528 9.3893 -0.7713 0.42974 0.80395 -2.7882
249.4 1.2069 9.98 -0.76367 0.71241 0.99113 -2.9821
249.6 1.1661 9.8596 -1.3191 0.86148 -0.36067 -2.5389
249.8 0.98564 8.5884 -1.7886 2.5913 -0.61696 -1.4634
250 0.90373 6.3782 -2.5712 3.2345 -0.47148 -0.38785
250.2 0.75513 3.4218 -2.8862 4.4392 0.55125 1.1488
250.4 0.5746 0.39022 -2.8331 2.8034 1.8257 1.5851
250.6 0.31621 -2.4597 -2.2673 1.8187 2.1656 2.0569
250.8 0.099512 -4.466 -1.2846 -1.3042 2.2379 1.4102
251 0.02329 -4.8024 -0.5099 -3.6308 2.2552 0.83309
251.2 0.13835 -3.2079 -0.36422 -5.0006 3.3266 -0.71705
251.4 0.315 -0.41085 -0.14034 -5.2525 3.6497 -2.414
251.6 0.57896 2.4661 -0.40224 -4.0458 1.8792 -3.2153
251.8 0.80549 4.8081 -0.35671 -2.9132 1.3652 -3.1635
252 1.0643 6.5035 -0.61726 -2.0721 1.8002 -2.8289
252.2 1.2022 7.8327 -0.66721 -1.4346 3.2115 -2.9358
252.4 1.2022 8.6377 -0.76097 0.17115 2.2721 -3.0305
252.6 1.3024 9.3261 -0.86437 1.7444 1.8436 -2.6442
252.8 1.2971 9.6905 -1.0506 2.3424 0.42593 -2.5284
253 1.2579 9.3306 -1.458 3.1448 0.9749 -2.3559
253.2 1.0228 8.0121 -2.0759 3.0034 0.51001 -2.4364
253.4 0.73872 5.6009 -2.583 2.8184 1.7713 -1.8331
253.6 0.58591 3.0019 -2.4732 2.4612 2.9177 -1.1416
253.8 0.54269 0.61634 -2.1182 1.2683 2.5442 -0.30405
254 0.58412 -0.7159 -1.6581 -0.30129 1.4692 -0.10186
254.2 0.64353 -0.56403 -1.4426 -4.1386 1.0121 -1.1593
254.4 0.52353 1.3277 -1.2331 -4.7925 0.93693 -2.8514
254.6 0.70393 3.7807 -1.2757 -3.6126 1.8739 -3.7464
254.8 0.86782 6.0074 -1.3366 -2.1527 1.1538 -3.7279
255 1.1449 7.4988 -1.1849 -0.56433 2.1298 -3.3134
255.2 1.2359 8.5535 -1.1811 -0.88378 1.8715 -3.4284
255.4 1.2382 9.2252 -1.1884 0.027239 2.2244 -3.5313
255.6 1.2591 9.8122 -1.5273 -1.0898 2.2957 -4.2015
255.8 1.2453 10.248 -1.4609 0.67212 1.6648 -4.1671
256 1.2737 9.9178 -2.0692 1.3002 2.482 -3.8022
256.2 1.0306 8.5432 -2.8551 3.0576 1.1508 -2.5739
256.4 0.67141 6.0566 -3.5912 2.6491 0.78436 -0.79149
256.6 0.42664 3.2026 -3.4848 2.5729 -0.080848 0.87498
256.8 0.27058 0.53405 -2.8426 1.2481 0.50133 2.26
257 0.29296 -1.8451 -2.0125 -1.3078 1.2694 2.0934
257.2 0.17861 -2.9385 -1.3495 -3.3775 1.1427 1.0395
257.4 0.3143 -2.5 -1.0461 -4.6144 0.31602 0.16434
257.6 0.52366 -0.18574 -1.1033 -4.4934 -0.21641 -1.0779
257.8 0.86764 2.4833 -1.1487 -4.4687 0.50132 -1.7472
258 1.1386 4.7854 -1.1259 -3.8581 1.0459 -2.2462
258.2 1.1871 6.412 -0.77822 -3.202 1.8789 -2.5355
258.4 1.2189 7.7634 -0.73001 -3.3649 1.5169 -3.3353
258.6 1.1766 8.7241 -0.79336 -2.246 0.98917 -3.5598
258.8 1.1854 9.4164 -1.2518 -1.6456 -0.40786 -3.2994
259 1.0348 9.0934 -1.6949 2.3819 -0.27579 -1.8483
259.2 0.91091 7.5793 -2.4117 3.1207 -0.51759 -1.0567
259.4 0.82682 5.0263 -2.8763 4.0613 -0.42292 -0.026644
259.6 0.66964 2.1122 -3.0143 1.8718 -0.70009 0.62323
259.8 0.39564 -0.42896 -2.5521 1.5331 1.3741 0.91756
260 0.092664 -2.6299 -1.9916 1.0575 1.587 1.2219
260.2 0.055598 -3.7298 -1.5829 -1.046 2.2385 1.116
260.4 0.16823 -3.2392 -1.054 -4.2439 0.64561 0.56004
260.6 0.38789 -1.3725 -0.75082 -6.2083 1.1521 -0.81497
260.8 0.50821 1.4551 -0.60157 -6.06 1.7886 -2.2775
261 0.60892 3.8769 -0.63861 -3.7812 2.4425 -3.0401
261.2 0.83998 5.9097 -0.47915 -1.8693 2.0785 -2.7665
261.4 1.0385 7.2573 -0.52456 0.3986 0.70563 -2.5393
261.6 1.2254 8.3146 -0.74911 1.2782 0.5968 -2.2369
261.8 1.2044 9.1657 -1.0845 0.94867 1.9696 -2.3424
262 1.2343 9.7062 -1.1791 -0.11994 3.5944 -2.4984
262.2 1.1952 9.855 -1.3605 0.70295 2.8022 -2.1185
262.4 1.136 9.0699 -1.9569 4.0916 0.93032 -0.74004
262.6 0.92978 7.2468 -2.6238 6.3519 0.99921 -0.079382
262.8 0.7032 4.7611 -2.7861 6.7591 2.3096 0.0030478
263 0.42265 2.1829 -2.5557 3.6187 2.9563 -0.25212
263.2 0.33847 0.090533 -1.8299 0.92907 1.6962 0.36999
263.4 0.2975 -1.0895 -1.2971 -0.94026 0.84787 1.3096
263.6 0.42037 -0.64298 -1.0483 -2.9832 1.5971 0.020715
263.8 0.51373 1.0459 -1.1799 -4.5886 2.7641 -1.4713
264 0.72746 3.3867 -1.2194 -4.8053 3.6171 -3.0614
264.2 0.8789 5.5249 -1.3273 -4.4591 2.936 -3.2744
264.4 1.0214 7.0438 -1.4803 -3.4203 2.1399 -4.0432
264.6 1.1626 7.9393 -1.5218 -2.5721 0.86501 -4.2475
264.8 1.1994 8.4303 -1.4732 -0.97698 -0.054819 -3.7627
265 1.2447 8.8833 -1.3799 -0.10239 0.020643 -2.7595
265.2 1.2362 9.2661 -1.9085 0.22575 -0.29545 -2.5553
265.4 1.2076 9.1874 -2.2795 0.99218 1.3478 -2.8269
265.6 1.1401 8.0442 -2.941 3.0339 1.0481 -1.8291
265.8 0.89487 5.6624 -3.0098 3.5469 2.6041 -0.48346
266 0.64629 2.7367 -3.0523 3.8142 2.6232 1.2118
266.2 0.38465 -0.28541 -2.6616 2.2575 3.6675 2.1663
266.4 0.12597 -2.9914 -1.8852 1.7904 3.1416 2.7249
266.6 -0.011757 -4.9313 -1.3271 -0.36374 2.5197 2.9053
266.8 -0.056173 -5.3905 -0.52679 -2.8372 1.8104 1.3943
267 0.078512 -4.0162 -0.34481 -4.8858 1.0545 0.16336
267.2 0.35134 -1.5854 -0.21494 -5.1334 1.3618 -1.056
267.4 0.62761 1.251 -0.52866 -3.1779 1.5392 -1.6954
267.6 0.83297 3.4625 -0.76798 -1.7624 2.7905 -1.7895
267.8 0.99962 5.1116 -1.0915 -0.42139 1.3389 -2.3391
268 1.1224 6.2908 -1.1908 -0.070499 0.42651 -2.4709
268.2 1.1497 7.231 -1.1765 0.41625 -1.1145 -2.6934
268.4 1.2293 7.8738 -1.2062 0.064179 0.2279 -2.739
268.6 1.2061 7.5741 -1.8894 1.4335 -0.3854 -1.2078
268.8 1.1397 5.5963 -2.4397 1.9225 0.062637 0.3016
269 0.67813 2.4398 -2.5748 2.1116 0.022559 2.1657
269.2 0.34085 -1.2329 -2.1015 1.3472 0.39583 2.6957
269.4 -0.026467 -4.443 -1.3761 0.00076596 1.0521 3.1538
269.6 -0.063672 -7.05 -0.58445 -0.82545 1.9984 3.7951
269.8 -0.18369 -8.4897 0.38479 -3.3813 2.3416 3.4752
270 -0.1289 -7.8786 0.8056 -5.4915 2.8385 2.5145
270.2 0.056212 -5.6102 0.9453 -5.8941 1.0495 0.83585
270.4 0.37707 -2.4012 0.70768 -5.3665 1.8026 -0.59138
270.6 0.67952 0.56383 0.57288 -3.7633 1.0318 -1.7541
270.8 0.76649 3.0146 0.42988 -2.7163 1.3477 -1.9503
271 0.83804 4.8003 0.41204 -1.9728 1.3279 -2.264
271.2 0.97334 6.2275 0.15115 -0.52292 2.0493 -2.6811
271.4 1.0915 7.3236 -0.16685 -0.51136 3.8788 -3.7305
271.6 1.1756 7.7357 -0.67249 2.3003 3.4823 -2.6586
271.8 1.0058 6.6053 -1.1842 4.8041 3.3823 -1.1338
272 0.82225 4.0075 -1.4681 6.6015 2.0489 0.82861
272.2 0.39213 0.57503 -1.5487 4.8653 1.8997 1.378
272.4 0.038496 -2.824 -1.1812 2.0596 1.8613 2.7527
272.6 -0.21344 -5.8432 -0.69771 -0.49626 1.6889 3.4653
272.8 -0.30812 -7.8794 0.2546 -3.5244 2.6032 2.9232
273 -0.20288 -8.176 0.72998 -6.0906 2.9639 1.3116
273.2 -0.040143 -6.4505 1.0184 -6.2795 2.8549 -0.10934
273.4 0.27805 -3.648 0.63758 -5.2618 1.9157 -1.0384
273.6 0.49678 -0.61758 0.64305 -2.934 1.7248 -1.8601
273.8 0.7188 1.9126 0.090127 -2.6012 1.9764 -2.4223
274 0.87894 3.9472 0.10314 -0.80125 3.0921 -2.5906
274.2 0.93778 5.5797 -0.01786 -0.29615 1.8258 -2.8145
274.4 0.95194 6.8412 -0.00017845 -0.40598 1.5402 -3.3148
274.6 0.85856 7.5884 -0.081813 -1.2307 1.107 -3.479
274.8 0.86444 7.4939 -0.39767 1.4296 2.6712 -2.7077
275 0.82407 5.8572 -0.59872 2.8409 4.5676 -1.5369
275.2 0.63753 3.0321 -1.0933 4.3705 4.0278 0.31028
275.4 0.41951 -0.64124 -1.0642 2.0497 4.4132 1.3831
275.6 -0.024366 -4.1128 -0.60434 0.35733 3.5951 2.5129
275.8 -0.25793 -6.4928 0.047615 -1.8358 3.6448 2.3692
276 -0.33665 -7.2105 0.5935 -3.9196 3.6057 2.016
276.2 -0.076166 -5.884 0.80912 -5.7383 3.2054 0.77004
276.4 0.27135 -3.2315 0.94602 -6.0038 3.2399 -0.38155
276.6 0.48818 -0.13297 0.74446 -5.8674 1.1166 -1.9057
276.8 0.72438 2.4307 0.36599 -3.5179 0.065136 -1.8477
277 0.78492 4.3776 0.071 -1.7896 0.57035 -1.648
277.2 0.90346 5.8667 -0.15889 0.60297 -0.23974 -1.2271
277.4 0.95121 7.0579 -0.10619 0.96009 0.025254 -2.1869
277.6 1.0719 7.9201 -0.11799 0.85123 0.79074 -2.5196
277.8 1.0603 8.5431 -0.31326 0.46449 1.2474 -2.2647
278 1.0792 8.2589 -0.7935 2.4554 0.61438 -0.89096
278.2 0.92825 6.4907 -1.4688 4.6952 -1.3315 -0.073741
278.4 0.66251 3.5897 -1.9371 4.6849 -0.78671 0.5992
278.6 0.22164 0.31514 -1.8663 3.6195 0.79682 1.2886
278.8 -0.040199 -2.5876 -1.2632 2.4894 2.0572 2.0954
279 -0.23888 -4.8219 -0.43179 1.2501 2.677 2.8463
279.2 -0.11512 -5.4549 0.20155 -2.1352 2.2415 1.9516
279.4 -0.061385 -4.3019 0.74405 -5.3471 2.1003 0.34128
279.6 0.18234 -1.8241 0.87364 -5.417 1.14 -1.0911
279.8 0.3938 1.0049 0.75314 -3.7888 2.0028 -2.1044
280 0.63819 3.3543 0.20215 -1.9366 1.0744 -2.3258
280.2 0.86251 5.126 -0.021103 -0.54618 0.62625 -2.0861
280.4 1.0453 6.4107 -0.2574 0.031235 -0.92573 -1.8299
280.6 1.1578 7.4346 -0.26107 0.060098 0.67154 -1.9721
280.8 1.2785 8.3143 -0.40822 -0.83578 1.2362 -2.4784
281 1.1861 8.9952 -0.61664 -0.38654 2.1375 -3.0227
281.2 1.0844 9.4374 -0.60066 -0.98423 1.3674 -3.0021
281.4 0.93746 8.8543 -1.2018 1.0326 1.7431 -2.7311
281.6 0.83529 7.3007 -1.5674 1.5363 1.4724 -2.1638
281.8 0.778 4.9724 -2.0268 3.6687 1.2643 -1.3943
282 0.65627 2.807 -1.7755 3.1252 2.457 -0.7087
282.2 0.52582 1.5084 -1.6313 0.99687 2.9936 0.08984
282.4 0.45421 1.2915 -1.3724 -1.2406 2.0406 -0.13644
282.6 0.56141 2.3199 -1.1083 -2.7533 -0.21189 -0.72972
282.8 0.84557 3.938 -1.094 -1.3378 -1.284 -1.9416
283 0.99895 5.7493 -1.1418 -1.507 -1.0857 -2.5333
283.2 0.99564 7.0243 -1.6072 0.069945 -0.50434 -2.92
283.4 0.94584 8.0732 -1.6871 -0.20569 -0.77238 -2.866
283.6 1.0653 8.9032 -1.8351 1.0243 -0.48551 -3.5841
283.8 1.2411 9.6377 -1.7303 0.7758 -0.6717 -3.8225
284 1.3314 10.009 -1.8057 1.3565 0.46081 -3.9462
284.2 1.2786 9.3073 -2.1556 1.4985 1.0158 -2.3596
284.4 1.0736 7.9965 -2.5999 1.0837 1.2143 -1.3343
284.6 0.83714 5.8064 -3.0507 1.0303 -0.079641 0.19659
284.8 0.60985 3.4912 -3.2848 0.53944 -1.0419 0.58559
285 0.5272 1.4558 -3.1083 0.096028 -0.49267 0.85917
285.2 0.55429 0.2209 -2.7425 -0.4151 0.87664 0.25334
285.4 0.65632 0.45606 -2.1547 -1.6409 2.0459 -0.59186
285.6 0.79082 1.9292 -1.7575 -1.9453 2.1859 -1.6872
285.8 0.95669 3.98 -1.6065 -2.9713 1.6469 -2.6481
286 1.0294 5.7734 -1.4703 -2.0634 1.3339 -2.5893
286.2 1.086 7.0767 -1.6317 -2.7048 -0.52286 -2.8085
286.4 1.1535 8.0543 -1.8053 -1.8091 -0.56769 -2.5566
286.6 1.1045 8.8068 -2.1165 -2.2112 -1.8281 -3.4199
286.8 1.144 9.3813 -2.3042 -1.2067 0.72345 -3.9047
287 1.1591 9.7414 -2.2352 0.22156 1.7942 -4.0553
287.2 1.2448 9.8179 -2.2204 2.6474 1.7806 -3.5372
287.4 1.2394 8.9531 -2.5145 4.1905 0.27672 -2.5115
287.6 1.0799 7.0111 -3.1871 5.3493 -2.2021 -1.0233
287.8 0.895 4.3134 -3.4254 4.8791 -1.9942 -0.24122
288 0.65834 1.6823 -3.0511 3.603 -0.72358 0.70181
288.2 0.47708 -0.46435 -2.2813 1.3427 0.90121 0.89719
288.4 0.40512 -1.4851 -1.6669 -0.27731 1.4861 0.75038
288.6 0.42829 -1.3285 -1.2102 -1.3914 1.691 -0.56433
288.8 0.45487 0.27676 -1.2748 -2.2578 1.3231 -2.0771
289 0.69311 2.4686 -1.1463 -3.1742 0.65606 -3.5319
289.2 0.8836 4.7941 -1.4538 -2.8472 -1.1628 -4.1107
289.4 1.1044 6.3934 -1.3236 -2.3008 -2.3087 -3.641
289.6 1.0705 7.5399 -1.6476 -0.68132 -3.0953 -3.0091
289.8 1.0836 8.2345 -1.879 -0.47615 -2.0941 -2.2027
290 1.1912 8.9304 -1.9657 -0.34444 -1.0389 -2.7807
290.2 1.3001 9.5232 -1.9288 -0.71425 -1.239 -3.36
290.4 1.4208 9.8323 -1.8045 0.032344 -0.31251 -4.1159
290.6 1.3078 9.3113 -2.0519 1.0222 0.020648 -3.2089
290.8 1.0645 7.8605 -2.713 1.5693 0.70748 -1.7923
291 0.7935 5.6023 -2.7048 1.7125 0.68882 -0.64178
291.2 0.52521 3.155 -2.8622 1.6374 0.18515 -0.25794
291.4 0.35743 0.82501 -2.2715 1.2764 1.1612 -0.078691
291.6 0.31689 -0.62991 -1.9854 0.65413 -0.66292 0.45488
291.8 0.43314 -0.79818 -1.523 -1.0874 -0.3019 -0.62877
292 0.65988 0.54581 -1.2055 -2.0808 -0.6129 -1.1293
292.2 0.7939 2.6512 -1.3992 -3.0767 0.042812 -2.2504
292.4 0.804 4.6986 -1.5322 -2.1814 -1.6635 -2.1887
292.6 0.88084 6.1988 -1.5562 -0.51606 -1.6375 -2.3714
292.8 1.0455 7.5222 -1.5132 0.47738 -1.6556 -2.6966
293 1.2236 8.4857 -1.5701 1.3461 0.0024805 -2.9897
293.2 1.2921 9.4209 -1.8663 1.5289 0.040121 -3.2186
293.4 1.2039 9.8964 -1.8871 1.9244 1.757 -3.5841
293.6 1.1744 9.8233 -2.0577 3.4509 1.5297 -2.7985
293.8 1.044 8.807 -2.4009 3.9809 0.3028 -1.875
294 0.94186 6.674 -2.8275 4.4359 -0.70079 -0.81879
294.2 0.57894 4.1193 -2.9678 2.9252 -0.73561 -0.35285
294.4 0.26439 1.4413 -2.7759 1.8913 -0.97902 0.25589
294.6 0.11276 -0.26438 -2.2645 -0.20539 -0.20629 0.17165
294.8 0.2205 -0.51114 -1.6996 -1.9618 0.27923 -0.33762
295 0.53893 0.66003 -1.1996 -3.7978 1.5801 -1.6898
295.2 0.71702 2.6804 -1.1103 -3.1905 1.7408 -2.143
295.4 0.89457 4.7672 -1.5171 -2.6905 1.3946 -3.1027
295.6 1.0578 6.7143 -1.8372 -1.4391 1.3979 -3.8198
295.8 1.1847 8.2262 -2.0446 -1.1053 -0.028082 -3.6252
296 1.3904 9.2293 -1.9276 -0.21327 -0.78278 -3.1873
296.2 1.3853 9.7902 -2.0394 0.85391 -1.9101 -2.4404
296.4 1.3958 10.225 -2.2118 2.9483 -2.351 -2.9171
296.6 1.3368 10.525 -2.3639 3.2012 -1.4073 -3.0668
296.8 1.3207 10.88 -2.1024 1.5342 -0.172 -3.5923
297 1.1871 10.82 -2.4851 1.0341 -0.45044 -3.0921
297.2 1.0059 10.111 -2.8721 1.5687 -1.2071 -3.0044
297.4 0.89891 8.5962 -3.4166 4.3034 -1.4102 -1.8079
297.6 0.69973 6.5711 -3.5138 3.7428 0.12167 -1.6546
297.8 0.60428 4.1095 -3.4262 2.7673 1.1846 -0.5915
298 0.21461 1.7664 -3.0446 0.84397 2.3565 0.044532
298.2 0.15309 -0.40198 -2.1326 -0.46055 2.526 0.3053
298.4 0.012468 -1.5203 -1.2289 -1.1572 2.1369 0.85135
298.6 0.13774 -0.95089 -0.79315 -2.8282 1.4145 -0.88648
298.8 0.20057 0.87637 -0.84544 -3.2373 1.4662 -1.7961
299 0.53004 3.1711 -1.3172 -2.8148 1.2847 -1.9945
299.2 0.79371 5.0693 -1.4873 -1.6503 0.66883 -2.1055
299.4 0.95072 6.6115 -1.5958 -1.2829 -0.53532 -2.6378
299.6 1.0303 7.7695 -1.5318 -0.51964 -1.3776 -4.222
299.8 1.1439 8.6233 -1.3394 -0.74753 -0.2851 -4.4435
