33.7044683501237,1,20.8250269156588
33.7044683501237,1,20.8250269156588
33.7044683501237,1,20.8250269156588
33.7044683501237,1,20.8250269156588
33.7044683501238,1,20.8250269156593
33.7044683501237,1,20.8250269156586
33.7044683501237,1,20.8250269156586
33.7044683501237,1,20.8250269156586
33.7044683501238,1,20.8250269156595
33.7044683501237,1,20.8250269156586
29.1032490231886,0,68.6394423302926
23.9627137401642,0,38.2747016268727
23.1541313219803,0,33.4984683916727
19.4807523724028,0,11.8001056399054
18.105064638298,0,3.67402556553827
18.0867709184296,0,3.56596599008128
19.7185707306922,0,13.2048801208467
31.6058349331327,1,9.77571511412748
41.9551704443376,1,64.2650004157608
45.8484296338022,1,200
47.2704008742867,1,200
53.2099910902878,1,200
49.2382783151413,1,200
33.9104090125387,1,21.9093051765568
39.9477661611843,0,132.697158661208
48.315313628997,0,200
40.0392347605264,0,133.237456538493
34.2474430501865,0,99.0257949488035
23.1797425297961,0,33.6497517973131
20.0112702485868,0,14.933833328159
20.5015419410602,0,17.8298299504064
17.8160238643771,0,1.96668427331758
34.7537850586191,1,26.3496828164241
44.4689540855621,1,77.5000795051342
48.2902974881515,1,200
51.65072607486,1,200
50.3725864081255,1,200
40.873164741808,1,58.5682368545349
27.9104984877679,0,61.5939580104954
45.545644440919,0,200
45.0334202846036,0,200
38.4110936922375,0,123.620154322819
25.3676714260584,0,46.5736770219713
21.5881889012442,0,24.2485687325535
19.8941904414289,0,14.2422520452336
19.4331887007449,0,11.5191507437172
31.2331804011436,1,7.81368778488359
40.248804955756,1,55.2809805397486
45.4757751018132,1,200
53.4420829479302,1,200
50.5491069759098,1,200
44.7206593396247,1,78.8253084906754
35.4500606315461,1,30.0155759842221
32.4839284548715,0,88.608851874748
49.7275888028384,0,200
45.7834627992085,0,200
30.4277143416616,0,76.4629555933791
24.9688683329271,0,44.2179782770089
22.0126032021912,0,26.7555508831552
20.0185877365341,0,14.9770571583416
17.9001749757718,0,2.46375832041981
34.2928702427381,1,23.9229648039391
44.3872316004766,1,77.0698103539833
53.3407470664242,1,200
52.6444714934975,1,200
44.5539454700507,1,77.9475594223298
43.511166560362,1,72.4573250536555
22.3748188555858,0,28.895130477204
50.4117739259172,0,200
50.9898554737591,0,200
34.1340219870022,0,98.3558255809691
25.8542843745582,0,49.4480617291277
23.9261263004275,0,38.0585824759593
19.2026878304029,0,10.1576000929589
17.9148099516665,0,2.55020598078536
33.4396874984473,1,19.4309548659333
41.8472967640248,1,63.6970451362419
51.2682648446607,1,200
50.5327624788927,1,200
46.3453023431208,1,200
45.6686401666147,1,200
30.5009469347792,1,3.95847619057966
44.2394728423143,0,158.047935063422
51.8386840756535,0,200
37.6976386173695,0,119.405830879996
28.8178669932413,0,66.9537129531635
25.14082929969,0,45.2337382863039
18.9904806799293,0,8.90410901765758
17.5928404819825,0,0.648357452742125
31.9131114770535,1,11.3935271224511
42.1741867043663,1,65.4181217408426
50.9184926084955,1,200
49.2317405163344,1,200
46.4793272186609,1,200
46.1949329705639,1,200
33.8221487286465,1,21.4446144933145
43.7052962221565,0,154.892595460077
47.2798890844448,0,200
39.8087338901843,0,131.875905887734
31.5107025578719,0,82.8600824604353
26.6775017686368,0,54.3107426246927
19.3417201014028,0,10.9788528664322
18.324589276719,0,4.9707404710224
18.7782735294557,0,7.65061794235622
33.9332913083626,1,22.0297805388788
47.6005597140315,1,200
49.87898259821,1,200
47.0775358094854,1,200
51.2944160398879,1,200
44.9004488068126,1,79.7719006232064
26.6226206090316,0,53.9865638983222
47.0493882141027,0,200
45.0187853087087,0,200
37.4781139789484,0,118.109115974511
30.8850573383721,0,79.1644449798053
21.3759817507705,0,22.9950776572517
19.2026878304029,0,10.1576000929589
20.1722549834288,0,15.8847575921804
17.5013718826404,0,0.108059575457003
33.9725181012035,1,22.2363097314307
43.9655435774365,1,74.84962153405
44.9789023924944,1,80.1849590083097
50.2222170355684,1,200
47.8228448734636,1,200
38.3888011952142,1,45.4880546595753
29.5386395560568,0,71.2112602261695
44.9858566129456,0,162.456765742068
39.640431667395,0,130.88175779353
34.5584362879494,0,100.862807731572
22.9016779877963,0,32.0072462503671
20.4210495736392,0,17.3543678183954
20.527153148876,0,17.9811133560464
17.8233413523245,0,2.00990810350036
29.7719823678181,1,0.120475362322058
33.69139275251,1,20.7561838514748
41.8342211664112,1,63.6282020720582
47.8293826722703,1,200
47.1331070993436,1,200
42.9685292593954,1,69.6003378900196
44.5376009730337,1,77.8615055920996
29.9550407344093,1,1.08427826089822
41.6820108047099,0,142.941206414532
45.062690236393,0,200
34.5255075921863,0,100.66830049575
27.2263133646894,0,57.5525298884039
24.7420262065586,0,42.8780395413413
19.6893007789027,0,13.0319848001153
18.5587488910347,0,6.35390303687221
17.9587148793507,0,2.80954896188215
19.9637065769289,0,14.6528784319706
29.7883268648352,1,0.206529192551953
34.8322386443011,1,26.7627412015286
40.9091226352455,1,58.7575552810407
43.5700067496235,1,72.7671188424839
47.0219645196274,1,200
44.2564756243402,1,76.3813797121438
41.8995991544795,1,63.9724173929782
37.8134749002136,1,42.45895983548
35.026755516581,0,103.629132863272
44.8395068539982,0,161.592289138412
41.3893112868155,0,141.212253207221
27.6543864096102,0,60.0811239540976
23.1834012737697,0,33.6713637124038
21.6540462927704,0,24.6375832041983
18.5807013548768,0,6.48357452742054
18.1014058943244,0,3.65241365044696
29.7719823678181,1,0.120475362322058
19.1953703424555,0,10.1143762627762
32.4590176774234,1,14.2677250521332
42.5795302303894,1,67.5522567305461
43.739989518601,1,73.6620786768761
46.1982018699674,1,200
48.198768304856,1,200
43.7465273174077,1,73.6965002089674
30.7003497983875,1,5.00833291938652
39.5453043240794,0,130.319848001154
41.1295404646839,0,139.677807235731
36.1170612207385,0,110.06948356051
30.317952022451,0,75.8145981406369
22.4187237832701,0,29.1544734583017
19.8649204896394,0,14.0693567245025
20.816193922797,0,19.6884546482672
29.8831249475342,1,0.705641407885946
17.7501664728508,0,1.57766980167237
30.5826694198645,1,4.3887453417298
38.2482385208675,1,44.7479917195977
46.1393616807059,1,200
45.8190095391715,1,200
41.9486326455308,1,64.2305788836686
47.8424582698839,1,200
45.6326822731769,1,200
26.7872640878473,0,54.9591000774349
47.7335733371813,0,200
38.9818577521322,0,126.991613077078
35.0560254683705,0,103.802028184003
30.1459910556882,0,74.7988381313422
20.6003280283496,0,18.413351657874
19.2100053183502,0,10.2008239231417
18.4014229001663,0,5.42459068794186
19.605149667508,0,12.5349107530131
29.945234036199,1,1.03264596275986
30.958592851257,1,6.36798343701972
37.9213485805261,1,43.0269151149972
45.2959856346255,1,200
46.3289578461038,1,200
43.7596029150216,1,73.7653432731529
41.8701790598488,1,63.8175204985643
41.7721120777464,1,63.3011975171843
24.9359396371638,0,44.0234710411854
46.6688788408397,0,200
38.3818237404482,0,123.447259002088
32.4509997591082,0,88.4143446389245
24.7603199264271,0,42.9860991167986
24.4090805049535,0,40.911355268024
18.7672972975346,0,7.58578219708212
17.8526113041139,0,2.18280342423159
19.9380953691131,0,14.5015950263307
29.9158139415683,1,0.877749068345926
30.1805947932447,1,2.27182111807187
38.2515074202709,1,44.7652024856436
41.8832546574626,1,63.8863635627489
46.2897310532628,1,200
46.5250918103087,1,200
40.7816355585124,1,58.086335405247
41.0496853095922,1,59.4976182210184
31.2822138921949,1,8.07184927557402
44.0419006677355,0,156.880891648487
43.7089549661301,0,154.914207375168
32.0375616900822,0,85.9721982335971
26.3262623471634,0,52.2359987759189
21.899182139007,0,26.0855815153216
22.2357865845859,0,28.0738777037311
17.8928574878244,0,2.42053449023704
29.8112091606591,1,0.327004554874011
18.8953533366135,0,8.34219922528112
38.9314384961808,1,48.3450418232115
45.7765138469271,1,200
46.6852678810758,1,200
43.8445942995103,1,74.2128231903484
47.7443912877815,1,200
42.7723952951908,1,68.5676919272603
30.9582322178457,0,79.5966832816331
45.3700247301823,0,200
40.7087849077103,0,137.192437000219
32.9046840118449,0,91.0942221102586
28.2690553971889,0,63.7119256894531
20.1649374954814,0,15.8415337619976
18.6977811620346,0,7.17515581034544
19.1002429991398,0,9.55246647039971
19.2026878304029,0,10.1576000929588
30.1805947932447,1,2.27182111807187
37.483316060469,1,40.7206724648341
43.9165100863852,1,74.5914600433595
47.9307185537761,1,200
48.2576084941175,1,200
42.8573866796794,1,69.0151718444559
40.6345350853587,1,57.3118509331764
20.0624926642182,0,15.2364001394374
47.1847617411289,0,200
46.8664510154186,0,200
31.5875361813191,0,83.313932677354
25.2981552905584,0,46.1630506352345
22.2796915122702,0,28.3332206848282
20.1905487032972,0,15.9928171676373
17.9989610630612,0,3.04728002788772
29.8046713618523,1,0.292583022782038
19.6563720831395,0,12.8374775642927
32.8349411088159,1,16.2469631474231
42.409547461412,1,66.6572968961543
42.3180182781165,1,66.1753954468667
45.7340181546827,1,200
47.4011568504233,1,200
43.4817464657313,1,72.3024281592417
37.3689045813495,1,40.1182956532243
30.7570012992933,0,78.4080279516071
42.0332502261835,0,145.015950263307
42.6662129336307,0,148.75481157412
32.5497858463977,0,88.9978663463927
23.3663384724539,0,34.7519594669742
21.1747508322179,0,21.8064223272246
21.4381803983231,0,23.3624802138055
17.574546762114,0,0.540297877285003
30.0236876218809,1,1.44570434786396
18.1123821262454,0,3.71724939572116
37.4146691729972,1,40.3592463778676
44.5800966652781,1,78.0852455506979
44.6356679551361,1,78.3778285734798
41.8930613556728,1,63.9379958608868
41.3471551553027,1,61.0637979312043
28.6715172342939,0,66.0892363495068
42.3113147681835,0,146.658455810254
34.0535296195814,0,97.8803634489594
24.7200737427166,0,42.7483680507931
21.3430530550073,0,22.8005704214287
21.8296660035071,0,25.6749551285854
17.6404041536403,0,0.92931234893035
30.1740569944379,1,2.23739958597989
36.0221180271434,1,33.0274600422722
43.2071589158447,1,70.8567238113784
50.1895280415344,1,200
48.8231280909078,1,200
44.2957024171811,1,76.5879089046955
41.8832546574624,1,63.8863635627479
26.4945645699527,0,53.2301468701227
44.4004575771563,0,158.998859327444
41.4185812386048,0,141.385148527951
32.2168401447927,0,87.0311820730762
27.5116953946364,0,59.2382592655319
25.6237835042162,0,48.0865110783695
18.8916945926398,0,8.3205873101898
18.105064638298,0,3.67402556553828
30.7853411828761,1,5.45581283658173
37.7186768175147,1,41.9598476201459
46.7277635733202,1,200
50.0032007755398,1,200
51.6899528677009,1,200
49.2252027175277,1,200
35.0218348096991,1,27.7609656321965
42.9003725479464,0,150.137974139969
43.229659505578,0,152.083046498196
38.9562465443163,0,126.840329671438
32.7290643011082,0,90.0568501858717
28.7446921137676,0,66.5214746513349
20.1905487032972,0,15.9928171676375
19.0380443515871,0,9.18506391384581
19.3673313092186,0,11.1301362720719
18.5989950747452,0,6.59163410287754
34.0901984797264,1,22.8558973090867
44.2009043344822,1,76.0887966893618
46.3453023431209,1,200
51.8207088438373,1,200
51.0067528923877,1,200
41.958439343741,1,64.2822111818066
24.5481127759535,0,41.7326080414972
41.6234709011311,0,142.59541577307
45.4285646337613,0,200
40.6795149559208,0,137.019541679488
26.479929594058,0,53.1436992097576
21.9357695787439,0,26.3017006662357
20.3954383658235,0,17.2030844127559
20.746677787297,0,19.2778282615305
30.190401491455,1,2.32345341620987
35.6919591873987,1,31.2891726716262
42.0597752252467,1,64.8157449292321
51.0132906911944,1,200
50.7811988335522,1,200
44.9723645936875,1,80.1505374762174
43.2431168092822,1,71.0460422378841
26.1433251484792,0,51.1554030213489
43.4930890716829,0,153.639104384776
47.4774612590236,0,200
31.8509657474243,0,84.869990563935
27.1092335575314,0,56.8609486054785
22.7626457167963,0,31.185993476893
22.3418901598227,0,28.7006232413818
18.1453108220085,0,3.91175663154372
30.5172914317962,1,4.04453002080974
35.7344548796431,1,31.5129126302243
48.1366592161912,1,200
49.1827070252831,1,200
46.812754957809,1,200
43.6648048323225,1,73.2662310578183
41.8276833676044,1,63.5937805399661
33.4608130958447,0,94.3792332041518
47.6201522739972,0,200
39.7611702185266,0,131.594950991547
32.0961015936612,0,86.3179888750598
25.8506256305844,0,49.4264498140357
23.1285201141645,0,33.3471849860331
18.4709390356663,0,5.83521707467853
17.7794364246403,0,1.75056512240359
18.0977471503507,0,3.6308017353555
42.3049426805028,1,66.1065523826825
49.1042534396013,1,200
47.113493702923,1,200
45.8778497284329,1,200
46.7277635733202,1,200
40.422056624137,1,56.1931511401869
30.8557873865826,0,78.991549659074
43.9065271407091,0,156.081250790104
42.2088699369202,0,146.053322187694
36.4280544585016,0,111.90649634328
29.9667126009777,0,73.7398542918632
21.1235284165863,0,21.5038555159449
19.3417201014028,0,10.9788528664322
20.0771276401131,0,15.322847799804
17.6294279217193,0,0.864476603656013
31.4587344599791,1,9.00123064205749
42.5599168339689,1,67.4489921342699
43.8184431042829,1,74.0751370619804
50.4281576979834,1,200
49.3134630014197,1,200
41.9878594383719,1,64.4371080762213
40.366485334279,1,55.9005681174051
34.8072308781602,0,102.332417957789
48.337266092839,0,200
44.8065781582351,0,161.397781902589
29.6227906674514,0,71.7083342732713
24.0212536437431,0,38.6204922683353
23.0955914184014,0,33.1526777502105
18.9904806799293,0,8.90410901765758
29.8438981546932,1,0.499112215333992
33.7731152375954,1,21.1864530026248
41.3634996523198,1,61.1498517614343
49.2905807055959,1,200
51.6016925838087,1,200
46.5054784138882,1,200
45.9791856099386,1,200
31.8706157848092,1,11.1697871638538
45.3992946819718,0,200
49.0470624237335,0,200
35.3414074983177,0,105.487757561133
29.5679095078463,0,71.3841555469008
25.1518055316111,0,45.2985740315782
22.5467798223489,0,29.9108904865002
18.3282480206927,0,4.99235238611386
29.9256206397785,1,0.929381366483943
31.9163803764569,1,11.4107378884974
45.649026770194,1,200
47.5874841164177,1,200
47.2148295844287,1,200
44.5343320736303,1,77.844294826054
46.8748640464739,1,200
34.6164912836758,1,25.6268306424924
37.6976386173695,0,119.405830879996
39.9221549533687,0,132.545875255568
38.8501429690794,0,126.213584133786
33.6620440143975,0,95.5678885341802
30.8960335702931,0,79.2292807250794
21.5662364374019,0,24.118897242004
19.0965842551661,0,9.53085455530826
19.2392752701397,0,10.3737192438729
29.7817890660284,1,0.172107660459981
40.0167130981138,1,54.059016150483
44.8710287121818,1,79.6170037287917
44.769692830676,1,79.0834699813659
49.7939912137214,1,200
48.388364470254,1,200
39.9578729088524,1,53.7492223616553
32.8168741564766,0,90.5755361480657
43.3613742886305,0,152.861075441487
41.8356780516046,0,143.84890684837
36.7427064402383,0,113.76512104114
25.3530364501636,0,46.487229361605
21.3979342146126,0,23.1247491478003
19.1807353665608,0,10.0279286024105
20.6222804921918,0,18.5430231484229
31.0108952417116,1,6.64335569375573
40.8895092388251,1,58.6542906847651
42.386665165588,1,66.5368215338321
48.966959664658,1,200
51.3794074243765,1,200
47.3161654659345,1,200
36.4732261448144,1,35.4025457566205
32.5534445903715,0,89.0194782614848
44.1040993152881,0,157.248294205041
42.69548288542,0,148.92770689485
35.6194720403177,0,107.13026310808
24.5481127759535,0,41.7326080414972
21.3247593351388,0,22.6925108459714
21.5296489976651,0,23.9027780910906
18.1965332376401,0,4.21432344282339
29.8635115511137,1,0.602376811610016
35.1362462888185,1,28.3633424438064
39.4969580929712,1,51.3225043491694
50.6962074490634,1,200
48.9506151676409,1,200
41.8963302550761,1,63.9552066269325
45.1521540608753,1,200
46.8160238572124,1,200
38.1926672310094,1,44.4554086968151
47.9567567195759,0,200
47.4481913072341,0,200
39.3257796856583,0,129.02313309567
36.6731903047381,0,113.354494654402
28.1190468942679,0,62.8258371707058
22.1187067774281,0,27.3822964208062
19.7441819385079,0,13.3561635264863
20.6222804921918,0,18.5430231484228
29.9681163320229,1,1.15312132508192
17.7318727529824,0,1.46961022621537
29.8994694445512,1,0.791695238115936
33.5671745751804,1,20.102174741727
46.0282191009899,1,200
49.4115299835221,1,200
43.8772832935443,1,74.3849308508079
48.8394725879249,1,200
45.4300105101654,1,200
24.994479540743,0,44.3692616826494
48.187257589918,0,200
39.4721294446056,0,129.887609699325
33.0656687466869,0,92.0451463742804
29.2971624537937,0,69.7848738301367
24.7749549023218,0,43.0725467771641
19.5868559476396,0,12.4268511775561
29.8635115511137,1,0.602376811609921
35.116632892398,1,28.2600778475305
49.3134630014197,1,200
53.8245441781294,1,200
50.3562419111083,1,200
44.3055091153915,1,76.6395412028343
43.6451914359019,1,73.1629664615416
35.3779949380546,0,105.703876712047
48.4470284120493,0,200
37.7415435450538,0,119.665173861093
31.6424173409243,0,83.6381114037246
25.4079176097689,0,46.8114080879767
21.9064996269545,0,26.128805345505
33.0278061736172,1,17.2623983441366
52.4058418370482,1,200
54.4129460707437,1,200
52.6706226887248,1,200
50.7158208454838,1,200
57.5085938057756,1,200
56.8025115346384,1,200
35.7704127730806,1,31.7022310567305
62.4380653674126,0,200
55.6657302721257,0,200
44.437045016893,0,159.214978478357
36.2560934917385,0,110.890736333984
33.5522816951867,0,94.9195310814368
32.8022391805818,0,90.4890884876995
26.2128412839792,0,51.5660294080857
24.6908037909271,0,42.5754727300617
22.2467628165068,0,28.1387134490046
21.8333247474809,0,25.6965670436772
31.9981028615422,1,11.8410070396473
47.4567281402812,1,200
46.9729310285763,1,200
52.8732944517363,1,200
46.7898726619851,1,200
20.1685962394553,0,15.8631456770899
51.1069352809168,0,200
41.1917391122365,0,140.045209792284
32.5388096144766,0,88.9330306011185
26.5274932657159,0,53.4246541059461
21.4454978862704,0,23.4057040439882
18.8038847372715,0,7.80190134799612
30.2002081896652,1,2.37508571434789
35.7638749742737,1,31.6678095246381
49.4932524686075,1,200
48.3850955708506,1,200
46.7473769697407,1,200
46.3256889467005,1,200
37.6238787348155,1,41.4607354048111
40.3063230706052,0,134.815126340164
50.5142187571803,0,200
35.6341070162123,0,107.216710768445
29.0117804238465,0,68.0991444530076
23.007781563033,0,32.6339917880168
22.8065506444804,0,31.4453364579897
18.1562870539296,0,3.97659237681794
30.8964837625921,1,6.04097888214561
37.3787112795596,1,40.1699279513615
46.4335626270131,1,200
48.9898419604818,1,200
45.1684985578924,1,200
41.4158020427745,1,61.4252240181708
32.8839745998672,1,16.5051246381135
41.071000561105,0,139.332016594268
41.1588104164734,0,139.850702556462
37.1524857652907,0,116.185655531377
25.1591230195584,0,45.3417978617609
21.6138001090599,0,24.3998521381932
21.0686472569811,0,21.1796767895739
19.6380783632711,0,12.7294179888358
17.6660153614561,0,1.08059575457013
17.5013718826404,0,0.108059575457003
19.7332057065869,0,13.2913277812121
33.2533602324527,1,18.4499412013109
40.7326020674612,1,57.8281739145567
43.6026957436577,1,72.9392265029443
44.8089196235169,1,79.2899991739176
49.3101941020164,1,200
48.2935663875549,1,200
38.6045485558395,1,46.6239652186113
39.8782500256843,0,132.286532274471
43.4784540957883,0,153.552656724411
38.9964927280268,0,127.078060737443
33.7205839179762,0,95.9136791756417
24.0175948997695,0,38.5988803532441
20.2820173026393,0,16.5331150449224
18.8294959450872,0,7.95318475363603
20.2893347905867,0,16.5763388751053
30.0531077165116,1,1.60060124227791
29.7752512672215,1,0.137686128367997
33.9267535095558,1,21.9953590067868
40.7849044579158,1,58.1035461712926
46.9042841411046,1,200
46.9435109339455,1,200
42.7168240053328,1,68.2751089044785
42.8083531886283,1,68.7570103537664
34.9074233305795,1,27.1585888205861
40.2111957272895,0,134.253216547788
47.7591845449972,0,200
33.2888521290816,0,93.3634731948558
26.0811265009267,0,50.7880004647953
23.7322128698221,0,36.913150976114
21.7784435878756,0,25.3723883173058
18.4380103399032,0,5.64070983885599
18.0062785510086,0,3.09050385807049
19.846626769771,0,13.9612971490455
30.4257622485007,1,3.56262857152178
36.7510825941044,1,36.86546087053
43.328108193771,1,71.4935221550804
41.6903895926611,1,62.8709283660343
47.2507874778663,1,200
44.4329961921245,1,77.3107610786282
39.6440585661247,1,52.0969888212391
35.3487247500403,1,29.4820422367963
40.1563145676843,0,133.929037821418
42.6954828854202,0,148.927706894851
38.9599052882899,0,126.861941586529
26.179912588216,0,51.3715221722622
22.5797085181122,0,30.1053977223233
20.8344876426654,0,19.7965142237242
20.1612787515078,0,15.8199218469062
30.0204187224775,1,1.42849358181792
37.9180796811228,1,43.0097043489519
42.5304967393382,1,67.2940952398562
48.0941635239467,1,200
48.2739529911345,1,200
44.5441387718405,1,77.8959271241919
36.1594118020868,1,33.7503122162044
36.5634279855278,0,112.706137201661
44.5687597999456,0,159.993007421648
39.3404146615532,0,129.109580756036
27.5556003223207,0,59.4976022466295
22.3638426236647,0,28.8302947319298
19.9893177847447,0,14.8041618376102
20.9222974980338,0,20.3152001859179
17.6623566174824,0,1.05898383947868
31.7725488027067,1,10.6534641824734
39.0883456675447,1,49.1711585934198
47.1167626023263,1,200
49.3330763978402,1,200
46.0216813021831,1,200
40.9745006233137,1,59.1017706019606
35.1395151882219,1,28.3805532098524
40.1416795917895,0,133.842590161052
47.8652881202339,0,200
35.9816876937123,0,109.269842702129
26.6921367445314,0,54.3971902850578
22.5321448464543,0,29.8244428261349
22.1406592412702,0,27.5119679113548
17.7721189366929,0,1.7073412922207
17.5708880181403,0,0.518685962193676
17.955056135377,0,2.78793704679081
18.8990120805872,0,8.36381114037258
36.5909065233372,1,36.0221333342761
43.5994268442542,1,72.922015736898
41.4877178296496,1,61.8038608711827
44.5833655646814,1,78.1024563167436
45.6294133737736,1,200
41.4582977350187,1,61.648963976768
20.6515504439813,0,18.7159184691541
39.5489630680528,0,130.341459916244
40.6539037481052,0,136.868258273848
35.6743531999228,0,107.45444183445
24.4310329687956,0,41.0410267585725
21.6503875487967,0,24.6159712891068
19.5246573000869,0,12.0594486210022
20.9881548895601,0,20.7042146575631
17.6806503373508,0,1.16704341493568
30.0531077165116,1,1.6006012422779
30.0727211129321,1,1.70386583855392
41.8767168586557,1,63.8519420306569
43.694224926953,1,73.4211279522312
44.3087780147948,1,76.65675196888
41.3242728594789,1,60.9433225688828
44.0047703702774,1,75.0561507266017
39.99383080229,1,53.9385407881614
36.8524687594486,0,114.413478493881
41.5246848138417,0,142.011894065602
34.7413734866338,0,101.943403486143
28.7776208095308,0,66.7159818871581
26.3591910429264,0,52.430506011741
19.7624756583763,0,13.4642231019434
18.5002089874558,0,6.00811239540964
18.8368134330346,0,7.9964085838188
33.0310750730207,1,17.2796091101831
44.1976354350787,1,76.0715859233157
44.6323990557327,1,78.3606178074341
43.0894785373218,1,70.2371362337222
47.708433394344,1,200
45.783051645734,1,200
33.5769812733906,1,20.1538070398647
45.4688108174716,0,200
40.4051091578946,0,135.398648047633
36.274387211607,0,110.998795909441
31.6314411090032,0,83.5732756584505
22.8138681324279,0,31.488560288173
20.0222464805078,0,14.998669073433
18.5697251229557,0,6.41873878214631
20.4686132452971,0,17.6353227145839
29.8144780600625,1,0.344215320919951
32.6420760440146,1,15.2315279507092
39.3727399156415,1,50.6684952394211
44.2270555297095,1,76.2264828177301
48.2347261982936,1,200
46.7212257745133,1,200
42.7789330939977,1,68.6021134593526
41.5596336165247,1,62.1824977241947
32.8607790841607,0,90.8348791291621
49.3361031976545,0,200
42.8381739003938,0,149.770571583416
28.9166530805306,0,67.5372346606304
23.2858461050329,0,34.2764973349635
22.868749292033,0,31.8127390145436
18.4599628037453,0,5.77038132940432
30.1740569944379,1,2.23739958597989
39.464269098937,1,51.1503966887089
43.1548565253902,1,70.5813515546429
48.1628104114183,1,200
48.989841960482,1,200
43.5013598621517,1,72.4056927555176
41.7786498765533,1,63.3356190492765
28.1849042857941,0,63.2148516423504
46.0249399014714,0,200
46.0505511092873,0,200
31.0314070973195,0,80.0289215834621
25.4993862091109,0,47.3517059652612
22.1735879370333,0,27.7064751471773
20.8125351788233,0,19.6668427331757
17.6221104337719,0,0.821252773473228
33.8352243262602,1,21.5134575574988
42.5501101357588,1,67.3973598361327
49.4965213680108,1,200
49.3526897942606,1,200
46.1197482842855,1,200
42.7298996029465,1,68.343951968663
17.494054394693,0,0.0648357452741518
44.8870705256561,0,161.8732440346
47.1225630935763,0,200
34.9169931973707,0,102.980775410531
28.484921291636,0,64.9870286798446
22.5577560542701,0,29.9757262317749
22.5687322861911,0,30.0405619770487
18.1489695659822,0,3.93336854663506
17.6184516897982,0,0.799640858381901
19.2319577821923,0,10.3304954136902
36.787040487542,1,37.054779297036
44.3610804052494,1,76.932124225616
45.103120569824,1,200
43.4229062764699,1,71.9926343704142
48.0745501275263,1,200
44.5408698724372,1,77.8787163581462
21.1454808804285,0,21.6335270064936
37.5439713704748,0,118.498130446157
39.7392177546843,0,131.465279500997
36.9110086630276,0,114.759269135344
32.4839284548715,0,88.6088518747481
22.2321278406123,0,28.05226578864
20.4759307332445,0,17.6785465447667
19.846626769771,0,13.9612971490457
19.8246743059289,0,13.8316256584972
29.7850579654318,1,0.189318426506014
35.4010271404949,1,29.7574144935324
40.4416700205574,1,56.2964157364626
45.9170765212739,1,200
47.5711396194006,1,200
44.4068449968972,1,77.1730749502601
41.0496853095922,1,59.4976182210184
33.6717793560896,1,20.6529192551991
37.7964247046587,0,119.989352587463
47.4811200029974,0,200
33.7132664300288,0,95.8704553454586
27.6726801294786,0,60.1891835295548
23.3773147043749,0,34.8167952122481
23.1431550900592,0,33.4336326463987
18.3502004845348,0,5.1220238766623
17.6074754578772,0,0.734805113107683
18.9099883125082,0,8.42864688564668
37.9638442727706,1,43.2506550735957
46.3714535383482,1,200
47.9993654412478,1,200
48.0647434293161,1,200
49.3428830960504,1,200
43.6713426311294,1,73.3006525899106
28.4117464121626,0,64.554790378018
50.4447026216803,0,200
44.0053132279986,0,156.664772497573
33.4644718398185,0,94.4008451192439
29.8789027456092,0,73.2211683296692
20.2088424231656,0,16.1008767430944
19.1843941105345,0,10.0495405175019
19.0673143033766,0,9.35795923457703
19.3417201014028,0,10.9788528664322
35.678883589785,1,31.2203296074423
45.3907837173245,1,200
44.8089196235169,1,79.2899991739176
50.1731835445173,1,200
49.6370840423576,1,200
41.2425503743935,1,60.513053417732
17.8672462800087,0,2.26925108459721
40.3355930223946,0,134.988021660896
45.9298125581557,0,200
41.0892942809734,0,139.440076169725
27.7165850571628,0,60.4485265106513
22.568732286191,0,30.0405619770484
21.2918306393757,0,22.4980036101493
20.6442329560339,0,18.6726946389713
29.7556378708011,1,0.034421532091973
35.9926979325127,1,32.8725631478583
42.3180182781164,1,66.1753954468663
50.3268218164777,1,200
50.8923414132682,1,200
46.4564449228369,1,200
43.1025541349356,1,70.3059792979067
18.3136130447981,0,4.9059047257494
45.0553727484454,0,200
49.7019775950228,0,200
33.8998623726867,0,96.9726630151207
28.4922387795834,0,65.0302525100278
23.9663724841379,0,38.2963135419644
22.9236304516383,0,32.1369177409146
18.2258031894296,0,4.38721876355463
17.7208965210613,0,1.40477448094114
33.2402846348391,1,18.381098137127
47.8359204710772,1,200
51.0198284900013,1,200
49.078102244374,1,200
45.3940526167279,1,200
46.0968659884615,1,200
19.096584255166,0,9.53085455530771
46.4237429946029,0,200
45.3407547783928,0,200
37.8000834486325,0,120.010964502555
30.0801336641618,0,74.4098236596963
27.0214237021631,0,56.3422626432854
20.4320258055603,0,17.4192035636699
18.6648524662715,0,6.9806485745229
19.316108893587,0,10.8275694607923
30.9520550524501,1,6.33356190492765
40.3403341390516,1,55.7628819890367
47.5482573235769,1,200
46.44010042582,1,200
50.2614438284095,1,200
47.4894171343153,1,200
36.8654940732239,1,37.4678376821401
35.926806534107,0,108.945663975757
44.6090059836563,0,160.230738487654
40.7124436516839,0,137.21404891531
35.8902190943703,0,108.729544824844
23.9883249479799,0,38.4259850325124
21.5333077416388,0,23.9243900061819
19.4990460922712,0,11.9081652153624
20.7576540192181,0,19.3426640068047
17.6001579699298,0,0.691581282924904
30.8376435733307,1,5.73118509331773
36.5909065233372,1,36.0221333342761
45.5869176815291,1,200
49.1532869306526,1,200
46.472789419854,1,200
43.1254364307594,1,70.4264546602282
44.9462133984602,1,80.0128513478494
20.1685962394551,0,15.8631456770887
45.523691977077,0,200
45.6554067601295,0,200
33.6071628547921,0,95.2437098078085
28.6239535626361,0,65.8082814533189
26.1250314286107,0,51.0473434458913
19.2026878304029,0,10.1576000929589
18.4892327555347,0,5.94327665013554
18.3026368128769,0,4.84106898047395
30.7624588870522,1,5.33533747425967
42.3670517691677,1,66.4335569375567
48.3850955708504,1,200
46.8029482595988,1,200
50.4575777926141,1,200
48.3654821744302,1,200
38.2678519172878,1,44.8512563158727
40.1563145676841,0,133.929037821417
46.1932421242609,0,200
40.6136575643946,0,136.630527207843
35.8353379347649,0,108.405366098472
24.657875095164,0,42.3809654942395
21.5881889012441,0,24.2485687325529
19.5649034837975,0,12.2971796870076
20.9515674498233,0,20.4880955066491
17.5123481145614,0,0.172895320731221
29.9190828409717,1,0.894959834391955
33.9300224089592,1,22.0125697728328
45.8353540361886,1,200
46.8029482595988,1,200
46.7571836679509,1,200
44.2695512219538,1,76.4502227763274
45.3973215161314,1,200
34.1294252725673,1,23.0624265016384
46.0651860851821,0,200
41.993004042473,0,144.778219197301
37.6317812258431,0,119.01681640835
29.2678925020042,0,69.6119785094054
27.1202097894525,0,56.9257843507529
19.7514994264553,0,13.3993873566692
18.5221614512979,0,6.13778388595821
20.0807863840867,0,15.3444597148954
17.494054394693,0,0.0648357452742244
32.9199324933046,1,16.6944430646191
42.6122192244235,1,67.7243643910062
42.2068756984005,1,65.590229401303
47.7770802818157,1,200
47.2115606850252,1,200
41.7753809771499,1,63.3184082832309
47.1592582945707,1,200
30.3669220592394,1,3.25283478269448
46.6139976812345,0,200
49.3800081253386,0,200
35.5170272090546,0,106.525129485521
28.5068737554782,0,65.116700170394
25.6859821517687,0,48.4539136349226
20.9296149859811,0,20.3584240161005
18.6575349783241,0,6.93742474434
29.7915957642386,1,0.223739958597993
31.6483306253771,1,9.99945507272537
45.7405559534895,1,200
50.4739222896314,1,200
47.7018955955373,1,200
51.4055586196039,1,200
46.021681302183,1,200
21.7199036842965,0,25.0265976758428
44.9785391249982,0,162.413541911885
43.5735814391042,0,154.114566516788
38.4769510837637,0,124.009168794463
32.465634735003,0,88.5007922992908
24.9432571251113,0,44.0666948713691
20.4064145977445,0,17.26792015803
18.8953533366135,0,8.34219922528125
20.4393432935077,0,17.4624273938527
30.2328971836993,1,2.54719337480787
36.5287974346724,1,35.695128779402
42.0663130240536,1,64.8501664613242
46.891208543491,1,200
49.022530954516,1,200
44.1943665356753,1,76.0543751572697
34.8976166323693,1,27.1069565224483
29.8203628420304,0,72.8753776882075
35.1840815074492,0,104.558445212202
37.0939458617119,0,115.839864889915
29.6923068029515,0,72.1189606600081
24.9578921010058,0,44.1531425317336
23.1907187617171,0,33.7145875425871
23.168766297875,0,33.5849160520386
18.1196996141928,0,3.76047322590395
17.9148099516665,0,2.55020598078537
17.5489355542982,0,0.389014471645228
40.3664853342789,1,55.9005681174047
43.945930181016,1,74.7463569377742
43.97861917505,1,74.9184645982336
42.5926058280031,1,67.6210997947303
45.1750363566992,1,200
42.092464219281,1,64.9878525896927
18.1014058943245,0,3.65241365044804
33.859616188976,0,96.7349319491141
34.5913649837127,0,101.057314967395
28.6861522101888,0,66.175684009873
29.9374426491882,0,73.5669589711318
24.529819056085,0,41.62454846604
20.4393432935077,0,17.4624273938527
22.7845981806384,0,31.3156649674417
17.6952853132456,0,1.25349107530136
31.4816167558031,1,9.12170600437991
38.6862710409248,1,47.0542343697613
38.3103476095322,1,45.074996274471
42.1676489055594,1,65.3837002087503
42.0434307282299,1,64.7296910990031
39.1602614544196,1,49.5497954464308
39.3956222114655,1,50.7889706017437
20.4466607814551,0,17.5056512240359
35.1584702996336,0,104.407161806563
37.7232498251853,0,119.557114285636
30.2191659351618,0,75.2310764331699
27.1860671809786,0,57.3147988223973
27.2775357803209,0,57.8550966996835
19.7185707306921,0,13.2048801208462
18.635582514482,0,6.80775325379154
18.1270171021401,0,3.80369705608673
33.5835190721974,1,20.1882285719569
44.4460717897381,1,77.3796041428118
44.7566172330623,1,79.0146269171814
41.3994575457574,1,61.3391701879405
46.0739836926377,1,200
43.1025541349356,1,70.3059792979067
24.9652095889533,0,44.1963663619168
43.3394218247885,0,152.731403950938
35.4584873054754,0,106.179338844057
34.0279184117657,0,97.7290800433202
31.8326720275558,0,84.7619309884778
21.5259902536914,0,23.881166175999
20.2088424231656,0,16.1008767430945
19.9820002967973,0,14.7609380074276
19.9783415528236,0,14.7393260923361
33.5867879716009,1,20.205439338003
44.1878287368686,1,76.0199536251781
42.6514460172644,1,67.9308935835578
45.838622935592,1,200
47.6038286134349,1,200
40.5920393931145,1,57.088110974579
35.8880931516035,1,32.3218186343865
31.693639756556,0,83.9406782150053
41.3637000789996,0,141.06096980158
40.2551006549736,0,134.512559528885
29.3849723091622,0,70.3035597923308
25.4920687211636,0,47.3084821350789
23.9114913245326,0,37.9721348155931
20.8820513143233,0,20.0774691199124
18.5697251229558,0,6.41873878214644
17.9623736233244,0,2.83116087697359
17.794071400535,0,1.83701278276914
41.0889121024332,1,59.7041474135708
44.6225923575225,1,78.3089855092959
42.1676489055594,1,65.3837002087504
46.7539147685475,1,200
46.377991337155,1,200
39.8369236309262,1,53.1124240179537
29.3666785892937,0,70.1955002168735
38.4367049000534,0,123.771437728459
39.5672567879214,0,130.449519491703
36.6475790969224,0,113.203211248763
25.3676714260583,0,46.5736770219707
22.1113892894807,0,27.3390725906234
20.1759137274025,0,15.9063695072718
20.9991311214811,0,20.7690504028372
17.5525942982719,0,0.410626386736673
34.0705850833059,1,22.7526327128108
39.2223705430844,1,49.876800001305
46.1524372783197,1,200
47.3946190516165,1,200
44.3806938016699,1,77.035388821892
42.2330268936276,1,65.7279155296701
37.3525600843324,1,40.0322418229941
34.0864583153447,0,98.0748706847829
44.5907122637877,0,160.122678912196
34.1449982189234,0,98.4206613262444
30.0691574322409,0,74.3449879144234
27.943427183531,0,61.7884652463176
22.6126372138752,0,30.2999049581455
19.5429510199554,0,12.1675081964593
18.3648354604295,0,5.20847153702786
20.296652278534,0,16.619562705288
30.5270981300065,1,4.09616231894776
40.0134441987104,1,54.0418053844371
40.7652910614954,1,58.000281575017
44.2335933285162,1,76.2609043498214
45.8516985332057,1,200
43.9459301810158,1,74.7463569377733
38.3364988047597,1,45.21268240284
35.6298500987338,1,30.9621681167521
36.2853634435278,0,111.063631654714
44.993174100893,0,162.499989572252
33.8632749329498,0,96.7565438642063
28.012943319031,0,62.1990916330545
24.8225185739797,0,43.3535016733526
24.4932316163482,0,41.4084293151261
18.7197336258767,0,7.30482730089377
18.0684771985612,0,3.45790641462428
20.0954213599815,0,15.430907375261
34.2863324439312,1,23.8885432718467
42.687403910702,1,68.1202120100639
42.2493713906447,1,65.8139693599003
40.1082422814095,1,54.5409175997716
47.0644602118717,1,200
46.7964104607919,1,200
39.8826882225738,1,53.3533747425967
27.7056088252416,0,60.3836907653761
42.6991416293938,0,148.949318809942
39.3440734055268,0,129.131192671127
35.0889541641336,0,103.996535419826
25.199369203269,0,45.5795289277666
22.5138511265858,0,29.7163832506776
22.2357865845859,0,28.0738777037311
17.9221274396139,0,2.59342981096826
29.7915957642386,1,0.223739958597987
30.3865354556597,1,3.35609937896984
40.9058537358421,1,58.7403445149947
47.4828793355085,1,200
45.0246669841422,1,200
44.5833655646816,1,78.1024563167445
47.4011568504231,1,200
42.6351015202475,1,67.8448397533285
24.0688173154011,0,38.9014471645239
42.7393878131044,0,149.187049875948
42.6076730300516,0,148.409020932656
36.3804907868437,0,111.625541447091
31.8729182112665,0,84.999662054484
22.1918816569017,0,27.8145347226342
20.0734688961394,0,15.3012358847126
20.2381123749551,0,16.2737720638256
18.5258201952716,0,6.15939580104954
34.2994080415448,1,23.9573863360306
45.2469521435743,1,200
41.9682460419512,1,64.3338434799445
48.3327931803958,1,200
47.5351817259633,1,200
40.9483494280864,1,58.9640844735926
38.7581868277999,1,47.4328712227734
32.535150870503,0,88.9114186860277
44.2358140983404,0,158.02632314833
43.7492011498408,0,155.151938441175
30.2081897032407,0,75.1662406878958
25.5213386729531,0,47.4813774558101
24.7749549023218,0,43.072546777164
19.4624586525343,0,11.6920460644484
18.4819152675874,0,5.90005281995276
29.7589067702045,1,0.0516322981380121
20.1942074472709,0,16.0144290827288
36.5647553281099,1,35.884447205908
44.4231894939143,1,77.2591287804901
42.3343627751334,1,66.2614492770959
45.7667071487169,1,200
47.3619300575823,1,200
43.5896201460441,1,72.8703834387607
36.7282002982804,1,36.7449855082074
28.3458890206362,0,64.1657759063722
44.645593423393,0,160.446857638568
44.2321553543668,0,158.004711233239
31.7302271962929,0,84.1567973659198
25.2615678508215,0,45.94693148432
22.2284690966386,0,28.0306538735483
22.0711431057702,0,27.101341524618
18.2184857014822,0,4.34399493337185
29.7556378708011,1,0.0344215320920729
31.8804224830194,1,11.2214194619913
43.2300412116685,1,70.9771991736999
47.2834764719005,1,200
46.8650573482635,1,200
42.9652603599923,1,69.5831271239749
44.3316603106186,1,76.7772273312015
42.9423780641683,1,69.4626517616525
29.2752099899517,0,69.6552023395885
47.2981828043133,0,200
39.5489630680528,0,130.341459916244
33.2303122255028,0,93.0176825533943
30.804564970951,0,78.6889828477942
21.3942754706389,0,23.1031372327087
19.7807693782447,0,13.5722826774003
19.2539102460344,0,10.4601669042386
19.5649034837975,0,12.2971796870076
33.2925870252937,1,18.656470393863
45.4561617053927,1,200
46.1426305801092,1,200
50.408544301563,1,200
49.4311433799428,1,200
44.2205177309026,1,76.1920612856378
43.7040316251634,1,73.4727602503701
32.2973325122138,0,87.5066442050871
49.1129198152597,0,200
46.6798550727609,0,200
34.5364838241074,0,100.733136241024
28.7227396499255,0,66.3918031607868
25.5323149048741,0,47.5462132010843
20.0185877365341,0,14.9770571583416
18.635582514482,0,6.80775325379154
17.5123481145614,0,0.172895320731228
32.3511439971108,1,13.6997697726153
46.0935970890582,1,200
47.9241807549694,1,200
45.8876564266431,1,200
50.6864007508531,1,200
47.9536008496001,1,200
36.57456202632,1,35.9360795040454
38.9416115684214,0,126.753882011071
41.1697866483944,0,139.915538301736
42.5088869427625,0,147.82549922519
38.8098967853689,0,125.975853067781
26.5531044735317,0,53.5759375115856
22.477263686849,0,29.5002640997637
20.9405912179022,0,20.4232597613748
21.1235284165863,0,21.5038555159449
17.6769915933772,0,1.14543149984435
30.2688550771369,1,2.73651180131388
37.7579036103556,1,42.1663768126977
46.2864621538596,1,200
48.7119855111917,1,200
47.5874841164177,1,200
45.0573559781764,1,200
46.4237559288029,1,200
17.5013718826404,0,0.108059575457307
45.0846427002351,0,200
44.8797530377087,0,161.830020204417
38.9635640322637,0,126.883553501621
29.5349808120831,0,71.189648311078
28.232467957452,0,63.4958065385389
19.8319917938763,0,13.87484948868
18.6502174903768,0,6.89420091415722
20.0478576883236,0,15.1499524790727
31.180878010689,1,7.53831552814758
42.4847321476904,1,67.0531445152123
46.8323683542294,1,200
44.0145770684876,1,75.1077830247396
48.5060448487768,1,200
46.155706177723,1,200
39.2681351347324,1,50.1177507259498
24.2407782821642,0,39.9172071738199
43.1345321622621,0,151.521136705819
43.1089209544462,0,151.369853300179
38.7659918576849,0,125.716510086686
26.6701842806894,0,54.2675187945098
22.4516524790332,0,29.3489806941238
22.5065336386385,0,29.6731594204949
18.2001919816138,0,4.23593535791473
17.6952853132456,0,1.25349107530136
33.9594425035899,1,22.1674666672469
42.8802689755033,1,69.1356472067779
49.0388754515331,1,200
47.564601820594,1,200
44.168215340448,1,75.9166890289016
45.1325406644548,1,200
40.8208623513533,1,58.2928645977987
33.226653481529,0,92.9960706383022
45.454175841577,0,200
39.3916370771845,0,129.412147567314
35.4584873054756,0,106.179338844058
30.2484358869513,0,75.4039717539014
22.0199206901386,0,26.7987747133384
20.4978831970866,0,17.8082180353152
19.1514654147713,0,9.85503328167927
19.7222294746658,0,13.226492035938
32.1419344352924,1,12.5982807456713
43.906703388175,1,74.5398277452221
43.5732756490268,1,72.7843296085296
48.7871701974703,1,200
48.4668180559359,1,200
42.0401618288263,1,64.7124803329565
41.7819187759566,1,63.3528298153221
25.2286391550584,0,45.7524242484977
43.8699397009724,0,155.865131639191
46.1895833802871,0,200
32.5314921265294,0,88.8898067709366
28.1556343340047,0,63.0419563216193
25.2322978990321,0,45.7740361635893
21.9028408829808,0,26.1071934304135
18.5624076350084,0,6.37551495196354
17.8526113041139,0,2.18280342423159
18.9502344962188,0,8.66637795165225
42.9914115552194,1,69.7208132523422
46.3126133490868,1,200
43.0044871528332,1,69.7896563165266
43.8380565007032,1,74.1784016582553
47.1036870047127,1,200
43.1352431289696,1,70.4780869583661
31.2102981053198,1,7.69321242256199
36.3695145549226,0,111.560705701817
39.3111447097635,0,128.936685435304
41.7149395004732,0,143.135713650355
34.4852614084758,0,100.430569429744
24.7237324866903,0,42.7699799658848
22.0016269702702,0,26.6907151378814
22.8065506444804,0,31.4453364579898
17.5160068585351,0,0.194507235822554
17.7538252168245,0,1.59928171676381
33.6521659596691,1,20.5496546589229
41.1412144928877,1,59.9795196703065
46.5447052067291,1,200
46.8454439518431,1,200
43.367334986612,1,71.7000513476324
45.3580947232903,1,200
44.5899033634883,1,78.1368778488358
25.1042418599533,0,45.0176191353904
49.9654071611279,0,200
41.242961527868,0,140.347776603564
34.4559914566863,0,100.257674109013
30.0179350166093,0,74.0424211031435
22.9602178913751,0,32.3530368918287
20.0039527606394,0,14.8906094979759
18.5770426109031,0,6.46196261232909
20.3332397182709,0,16.8356818562022
31.1972225077061,1,7.62436935837757
43.082940738515,1,70.2027147016302
42.6775972124917,1,68.0685797119259
47.1004181053094,1,200
48.9571529664478,1,200
46.1197482842855,1,200
39.4217734066926,1,50.9266567301108
21.6942924764809,0,24.8753142702036
44.5687597999458,0,159.993007421649
47.19573797305,0,200
32.6266194698451,0,89.4517165633126
28.4666275717676,0,64.8789691043881
23.0955914184014,0,33.1526777502106
23.8127052372432,0,37.3886131081252
18.1855570057191,0,4.14948769754918
17.5782055060877,0,0.561909792376452
17.8270000962981,0,2.03152001859181
43.3248392943675,1,71.4763113890341
47.9209118555659,1,200
47.3848123534062,1,200
45.9922612075524,1,200
47.1788716909912,1,200
42.3180182781165,1,66.1753954468667
31.3497178230298,0,81.9091581964135
41.5466372776837,0,142.14156555615
40.6356100282367,0,136.760198698391
36.3073159073701,0,111.193303145263
32.0448791780295,0,86.0154220637794
23.0699802105856,0,33.0013943445707
20.5454468687445,0,18.0891729315034
21.0759647449285,0,21.2229006197568
18.2916605809558,0,4.77623323519973
31.4979612528201,1,9.20775983460944
43.2986880991402,1,71.3386252606662
42.0630441246501,1,64.832955695278
48.6335319255099,1,200
48.7381367064192,1,200
41.9780527401614,1,64.3854757780824
38.0161466632252,1,43.5260273303317
35.926806534107,0,108.945663975757
43.2442944814726,0,152.169494158561
40.7673248112893,0,137.538227641682
28.9166530805306,0,67.5372346606304
25.3347427302953,0,46.3791697861488
24.5444540319798,0,41.7109961264056
18.2514143972453,0,4.5385021691944
18.33556550864,0,5.03557621629663
17.5818642500614,0,0.583521707467901
34.5184243015735,1,25.1105076611126
46.3191511478936,1,200
47.5776774182075,1,200
44.1028373523798,1,75.5724737079818
46.6950745792862,1,200
43.0894785373218,1,70.2371362337222
30.2721239765403,1,2.75372256736003
42.212528680894,0,146.074934102786
40.8807458744734,0,138.208197009515
34.7157622788181,0,101.792120080504
33.4022731922658,0,94.0334425626894
23.5822043669012,0,36.027062457367
21.1198696726127,0,21.4822436008536
19.0453618395345,0,9.22828774402858
20.735701555376,0,19.2129925162563
29.9158139415683,1,0.877749068345921
34.2111477576527,1,23.4926956527888
39.1210346615787,1,49.3432662538793
44.9887090907046,1,80.2365913064474
45.5542286874951,1,200
45.6719090660178,1,200
42.1153465151049,1,65.1083279520151
38.7222289343623,1,47.2435527962673
32.3485549278453,0,87.8092110163666
44.0675118755512,0,157.032175054126
37.748861033001,0,119.708397691275
29.7801166583199,0,72.6376466222021
25.4774337452688,0,47.2220344747128
24.3505406013746,0,40.5655646265614
18.5404551711663,0,6.24584346141509
18.0209135269033,0,3.17695151843605
18.6648524662715,0,6.98064857452289
18.1160408702191,0,3.7388613108125
39.4315801049029,1,50.9782890282492
42.6645216148782,1,67.9997366477424
40.9679628245068,1,59.0673490698684
46.1524372783197,1,200
45.9301521188875,1,200
41.2556259720072,1,60.5818964819165
25.8030619589267,0,49.145494917848
38.4110936922375,0,123.620154322819
37.9537506955272,0,120.918664936394
35.9780289497385,0,109.248230787037
25.9713641817161,0,50.1396430120527
22.0821193376912,0,27.1661772698922
19.9929765287183,0,14.8257737527017
21.3430530550073,0,22.800570421429
0,1,200
30.5369048282167,1,4.14779461708577
36.0482692223707,1,33.1651461706401
42.7560507981736,1,68.4816380970299
47.2344429808494,1,200
45.7013291606485,1,200
42.3703206685711,1,66.4507677036029
41.935557047917,1,64.1617358194842
18.9612107281398,0,8.73121369692636
44.6602283992877,0,160.533305298933
42.2966797922889,0,146.572008149889
29.8752440016356,0,73.1995564145781
26.9299551028209,0,55.8019647659994
25.7445220553477,0,48.7997042763855
19.2026878304029,0,10.1576000929589
17.9148099516665,0,2.55020598078537
36.2182519913481,1,34.0601060050322
39.542722684619,1,51.5634550738135
47.2475185784627,1,200
47.39788795102,1,200
43.2267723122651,1,70.959988407654
42.2559091894516,1,65.8483908919926
18.4197166200349,0,5.5326502633995
41.4002875187365,0,141.277088952495
43.9175033726301,0,156.146086535378
31.335082847135,0,81.8227105360472
26.2457699797423,0,51.7605366439078
25.510362441032,0,47.4165417105358
21.3320768230863,0,22.7357346761548
18.6502174903768,0,6.89420091415722
18.1928744936664,0,4.19271152773195
19.9820002967973,0,14.7609380074275
30.1609813968243,1,2.16855652179588
35.8913620510069,1,32.3390294004322
42.4847321476904,1,67.0531445152118
39.1733370520333,1,49.6186385106153
44.6389368545396,1,78.3950393395264
44.7402727360452,1,78.9285730869512
38.0357600596456,1,43.6292919266074
35.0316415079095,1,27.8125979303354
36.274387211607,0,110.998795909441
38.3488950446849,0,123.252751766265
34.6974685589494,0,101.684060505045
24.2151670743484,0,39.7659237681801
23.3480447525855,0,34.6438998915172
22.0455318979544,0,26.9500581189782
21.8955233950334,0,26.0639696002307
17.9696911112718,0,2.87438470715649
17.5306418344298,0,0.280954896188226
19.8429680257974,0,13.9396852339542
30.2688550771369,1,2.73651180131384
36.7412758958942,1,36.8138285723919
40.3730231330858,1,55.9349896494971
36.4045792573427,1,35.0411196696542
41.5825159123485,1,62.3029730865162
42.4912699464973,1,67.0875660473045
39.9807552046762,1,53.8696977239768
36.9047208660648,1,37.6743668746918
23.9371025323483,0,38.1234182212323
37.0646759099224,0,115.666969569184
35.718258127607,0,107.713784815547
25.7262283354792,0,48.6916447009282
23.4834182796118,0,35.4435407498993
22.2943264881648,0,28.4196683451936
24.0871110352694,0,39.0095067399805
18.8185197131662,0,7.88834900836168
18.1087233822717,0,3.69563748062972
19.4844111163764,0,11.8217175549968
17.8013888884824,0,1.88023661295197
36.4241926537632,1,35.1443842659301
37.4212069718041,1,40.3936679099598
40.1670824706708,1,54.8507113885992
45.387514817921,1,200
45.07043157579,1,200
44.057072760732,1,75.3315229833379
35.9763534354955,1,32.7865093176277
22.9968053311118,0,32.5691560427419
35.8646078865544,0,108.578261419203
39.6514078993161,0,130.946593538804
31.3789877748193,0,82.0820535171449
26.0481978051634,0,50.5934932289716
23.1980362496645,0,33.7578113727697
23.8639276528748,0,37.6911799194049
18.7014399060083,0,7.19676772543689
18.013596038956,0,3.13372768825327
18.0501834786928,0,3.34984683916727
31.4946923534167,1,9.1905490685635
41.1967857827458,1,60.2721026930887
42.1349599115253,1,65.2115925482908
41.5302135218938,1,62.0276008297801
45.7961272433475,1,200
45.2404143447675,1,200
36.5255285352689,1,35.6779180133558
33.0583512587395,0,92.0019225440972
35.8353379347649,0,108.405366098472
32.0668316418717,0,86.1450935543285
31.7009572445032,0,83.9839020451872
26.1140551966897,0,50.9825077006174
21.738197404165,0,25.1346572513004
21.1418221364548,0,21.6119150914019
22.1735879370333,0,27.7064751471773
17.944079903456,0,2.72310130151659
30.8768703661717,1,5.93771428586968
36.1463362044731,1,33.6814691520201
37.6532988294464,1,41.6156322992262
43.6844182287428,1,73.3694956540933
42.4585809524631,1,66.9154583868441
39.8892260213809,1,53.3877962746899
43.7334517197941,1,73.6276571447838
38.1044069471173,1,43.9907180135737
30.0545224563461,0,74.2585402540571
41.0197781454734,0,139.029449782988
32.7473580209766,0,90.164909761329
28.5946836108467,0,65.635386132588
28.2580791652678,0,63.6470899441784
23.1321788581382,0,33.3687969011246
19.8027218420868,0,13.7019541679488
19.0636555594029,0,9.33634731948559
20.8674163384286,0,19.9910214595468
30.0792589117389,1,1.73828737064591
32.9951171795831,1,17.0902906836771
38.173053834589,1,44.3521441005395
38.6862710409248,1,47.0542343697614
44.0080392696809,1,75.0733614926483
40.9745006233137,1,59.1017706019606
39.2452528389084,1,49.9972753636273
40.9189293334557,1,58.8091875791788
20.6881378837182,0,18.9320376200685
36.0804737810016,0,109.853364409596
37.7012973613431,0,119.427442795087
28.0385545268469,0,62.3503750386949
25.879895582374,0,49.5993451347674
25.7189108475319,0,48.6484208707456
20.6625266759023,0,18.7807542144283
19.0599968154292,0,9.31473540439425
18.2953193249295,0,4.79784515029123
18.2916605809559,0,4.77623323519982
39.0720011705275,1,49.0851047631893
43.2496546080889,1,71.0804637699756
42.8508488808728,1,68.9807503123646
42.3409005739403,1,66.2958708091882
46.0020679057626,1,200
43.0796718391116,1,70.1855039355843
18.7233923698503,0,7.32643921598465
38.0891242225536,0,121.718305794776
37.6866623854484,0,119.340995134722
