19.540825482279,1,6.79742952057653
23.6235980260206,1,23.3176611541743
18.4358456707044,1,2.32632018443557
11.5836644591612,0,1.08806745592372
12.6567328918322,0,6.26330806575244
14.3220750551877,0,14.2949919086961
21.9766004415011,0,51.2115663061068
31.1192052980132,0,95.3049144025211
32.3381898454746,0,101.183885529342
32.4816777041943,0,101.875904948471
30.0975717439294,0,90.3777361383187
22.8657836644592,0,55.4999574141896
21.947958725886,1,16.5374770817071
37.8945715567519,1,81.0626826656017
42.4706146253926,1,99.5788480040664
44.274113952445,1,106.876395519814
38.3867205024675,1,83.0540780946503
29.3234634365186,1,46.3811788625266
19.2200538358008,1,5.49948263655667
12.5593818984547,0,5.79379950600454
18.6043046357616,0,34.9475129886722
26.7756070640177,0,74.3564219402095
31.8269315673289,0,98.7181671067201
34.1969094922737,0,110.14819862022
29.9584988962472,0,89.7070096243932
27.8635761589404,0,79.6035261051017
14.5986754966888,0,15.6289924197258
27.3696724988784,1,38.4755023871331
39.742934051144,1,88.5417612140796
44.2628981606101,1,106.831012761632
42.4475100942127,1,99.4853595222103
32.6951547779273,1,60.024143627353
22.9107222969942,1,20.4331330440939
18.6704800358905,1,3.27572748561364
13.901766004415,0,12.2679073332765
21.0549668874172,0,46.7666723447748
27.8479028697572,0,79.5279362916276
32.1439293598234,0,100.246997700366
33.3867549668874,0,106.240950515288
31.2256070640177,0,95.8180734179371
20.324944812362,0,43.2458904692956
20.0165993719157,1,8.72256612267866
29.6980708838044,1,47.8969629858224
40.4652310453118,1,91.4644108410333
45.0165993719156,1,200
40.8941229250785,1,93.1998475139326
27.7488784208165,1,40.0098934412837
22.5824360699865,1,19.1047797120918
18.6078959174518,1,3.0224916949553
16.5817218543046,0,25.1929137211481
24.2443267108168,0,62.1484541350822
32.4050772626932,0,101.506473043182
34.2256070640177,0,110.286602504046
33.6273730684327,0,107.401413848906
25.7068432671082,0,69.2019419129546
14.4684326710817,0,15.0008517162082
24.6218034993271,1,27.3567266324178
39.5702108568865,1,87.8428667380688
46.5845670704352,1,200
44.225886047555,1,106.681249659629
30.7723194257515,1,52.2437235645434
23.7409152086137,1,23.7923648047634
18.7144459398833,1,3.45362789768904
16.8476158940397,0,26.4752789370582
21.8601103752759,0,50.6497530022996
30.3558498896247,0,91.6233710927519
33.3072847682119,0,105.857678221617
32.1395143487859,0,100.225704795162
24.9077262693157,0,65.3479260710331
18.9629139072848,0,36.6770292138659
20.1265141318977,1,9.16731715286728
34.5500224315837,1,67.5295441755768
45.790489008524,1,200
44.7227456258412,1,108.691705847115
34.1906684611934,1,66.0754806034092
26.3580529385375,1,34.3821591301032
19.1684163301929,1,5.29054041788445
15.6288741721854,0,20.5974789200239
22.8115231788079,0,55.2382676092325
29.9465783664459,0,89.6495187803424
33.6649006622517,0,107.582403543139
31.5103752759382,0,97.1914658035942
25.79293598234,0,69.6171535644323
19.3271523178808,0,38.4336938931948
13.9430463576159,0,12.4669959969339
32.7308209959623,1,60.1684607983735
43.7940780619112,1,104.934013469603
47.4997756841633,1,200
38.9434724091521,1,85.3068782108301
30.1146253925527,1,49.5824786247209
20.7157918349036,1,11.5517272677764
13.0298013245033,0,8.06255855548932
17.0339514348786,0,27.3739460011924
25.3523620309051,0,67.4923345541265
33.9123620309051,0,108.775870879823
34.2741721854304,0,110.520824461289
30.9342163355408,0,94.4127416744741
26.8304635761589,0,74.6209862873691
17.885651214128,0,31.4815603440934
25.5235531628533,1,31.0055003902918
42.6837146702557,1,100.441120409534
47.0444145356662,1,200
43.4089277703006,1,103.375569553615
34.8360789591745,1,68.6870223464701
25.3752265589951,1,30.4053224898796
11.6812362030905,0,1.55864066093178
12.3086092715232,0,4.58436249041816
16.9788079470199,0,27.1079976151946
24.137527593819,0,61.6333787581977
28.8379690949227,0,84.3028702836216
33.6869757174393,0,107.688868069159
30.6273730684327,0,92.932884762797
26.2300220750552,0,71.725151179627
12.2609271523179,0,4.35439911421511
29.2382234185733,1,46.0362699003394
39.1866307761328,1,86.290776408227
43.6505159264244,1,104.353114164866
37.7189322566173,1,80.3519886724635
29.5317182593091,1,47.2238459164594
20.6284432480933,1,11.1982863470511
19.2792732166891,1,5.73910359976037
12.7373068432671,0,6.65190358572522
16.7534216335541,0,26.0209948045312
22.3792494481236,0,53.1534792607103
28.5613686534216,0,82.9688697725918
33.3492273730684,0,106.059960821054
29.4618101545254,0,87.3115577889447
22.20353200883,0,52.3060216335917
15.0600441501104,0,17.8541010135423
20.6469268730372,1,11.2730771325358
33.8681022880215,1,64.7702724780802
41.485868102288,1,95.5942418356418
41.1375056078959,1,94.184653366493
31.2622252131001,1,54.2260424419555
26.1468371467025,1,33.5275110280102
20.6598026020637,1,11.3251765389294
12.4997792494481,0,5.50634528575084
12.5538631346578,0,5.76718337449962
12.9573068432671,0,7.71292905203989
15.1808830022075,0,18.4368878289753
24.3580573951435,0,62.6969593731368
25.1075055187638,0,66.3114300315136
26.6693156732892,0,73.8437952474236
24.7774834437086,0,64.7197853675155
24.1726269315673,0,61.8026573545694
16.9695364238411,0,27.0632825142662
19.978465679677,1,8.56826474485812
28.3140421713773,1,42.2967306261006
39.159712875729,1,86.1818577885889
39.5769403319874,1,87.8700963929784
34.6056527590848,1,67.7546426561621
23.8458097801705,1,24.2168025123895
20.3957783759533,1,10.2568482582097
18.4468371467026,1,2.37079528745436
12.7996909492274,0,6.95277233625752
12.3828697571744,0,4.94250915594924
14.339293598234,0,14.3780342389915
20.682119205298,0,44.9684865002981
27.975055187638,0,80.1411719615024
28.0600441501104,0,80.5510603866792
27.3183222958057,0,76.9738523124094
25.3779249448124,0,67.6156204752577
20.0754966887417,0,42.0428413252704
23.3790937640198,1,22.3283170257956
33.1637505607896,1,61.9202352642184
37.4885598923284,1,79.4198268193948
39.2135486765366,1,86.399695027865
33.423508299686,1,62.9712999437254
27.0749214894572,1,37.2828435020967
19.4497532525796,1,6.42892152413455
19.0771646478241,1,4.92130629731152
12.3763796909492,0,4.91120858529936
14.3581015452539,0,14.4687420151605
19.7931125827815,0,40.6809471084235
25.066004415011,0,66.111276722596
32.2207505518764,0,100.617494250916
30.3359823399559,0,91.527553019334
24.2741721854305,0,62.2923941742611
21.8525386313466,0,50.6132356698748
18.0004415011038,0,32.035175879397
25.3104531179901,1,30.143227984824
38.6191117092867,1,83.9944088441919
44.3346792283535,1,107.121462414
39.624046657694,1,88.0607039773449
34.1037236428892,1,65.7236734619784
24.4283535217586,1,26.5739648192858
17.9333781965007,1,0.293172617858969
11.6401766004415,0,1.36061664253464
11.6306843267108,0,1.31483689634619
12.8476821192053,0,7.18422621582486
20.4258278145695,0,43.7324333532068
25.3558498896247,0,67.5091559492377
29.8333333333333,0,89.1033557618601
29.1350993377483,0,85.7358828038497
23.7134657836644,0,59.5881952133549
20.1615894039735,0,42.4580529767482
13.6273730684327,0,10.9445532748488
21.8829071332436,1,16.2742570842486
36.14266487214,1,73.9738958374934
39.8864961866308,1,89.1226605188157
36.8214445939883,1,76.720460362699
30.7404665769403,1,52.114836531305
23.1037460744729,1,21.214170312415
19.3220053835801,1,5.91201190843572
13.0143929359823,0,7.98824631632742
18.5574248541947,1,2.81826928313399
12.383995584989,0,4.94793884677626
17.7175055187638,0,30.6706200493996
22.332229580574,0,52.9267098202879
26.5328918322296,0,73.1858444766203
27.6075055187638,0,78.3685376032706
26.3845474613686,0,72.4704028617665
21.7222958057395,0,49.9850949663572
15.4419426048565,0,19.695937313687
21.5082996859578,1,14.7584729609527
32.8250336473755,1,60.5496759671065
39.9380888290713,1,89.3314212064552
38.592866756393,1,83.8882131900449
28.2012113055182,1,41.8401800787844
24.8137729923733,1,28.1334979214697
19.5294302377748,1,6.75132063826311
19.8880663974877,1,8.2024797139071
13.8337748344371,0,11.9399965931351
17.1370860927152,0,27.8713482667576
24.2134657836645,0,61.9996167277063
30.5924944812362,0,92.7646708116855
29.1527593818985,0,85.8210544246657
25.8944812362031,0,70.106890384124
23.3514348785872,0,57.842176986628
17.7841059602649,0,30.9918235244017
26.3512786002692,1,34.3547479441611
37.6769851951548,1,80.182257156861
43.4374158815612,1,103.490841759399
38.8490354419022,1,84.9247553869334
32.4122700762674,1,58.8794997004738
22.0792059219381,1,17.0685461179589
12.0743929359824,0,3.45477386934681
18.1756393001346,1,1.27344019460127
12.2108167770419,0,4.11272464014985
17.517880794702,0,29.7078613406013
23.8951434878587,0,60.4643982624989
30.3112582781457,0,91.4083127501916
31.6008830022075,0,97.6279703602759
30.073289183223,0,90.2606251596969
22.8348785871965,0,55.3509070777616
14.3977924944812,0,14.6601652329444
24.509645580978,1,26.9028990505927
36.609241812472,1,75.8618185778859
43.0224315836698,1,101.811679706646
40.3813369223867,1,91.1249478098281
30.4605204127412,1,50.9820828870696
24.8234634365186,1,28.1727086245394
19.1152983400628,1,5.07560767513202
11.4918322295806,0,0.645175027680748
12.5496688741722,0,5.74695511455585
14.3716777041942,0,14.5342176986628
21.1673951434879,0,47.3088961757942
27.2132450331126,0,76.4670811685547
27.7863134657836,0,79.230900264032
28.2278145695364,0,81.3601907844307
27.2587196467991,0,76.6863980921557
22.3183222958057,0,52.8596371688953
12.914348785872,0,7.50574908440508
27.7756841633019,1,40.11835823334
35.9901301031853,1,73.3566903262113
43.8299685957829,1,105.079238295787
38.8941229250785,1,85.1071940748271
29.6934275459847,1,47.8781745239348
22.3384253028264,1,18.1174324250731
20.1935845670704,1,9.43870604679866
11.4927152317881,0,0.649433608721573
13.8130242825607,0,11.8399199386764
17.9154525386314,0,31.6252874542203
24.7664459161148,0,64.6665531045056
30.0156732891832,0,89.9827527467847
27.3823399558499,0,77.2825994378673
21.6185430463576,0,49.4847116940636
18.812023328847,1,3.84845789387702
27.2552714221624,1,38.0125982536715
38.9510991475998,1,85.3377384863942
36.7705248990579,1,76.5144226405504
31.7838043965904,1,56.3365222284749
23.1874831763122,1,21.5529979850056
19.9618663077613,1,8.501098262748
12.3927152317881,0,4.98999233455415
19.6814569536424,0,40.1424495358146
24.8938189845475,0,65.2808534196406
33.7002207505519,0,107.752746784771
35.0467991169978,0,114.247082871987
31.0512141280353,0,94.9770036623797
23.0754966887417,0,56.5113704113789
15.7465783664459,0,21.1651477727622
22.2104082548228,1,17.5994336231779
35.2857783759533,1,70.5066531123496
41.5621354867654,1,95.9028445912829
42.1296545536115,1,98.199212155318
36.3117990130103,1,74.6582678308857
30.5432929564827,1,51.3170076424564
21.4890085240018,1,14.6804146168788
14.5794701986755,0,15.5363682820884
20.9194260485651,0,46.1129801550123
30.1748344370861,0,90.7503619793885
36.4154525386313,0,120.847883485223
37.4,0,125.596201345712
33.0777041942605,0,104.750447151009
23.1019867549669,0,56.6391278426029
12.9165562913907,0,7.51639553700705
35.4719605204127,1,71.2600068981792
44.1552265589951,1,106.395338283079
46.0484522207268,1,200
40.6164199192463,1,92.0761704213336
33.4578286227008,1,63.1101711837639
25.4371915657245,1,30.6560531522864
18.390758187528,1,2.14388149654185
18.1150740242261,1,1.02837330041571
17.0968366445916,0,27.6772314964654
25.3142008830022,0,67.3082893279959
32.5163355408389,0,102.043054254322
35.0997792494481,0,114.502597734435
33.5236203090508,0,106.901030576612
29.6516556291391,0,88.2271527127161
16.1748344370861,0,23.2305595775487
26.2211754149843,1,33.8283079492438
37.6590399282189,1,80.109644743769
43.3678779721848,1,103.209468658667
45.3014804845222,1,200
38.5410497981158,1,83.6785448472416
25.5336473755047,1,31.046344872656
21.3869448183042,1,14.2674315174179
13.1540838852097,0,8.66195383698153
18.6779470198676,0,35.3026786474747
26.203289183223,0,71.5962226386168
31.8154525386314,0,98.6628055531897
33.6229580573951,0,107.380120943702
32.2344370860927,0,100.683502257048
23.2233995584989,0,57.2246827357125
13.9761589403973,0,12.6266927859637
24.7339614176761,1,27.8105542142429
34.045311799013,1,65.4873200573638
40.4226110363392,1,91.2919563599397
41.3064154329296,1,94.8681177047217
33.6929116195603,1,64.0613937952693
29.1929564827277,1,45.8531050883149
21.9337819650067,1,16.4801132753644
12.4852097130243,0,5.4360786985776
19.1620309050773,0,37.6373392385657
25.3278145695364,0,67.3739460011924
31.2814569536424,0,96.0874286687676
33.1593818984547,0,105.144365897283
26.0865342163355,0,71.0331317604974
21.755408388521,0,50.1447917553871
14.4883002207505,0,15.0966697896261
25.9497532525796,1,32.7300452012272
39.1103633916554,1,85.9821736525859
46.6316733961418,1,200
37.4125168236877,1,79.1121317189173
32.6564602960969,1,59.8675731116234
21.9886720502468,1,16.7022164939097
19.5601166442351,1,6.87548786465048
15.4695364238411,0,19.829017971212
21.2434878587197,0,47.675879396985
29.7311258278146,0,88.6104250063879
33.3933774834437,0,106.272889873094
30.3403973509934,0,91.5488459245379
26.3337748344371,0,72.2255344519207
23.2653421633554,0,57.4269653351503
16.876821192053,0,26.6161315049825
26.2660385823239,1,34.009838981974
38.4979811574697,1,83.5042750558209
42.5222072678331,1,99.7876086917058
42.7164647824136,1,100.573638063427
34.7142216240467,1,68.1939477553688
25.8295199641095,1,32.2435420335106
19.4369672498879,1,6.37718517980651
18.5179452669359,1,2.65852197433156
13.6315673289183,0,10.9647815347926
22.5251655629139,0,53.8572097777021
26.698233995585,0,73.9832637765096
32.5545253863135,0,102.227237884337
32.4419426048565,0,101.684268801635
28.6715231788079,0,83.5001277574312
21.9253863134658,0,50.9645686057406
19.4087034544639,1,6.26282062918655
29.1552265589951,1,45.7004374897889
43.0179452669359,1,101.793526603373
45.9295648272768,1,200
41.5760430686407,1,95.9591192114292
27.1159712875729,1,37.4489443970446
22.9324809331539,1,20.521175594968
12.0523178807947,0,3.34830934332675
16.6975717439294,0,25.7516395537007
23.79646799117,0,59.9885018311899
32.4090507726269,0,101.525636657866
35.9938189845475,0,118.814411038242
35.8966887417219,0,118.345967123754
28.0379690949227,0,80.4445958606593
20.6362030905077,0,44.7470402861767
12.1483443708609,0,3.81143003151341
33.9645580978017,1,65.1605641984497
44.5702108568865,1,108.074500335832
49.3257065948856,1,200
39.6112606550023,1,88.0089676330169
30.9730372364289,1,53.0558934049776
23.4464333781965,1,22.6007951059234
12.1136865342163,0,3.64428072566221
17.555651214128,0,29.8900221446215
24.1677483443709,0,61.7791286943191
30.1264900662252,0,90.5172046674048
33.4618101545254,0,106.602929903756
28.4860927152318,0,82.6058257388638
25.4044150110375,0,67.7433779064816
19.5169977924945,0,39.3492888169662
14.2300220750552,0,13.8510348351929
28.2557200538358,1,42.0607402835514
36.719156572454,1,76.3065696080745
39.3548676536563,1,86.9715177809646
39.9537909376402,1,89.3949570679107
34.3111260655002,1,66.5628914262893
27.6776581426649,1,39.7217129268249
19.7409152086137,1,7.60705792655252
13.3383885209713,0,9.55082616472192
19.9951655629139,0,41.6554169150838
28.6741721854305,0,83.5129035005537
30.0622516556291,0,90.2073928966868
29.2543046357616,0,86.3107912443574
27.1262693156733,0,76.0476109360361
25.316114790287,0,67.3175198024019
13.3779249448124,0,9.7415041308236
28.0986989681472,1,41.4253816689964
39.4356213548677,1,87.2982736398788
41.9995513683266,1,97.6727721604008
42.2243158366981,1,98.5822426343784
33.3110812023329,1,62.5163831757039
23.1855540601167,1,21.5451921505982
19.4084791386272,1,6.26191297402286
15.0068432671082,0,17.5975215058342
19.9483443708609,0,41.4296056553957
28.757174392936,0,83.9132101183885
30.3103752759382,0,91.4040541691509
32.0026490066225,0,99.5656247338387
30.2697571743929,0,91.2081594412741
24.7576158940397,0,64.6239672940976
11.5832229580574,0,1.08593816540331
30.7613279497533,1,52.1992484615245
38.5406011664424,1,83.6767295369144
45.2184836249439,1,200
40.5186182144459,1,91.680432769982
31.9735307312696,1,57.1042169658904
23.7148945715567,1,23.6870768057799
20.3039479587259,1,9.8852723873146
17.949528936743,1,0.35852378964189
17.924944812362,0,31.6710672004088
23.1827814569536,0,57.0287880078358
31.7291390728477,0,98.2465292564518
35.0158940397351,0,114.098032535559
31.0578366445916,0,95.0089430201857
25.9960264900662,0,70.5966272038157
23.3823399558499,0,57.991227323056
22.4883002207506,0,53.6794140192488
18.3230148048452,1,1.86976963711946
34.2539255271422,1,66.3314393595585
43.0986989681471,1,102.120282462287
40.9654553611485,1,93.4884818559732
39.6105877074922,1,88.006244667526
34.4589502018843,1,67.1610361791348
28.257065948856,1,42.0661862145334
21.3241363840287,1,14.0132880715958
19.9401076716016,1,8.41305571187396
11.4238410596026,0,0.31726428753939
13.0841059602649,0,8.32446128949836
16.763995584989,0,26.0719913124946
24.296710816777,0,62.4010944553275
32.6891832229581,0,102.876671493058
32.8679911699779,0,103.73903415382
27.633995584989,0,78.4962950344945
23.6119205298013,0,59.0984583936632
19.1682119205298,0,37.6671493058514
22.9259757738897,1,20.4948535952221
35.097353073127,1,69.7442227748833
43.1278600269179,1,102.238277633561
38.1368326603858,1,82.0429502423439
37.1969493046209,1,78.2398751066495
27.8041722745626,1,40.2336304391236
21.1581426648721,1,13.3416232504946
18.6883443708609,0,35.3528234392301
27.0427814569536,0,75.6449620986287
35.2516556291391,0,115.235073673452
36.9077262693157,0,123.222042415467
29.5677704194261,0,87.8225875138404
22.2344370860927,0,52.4550719700196
12.9386313465784,0,7.62286006302701
23.0672947510094,1,21.0666763483217
34.393001345895,1,66.8941855610217
36.2637954239569,1,74.4640296258646
32.5020188425303,1,59.2426525314502
27.0982503364738,1,37.3772396391163
19.2314939434724,1,5.54577304990294
23.2476821192053,0,57.3417937143345
34.166004415011,0,109.999148283792
35.4044150110375,0,115.97180819351
32.7730684326711,0,103.281236691934
33.2984547461369,0,105.815092411209
29.3713024282561,0,86.875053232263
22.8194260485651,0,55.2763819095477
21.7729923732615,1,15.8295060540599
29.0744728577838,1,45.3736816308748
38.8950201884253,1,85.1108246954817
36.9098250336474,1,77.0780764971772
36.259309107223,1,74.4458765225915
33.697622252131,1,64.0804545537059
35.1287572902647,1,69.8712944977944
33.3319874383131,1,62.6009766369561
30.0524899057873,1,49.3310581443898
26.1852848811126,1,33.6830831230599
20.037909376402,1,8.80879336322547
18.732229580574,0,35.5644749169577
24.9540838852097,0,65.571501575675
27.9540838852097,0,80.0400306617834
25.2189845474614,0,66.8490758879142
23.0953642384106,0,56.6071884847969
22.2754598474652,1,17.8626536206365
33.1973979362943,1,62.0563835387659
43.0134589502019,1,101.7753735001
37.9407806191117,1,81.2496596293136
32.3223418573351,1,58.5156207453664
24.5493046209062,1,27.0633724835261
12.1136644591612,0,3.64417426113627
18.2024061810154,0,33.0092198279533
25.8013245033113,0,69.6576100843199
30.2710816777042,0,91.2145473128354
31.1836644591611,0,95.6157908184992
25.9077262693157,0,70.170769099736
20.0710816777042,0,42.0215484200665
12.3492273730684,0,4.78025721829483
27.1386271870794,1,37.5406175685733
40.3642889187977,1,91.0559660173907
42.302377747869,1,98.8981066313286
34.5394795872589,1,67.4868843828853
27.2947510094212,1,38.1723455624738
21.5683490354419,1,15.0014522482619
12.4938505518764,0,5.47775210799764
18.9281582781457,0,36.5094082701644
24.362472406181,0,62.7182522783409
28.6028697571744,0,83.1690230815092
31.848123620309,0,98.8203730516991
25.3646799116998,0,67.5517417596458
16.9894039735099,0,27.1591005876842
23.6303275011216,1,23.3448908090838
30.8017048003589,1,52.3626263909816
38.3925527142216,1,83.0776771289052
39.2272319425751,1,86.4550619928476
34.1888739344998,1,66.0682193620999
22.2893225661732,1,17.91874670975
22.0763122476447,1,17.0568373663478
18.835800807537,1,3.94466934122385
18.9205921938089,1,4.2877629930837
13.0653421633554,0,8.23396644238135
14.5781456953642,0,15.5299804105273
21.9439293598234,0,51.0539988075973
29.6671081677704,0,88.30167788093
30.2101545253863,0,90.9207052210204
28.4551876379691,0,82.456775402436
24.9496688741722,0,65.5502086704709
24.4993377483444,0,63.3783323396644
18.4329295648273,1,2.31452066730804
30.3553162853298,1,50.5563926153176
41.838043965904,1,97.0192604425726
41.3266038582324,1,94.9498066694501
38.8698968147151,1,85.0091673171529
30.0926424405563,1,49.4935284186831
21.5343203230148,1,14.8637609599361
18.0033647375505,1,0.576361028917921
18.2202781516375,1,1.45406357216768
11.9302428256071,0,2.75956051443661
16.5576158940397,0,25.0766544587344
21.7454746136865,0,50.0968827186781
27.812582781457,0,79.3575930499958
31.0953642384106,0,95.1899327144196
29.3779249448124,0,86.906992590069
22.5479028697572,0,53.9668682395026
15.1395143487859,0,18.237373307214
18.3858232391207,1,2.12391308294154
31.3871691341409,1,54.7316063681086
39.3436518618214,1,86.9261350227821
42.3183041722746,1,98.9625501479479
31.5441902198295,1,55.3669649826637
27.4668012561687,1,38.8685170729936
21.0953342305967,1,13.0874798046726
19.8999551368327,1,8.25058543758059
12.1578366445916,0,3.85720977770214
11.8693156732892,0,2.46571842262157
17.3973509933775,0,29.1265650285325
25.1699779249448,0,66.6127246401499
26.7064017660044,0,74.0226556511371
27.8790286975717,0,79.6780512733157
27.6251655629139,0,78.4537092240866
25.7222958057395,0,69.2764670811685
16.9496688741722,0,26.9674644408483
22.7128757290265,1,19.6325811897544
31.0080753701211,1,53.1976691415397
40.3755047106326,1,91.1013487755732
41.197622252131,1,94.4279049503513
33.8699192462988,1,64.7776244849057
23.5840960071781,1,23.1578230798555
20.3961417676088,1,10.2583186595748
12.7525386313466,0,6.72536410867894
18.5559381898455,0,34.7142492121626
24.9113907284768,0,65.3655991823524
28.2342163355408,0,81.3910654969764
29.20353200883,0,86.0659228345115
29.8834437086093,0,89.3450302359254
20.4397350993377,0,43.7995060045993
19.626289816061,1,7.14324613792728
32.5289367429341,1,59.3515711510883
38.0314042171377,1,81.6163523154283
40.8672050246747,1,93.0909288942945
34.5275908479139,1,67.4387786592118
24.0109914759982,1,24.8851816217982
20.0024674742037,1,8.66538384736876
18.8317631224764,1,3.92833154827812
13.7609271523179,0,11.5886636572693
20.8194260485651,0,45.6306958521421
26.3717439293598,0,72.4086534366749
31.0218543046358,0,94.8354058427732
30.9209713024283,0,94.3488629588622
26.5766004415011,0,73.3966442381399
18.3006622516556,0,33.483093433268
21.9412292507851,1,16.5102474267976
30.6244952893674,1,51.6455788116979
42.4459398833558,1,99.4790059360648
40.9993270524899,1,93.6255377856845
34.0440556303275,1,65.4822371884474
23.5959174517721,1,23.2056565069799
19.8021534320323,1,7.854847786229
18.519291161956,1,2.66396790531341
13.3163355408388,0,9.44446810322799
11.4920529801325,0,0.646239672941002
17.3443929359823,0,28.8711566306106
22.7666445916115,0,55.0218252278341
27.7011037527594,0,78.8199471935951
26.6295805739514,0,73.6521591005878
25.7355408388521,0,69.3403457967804
24.3359823399559,0,62.590494847117
16.1417218543046,0,23.0708627885189
23.0560789591745,1,21.0212935901393
34.0049349484073,1,65.3239421279067
37.2642440556303,1,78.5121716557446
39.1406460296097,1,86.1047070996787
31.207267833109,1,54.0036669268612
23.8873934499776,1,24.3850636266269
20.6626289816061,1,11.3366129939913
19.2981157469717,1,5.81534663350701
12.0772626931567,0,3.46861425772935
14.8048565121413,0,16.6233710927519
19.0907284768212,0,37.2934588195214
25.1613686534216,0,66.5712034750021
30.0724061810155,0,90.256366578656
25.4132450331126,0,67.7859637168896
23.4507726269316,0,58.3212673537177
20.5147902869757,0,44.161485393067
14.512582781457,0,15.2137807682481
27.8698968147151,1,40.4995734020731
37.9865410497981,1,81.4348212826983
38.6774338268282,1,84.2303991867409
34.3633916554509,1,66.7743750794199
27.647689546882,1,39.6004501969612
23.7204127411395,1,23.7094051228058
12.0543046357616,0,3.35789115066866
14.3938189845474,0,14.6410016182607
23.6540838852097,0,59.3018056383613
29.9766004415011,0,89.7943105357295
30.3094922737307,0,91.3997955881101
27.7068432671082,0,78.8476279703603
25.483885209713,0,68.1266502001534
21.5699779249448,0,49.2504897368197
19.7048003589053,1,7.46092544520484
32.3539703903096,1,58.6436001234411
40.678331090175,1,92.326683246501
40.8129205921938,1,92.8712763446911
37.4107222969942,1,79.1048704776081
28.2436069986541,1,42.0117269047144
21.1724988784208,1,13.3997131809682
18.7864513234634,1,3.74498520522086
18.1592642440556,1,1.20718136765481
14.1068432671082,0,13.2569627800017
21.90706401766,0,50.876203049144
24.8600441501104,0,65.1179626948301
29.8933774834437,0,89.3929392726343
30.1064017660044,0,90.4203219487266
26.5434878587197,0,73.23694744911
21.194701986755,0,47.4405927944809
12.5412803532009,0,5.70649859466824
27.2148945715567,1,37.8492203242144
40.5975773889637,1,91.9999273875869
44.6442350829969,1,108.374026539837
38.6940331987438,1,84.297565668851
26.6085688649619,1,35.3958284168679
22.2534768954688,1,17.7737034145988
13.021412803532,0,8.02210203560176
18.4048785871965,0,33.9857124606081
24.3311037527594,0,62.5669661868666
30.0618101545254,0,90.2052636061664
32.119646799117,0,100.129886721744
30.7774834437086,0,93.6568435397326
22.8304635761589,0,55.3296141725576
13.717880794702,0,11.3810578315305
23.2691790040377,1,21.8835659956069
37.9685957828623,1,81.3622088696063
42.3853746074473,1,99.2339390418791
40.5127860026918,1,91.6568337357271
30.007402422611,1,49.1486194564961
24.5100942126514,1,26.90471436092
19.2097353073127,1,5.45773049902881
15.9499779249448,0,22.1461119155098
22.81293598234,0,55.2450813388979
29.0322295805739,0,85.2397581125968
31.6185430463576,0,97.7131419810919
30.9011037527594,0,94.2530448854443
23.5147902869757,0,58.6300144791755
16.9717439293598,0,27.0739289668682
21.6832660385823,1,15.4664439885998
31.2211754149843,1,54.0599415470074
42.8026020637057,1,100.922177646269
42.8429789143113,1,101.085555575726
33.5352175863616,1,63.4233122152232
26.8301929116196,1,36.2925917185543
21.2898160610139,1,13.8744168315574
18.2707492148946,1,1.65828598398898
12.871523178808,0,7.29920790392648
16.9396909492274,0,26.9193424750872
24.2196909492274,0,62.029639724044
30.960706401766,0,94.540499105698
28.7112582781457,0,83.6917639042671
26.2322295805739,0,71.7357976322289
23.8812362030905,0,60.3973256111064
20.0467991169978,0,41.9044374414445
20.7209510991476,1,11.5726033365404
31.5935397039031,1,55.5666491186668
37.7128757290265,1,80.3274819830451
40.3373710183939,1,90.9470473977526
36.4475100942127,1,75.2073992048941
31.0650515926424,1,53.4282135531069
20.9371915657246,1,12.4475829142992
19.8378196500673,1,7.9991649572494
12.3298013245033,0,4.6865684353973
16.526710816777,0,24.9276041223065
21.4152317880795,0,48.50417340942
26.5004415011038,0,73.0293416233711
29.9938189845475,0,89.877352866025
29.0997792494481,0,85.565539562218
24.1880794701987,0,61.8771825227833
18.1395143487859,0,32.7059023933226
19.3750560789592,1,6.12667235463902
28.6370569762225,1,43.6037540617569
39.2180349932705,1,86.4178481311381
39.5657245401525,1,87.8247136347958
34.0780619111709,1,65.6198377112568
27.1811350381337,1,37.7126182220851
22.016711529834,1,16.8156733893659
18.3494840735756,1,1.97687294643016
14.0633554083885,0,13.0472276637425
18.0050772626931,0,32.0575334298611
26.8315673289183,0,74.62630951367
33.4726269315673,0,106.655097521506
31.5942604856512,0,97.5960310024699
27.7863134657837,0,79.2309002640321
24.0291390728477,0,61.1106379354399
18.1682119205298,0,32.8443062771485
26.3266038582324,1,34.2549058761596
40.3171825930911,1,90.8653584330241
47.0511440107672,1,200
41.6736204576043,1,96.3539492076171
34.314064602961,1,66.5747817089331
24.4970614625393,1,26.8519795959119
18.1588156123822,1,1.2053660573275
11.6757174392936,0,1.53202452942676
17.8575496688742,0,31.34603100247
23.7912362030905,0,59.9632697385231
29.7472406181016,0,88.6881441103825
30.8790286975717,0,94.1465803594242
29.8591611479029,0,89.2279192573035
29.4927152317881,0,87.4606081253726
17.1858719646799,0,28.1066348692615
21.4432480933154,1,14.4952529634941
33.0986989681472,1,61.6570152667599
40.6671152983401,1,92.2813004883185
43.0291610587707,1,101.838909361555
35.9024226110363,1,73.001797157224
26.7289591745177,1,35.882966943199
22.3778151637506,1,18.27681667181
17.9277703005832,1,0.270481238767766
17.9126710816777,0,31.6118729239417
24.9696688741722,0,65.6466655310452
30.2949227373068,0,91.3295290009368
33.605298013245,0,107.294949322886
33.8039735099338,0,108.253130057065
25.558940397351,0,68.4886295886211
17.633995584989,0,30.2678647474661
22.7128757290265,1,19.6325811897544
34.4288918797667,1,67.0394103872057
43.0291610587707,1,101.838909361555
44.0206370569762,1,105.850745184889
33.788245850157,1,64.4471472398207
29.7499102736653,1,48.106722094142
22.0430462090624,1,16.9222321055785
18.7162404665769,1,3.46088913899829
18.2703090507726,0,33.3367047099906
24.9879690949227,0,65.7349246231156
33.1342163355408,0,105.02299633762
36.119646799117,0,119.421258836556
29.3381898454746,0,86.7153564432331
25.2432671081678,0,66.9661868665361
17.8525386313466,0,31.3218635550635
18.4890085240018,1,2.54143445822068
35.6850605652759,1,72.1222793036469
42.3876177658143,1,99.2430155935157
42.1677882458502,1,98.3535135331385
37.7272319425752,1,80.3855719135186
30.6577164647824,1,51.7800025414345
23.5645805293854,1,23.0788570806179
12.3790286975718,0,4.92398432842183
14.2665033112583,0,14.0269781108934
20.2518189845475,0,42.893216080402
28.0203090507726,0,80.3594242398433
29.0247240618102,0,85.2035601737501
28.5390728476821,0,82.8613406013116
24.4176600441501,0,62.9844135933907
23.1328918322296,0,56.7881781790307
18.0515926424406,1,0.771506889102708
30.092866756393,1,49.4944360738468
38.6864064602961,1,84.266705393287
38.8008075370121,1,84.7296095267486
38.109241812472,1,81.9313086572149
30.0248945715568,1,49.2193984061576
23.0581022880215,1,21.0294806397154
19.1707043517272,1,5.2997985005536
18.4724091520861,1,2.47426797611052
13.4205298013245,0,9.94698066604204
19.216114790287,0,37.8981773273146
23.9309050772627,0,60.6368707946512
27.8686534216336,0,79.6280129460864
31.6406181015453,0,97.8196065071118
26.3867549668874,0,72.4810493143685
22.3514348785872,0,53.0193339579252
15.3867549668874,0,19.4297759986372
11.801766004415,0,2.13993697300062
32.1408703454464,1,57.7813277179733
40.7635711081203,1,92.6715922086882
41.1606101390758,1,94.2781418483489
32.5300583221175,1,59.3561094269065
27.1798115746972,1,37.7072630566195
22.7831763122477,1,19.9170403180424
12.1896247240618,0,4.0105186951708
13.9175938189846,0,12.3442423984329
22.4338410596026,0,53.4167660335576
28.3044150110375,0,81.7296226897198
33.0953642384106,0,104.835618771825
29.6273730684327,0,88.1100417340942
28.0799116997793,0,80.6468784600971
24.0423841059603,0,61.1745166510519
12.7708609271523,0,6.81372966527554
29.3772992373262,1,46.5990161018026
40.438313144908,1,91.3554922213952
41.6742934051144,1,96.356672173108
40.8721399730821,1,93.1108973078947
31.2184836249439,1,54.0490496850437
23.6205697622252,1,23.3054078094651
20.0768281740691,1,8.96627153411871
18.6502916105877,1,3.19403852088515
12.3871964679912,0,4.96337620304913
16.9527593818985,0,26.9823694744911
22.1587196467991,0,52.0898986457712
28.8907284768212,0,84.5573205008092
31.5942604856512,0,97.5960310024699
26.0225165562914,0,70.7243846350396
24.5788079470199,0,63.7616046333362
20.951876379691,0,46.2694830082617
11.6671081677704,0,1.49050336427905
30.8600269179004,1,52.5986167335306
43.2714221624047,1,102.819176938298
40.2678331090175,1,90.6656742970211
36.9934948407358,1,77.4166318732187
27.7987662628982,1,40.2117559496796
22.8618438761777,1,20.2353549839345
12.0834437086093,0,3.49842432501494
18.1516375056079,1,1.17632109209074
14.7756070640177,0,16.4823055957755
20.9939293598234,0,46.4722979303297
25.2008830022075,0,66.7617749765777
30.1858719646799,0,90.8035942423984
28.6119205298013,0,83.2126735371774
29.7112582781457,0,88.51460693297
25.044591611479,0,66.0080061323567
20.0136865342163,0,41.7447406524146
18.8681022880215,1,4.07537168478953
33.9847465231045,1,65.2422531631783
42.8227904890085,1,101.003866610997
44.5320771646478,1,107.920198958012
37.0724540152535,1,77.7361264908237
29.0486765365635,1,45.269301287055
22.9161058770749,1,20.4549167680215
11.59646799117,0,1.14981688101521
15.8165342163355,0,21.5025338557193
23.4953863134658,0,58.5364321608041
32.178587196468,0,100.414147006217
34.2587196467991,0,110.446299293076
30.4110375275938,0,91.8895324078017
25.4993377483444,0,68.2011753683673
20.2896247240618,0,43.0755472276638
21.3445491251682,1,14.095884691488
32.9439210408255,1,61.0307332038412
43.5248990578735,1,103.844827273222
40.4517720951099,1,91.4099515312142
39.5471063257066,1,87.7493782562129
29.5899506505159,1,47.459473196943
23.0702108568865,1,21.0784758654492
18.8557649170032,1,4.0254506507888
12.1176600441501,0,3.66344434034583
15.7268013245033,0,21.0697662039008
24.5581876379691,0,63.662156119581
28.3370860927152,0,81.8871901882293
30.2498896247241,0,91.1123413678563
28.605298013245,0,83.1807341793714
22.2388520971302,0,52.4763648752236
13.3381898454746,0,9.54986798398775
22.9798115746972,1,20.7126908344982
27.4683714670256,1,38.8748706591392
32.5087483176312,1,59.2698821863597
33.4217137729924,1,62.9640387024162
31.0838941229251,1,53.5044565868535
27.1805742485419,1,37.7103490841759
23.9970838941229,1,24.8289070016519
19.8775235531629,1,8.15981992121554
13.3415011037528,0,9.56583766289075
18.3072847682119,0,33.515032791074
24.983885209713,0,65.7152286858018
29.0710816777042,0,85.427135678392
25.7024282560706,0,69.1806490077506
22.960706401766,0,55.9577548760753
21.6097130242826,0,49.4421258836556
18.680353200883,0,35.3142832808108
17.9416778824585,1,0.326755858914045
22.7330641543293,1,19.714270154483
22.414535666218,1,18.4253998220996
25.2274562584118,1,29.8073955742734
27.0197397936294,1,37.0595603318387
25.216240466577,1,29.762012816091
22.6680125616868,1,19.4510501570243
20.7523553162853,1,11.6996750594514
18.6751906684612,1,3.29478824405038
15.0865342163356,0,17.9818584447663
16.9871964679912,0,27.1484541350822
18.6406181015452,0,35.1226471339749
19.6891832229581,0,40.1797121199217
19.7598233995585,0,40.5203986031854
15.9673289183223,0,22.2297930329614
12.0225165562914,0,3.2045822331999
12.1041942604856,0,3.59850097947362
22.650067294751,1,19.3784377439323
27.5222072678331,1,39.0927078984152
31.9816061013908,1,57.1368925517817
30.5280394795873,1,51.2552870913283
28.3319874383131,1,42.3693430391926
23.5675190668461,1,23.0907473632617
18.1323463436519,1,1.09826274801679
14.4662251655629,0,14.9902052636061
20.512582781457,0,44.1508389404651
25.521412803532,0,68.3076398943871
26.1858719646799,0,71.5122221275871
22.2587196467991,0,52.5721829486415
20.3050772626932,0,43.1500723958777
16.0269315673289,0,22.5172472532152
20.7231942575146,1,11.5816798881769
30.1220278151637,1,49.6124312451213
35.0323014804845,1,69.4810027774248
36.8896366083445,1,76.9963875324486
36.3467922835352,1,74.7998620364152
29.5930910722297,1,47.4721803692341
23.0511440107672,1,21.001325176539
19.9497532525796,1,8.45208488391089
14.2699779249448,0,14.043735627289
22.2629139072848,0,52.5924112085852
26.7116997792495,0,74.0482071373819
28.1174392935982,0,80.827868154331
25.7289183222958,0,69.3084064389745
25.3448123620309,0,67.4559236862278
17.5788079470199,0,30.0017034324163
18.468820098699,1,2.45974549349214
23.5406011664424,1,22.9818287436237
32.4235082996859,1,58.9249732241726
35.445042620009,1,71.1510882785413
37.2687303723643,1,78.5303247590175
29.8378196500673,1,48.4624321527765
26.3829071332436,1,34.4827273222357
22.6368326603858,1,19.324886089277
19.4282189322566,1,6.34178662842412
13.0002207505519,0,7.91989609062253
20.1673289183223,0,42.4857337535134
26.1807947019868,0,71.4877352866025
28.9673289183223,0,84.9267524060983
26.8260485651214,0,74.599693382165
24.2896247240618,0,62.3669193424751
22.1704194260486,0,52.1463248445618
15.0313465783665,0,17.7156971297164
23.5047106325707,1,22.8366039174397
32.7151188873935,1,60.104924936918
36.9995513683266,1,77.4411385626373
38.702108568865,1,84.3302412547425
33.3804396590399,1,62.7970301523046
25.3568864961866,1,30.3311126036995
22.4118438761777,1,18.4145079601358
19.0253476895469,1,4.71163795450835
14.405298013245,0,14.6963631717912
21.2059602649007,0,47.4948897027511
26.2757174392936,0,71.9455327484882
29.3668874172186,0,86.8537603270591
28.0092715231788,0,80.3061919768333
23.4132450331126,0,58.1402776594839
18.1174392935982,0,32.5994378673026
13.2896247240618,0,9.31564602674388
23.7985643786451,1,24.0256321818215
33.0538358008075,1,61.4754842340298
36.8492597577389,1,76.8330096029916
35.3844773441005,1,70.9060213843557
32.264468371467,1,58.2814457131446
27.3230148048452,1,38.2867101130939
22.2274113952445,1,17.6682338845825
19.2541274113953,1,5.63735545591523
11.9273289183223,0,2.745507197002
20.097770419426,0,42.1502640320245
23.9011037527594,0,60.4931436845243
25.9253863134658,0,70.2559407205519
24.7796909492274,0,64.7304318201175
26.6693156732892,0,73.8437952474236
21.7509933774834,0,50.1234988501831
17.8746136865342,0,31.4283280810834
18.1794526693585,1,1.2888703323833
24.3660834454913,1,26.3219997458566
34.9044414535666,1,68.9636393341442
39.390758187528,1,87.1167426071487
34.8102288021534,1,68.5824241654111
30.3241363840287,1,50.4302285475702
24.0038133692239,1,24.8561366565615
20.8642418124719,1,12.1524043785285
11.9735077262693,0,2.96822033898299
14.7792052980132,0,16.4996593135167
20.4216335540839,0,43.712205093263
26.6033112582781,0,73.5254663146239
27.7399558498896,0,79.0073247593902
27.5876379690949,0,78.2727195298526
27.3911699779249,0,77.3251852482753
23.9055187637969,0,60.5144365897283
13.1726269315673,0,8.75138403883829
26.1538806639749,1,33.5560114001488
34.276357110812,1,66.4222048759235
41.1000448631674,1,94.0330749541635
38.9555854643338,1,85.3558915896672
33.8156123822342,1,64.557881169786
24.5707716464782,1,27.1502350826874
20.6984073575594,1,11.4813839925936
18.5365634813818,1,2.73385735291449
15.2005518763797,0,18.5317477216592
18.9305739514349,0,36.5210586832467
26.5567328918322,0,73.300826164722
31.3271523178808,0,96.3078102376288
28.914348785872,0,84.6712375436506
26.2476821192053,0,71.8103228004429
23.6384105960265,0,59.2262158248871
20.0887417218543,0,42.1067200408824
21.6855091969493,1,15.4755205402364
34.4154329295648,1,66.9849510773866
41.721399730821,1,96.5472797574745
43.1054284432481,1,102.147512117196
38.1128308658592,1,81.9458311398334
26.8798340062808,1,36.49345580627
21.1192687303724,1,13.1843266106341
18.4246298788695,1,2.28093742625309
15.4371964679912,0,19.6730474405929
22.8758278145695,0,55.5483987735286
27.1470198675497,0,76.1476875904948
29.4331125827815,0,87.1731539051189
28.1064017660044,0,80.774635891321
27.5876379690949,0,78.2727195298526
20.7664459161148,0,45.3751809896942
11.7090507726269,0,1.69278596371692
25.2947510094213,1,30.0796921233685
37.4997756841633,1,79.4652095775773
40.1893225661732,1,90.3479949897435
39.4262000897263,1,87.2601521230054
28.8941229250785,1,44.6439268793
25.5032750112158,1,30.9234483634977
20.3810228802154,1,10.1971427015449
11.8901103752759,0,2.56600800613236
12.1466004415011,0,3.80301933395789
16.1511920529802,0,23.1165360701815
21.4960264900662,0,48.8938335746529
26.523178807947,0,73.1390000851715
25.1306843267108,0,66.4232177838345
24.0247240618101,0,61.0893450302359
24.483885209713,0,63.3038071714506
21.5611479028697,0,49.2079039264117
11.8569536423841,0,2.40609828805039
25.4629878869448,1,30.7604334961062
32.4795872588605,1,59.1518870150852
39.9515477792732,1,89.3858805162742
37.7754598474652,1,80.5807177737034
31.3257065948856,1,54.4829088532685
22.983086585913,1,20.7259425998874
20.1541947061463,1,9.27932180006173
11.4774834437086,0,0.575973085767766
16.0836644591612,0,22.7908610850865
19.3103752759382,0,38.3527808534197
24.0949227373068,0,61.4279022229793
29.0916114790287,0,85.5261476875905
26.0644591611479,0,70.9266672344776
23.4198675496689,0,58.1722170172898
20.7465783664459,0,45.2793629162763
19.3448123620309,0,38.5188655140107
22.3943472409152,1,18.3437108573711
34.9470614625392,1,69.1360938152377
40.099596231494,1,89.9849329242834
38.3696724988784,1,82.9850963022128
34.0116644235083,1,65.3511717828163
27.6745177209511,1,39.7090057545337
18.3218932256617,1,1.86523136130122
18.0150291610588,1,0.623559097427719
16.2090728476821,0,23.3956860574057
21.006821192053,0,46.5344732135252
28.4011037527594,0,82.1959373136871
31.7576158940397,0,98.3838684950175
31.4176600441501,0,96.7443147943105
29.914348785872,0,89.4940805723533
22.0401766004415,0,51.5181841410442
14.20353200883,0,13.723277403969
23.8995065051593,1,24.4340770054641
33.8770749214895,1,64.8065786846262
43.6303275011216,1,104.271425200138
43.35666218035,1,103.164085900485
35.4764468371467,1,71.2781600014522
27.0043068640646,1,36.9971136565796
20.4954688200987,1,10.6602283660392
11.7640176600442,0,1.95788263350653
16.0518763796909,0,22.6375521676177
23.0816777041943,0,56.5411804786645
31.3924944812362,0,96.6229452346478
33.764238410596,0,108.061493910229
28.0048565121413,0,80.2848990716293
25.8415011037528,0,69.8513755216762
22.3293598233996,0,52.9128694319053
11.4684326710817,0,0.532322630099639
27.3472409152086,1,38.3847368707681
37.2462987886945,1,78.4395592426525
39.8797667115298,1,89.0954308639062
41.1135038133692,1,94.0875342639824
34.2792732166891,1,66.434004393051
24.5520412741139,1,27.0744458765226
20.5428891879767,1,10.8521066676348
18.9117765814266,1,4.25209214515218
13.3136203090508,0,9.4313729665275
18.1859161147903,0,32.9296908270164
22.8350993377484,0,55.3519717230219
28.8443708609272,0,84.3337449961673
30.2807947019868,0,91.2613917042841
25.8900662251656,0,70.0855974789201
22.5390728476821,0,53.9242824290946
16.9562913907285,0,26.9994037986543
11.4264900662252,0,0.330040030661771
32.4481830417227,1,59.0248152921742
40.2207267833109,1,90.4750667126546
41.5576491700314,1,95.8846914880099
37.2929564827277,1,78.6283515166918
26.642175863616,1,35.531813313486
21.8587213997308,1,16.1763937045038
12.6002207505519,0,5.99075887914152
12.7109050772627,0,6.52457201260537
19.8531125827815,0,40.9703176901457
26.3975717439294,0,72.5332169321182
28.9077262693157,0,84.6392981858445
28.6538631346578,0,83.4149561366153
26.8635761589404,0,74.7806830763989
24.9783664459161,0,65.6886125542969
13.9562913907285,0,12.5308747125458
24.395244504262,1,26.4399949171311
32.7981157469717,1,60.4407573474685
41.1695827725438,1,94.3144480548951
41.1484970838941,1,94.2291284695118
34.5374607447286,1,67.4787154864124
25.3653207716465,1,30.3652404378529
21.0839838492597,1,13.0415524533919
18.4154329295648,1,2.24372356454339
15.4879249448124,0,19.9177029213866
21.3065562913907,0,47.9800485478239
28.8591611479029,0,84.4050762286006
32.5986754966887,0,102.440166936377
29.9275938189846,0,89.5579592879653
24.9584988962472,0,65.592794480879
18.5302428256071,0,34.5903245038753
14.960706401766,0,17.3750106464526
25.9609690444145,1,32.7754279594096
34.7698519515478,1,68.419046235954
40.2386720502468,1,90.5476791257466
38.4329295648273,1,83.2410550583622
34.590623598026,1,67.6938297601976
27.6529834006281,1,39.6218708588233
19.985868102288,1,8.59821736525861
19.2550471063257,1,5.64107684208615
14.5293598233996,0,15.2946938080231
21.3863134657837,0,48.3647048803339
28.1876379690949,0,81.1664253470744
31.8238410596027,0,98.7032620730773
31.0843267108168,0,95.1367004514095
29.1505518763797,0,85.8104079720638
20.5567328918322,0,44.3637679925049
12.8061810154525,0,6.98407290690741
24.7698519515478,1,27.9557790404269
34.0049349484074,1,65.3239421279068
42.7936294302378,1,100.885871439723
43.2660385823239,1,102.79739321437
33.6536563481382,1,63.9025541416305
28.344773441005,1,42.4210793835207
21.8981606101391,1,16.3359776353767
18.5901749663526,1,2.95078693702691
14.2423841059603,0,13.9106549697641
19.71,0,40.2801081679584
26.9449668874172,0,75.1732177838344
30.5737306843267,0,92.6741759645686
27.278587196468,0,76.7822161655737
24.8944812362031,0,65.2840473554211
25.5721854304636,0,68.5525083042331
19.9187637969095,0,41.286943190529
11.6317880794702,0,1.32016012264713
29.7541498429789,1,48.123876776735
35.2723194257515,1,70.4521938025306
42.0107671601615,1,97.7181549185833
38.9165545087483,1,85.1979595911921
32.2041722745626,1,58.0374680051555
23.2790040376851,1,21.9233212917749
20.1626289816061,1,9.313449634215
19.4342754598475,1,6.36629331784263
15.7885209713024,0,21.3674303721999
18.7485651214128,0,35.6432586662124
27.3116997792495,0,76.9419129546036
30.3598233995585,0,91.6425347074355
28.4044150110375,0,82.2119069925901
26.1461368653422,0,71.3205859807512
23.6626931567329,0,59.343326803509
18.7399558498896,0,35.6017375010647
23.7694033198744,1,23.907637010547
36.7999102736653,1,76.6333254669886
43.0650515926424,1,101.984134187739
39.1637505607896,1,86.1981955815346
34.8270524899058,1,68.6504983026849
26.0388066397488,1,33.0903843011963
20.8299685957829,1,12.0137237460744
18.3488111260655,1,1.97414998093924
13.1927152317881,0,8.84826675751635
20.6580573951435,0,44.8524401669364
25.7611479028698,0,69.4638446469637
28.8094922737307,0,84.1655310450558
28.7024282560706,0,83.6491780938592
30.1439293598234,0,90.6013116429606
23.4309050772627,0,58.2254492802998
16.00706401766,0,22.4214291797973
24.2696276357111,1,25.9317080254869
34.4378645132347,1,67.0757165937518
41.4679228353522,1,95.5216294225497
42.3039479587259,1,98.9044602174742
33.3812696276357,1,62.80038847641
27.1952220726783,1,37.7696189663623
21.6471511888739,1,15.3203115072522
19.3864961866308,1,6.17296276798512
14.8172185430464,0,16.682991227323
19.4189845474614,0,38.8765863214376
27.6633554083885,0,78.6378928541011
32.4286975717439,0,101.620390086023
30.082119205298,0,90.3032109701048
27.1483443708609,0,76.154075462056
23.3448123620309,0,57.8102376288221
17.8525386313466,0,31.3218635550635
25.1579183490354,1,29.5260224735419
34.1843876177658,1,66.0500662588269
39.4872139973082,1,87.5070343275183
40.5796321220278,1,91.9273149744949
36.6875280394796,1,76.1785902299998
28.7783759533423,1,44.1755768148565
21.2272319425751,1,13.6211810408989
19.2018842530283,1,5.42596256830105
14.4951434878587,0,15.1296737926922
20.8219867549669,0,45.6430457371604
25.122825607064,0,66.3853164125713
28.3463576158941,0,81.9319052891577
30.9651214128035,0,94.5617920109019
29.8370860927152,0,89.1214547312835
20.7399558498896,0,45.2474235584704
17.887842081651,1,0.108918619638015
26.1269627635711,1,33.4470927805108
36.9659039928219,1,77.3049902880898
40.5078510542844,1,91.6368653221268
37.4571556751907,1,79.2927550964837
28.8546657694033,1,44.484270336014
25.2157694033199,1,29.7601067402473
20.7510094212651,1,11.6942291284695
12.5920529801325,0,5.95136700451413
15.9852097130243,0,22.3160292990375
23.8448123620309,0,60.2216591431736
29.5139072847682,0,87.5628140703517
32.8304635761589,0,103.558044459586
27.2874172185431,0,76.8248019759817
23.9099337748344,0,60.5357294949323
19.2300220750552,0,37.9652499787071
19.0767160161507,1,4.91949098698421
31.4297891431135,1,54.9040608492022
39.3122476446837,1,86.7990632998711
39.516375056079,1,87.6250294987928
37.488111260655,1,79.4180115090675
28.7640197397936,1,44.1174868843828
22.5161507402423,1,18.8365676112332
19.3654104979812,1,6.08764318260208
11.5368653421634,0,0.86236266076141
15.9569536423841,0,22.1797547057321
22.3172185430464,0,52.8543139425944
25.3046357615894,0,67.2621582488715
29.2163355408388,0,86.1276722596031
30.446357615894,0,92.0598756494336
25.4971302428256,0,68.1905289157652
20.4441501103753,0,43.8207989098033
18.0986989681471,1,0.962114473469214
25.8017048003589,1,32.130992793218
37.6388515029161,1,80.0279557790405
41.4410049349484,1,95.4127108029117
37.0085240017945,1,77.4774447691833
30.2531179901301,1,50.1428649227585
25.2100942126514,1,29.7371430646069
21.1904441453567,1,13.4723255940603
13.1646799116998,0,8.71305680947115
12.8293598233996,0,7.09586065922836
19.9816114790287,0,41.5900476961076
24.415298013245,0,62.9730218891065
28.7812362030905,0,84.0292564517503
27.6494481236203,0,78.5708202027085
25.044591611479,0,66.0080061323566
24.6384105960265,0,64.04905885359
14.0644591611479,0,13.0525508900435
25.3194257514581,1,30.1795341913701
34.7048003589053,1,68.1558262384954
37.2777030058322,1,78.5666309655635
38.0134589502019,1,81.5437399023364
33.2442350829969,1,62.2459019369361
25.3775684163302,1,30.4147984097882
20.2231942575146,1,9.55851652840055
18.7920592193809,1,3.76767658431206
13.2618101545254,0,9.18150072395879
18.4878587196468,0,34.3859126139171
22.4512141280353,0,53.5005536155353
27.7523178807947,0,79.0669448939613
30.5766004415011,0,92.6880163529513
26.79293598234,0,74.4399965931352
23.2830022075055,0,57.5121369559662
15.0556291390728,0,17.8328081083383
19.7967698519515,1,7.83306406230145
33.4777927321669,1,63.1909524933287
39.7317182593091,1,88.496378455897
39.2027815163751,1,86.3561275800098
31.2395693135935,1,54.1343692704268
26.3212202781516,1,34.2331221522319
19.6345895020189,1,7.1768293789824
15.842825607064,0,21.6293331062091
21.4752759381898,0,48.7937569201942
26.7907284768212,0,74.4293501405331
30.5942604856512,0,92.7731879737672
30.0710816777042,0,90.2499787070948
21.7598233995585,0,50.1660846605912
15.4331125827814,0,19.6533515032791
20.9721848362494,1,12.5891771198286
30.559443696725,1,51.3823588142393
37.8272768057425,1,80.7903861165066
37.8389412292508,1,80.8375841850164
30.8755047106326,1,52.6612449398225
27.5300583221175,1,39.124475829143
23.1195603409601,1,21.2781600014522
19.4939434724092,1,6.60772959137364
11.6379690949227,0,1.34997018993267
12.146357615894,0,3.8018482241717
15.6971302428256,0,20.9266672344776
22.7229580573951,0,54.8111319308406
23.7565121412803,0,59.7958010390937
25.1209713024283,0,66.3763733923857
22.8591611479029,0,55.4680180563836
24.1792494481236,0,61.8345967123754
16.4860927152318,0,24.7317093944297
19.8236877523553,1,7.94198268193943
27.8183041722746,1,40.2908127144336
33.4979811574697,1,63.2726414580572
34.7104082548228,1,68.1785176175867
31.7083894122925,1,56.0313685624558
25.3958052938537,1,30.4885907745929
23.2973306415433,1,21.9974767186451
20.7680574248542,1,11.7632109209069
18.0751458052939,1,0.866810681285961
12.6713024282561,0,6.33357465292567
17.9046657694033,1,0.176992756911785
14.7421633554084,0,16.3210118388553
19.6631346578366,0,40.0540839792181
20.4560706401766,0,43.878289753854
21.4988962472406,0,48.9076739630356
20.4971302428256,0,44.0763137722511
23.4,0,58.0763989438719
18.2167770419426,0,33.0785282343924
12.6649006622516,0,6.30269994037983
23.0628084342755,1,21.0485232450488
27.1049798115747,1,37.4044692940258
31.719156572454,1,56.074936010311
28.8398384925976,1,44.4242743296967
26.197622252131,1,33.7330041570606
24.4624495289367,1,26.7119284041607
22.7540152534769,1,19.7990451467678
20.1274113952445,1,9.1709477735219
12.2203090507726,0,4.15850438633848
17.936069986541,1,0.304064479822762
14.4333333333333,0,14.8315731198365
19.3664459161148,0,38.6232007495103
21.7509933774834,0,50.1234988501831
23.1717439293598,0,56.9755557448259
23.839293598234,0,60.1950430116685
25.4507726269316,0,67.9669534111234
18.8459161147903,0,36.1127672259603
13.0313465783665,0,8.07001107231081
22.8564378645133,1,20.2134804944906
26.1830417227456,1,33.6740065714233
33.0986989681472,1,61.6570152667599
32.8959174517721,1,60.83649499882
29.0612382234186,1,45.3201299762195
24.5419470614625,1,27.0336013941583
21.8008075370121,1,15.9420552943525
19.5897263346792,1,6.99529834625229
12.7529801324503,0,6.72749339919935
13.583289183223,0,10.731943616387
17.9692494481236,0,31.8847415041308
24.651876379691,0,64.1140022144622
25.8686534216336,0,69.9823268886807
23.9695364238411,0,60.8231837151861
22.6273730684327,0,54.3501405331744
20.8746136865342,0,45.8968571671918
11.9651214128035,0,2.92777446554816
25.3104531179901,1,30.143227984824
31.0933153880664,1,53.5425781037268
28.0852400179453,1,41.3709223591773
31.3983849259758,1,54.7769891262912
27.9196949304621,1,40.7010728484035
25.5630327501122,1,31.1652476990941
21.9551592642441,1,16.5666128124603
21.1209735307313,1,13.1912247898778
17.9343203230148,1,0.296984769546349
16.5908609271523,0,25.2369900349204
18.5116997792495,0,34.5008943020186
22.3415011037527,0,52.9714249212162
24.5754966887417,0,63.7456349544332
23.8348785871965,0,60.1737501064646
19.9717439293598,0,41.5424580529768
16.923178807947,0,26.8397070096243
15.20353200883,0,18.5461204326718
23.1054284432481,1,21.2209777261423
30.0390309555855,1,49.2765988345707
34.1776581426649,1,66.0228366039175
31.1361597128757,1,53.715940239984
29.0127860026918,1,45.124076460871
24.299663526245,1,26.0532430518997
19.9742328398385,1,8.55113729192001
19.5647083894123,1,6.89406756585043
19.0180574248542,1,4.68213916168963
12.9046136865342,0,7.45879822843025
20.3783885209713,0,43.5036410867899
20.2450331125828,0,42.8604888851035
23.1437086092715,0,56.8403457967805
22.6538631346578,0,54.4778979643983
22.9651214128035,0,55.9790477812792
17.7509933774834,0,30.8321267353718
13.3426048565121,0,9.57116088919173
19.4445939883356,1,6.40804545537057
28.2265589950651,1,41.942745112277
32.4795872588605,1,59.1518870150852
32.6653207716465,1,59.9034254905876
28.1056527590848,1,41.4535189790694
26.7222027815164,1,35.8556283696698
22.6528532974428,1,19.3897108210649
17.9140870345446,1,0.215114273785102
13.0313465783664,0,8.07001107231072
16.4991832229581,0,24.7948428583596
22.2354746136865,0,52.4600758027426
28.1523178807947,0,80.9960821054424
25.0666666666667,0,66.1144706583767
24.1924944812362,0,61.8984754279873
21.6980132450331,0,49.8679839877353
19.6317880794702,0,39.9029043522699
22.2485419470615,1,17.7537350009985
31.144908030507,1,53.7513387913664
36.3400628084343,1,74.7726323815056
35.8034993270525,1,72.6015212300543
