22.7904948751205,1,19.9466536145436
22.7904948751205,1,19.9466536145436
22.7904948751205,1,19.9466536145436
22.7904948751205,1,19.9466536145436
22.7904948751206,1,19.9466536145441
22.7904948751205,1,19.9466536145434
22.7904948751205,1,19.9466536145434
22.7904948751205,1,19.9466536145434
22.7904948751207,1,19.9466536145443
22.7904948751205,1,19.9466536145434
24.0915073181254,0,61.4114301923899
18.4584792508113,0,34.2442200474566
17.5724299960949,0,29.9709435762606
13.5471202597367,0,10.5575065758957
12.0396337449253,0,3.28713574707371
12.0195873816964,0,3.1904552839245
13.8077229817121,0,11.8143525968358
20.1749705896109,1,9.36338781244695
33.0733349010184,1,61.5543839642201
37.9254991129217,1,81.1878256625021
39.697700147496,1,88.3587300611188
47.1002042390397,1,200
42.1502634183322,1,98.282602355297
23.0471584732313,1,20.9851983895157
35.9749914402029,0,118.723608747252
45.1441979810907,0,200
36.0752232563472,0,119.207011062998
29.7285446580852,0,88.5979764299527
17.6004949046155,0,30.10629622467
14.1284647933742,0,13.3612400072236
14.6657073279079,0,15.9522764196225
11.722901205909,0,1.75958442931596
24.0982570178753,1,25.2382865155916
36.2062604081164,1,74.2312241539592
40.9687960619493,1,93.5019994228856
45.1568941390583,1,200
43.5639502206247,1,104.002841036492
31.7248325045951,1,56.0979026861919
22.7844844356027,0,55.1078639950601
42.1091785882388,0,148.307830470916
41.5478804178305,0,145.600777502738
34.2910969289773,0,110.602449842717
19.998039946789,0,41.6692796173175
15.8564613037033,0,21.6950959306873
14.0001680687093,0,12.7424850430681
13.4949997153416,0,10.3061373717077
19.7105316977914,1,7.48411631487838
30.946693659529,1,52.9492986858791
37.4610602211023,1,79.3085541649337
47.3894600400852,1,200
43.783947590434,1,104.893022272183
36.5199603613627,1,75.5005566567022
24.9660244210117,1,28.7495569452593
27.7960752428216,0,79.2779797823673
46.6917772223598,0,200
42.3697813102144,0,149.564676491857
25.5428640158958,0,68.4110957243931
19.5610292283996,0,39.5616455206648
16.321536930613,0,23.9380826757486
14.1364833386657,0,13.3999121924831
11.8151144767619,0,2.2043145598024
23.5238194411514,1,22.9139244001786
36.1044097739453,1,73.8191032115091
47.2631652537131,1,200
46.3953978505769,1,200
36.3121850676541,1,74.659829934106
35.0125709756328,1,69.401166708453
16.7184549225448,0,25.8523558461034
47.4415112071199,0,200
48.0749762851523,0,200
29.604257206066,0,87.9985575584266
20.531273208677,0,44.2409799370869
18.4183865243536,0,34.0508591211587
13.2424155386578,0,9.0879635360275
11.8311515673449,0,2.28165893032173
22.4604988204068,1,18.6113817610084
32.9388920639125,1,61.0103843201862
44.6802331711384,1,108.519686565737
43.7635774635998,1,104.810598083693
38.5447509686808,1,83.6935209925927
37.7014277177458,1,80.2811595891145
18.7979500156198,1,3.79151267053297
40.6778682536971,0,141.404845402061
49.0051275389722,0,200
33.5092887630512,0,106.831911779897
23.778784051755,0,59.9032149672622
19.7494650427508,0,40.4704418742667
13.0098777252028,0,7.9664701634964
11.4783355745168,0,0.58008277889543
20.5579289740935,1,10.9129625560559
33.3462946005965,1,62.658868089984
44.2443124568867,1,106.755808932054
42.1421153675985,1,98.2496326799009
38.7117860087214,1,84.3693993382104
38.3573458018064,1,82.9352184584866
22.9371597883266,1,20.5401077716703
40.0925144474139,0,138.581775878103
44.0095738223364,0,157.473138377464
35.8226390796633,0,117.988837227318
26.7296087190455,0,74.1345791428286
21.4333595539764,0,48.5916007788019
13.3947678991973,0,9.82273505596159
12.2801901036718,0,4.44730130486447
12.7773399117479,0,6.84497679096531
23.0756766507991,1,21.1005922534015
40.1091767095467,1,90.0236986686142
42.9487723902322,1,101.513630544098
39.4573326508526,1,87.3861246369388
44.7128253740729,1,108.65156526732
36.744031756539,1,76.4072227300915
21.3732204642899,0,48.3015593893547
43.7569896456525,0,156.254964541783
41.5318433272472,0,145.523433132218
33.2687324043046,0,105.671746222106
26.0440230966179,0,70.8281073031247
15.6239234902483,0,20.5736025581558
13.2424155386578,0,9.08796353602748
14.3048727897882,0,14.2120280829365
11.3781037583724,0,0.0966804631492226
23.1245649552012,1,21.2984103057771
35.5788605016234,1,71.6925591484715
36.841808365343,1,76.8028588348422
43.3765450537501,1,103.244538502385
40.3862104344917,1,91.1446676320765
28.6285732257986,1,43.5694260357344
24.5686107629726,0,63.7124252153416
41.4957598734353,0,145.34940829855
35.6382125379578,0,117.099376966346
30.0693328329759,0,90.2415443034888
17.2957901835366,0,28.6367531848022
14.5775033297009,0,15.5268823817657
14.6937722364284,0,16.0876290680316
11.7309197512006,0,1.79825661457563
17.8894423588151,1,0.115393863885852
22.7741987736532,1,19.8807142637517
32.9225959624452,1,60.9444449693946
40.3943584852252,1,91.1776373074718
39.5265910820891,1,87.6663668778051
34.3362827647378,1,66.66468365059
36.2918149408199,1,74.577405745616
18.117587779358,1,1.03854477497237
37.8753866743002,0,127.888916653799
41.5799545989967,0,145.755466243777
30.033249379164,0,90.0675194698205
22.0347504508428,0,51.4920146732795
19.3124543243614,0,38.3628077776137
13.7756488005459,0,11.6596638557969
12.5367835530014,0,5.68481123317466
11.8792628390942,0,2.51369204187985
14.076344248979,0,13.1098708030354
17.9098124856492,1,0.197818052375606
24.1960336266795,1,25.6339226203434
31.7696467836303,1,56.2792359008693
35.085903432236,1,69.6978937870169
39.3880742196164,1,87.1058823960735
35.9414487592719,1,73.1597097035907
33.004076469782,1,61.274141723354
27.9115447612353,1,40.6680946008922
30.5825197316353,0,92.7165641601098
41.3353889676042,0,144.575964593356
37.5546448626384,0,126.342029243412
22.5038353503985,0,53.7543375109712
17.6045041772611,0,30.1256323172992
15.9286282113272,0,22.0431455980241
12.560839188876,0,5.80082778895367
12.0356244722795,0,3.26779965444394
17.8894423588151,1,0.115393863885852
13.2343969933663,0,9.04929135076782
21.2382912103555,1,13.6659304516171
33.8514737460842,1,64.7029879645319
35.2977527513116,1,70.5551053473115
38.3614198271734,1,82.9517032961851
40.8547233516779,1,93.0404239673426
35.3059008020451,1,70.5880750227068
19.0464655629971,1,4.79708777011002
35.5339714491678,0,116.59663855797
37.2699865047883,0,124.969166666693
31.7772829800764,0,98.4787197638042
25.4225858365225,0,67.8310129454976
16.7665661942943,0,26.0843889576622
13.9680938875431,0,12.5877963020294
15.0105047754447,0,17.6151803857894
18.0279592212875,1,0.675878345616753
11.6507342982851,0,1.41153476197876
18.8998006497908,1,4.20363361298238
28.4533901350247,1,42.8605780147221
38.2880873705702,1,82.6549762176212
37.8888328846202,1,81.0394621232205
33.0651868502847,1,61.521414288824
40.4106545866925,1,91.2435766582633
37.6566134387104,1,80.0998263744359
21.5536377333497,0,49.1716835576974
44.5067236304124,0,159.870813863564
34.9165434617183,0,113.618880292973
30.6145939128015,0,92.8712529011488
25.2341500221713,0,66.9222165918959
14.7739576893438,0,16.4743509206281
13.2504340839494,0,9.12663572128715
12.364384829233,0,4.85335925009124
13.6834355296931,0,11.2149337253105
18.1053657032574,1,0.98909026187812
19.3683135669771,1,6.09938994824895
28.0459875983408,1,41.2120942449245
37.2369888259262,1,78.4018880915452
38.5243808418468,1,83.6110968041035
35.3221969035128,1,70.6540143735001
32.9674102414805,1,61.1257781840724
32.8451894804753,1,60.6312330531333
19.5249457745874,0,39.3876206869953
43.3400252904918,0,154.244010908279
34.2590227478113,0,110.447761101679
27.7599917890095,0,79.1039549486979
19.3325006875903,0,38.4594882407631
18.9476105135959,0,36.603223348298
12.7653120938106,0,6.78696851307587
11.7629939323668,0,1.95294535561441
14.0482793404586,0,12.9745181546264
18.0686994749559,1,0.840726722596443
18.3986955296697,1,2.17599857613203
28.4574641603915,1,42.8770628524199
32.983706342948,1,61.1917175348649
38.4754925374446,1,83.4132787517273
38.7688223638571,1,84.600187065982
31.6107597943237,1,55.6363272306488
31.9448298744042,1,56.9880839218818
19.7716420782941,1,7.73138888034835
40.4613675308254,0,140.36069640005
40.0965237200596,0,138.601111970733
27.3069439800371,0,76.9189764815263
21.0484693799821,0,46.7353358863374
16.197249478594,0,23.3386638042232
16.5661025620054,0,25.1175843261695
11.8070959314703,0,2.16564237454274
17.9383306632171,1,0.313211916261457
12.9056366364127,0,7.46373175512041
29.3048614366937,1,46.3059090935978
37.8358705548513,1,80.8251592331467
38.968449606832,1,85.4079441131819
35.4281215630505,1,71.0826201536469
40.2884338256873,1,90.7490315273241
34.0918412427277,1,65.6755933887124
26.1242085495333,0,71.2148291557214
41.9167335012417,0,147.379698024684
36.8089201505241,0,122.74551601426
28.2571415970857,0,81.501630434799
23.1773931548887,0,57.0028010727852
14.2968542444967,0,14.1733558976768
12.6891359135408,0,6.41958275310876
13.1301559045761,0,8.54655294239183
13.2424155386578,0,9.08796353602739
18.3986955296697,1,2.17599857613203
27.5000681991847,1,39.0031259933973
35.5177501211207,1,71.4452865830014
40.5206532715971,1,91.6886672761087
40.9280558082811,1,93.3371510459065
34.1977659022654,1,66.1041991688593
31.4274286528158,1,54.8945095342395
14.1845946104148,0,13.6319453040403
43.9053327335461,0,156.970399969087
43.5565260133638,0,155.288159910291
26.8138034446066,0,74.5406370880547
19.9218637665192,0,41.3018938573503
16.6142138337548,0,25.3496174377279
14.3249191530171,0,14.3087085460857
11.9233648381978,0,2.72638906080828
17.9301826124834,1,0.280242240865542
13.7395653467339,0,11.4856390221283
21.7068041275418,1,15.5616867868836
33.6396244270087,1,63.8457764042377
33.5255517167373,1,63.3842009486948
37.7829082250823,1,80.6108563430728
39.8606611621696,1,89.0181235690381
34.9759047473313,1,69.2528031691715
27.3574773113455,1,38.4261566739685
25.9036985540159,0,70.1513440610808
38.2602768482947,0,129.745181546264
38.9538810160139,0,133.090325571228
27.8682421504455,0,79.626029449704
17.8049678095499,0,31.0924369487917
15.4034134947306,0,19.5101174635143
15.6920811252264,0,20.9023161328632
11.4582892112879,0,0.483402315746101
18.2031423120616,1,1.38472636662951
12.0476522902168,0,3.32580793233348
27.414513666481,1,38.6569444017393
36.3447772705888,1,74.7917086356899
36.414035701825,1,75.0719508765553
32.9959284190485,1,61.2411720479587
32.3155661827864,1,58.4882041523971
23.6184131459238,0,59.1297712620677
38.5649815693737,0,131.214724586133
29.5160532078592,0,87.5731635205711
19.2883986884868,0,38.2467912218348
15.5878400364362,0,20.3995777244868
16.1210732983244,0,22.9712780442566
11.5304561189118,0,0.831451983083424
18.3905474789361,1,2.14302890073611
25.6789788602083,1,31.6344035424044
34.6336866165171,1,67.8680768025426
43.3358048000819,1,103.079690125406
41.6328621967438,1,96.1890279676548
35.9903370636739,1,73.3575277559661
32.9837063429477,1,61.1917175348639
21.2328959216876,0,47.6247961473096
40.8542762501113,0,142.255633477774
37.5867190438044,0,126.49671798445
27.5033983396801,0,77.8664450203891
22.347473717213,0,53.0002298984062
20.2786890319932,0,43.0228061014068
12.9016273637669,0,7.44439566249063
12.0396337449253,0,3.28713574707372
19.1523902225347,1,5.2256935502565
27.793398025597,1,40.190034307651
39.0214119366009,1,85.6222470032558
43.1035853541721,1,102.140054376622
45.2057824434603,1,200
42.133967316865,1,98.2166630045056
24.432327097956,1,26.5900432068256
39.2104744653435,0,134.327835499538
39.5713090034633,0,136.068083836225
34.8884785531978,0,113.483527644564
28.0646965100885,0,80.5734979885668
23.6985985988394,0,59.5164931146647
14.3249191530171,0,14.3087085460858
13.0619982695979,0,8.2178393676844
13.4228328077177,0,9.95808770437048
12.5808855521049,0,5.89750825210289
23.2712298684073,1,21.891864462904
35.8721903280356,1,72.8794674627252
38.544750968681,1,83.6935209925935
45.3687434581337,1,200
44.3543111417914,1,107.200899549899
33.0774089263852,1,61.5708688019179
19.0999628741353,0,37.337994868232
37.811238311968,0,127.579539171722
41.9808818635742,0,147.689075506762
36.7768459693578,0,122.590827273221
21.2168588311046,0,47.5474517767907
16.2373422050518,0,23.5320247305218
14.5494384211805,0,15.3915297333571
14.9343285951749,0,17.2477946258223
18.4109176057703,1,2.22545308922595
25.2675022981577,1,29.9694349349093
33.203703712757,1,62.0818987705546
44.3624591925249,1,107.233869225295
44.0732033914796,1,106.063445748739
36.8336603146092,1,76.769889159446
34.6785008955523,1,68.04941001722
20.8480057476934,0,45.7685312548451
39.859976633959,0,137.460282505572
44.2260745452082,0,158.517287379475
27.1024710751024,0,75.9328357574036
21.9064537261779,0,50.873259709124
17.143437822997,0,27.9019816648673
16.6823714687329,0,25.6783310124351
12.0837357440288,0,3.49983276600204
18.818320142454,1,3.87393685902291
25.3204646279266,1,30.183737824983
40.777316869708,1,92.7272120510813
42.0810049870958,1,98.0023601144308
39.1273365961389,1,86.0508527834035
35.2040501678744,1,70.1759540802585
32.9144479117115,1,60.9114752939986
28.8665510392435,0,84.4407165145356
44.3824361783934,0,159.271394992039
35.7705185352684,0,117.73746802313
27.3710923423695,0,77.2283539636041
20.5272639360312,0,44.2216438444566
17.5443650875745,0,29.8355909278518
12.4405610095028,0,5.22074501005834
11.6828084794513,0,1.56622350301753
12.0316151996337,0,3.24846356181405
33.5092556152699,1,63.3182615979028
41.9832283782918,1,97.6067240096802
39.5021469298879,1,87.5674578516165
37.9621653412232,1,81.3361892017836
39.0214119366009,1,85.6222470032557
31.1626170039715,1,53.8229950838719
26.0119489154517,0,70.6734185620859
40.3130244429316,0,139.645260972745
38.4527219352918,0,130.673313992496
32.1180711549673,0,100.122287637341
25.0376956625283,0,65.9747480530333
15.3472836776898,0,19.2394121666964
13.3947678991973,0,9.82273505596159
14.2006317009981,0,13.7092896745606
11.5184283009745,0,0.773443705193769
19.9916394481032,1,8.62157011603827
33.8270295938831,1,64.6040789383439
35.3955293601158,1,70.9507414520631
43.6332086518609,1,104.283083277358
42.2439660017694,1,98.66175362235
33.1140751546869,1,61.7192323412003
31.0933585727353,1,53.5427528430066
30.341963372889,0,91.55639860232
45.1682536169653,0,200
41.2993055137923,0,144.401939759687
24.6608240338254,0,64.1571553458276
18.5226276131437,0,34.5535975295342
17.5082816337626,0,29.6615660941832
13.0098777252028,0,7.9664701634964
17.9790709168855,1,0.478060293241147
22.8760494078241,1,20.292835206201
32.3359363096206,1,58.570628340887
42.2154478242017,1,98.5463597584648
45.0957837585556,1,200
38.7443782116561,1,84.5012780397943
38.0884601275951,1,81.8472191704204
20.5049666443248,1,10.6986596659829
41.9488076824079,0,147.534386765723
45.9460525102457,0,200
30.927317179172,0,94.3794681262765
24.6006849441389,0,63.8671139563804
19.7614928606882,0,40.5284501521563
16.9068907368963,0,26.7611521997064
12.2841993763176,0,4.46663739749436
18.0809215510564,1,0.890181235690372
20.5620029994605,1,10.9294473937541
37.6769835655446,1,80.1822505629258
40.0928806080792,1,89.9577593178218
39.6284417162598,1,88.0784878202534
36.2877409154531,1,74.5609209079184
39.2047430781088,1,86.3640646996651
23.9271479524681,1,24.5459233322771
33.5092887630512,0,106.831911779897
35.9469265316826,0,118.588256098844
34.7722096464702,0,112.922780958298
29.0870610347614,0,85.5042016091783
26.0560509145552,0,70.8861155810142
15.8324056678285,0,21.5790793749073
13.1261466319303,0,8.52721684976195
13.2825082651156,0,9.28132446232593
17.9016644349156,1,0.16484837697969
30.6574378584837,1,51.7788752093236
36.7073655282373,1,76.2588591908091
36.5810707418654,1,75.7478292221722
42.8428477306945,1,101.085024763952
41.0910168229545,1,93.9965445538249
30.5841054018807,1,51.4821481307605
28.1609190535872,0,81.0375642116834
39.7156428187113,0,136.764183170899
38.0437761254227,0,128.701032544252
32.462868602504,0,101.785191603508
19.9820028562057,0,41.5919352467975
15.6479791261229,0,20.6896191139351
13.2183599027832,0,8.97194698024838
14.7980133252186,0,16.5903674764076
19.4334979728465,1,6.36314735141649
31.7452026314294,1,56.180326874682
33.6111062494408,1,63.7303825403516
41.8121193128847,1,96.9143608263655
44.8187500336106,1,109.080171047467
39.7547365026317,1,88.5895177888904
26.241194360832,1,33.9093111447246
27.8722514230914,0,79.6453655423345
40.5295251658035,0,140.689409974757
38.9859551971799,0,133.245014312266
31.232021900251,0,95.8490111661453
19.0999628741353,0,37.3379948682321
15.5677936732073,0,20.3028972613374
15.7923129413708,0,21.3857184486094
12.1398655610696,0,3.77053806281992
18.0035150690865,1,0.576969319428996
24.5749179857953,1,27.1670125262545
30.0096678251566,1,49.1577860153466
43.9672787319417,1,105.634839968592
41.7917491860505,1,96.8319366378755
33.0000024444152,1,61.2576568856564
37.0577317097853,1,77.6765552328344
39.1314106215056,1,86.0673376211011
28.3841317037883,1,42.5803357738559
44.7512892618046,0,161.050315513984
44.1940003640419,0,158.362598638436
35.2934150904212,0,115.436473000179
32.386692422234,0,101.41780584354
23.0130129764119,0,56.2100212749617
16.4378058373406,0,24.4988293620144
13.8357878902325,0,11.9497052452445
14.7980133252186,0,16.5903674764076
18.1338838808253,1,1.10448412576397
11.6306879350562,0,1.31485429882954
18.0483293481217,1,0.758302534106598
22.6193858097134,1,19.254290431229
38.1495705080978,1,82.0944917358904
42.3661867627746,1,99.1562987532893
35.4688618167187,1,71.2474685306261
41.6532323235781,1,96.2714521561448
37.4040238659666,1,79.0777664371622
19.5890941369201,0,39.6969981690742
45.0038734384885,0,200
35.4537859962521,0,116.209916705372
28.4335495934998,0,82.3524185105123
24.3039987683514,0,62.4362431017716
19.3485377781734,0,38.5368326112825
13.6633891664642,0,11.1182532621612
18.0035150690865,1,0.576969319428905
24.5504738335943,1,27.0681035000667
42.2439660017694,1,98.6617536223502
47.8661210080052,1,200
43.5435800937905,1,103.920416848002
36.0025591397746,1,73.4069822690607
35.1796060156732,1,70.0770450540699
30.9674099056298,0,94.5728290525753
45.2885317963384,0,200
33.5574000348007,0,107.063944891456
26.8739425342932,0,74.8306784775019
20.0421419458925,0,41.8819766362459
16.2052680238857,0,23.3773359894834
21.9471716241851,1,16.5342922110634
46.0979939987977,1,200
48.5994455740359,1,200
46.4279900535117,1,200
43.9917228841427,1,105.733748994779
52.4575475964309,1,200
51.5775581171941,1,200
25.3652789069619,1,30.3650710396609
60.6199903937828,0,200
53.198826726453,0,200
40.8943689765689,0,142.448994404072
31.9296353406159,0,99.2134912837386
28.9667828553879,0,84.9241188302817
28.144881963004,0,80.9602198411635
20.9241819279631,0,46.1359170148124
19.2563245073205,0,38.0921024807959
16.5781303799426,0,25.1755926040584
16.1250825709702,0,22.9906141368868
20.6638536336314,1,11.3415683362033
39.9299195934057,1,89.2983658099029
39.326963839114,1,86.8586098306043
46.6805796262555,1,200
39.0988184185709,1,85.9354589195173
14.3008635171426,0,14.1926919903075
48.203273009817,0,200
37.3381441397664,0,125.2978802414
27.8562143325082,0,79.5680211718146
21.2689793754998,0,47.7988209809789
15.700099670518,0,20.9409883181228
12.8054048202683,0,6.9803294393743
18.4231396818708,1,2.27490760231988
25.3571308562281,1,30.3321013642646
42.4680373969455,1,99.5684196957386
41.0869427975877,1,93.9800597161272
39.0458560888019,1,85.7211560294434
38.52030681648,1,83.5946119664058
27.6752512899585,1,39.7119740144091
36.3679001594887,0,120.618545824977
47.5537708412015,0,200
31.248058990834,0,95.9263555366643
23.991275501981,0,60.9280278766438
17.4120590902639,0,29.1974998710669
17.1915490947463,0,28.1340147764254
12.0957635619661,0,3.55784104389159
19.2909070850071,1,5.78617803198739
27.3696993874458,1,38.4756111870616
38.6547496535857,1,84.1386116104389
41.8406374904524,1,97.0297546902509
37.0781018366196,1,77.7589794213245
32.4011207154901,1,58.8343857440549
21.7679145080444,1,15.8089593523535
37.2058381424559,0,124.659789184615
37.3020606859545,0,125.123855407731
32.9119071388307,0,103.95083397805
19.7695114059797,0,40.5671223374159
15.8845262122237,0,21.8304485790961
15.2871445880031,0,18.9493707772487
13.7195189835051,0,11.3889585589791
11.5585210274322,0,0.966804631492309
11.3781037583724,0,0.0966804631492226
13.8237600722952,0,11.891696967355
22.2282793744969,1,17.6717460122238
31.549649413821,1,55.3890546651789
35.1266436859044,1,69.862742163997
36.6299590462674,1,75.9456472745475
42.2398919764027,1,98.6452687846525
40.9728700873161,1,93.5184842605833
28.8974589000099,1,44.6574253238005
35.8988152599331,0,118.356222987285
39.8439395433759,0,137.382938135053
34.9325805523013,0,113.696224663492
29.1512093970936,0,85.813579091255
18.5186183404979,0,34.5342614369046
14.4251509691615,0,14.7921108618318
12.8334697287888,0,7.11568208778331
14.433169514453,0,14.8307830470916
18.2398085403631,1,1.5330899059112
17.8935163841819,1,0.131878701583764
23.0675286000655,1,21.0676225780056
31.6148338196904,1,55.6528120683464
39.2414093064103,1,86.5124282389466
39.2902976108122,1,86.7102462913219
34.0225828114915,1,65.3953511478471
34.1366555217629,1,65.8569266033901
24.2897362101166,1,26.0130738873962
36.2636590706987,0,120.115807416601
44.5347885389329,0,160.006166511973
28.678115224892,0,83.5319201609328
20.7798481127152,0,45.439817680138
18.2058950741273,0,33.0260462117759
16.0649434812835,0,22.7005727474388
12.4044775556908,0,5.04672017638979
11.9313833834893,0,2.76506124606795
13.9480475243142,0,12.4911158388802
18.7042474321825,1,3.41236140347976
26.5874865170131,1,35.3105223490517
34.7844255550901,1,68.4780157973675
32.7433388463044,1,60.219112110684
39.673255995295,1,88.2598210349311
36.1614461290812,1,74.0498909392815
30.1929989666642,1,49.899603711755
24.8397296346398,1,28.2385269766225
36.2035199810122,0,119.825766027154
38.9859551971801,0,133.245014312267
34.8924878258435,0,113.502863737193
20.888098474151,0,45.961892181143
16.9429741907083,0,26.9351770333753
15.0305511386735,0,17.7118608489387
14.2928449718509,0,14.1540198050471
18.1990682866947,1,1.36824152893151
28.0419135729741,1,41.1956094072272
33.7903633655817,1,64.4557153990624
40.724354539939,1,92.5129091610071
40.9484259351151,1,93.4195752343956
36.2999629915536,1,74.6103754210122
25.8500879256155,1,32.3267667257193
32.2664142428609,0,100.837723064645
41.0387027918168,0,143.145093738747
35.3094521810044,0,115.513817370699
22.3955849889625,0,53.2322630099651
16.7064271046075,0,25.7943475682137
14.1044091574994,0,13.2452234514442
15.1267736821721,0,18.175927072055
11.5545117547865,0,0.947468538862424
20.3827458833196,1,10.2041145350434
29.500414654302,1,47.0971813031006
39.5062209552546,1,87.5839426893142
42.2684101539704,1,98.7606626485378
38.1414224573641,1,82.0615220604943
31.851127290967,1,56.6089326548287
24.5789920111622,1,27.1834973639525
36.1874828904289,0,119.748421656634
44.6510574456603,0,160.566913198238
31.6289398921828,0,97.7632843365003
21.4493966445594,0,48.6689451493208
16.8908536463132,0,26.6838078291873
16.4618614732153,0,24.6148459177936
11.6747899341597,0,1.52755131775776
11.4542799386421,0,0.464066223116323
11.8752535664485,0,2.49435594925006
12.9096459090585,0,7.4830678477503
26.387859274038,1,34.5027653018512
35.1225696605376,1,69.8462573262987
32.4907492735606,1,59.1970521734102
36.3488512959556,1,74.8081934733876
37.6525394133437,1,80.0833415367383
32.4540830452589,1,59.0486886341278
14.8300875063848,0,16.7450562174464
35.5379807218132,0,116.615974650598
36.7487810608375,0,122.455474624813
31.2921609899375,0,96.1390525555926
18.9716661494706,0,36.7192399040772
15.9246189386814,0,22.0238095053943
13.595231531486,0,10.7895396874538
15.1989405897961,0,18.5239767393922
11.5745581180153,0,1.04414900201165
18.2398085403631,1,1.53308990591119
18.2642526925641,1,1.63199893209904
32.9755582922143,1,61.1587478594689
35.2407163961756,1,70.3243176195391
36.0066331651413,1,73.4234671067584
32.2870480052187,1,58.3728102885118
35.6277488060253,1,71.8903772008468
30.6289196809159,1,51.6634813454382
32.583146781877,0,102.365274382403
37.702987950532,0,127.057464670716
30.2697964652649,0,91.2083489349821
23.7346820526514,0,59.6905179483338
21.084552833794,0,46.9093607200055
13.8558342534614,0,12.0463857083939
12.472635190669,0,5.37543375109701
12.8414882740803,0,7.15435427304297
21.951245649552,1,16.5507770487619
35.8681163026688,1,72.862982625027
36.4099616764583,1,75.0554660388576
34.4870217033109,1,67.2746226454154
40.2436195466521,1,90.5676983126464
37.844018605585,1,80.8581289085428
22.6316078858138,1,19.3037449443227
42.0249838626775,0,147.901772525689
36.4761505209247,0,121.140620325983
31.9496817038448,0,99.310171746888
26.8619147163558,0,74.7726701996125
17.1995676400379,0,28.1726869616855
14.1404926113115,0,13.419248285113
12.5488113709387,0,5.74281951106411
14.629623874096,0,15.778251585954
17.9424046885839,1,0.32969675395937
21.4664366308984,1,14.5890813627035
29.8548548612167,1,48.5313621828234
35.9047825309704,1,73.0113461643092
40.8995376307131,1,93.2217571820203
39.0132638858672,1,85.5892773278595
34.0999892934614,1,65.7085630641086
32.580377831631,1,59.5597186027656
28.2090303253364,0,81.2695973232411
46.262785049262,0,200
39.1423168303653,0,133.999121924831
23.8870344131907,0,60.4252894682672
17.7167638113429,0,30.6670429109353
17.2597067297245,0,28.4627283511328
12.4285331915655,0,5.16273673216879
18.3905474789361,1,2.14302890073611
29.9689275714881,1,48.9929376383664
34.5685022106478,1,67.6043193993755
40.8099090726424,1,92.859090752664
41.8406374904527,1,97.0297546902518
35.0003488995323,1,69.3517121953592
32.8533375312091,1,60.6642027285294
23.0851798840358,0,56.5580709422984
42.6343933048353,0,150.840858605425
42.6624582133558,0,150.976211253835
26.204394002449,0,71.6015510083191
20.1423737620368,0,42.3653789519914
16.4979449270272,0,24.7888707514622
15.0064955027989,0,17.5958442931595
11.5104097556829,0,0.734771519934094
22.953455889794,1,20.6060471224625
33.8148075177828,1,64.5546244252507
42.4721114223122,1,99.5849045334362
42.2928543061714,1,98.8595716747254
38.2636432183692,1,82.5560671914336
34.0388789129589,1,65.4612904986394
11.3700852130808,0,0.0580082778894887
41.3875095119993,0,144.827333797544
43.837175098568,0,156.64168639438
30.4622415522623,0,92.1364813812154
23.4139402409892,0,58.143630537945
16.9189185548337,0,26.8191604775964
16.9309463727709,0,26.8771687554855
12.0877450166745,0,3.51916885863183
11.5064004830372,0,0.715435427304316
13.274489719824,0,9.24265227706627
26.6323007960483,1,35.4918555637294
36.0718175710107,1,73.6872245099259
36.9966213292826,1,77.4292826673644
34.9025722907284,1,68.9560760906085
40.699910387738,1,92.4140001348195
36.2958889661869,1,74.5938905833145
15.3713393135645,0,19.3554287224757
33.3408993119287,0,106.019795889444
35.7464628993936,0,117.621451467351
32.6472951442095,0,102.67465186448
27.7960752428216,0,79.2779797823674
16.5620932893597,0,25.0982482335399
14.6376424193875,0,15.8169237712137
13.9480475243142,0,12.4911158388803
13.9239918884396,0,12.3750992831012
17.9057384602824,1,0.181333214677693
24.9049140405092,1,28.5022843797901
31.1870611561725,1,53.9219041100594
38.0110536456254,1,81.5340072541598
40.072510481245,1,89.8753351293318
36.1288539261465,1,73.9180122376976
31.9448298744042,1,56.9880839218818
22.7497546214522,1,19.7818052375642
33.617539124487,0,107.353986280902
44.2300838178541,0,158.536623472105
29.143190851802,0,85.774906905995
22.5238817136274,0,53.8510179741206
17.8169956274872,0,31.150445226681
17.5604021781576,0,29.9129352983712
12.3082550121922,0,4.58265395327346
11.4943726650998,0,0.657427149414768
12.9216737269958,0,7.54107612563974
28.0989499281098,1,41.4263971349985
38.5773431716157,1,83.825399694177
40.6062078043008,1,92.0348488677664
40.6876883116375,1,92.3645456217257
42.2806322300709,1,98.8101171616316
35.2121982186081,1,70.2089237556547
23.3337547880739,0,57.7569086853494
47.4775946609318,0,200
40.4212748043675,0,140.167335473751
28.8705603118894,0,84.4600526071661
24.9414731190296,0,65.5106818299166
14.344965516246,0,14.405389009235
13.2223691754289,0,8.99128307287827
13.0940724507641,0,8.37252810872317
13.3947678991973,0,9.82273505596159
25.2512061966904,1,29.9034955841175
37.3551355615646,1,78.8799483847867
36.6299590462674,1,75.9456472745476
43.3154346732477,1,102.997265936916
42.6472945130864,1,100.293752554449
32.1851973710476,1,57.9606893460617
11.7790310229499,0,2.03028972613381
36.399974340655,0,120.773234566016
42.5301522160452,0,150.33812019705
37.2258845056848,0,124.756469647764
22.5719929853766,0,54.0830510856784
16.9309463727709,0,26.8771687554853
15.5317102193954,0,20.1288724276693
14.8220689610932,0,16.7063840321867
17.8690722319809,1,0.0329696753959158
25.6423126319068,1,31.4860400031227
33.5255517167372,1,63.3842009486944
43.506913865489,1,103.772053308721
44.211720253952,1,106.62393023047
38.6832678311534,1,84.2540054743243
34.5033178047784,1,67.3405619962078
12.2681622857347,0,4.38929302697601
41.5719360537049,0,145.716794058516
46.6637123138395,0,200
29.3476637567366,0,86.7610476301177
23.4219587862808,0,58.182302723205
18.4624885234571,0,34.2635561400867
17.3198458194111,0,28.7527697405804
12.1719397422359,0,3.9252268038587
11.6186601171189,0,1.25684602093998
22.2119832730296,1,17.6058066614319
40.4025065359589,1,91.2106069828679
44.3706072432586,1,107.266838900691
41.9506361753571,1,97.4748453080963
37.3592095869314,1,78.8964332224844
38.2351250408013,1,82.4406733275473
13.1261466319302,0,8.52721684976145
43.071404023225,0,152.948492702079
41.8846593200755,0,147.225009283645
33.6215483971329,0,107.373322373533
25.1619831145472,0,66.5741669245582
21.8102311826794,0,50.4091934860081
14.5895311476383,0,15.5848906596556
12.6530524597289,0,6.24555791944022
13.3667029906768,0,9.68738240755259
19.3601655162434,1,6.06642027285294
31.0607663698005,1,53.4108741414225
40.0439923036772,1,89.7599412654465
38.6628977043194,1,84.1715812858351
43.4254333581523,1,103.442356554762
39.970659847074,1,89.4632141868825
26.7300774048524,1,35.8874916684808
31.568800802496,0,97.473242947052
41.0828047909205,0,143.357790757676
36.8129294231698,0,122.764852106889
31.5287080760384,0,97.2798820207542
18.4865441593317,0,34.3795726958653
15.7963222140166,0,21.4050545412391
13.5671666229656,0,10.6541870390449
14.9463564131123,0,17.3058029037119
11.4863541198083,0,0.618754964155099
19.2175746284041,1,5.48945095342404
26.387859274038,1,34.5027653018512
37.5995770835747,1,79.8690386466642
42.0443387587945,1,97.8539965751502
38.7036379579877,1,84.3364296628143
34.5318359823461,1,67.4559558600931
36.8010681116745,1,76.6380104578621
14.3008635171424,0,14.1926919903064
42.0851229523642,0,148.191813915137
42.2294567676121,0,148.887913249812
29.0269219450746,0,85.21416021973
23.5662926015288,0,58.8784020578801
20.8279593844644,0,45.6718507916954
13.2424155386578,0,9.0879635360275
12.4606073727317,0,5.31742547320756
12.2561344677971,0,4.33128474908536
19.1238720449668,1,5.11029968637065
33.5866620972399,1,63.6314735141644
41.0869427975875,1,93.9800597161263
39.1151145200384,1,86.0013982703097
43.6698748801624,1,104.431446816639
41.0624986453867,1,93.8811506899395
28.4778342872254,1,42.9594870409089
36.2035199810119,0,119.825766027153
42.8188198465411,0,151.730318866399
36.704679061734,0,122.242777605884
31.4685689863516,0,96.9898406313059
19.2202410535086,0,37.9180776471276
15.8564613037032,0,21.6950959306868
13.6393335305895,0,11.0022367063821
15.1588478633383,0,18.3306158130938
11.3901315763097,0,0.15468874103877
18.0727735003227,1,0.857211560294441
23.0716026254323,1,21.0841074157036
37.9092030114544,1,81.1218863117102
39.1151145200384,1,86.0013982703097
39.0580781649024,1,85.7706105425373
35.9577448607391,1,73.2256490543822
37.3632836122983,1,78.912918060183
23.3201181728093,1,22.0896825152795
42.6784953039391,0,151.053555624355
38.2161748491912,0,129.532484527336
33.4371218554272,0,106.48386211256
24.2719245871852,0,62.2815543607327
21.9184815441153,0,50.9312679870137
13.8438064355241,0,11.9883774305043
12.4966908265436,0,5.49145030687623
14.2046409736438,0,13.7286257671904
11.3700852130808,0,0.0580082778895537
21.8127287870795,1,15.9902925670309
33.8922139997526,1,64.8678363415117
33.3870348542649,1,62.8237164669641
40.3291740793558,1,90.9138799043041
39.6243676908928,1,88.0620029825549
32.8492635058423,1,60.6477178908318
39.5591832850236,1,87.7982455793881
18.6309149755796,1,3.11563432491695
43.2798862008053,0,153.953969518832
46.3108963210112,0,200
31.1197622661693,0,95.3076005725098
23.437995876864,0,58.259647093725
20.3468466669713,0,43.3515196761135
15.1347922274637,0,18.2145992573145
12.6450339144373,0,6.20688573418044
17.9138865110161,1,0.214302890073614
20.2279329193797,1,9.57769070252047
37.791056275816,1,80.6438260184687
43.6902450069969,1,104.51387100513
40.2354714959186,1,90.5347286372511
44.8513422365453,1,109.212049749051
38.1414224573641,1,82.0615220604943
16.000795118951,0,22.3911952653607
41.4877413281437,0,145.31073611329
39.9481806321662,0,137.88567654343
34.3632638366011,0,110.950499510053
27.7760288795927,0,79.1812993192179
19.5329643198791,0,39.4262928722558
14.5614662391178,0,15.4495380112466
12.9056366364127,0,7.46373175512052
14.5975496929298,0,15.6235628449153
18.4638799355391,1,2.43975597929956
26.3104527920681,1,34.1895533855897
33.2118517634907,1,62.1148684459506
39.225113204943,1,86.4464888881551
41.8813777441209,1,97.1946030672309
35.8640422773019,1,72.8464977873291
24.2775141340161,1,25.9636193743024
24.8773247566973,0,65.2013043478398
30.7549184554035,0,93.5480161431927
32.8477587764984,0,103.641456495973
24.7370002140952,0,64.5245411057949
19.549001410462,0,39.5036372427742
17.6125227225527,0,30.1643045025593
17.5884670866781,0,30.0482879467802
12.0556708355084,0,3.36448011759316
11.8311515673449,0,2.28165893032173
11.4302243027674,0,0.348049667337216
31.0933585727352,1,53.5427528430062
35.5544163494224,1,71.5936501222838
35.5951566030906,1,71.758498499263
33.8677698475516,1,64.768927315324
37.0862498873533,1,77.7919490967207
33.2444439664255,1,62.2467471475348
12.0356244722797,0,3.26779965444491
29.3035617576329,0,86.5483506111883
30.1054162867881,0,90.4155691371583
23.6344502365071,0,59.2071156325877
25.005621481362,0,65.8200593119943
19.0799165109064,0,37.2413144050826
14.5975496929298,0,15.6235628449152
17.1674934588717,0,28.0179982206467
11.5905952085985,0,1.12149337253109
20.0201576256712,1,8.73696397992448
28.9993095341808,1,45.0695462662498
28.5307966169944,1,43.1737899309828
33.3381465498627,1,62.6258984145878
33.1833335859231,1,61.9994745820657
29.5900432123721,1,47.459847732455
29.8833730387847,1,48.6467560467098
14.6055682382214,0,15.6622350301753
30.7268535468832,0,93.4126634947843
33.5373536715717,0,106.967264428307
25.3143354750868,0,67.3089384444926
21.9906484517391,0,51.2793176543501
22.0908802678837,0,51.7627199700973
13.807722981712,0,11.8143525968354
12.6209782785626,0,6.09086917840132
12.0636893807999,0,3.40315230285283
22.6397559365475,1,19.3367146197187
36.1777422305485,1,74.115830290073
36.5647746403979,1,75.6818898713798
32.3807505886559,1,58.7519615555648
38.2066068632335,1,82.325279463662
34.5033178047784,1,67.3405619962078
19.5570199557536,0,39.5423094280342
39.6915871828366,0,136.64816661512
31.0556139038366,0,94.998223090431
29.4879882993388,0,87.4378108721627
27.0824247118735,0,75.8361552942542
15.788303668725,0,21.3663823559794
14.344965516246,0,14.405389009235
14.0963906122079,0,13.2065512661846
14.0923813395621,0,13.1872151735547
22.6438299619144,1,19.3531994574168
35.8558942265683,1,72.8135281119336
33.9411023041546,1,65.0656543938869
37.9132770368212,1,81.1383711494082
40.1132507349134,1,90.0401835063118
31.3744663230471,1,54.6802066441665
25.511943820168,1,30.9585251967879
26.9300723513342,0,75.1013837743208
37.5265799541179,0,126.206676595003
36.3117703424479,0,120.347840528159
24.4002213118501,0,62.9003093248882
20.1343552167453,0,42.3267067667323
18.4023494337704,0,33.9735147506388
15.0826716830686,0,17.9632300531266
12.5488113709387,0,5.74281951106422
11.88327211174,0,2.53302813450973
11.6988455700344,0,1.64356787353686
31.9937181788064,1,57.1859019742578
36.3977396003577,1,75.0060115257635
33.3381465498627,1,62.6258984145879
39.0540041395357,1,85.7541257048396
38.5854912223492,1,83.8583693695726
30.4333664633078,1,50.8722091359359
24.3801749486212,0,62.8036288617388
34.3191618374978,0,110.737802491126
35.5580270850424,0,116.712655113749
32.3586275137137,0,101.282453195131
19.9980399467889,0,41.669279617317
16.429787292049,0,24.4601571767547
14.308882062434,0,14.2313641755664
15.2109684077334,0,18.5819850172816
11.4342335754132,0,0.3673857599671
23.2467857162063,1,21.7929554367163
29.6674496943421,1,47.7730596487167
38.3043834720377,1,82.7209155684136
39.8525131114358,1,88.9851538936419
36.0962617232118,1,73.7861335361138
33.4196270571994,1,62.955595168547
27.3371071845112,1,38.3437324854784
29.5521366616713,0,87.7471883542404
41.0627584276914,0,143.261110294526
29.6162850240035,0,88.0565658363172
25.1499552966102,0,66.5161586466698
22.8205678894145,0,55.2818888287283
16.9790576445202,0,27.1092018670436
13.6152778947149,0,10.8862201506031
12.3242921027753,0,4.6599983237928
14.4411880597446,0,14.8694552323513
18.8305422185545,1,3.92339137211684
30.6533638331168,1,51.7623903716257
31.5903896674895,1,55.553903042159
35.9129305817039,1,73.0443158397045
37.9295731382887,1,81.2043105002006
35.5544163494222,1,71.593650122283
28.5633888199293,1,43.3056686325676
25.1900958161878,1,29.6562230186478
31.9617095217819,0,99.3681800247764
41.5037784187269,0,145.38808048381
29.3075710302788,0,86.5676867038189
22.8967440696843,0,55.6492745886956
19.4006583225685,0,38.7882018154707
19.0398237844487,0,37.0479534787843
12.7131915494155,0,6.53559930888777
11.9995410184675,0,3.09377482077528
14.220678064227,0,13.8059701377098
23.5156713904176,1,22.8809547247823
33.9859165831898,1,65.2469876085647
33.4399971840336,1,63.038019357037
30.7715105687553,1,52.2404506648674
39.4410365493852,1,87.3201852861465
39.1069664693046,1,85.9684285949135
30.4904028184433,1,51.1029968637065
22.5599651674391,0,54.025042807788
38.9899644698258,0,133.264350404896
35.3134614536501,0,115.533153463328
30.6506773666135,0,93.0452777348171
19.8136134050833,0,40.7798193563444
16.8708072830843,0,26.5871273660377
16.5661025620054,0,25.1175843261695
11.8391701126365,0,2.32033111558151
17.9138865110161,1,0.214302890073609
18.6553591277805,1,3.21454335110416
31.7655727582635,1,56.2627510631715
39.9625117963404,1,89.4302445114866
36.8988447204787,1,77.0336465626137
36.3488512959558,1,74.8081934733884
39.8606611621694,1,89.0181235690372
33.9207321773205,1,64.9832302053978
18.5747481575388,0,34.8049667337226
39.0340664689294,0,133.477047423825
38.8897326536812,0,132.780948089149
32.0659506105722,0,99.8709184331531
27.1265267109772,0,76.0488523131832
16.5179912902561,0,24.8855512146113
14.1966224283523,0,13.6899535819307
14.3770396974122,0,14.5600777502737
12.5007000991894,0,5.510786399506
23.5319674918849,1,22.9468940755741
37.1758784454237,1,78.1546155260758
33.0896310024856,1,61.6203233150117
41.021758391718,1,93.7163023129586
40.0276962022099,1,89.6940019146549
31.8185350880323,1,56.4770539532449
29.0889380922512,1,45.4322126956052
27.8522050598625,0,79.5486850791852
40.6738589810512,0,141.385509309431
40.1406257191633,0,138.813808989662
25.3023076571494,0,67.2509301666032
20.1664293979115,0,42.481395507771
19.3485377781734,0,38.5368326112824
13.5270738965078,0,10.4608261127465
12.4525888274401,0,5.27875328794789
17.8731462573477,1,0.0494545130939241
14.3289284256629,0,14.3280446387156
26.3552670711033,1,34.3708866002673
36.1492240529807,1,74.0004364261875
33.5459218435713,1,63.4666251371839
37.8236484787508,1,80.7757047200528
39.8117728577674,1,88.8203055166618
35.1103475844372,1,69.7968028132054
26.558968339445,1,35.1951284851653
23.2615878804499,0,57.4088590180117
41.1228975173781,0,143.551151683974
40.6698497084055,0,141.366173216801
26.9701650777921,0,75.2947447006196
19.8817710400614,0,41.1085329310515
16.5580840167139,0,25.0789121409099
16.3856852929455,0,24.2474601578264
12.1639211969443,0,3.88655461859903
17.8690722319809,1,0.0329696753960116
20.5171887204252,1,10.7481141790764
34.6622047940849,1,67.9834706664279
39.7139962489634,1,88.4246694119112
39.1925210020081,1,86.3146101865703
34.3322087393712,1,66.6481988128933
36.0351513427091,1,73.5388609706437
34.3036905618033,1,66.532804949007
24.2799431324768,0,62.3202265459927
44.0296201855653,0,157.569818840613
35.5379807218132,0,116.615974650598
28.6139668625598,0,83.2225426788561
25.9558190984108,0,70.4027132652679
15.6439698534771,0,20.670283021305
13.8758806166903,0,12.143066171543
13.2985453556987,0,9.35866883284537
13.6393335305895,0,11.0022367063821
22.277167678899,1,17.8695640645994
37.4366160689013,1,79.2096451387459
38.292161395937,1,82.6714610553189
43.6087644996599,1,104.18417425117
42.3906309149758,1,99.2552077794779
35.8966344802367,1,72.978376488913
35.2529384722764,1,70.3737721326339
27.5916023378872,0,78.2918390582457
46.0182194178695,0,200
43.3520531084294,0,154.302019186169
30.0452771971013,0,90.12552774771
23.6745429629648,0,59.400476558886
20.1784572158488,0,42.5394037856605
14.1364833386657,0,13.3999121924831
12.6209782785626,0,6.09086917840133
11.3901315763097,0,0.154688741038776
21.1038483732498,1,13.1219308075841
38.2310510154345,1,82.4241884898498
40.5125052208636,1,91.6556976007134
37.9743874173237,1,81.3856437148773
43.9550566558412,1,105.585385455498
40.5491714491651,1,91.8040611399949
26.3674891472037,1,34.4203411133607
34.8724414626146,0,113.406183274044
37.3140885038918,0,125.181863685621
38.7814822922457,0,132.258873588145
34.7281076473667,0,112.71008393937
21.2970442840201,0,47.9341736293876
16.8307145566266,0,26.3937664397394
15.146820045401,0,18.2726075352041
15.3472836776898,0,19.2394121666964
11.5705488453696,0,1.02481290938187
18.5086942145744,1,2.62108919397725
27.842286329999,1,40.3878523600264
38.471418512078,1,83.3967939140304
41.4943453342712,1,95.6285434859232
40.0928806080792,1,89.9577593178218
36.9395849741472,1,77.1984949395938
38.6425275774852,1,84.0891570973451
11.3781037583724,0,0.0966804631494945
41.6040102348713,0,145.871482799556
41.3794909667077,0,144.788661612284
34.8964970984894,0,113.522199829824
24.5646014903268,0,63.6930891227117
23.1373004284309,0,56.8094401464866
13.9320104337311,0,12.4137714683609
12.6370153691458,0,6.16821354892077
14.1685575198319,0,13.5546009335217
19.645347291922,1,7.22035891171084
33.733327010446,1,64.224927671291
39.1517807483398,1,86.1497618095909
35.6399708821258,1,71.9398317139407
41.2376817361606,1,94.5899987109518
38.3084574974044,1,82.7374004061112
29.724486049478,1,48.0038473764891
18.7631839718903,0,35.7137630873254
39.4670679146731,0,135.565345427848
39.4390030061525,0,135.429992779439
34.6799963756177,0,112.478050827813
21.4253410086848,0,48.5529285935421
16.8026496481061,0,26.2584137913304
16.8627887377928,0,26.5484551807782
12.1438748337154,0,3.7898741554497
11.5905952085985,0,1.12149337253109
23.1082688537339,1,21.2324709549854
34.2262840798332,1,66.219593032745
41.9017478709551,1,97.277027255721
40.0643624305114,1,89.8423654539365
35.8314500743672,1,72.7146190857453
37.0332875575843,1,77.5776462066468
31.6596480987257,1,55.8341452830241
28.6099575899139,0,83.2032065862256
42.0089467720945,0,147.82442815517
35.365581998045,0,115.784522667516
31.0556139038369,0,94.9982230904321
25.346409656253,0,67.4636271855316
16.3295554759047,0,23.9767548610086
14.6616980552622,0,15.9329403269928
13.186285721617,0,8.81725823920961
13.8117322543579,0,11.8336886894655
20.8431107497722,1,12.066901194914
35.5055280450203,1,71.3958320699081
35.0899774576027,1,69.7143786247145
41.5880479177086,1,96.0076947529771
41.1887934317586,1,94.3921806585765
33.1792595605561,1,61.9829897443671
32.8574115565758,1,60.6806875662271
19.8456875862494,0,40.9345080973831
40.272931716474,0,139.451900046447
42.8148105738951,0,151.710982773768
27.8481957872168,0,79.5293489865557
23.0531057028696,0,56.4033822012597
19.8496968588953,0,40.9538441900131
16.2012587512399,0,23.3579998968535
12.5407928256472,0,5.70414732580444
11.7629939323668,0,1.95294535561441
12.9657757260993,0,7.75377314456818
34.3648009423058,1,66.7800775144764
38.5040107150126,1,83.5286726156137
34.3810970437732,1,66.8460168652686
35.4199735123165,1,71.0496504782499
39.4899248537874,1,87.5180033385227
34.5440580584466,1,67.505410373187
19.6820135202236,1,7.36872245099297
32.0539227926349,0,99.8129101552636
35.277377999838,0,115.359128629659
37.9114701281124,0,128.062941487468
29.9891473800605,0,89.8548224508922
19.2924079611326,0,38.2661273144649
16.3095091126758,0,23.8800743978594
17.1915490947463,0,28.1340147764255
11.3941408489555,0,0.174024833668555
11.6547435709309,0,1.43087085460864
22.7253104692511,1,19.6828962113762
32.0589025846757,1,57.4496593774251
38.7932665160581,1,84.6990960921697
39.1680768498071,1,86.2157011603827
34.8333138594922,1,68.6758338497431
37.3143953078961,1,78.7151000078067
36.3569993466893,1,74.8411631487837
19.7093723162932,0,40.2770809479687
46.9523799443353,0,200
37.3942739568073,0,125.568585538218
29.9570731988943,0,89.7001337098533
25.0938254795692,0,66.2454533498517
17.3599385458689,0,28.946130666879
14.1204462480826,0,13.3225678219636
12.5568299162302,0,5.78149169632378
14.4812807862023,0,15.0628161586498
19.6657174187562,1,7.30278310020068
34.4788736525772,1,67.2416529700195
33.9736945070893,1,65.1975330954708
39.4858508284206,1,87.501518500825
41.7998972367842,1,96.8649063132718
38.2636432183692,1,82.5560671914336
29.9159652417192,1,48.7786347482927
15.9727302104307,0,22.2558426169523
41.038702791817,0,143.145093738748
43.9173605514834,0,157.028408246976
27.9524368760068,0,80.0320873949312
23.3938938777604,0,58.0469500747962
17.5082816337626,0,29.6615660941833
18.2940990723345,0,33.4514402496329
12.1278377431323,0,3.71252978493037
11.4622984839336,0,0.502738408375989
11.7349290238464,0,1.81759270720552
34.7803515297232,1,68.4615309596692
40.5084311954967,1,91.6392127630149
39.8402910353353,1,88.935699380548
38.1047562290626,1,81.9131585212128
39.5836274372245,1,87.8971546055757
33.5255517167373,1,63.3842009486948
26.5532007226313,0,73.2837910671152
37.7270435864066,0,127.173481226495
36.7287346976086,0,122.358794161663
31.9857651576567,0,99.4841965805564
27.3149625253285,0,76.9576486667855
17.4802167252421,0,29.5262134457743
14.7138185996573,0,16.1843095311808
15.2951631332947,0,18.9880429625085
12.2441066498598,0,4.27327647119581
20.0405277525052,1,8.81938816841387
34.7477593267885,1,68.3296522580856
33.2077777381238,1,62.0983836082524
41.3965687254673,1,95.2329073811725
41.5269375372062,1,95.7604221875079
33.1018530785861,1,61.6697778281055
28.1641343339792,1,41.6901545381661
31.568800802496,0,97.473242947052
39.5873460940464,0,136.145428206743
36.8730685128565,0,123.054893496338
23.8870344131907,0,60.4252894682672
19.961956492977,0,41.4952547836491
19.0959536014895,0,37.3186587756021
12.2000046507563,0,4.06057945226759
12.2922179216091,0,4.50530958275403
11.4663077565794,0,0.522074501005877
23.8049271914631,1,24.0513782013382
38.5121587657463,1,83.5616422910097
40.0806585319787,1,89.908304804728
35.7499695670305,1,72.3849223317861
38.9806716829327,1,85.4573986262766
34.4870217033109,1,67.2746226454154
18.5127682399412,1,2.63757403167536
38.4567312079378,0,130.692650085127
36.9973559648755,0,123.654312367863
30.2417315567446,0,91.0729962865738
28.8024026769111,0,84.1313390324582
18.0415148956507,0,32.2332664139527
15.343274405044,0,19.2200760740666
13.0700168148895,0,8.25651155294407
14.9223007772376,0,17.1897863479328
18.0686994749559,1,0.840726722596438
23.4219688069804,1,22.501803457729
29.5411549079702,1,47.2620296800799
36.8540304414434,1,76.8523133479357
37.5588368299065,1,79.7041902696852
37.7055017431124,1,80.2976444268112
33.2729621439935,1,62.362141011421
29.044123813216,1,45.2508794809274
27.647732154928,0,78.5625443550634
40.4894324393457,0,140.496049048458
33.5654185800921,0,107.102617076715
24.8332227575938,0,64.9886073289115
20.1183181261621,0,42.2493623962124
18.8834621512634,0,36.2938458662203
12.5167371897725,0,5.58813077002534
11.9474204740724,0,2.84240561658728
12.6530524597289,0,6.24555791944021
12.0516615628626,0,3.34514402496327
29.9281873178198,1,48.828089261387
33.9573984056221,1,65.1315937446794
31.8429792402333,1,56.5759629794325
38.3043834720377,1,82.7209155684136
38.0273497470926,1,81.5999466049512
32.201493472515,1,58.0266286968541
20.4751433916362,0,43.9702746402691
34.2910969289773,0,110.602449842717
33.7899378482554,0,108.185438263986
31.6249306195369,0,97.7439482438698
20.6595699333419,0,44.8597349012421
16.3977131108828,0,24.305468435716
14.1084184301452,0,13.2645595440741
15.5878400364363,0,20.3995777244872
0,1,200
18.842764294655,1,3.97284588521076
25.711571063143,1,31.7662822439881
34.0714711158934,1,65.5931692002221
39.652885868461,1,88.177396846442
37.7421679714139,1,80.4460079660927
33.5907361226068,1,63.6479583518625
33.0488907488172,1,61.4554749380317
12.9778035440366,0,7.81178142245763
41.1389346079612,0,143.628496054493
38.5489444787907,0,131.137380215614
24.9374638463839,0,65.4913457372871
21.7099993665349,0,49.9257911702612
20.4109950293038,0,43.6608971581915
13.2424155386578,0,9.08796353602749
11.8311515673449,0,2.28165893032174
25.9234203822186,1,32.6234938042826
30.0667041802923,1,49.3885737431183
39.669181969928,1,88.2433361972326
39.8565871368028,1,89.0016387313404
34.658130768718,1,67.96698582873
33.4481452347674,1,63.0709890324333
12.384431192462,0,4.95003971324103
37.5666726805757,0,126.400037521301
40.3250522608689,0,139.703269250635
26.5371636320481,0,73.2064466965953
20.960265381775,0,46.3099418484805
20.1544015799742,0,42.4233872298814
15.5758122184989,0,20.3415694465976
12.6370153691458,0,6.16821354892077
12.1358562884239,0,3.75120197019004
14.0963906122079,0,13.2065512661846
18.3742513774687,1,2.07708954994422
25.5160178455348,1,30.9750100344856
33.7333270104458,1,64.2249276712905
29.6063393138396,1,47.5257870832474
36.418109727192,1,75.0884357142538
36.5444045135637,1,75.5994656828898
28.1885784861801,1,41.7890635643536
24.4445491740568,1,26.6394977199203
31.9496817038448,0,99.3101717468881
34.2229392939991,0,110.27373626801
30.2216851935154,0,90.9763158234233
18.7351190633699,0,35.5784104389165
17.784921446321,0,30.9957564856425
16.3576203844251,0,24.1121075094175
16.1932402059483,0,23.3193277115939
11.8912906570316,0,2.5717003197695
11.4101779395386,0,0.251369204187995
13.9440382516685,0,12.4717797462504
18.5086942145744,1,2.62108919397722
26.5752644409125,1,35.2610678359577
31.101506623469,1,53.5757225184025
26.1556398281283,1,33.563129553067
32.6088960091987,1,59.6751124666509
33.7414750611797,1,64.257897346687
30.6126235794484,1,51.5975419946458
26.7789657092544,1,36.0853097208561
18.4304143422907,0,34.1088673990471
32.8156845953322,0,103.486767754935
31.3402722616868,0,96.3710856671504
20.3909486660748,0,43.5642166950419
17.9332645342148,0,31.711191912947
16.6302509243378,0,25.4269618082471
18.5947945207676,0,34.9016471968714
12.8214419108514,0,7.05767380989364
12.043643017571,0,3.3064718397036
13.5511295323825,0,10.5768426685256
11.7068641153259,0,1.68224005879658
26.1800839803293,1,33.6620385792547
27.4226617172147,1,38.6899140771355
30.8448430253583,1,52.5371777434305
37.3510615361976,1,78.8634635470882
36.9558810756144,1,77.2644342903852
35.6929332118948,1,72.1541346040146
25.6219425050725,1,31.4036158146323
17.4000312723265,0,29.1394915931767
31.5006431675179,0,97.1445293723447
35.6502403558951,0,117.157385244235
26.5852749037976,0,73.4384798081541
20.7437646589031,0,45.2657928464685
17.6205412678443,0,30.2029766878189
18.3502288893753,0,33.7221455464508
12.6931451861866,0,6.43891884573865
11.9394019287809,0,2.80373343132761
11.9794946552386,0,2.99709435762605
20.0364537271384,1,8.80290333071596
32.128161015912,1,57.7299016182908
33.2974062961944,1,62.4610500376085
32.5437116033293,1,59.4113550634832
37.8603147070523,1,80.9240682593343
37.16773039469,1,78.1216458506798
26.3063787667012,1,34.1730685478915
28.4255310482082,0,82.3137463252523
31.4685689863517,0,96.9898406313059
27.3390181612033,0,77.0736652225652
26.9380908966256,0,75.1400559595797
20.8159315665271,0,45.6138425138061
16.02084148218,0,22.4878757285104
15.3673300409186,0,19.3360926298456
16.4979449270272,0,24.7888707514622
11.8632257485111,0,2.43634767136051
19.2664629328061,1,5.68726900579964
25.8337918241481,1,32.2608273749272
27.7119175182603,1,39.8603375536918
35.2284943200752,1,70.2748631064453
33.7007348075112,1,64.093048969707
30.4985508691772,1,51.1359665391036
35.2896047005778,1,70.5221356719153
28.2741330188838,1,42.1352451560114
25.1339182060269,0,66.4388142761498
37.149708325415,0,124.389083887797
28.0847428733174,0,80.6701784517162
23.5342184203627,0,58.7237133168416
23.1653653369513,0,56.9447927948953
17.5483743602203,0,29.8549270204818
13.8999362525649,0,12.2590827273221
13.0900631781183,0,8.35319201609328
15.0666345924855,0,17.8858856826073
18.2724007432978,1,1.66496860749497
21.9064313705168,1,16.3694438340842
28.3596875515873,1,42.4814267476685
28.9993095341808,1,45.0695462662498
35.6318228313923,1,71.9068620385454
31.851127290967,1,56.6089326548287
29.69596787191,1,47.8884535126028
31.7818688597308,1,56.3286904139634
14.8701802328426,0,16.9384171437452
31.7371902536185,0,98.2853588375053
33.5132980356969,0,106.851247872527
22.9248089782049,0,55.784627237105
20.5593381171975,0,44.3763325854958
20.3829301207833,0,43.5255445097825
14.8421153243221,0,16.8030644953359
13.0860539054726,0,8.33385592346349
12.2481159225056,0,4.29261256382574
12.2441066498598,0,4.27327647119589
29.4800445274677,1,47.0147571146103
34.6866489462858,1,68.0823796926155
34.1896178515319,1,66.071229493464
33.5540698943051,1,63.4995948125801
38.1169783051631,1,81.9626130343066
34.4747996272104,1,67.2251681323216
12.7172008220612,0,6.55493540151714
33.9382809361492,0,108.900873691291
33.4972609451139,0,106.773903502008
