7.80930107855908,1,20.6100618397075
7.80930107855908,1,20.6100618397075
7.80930107855909,1,20.6100618397075
7.80930107855913,1,20.6100618397077
7.80930107855892,1,20.6100618397069
7.80930107855915,1,20.6100618397077
7.80930107855916,1,20.6100618397077
7.80930107855915,1,20.6100618397077
7.80930107855892,1,20.6100618397069
7.80930107855915,1,20.6100618397077
2.65041808157156,0,11.0818250405971
2.76452331398113,0,11.4574801267191
2.11792699699363,0,9.32876797202776
7.48087292024191,0,26.9845570197587
4.27578881107864,1,8.4570162564145
11.3245993652793,1,32.7004628581382
15.6595267862087,1,47.609869295373
17.0437893239843,1,52.3708562249096
20.3769478031026,1,63.8348115947175
40.3941126585709,1,132.681188378421
45.6579530982709,1,200
22.3258437444448,1,70.5377800349871
26.0800258029966,0,88.2163360576342
48.7108968975546,0,200
23.3224826864329,0,79.1380048096878
16.571256435535,0,56.9117455474728
8.05139908228971,0,28.8628324503688
11.8549068292743,0,41.3846686544331
6.09259259259266,0,22.4140868052756
2.06087438078897,0,9.14094042896716
8.90718832536102,0,31.6802455962826
0.140102968561767,0,2.81741314591464
2.85961100765564,0,11.7705260318204
0.463401127055395,0,3.88176922325991
3.91150919587442,1,7.20412495916763
3.41973171534905,1,5.51272170788549
14.4756180367953,1,43.5379725793218
19.8851703225768,1,62.1434083434337
32.6167428739622,1,105.931959182205
37.7348714675805,1,123.53508190852
29.5932220677676,1,95.5329614150573
3.56544356143077,1,6.01387822678434
21.4397463516755,0,72.9396958886759
29.9786212436556,0,101.0512181668
24.7868331690218,0,83.9589117482523
23.8169386935407,0,80.7658435162156
6.16866274753235,0,22.6645235293569
2.00382176458406,0,8.95311288590574
11.4365209771059,0,40.0072666719858
0.34929589464607,0,3.50611413713868
2.61238300410172,0,10.9566066785564
2.3271199230777,0,10.0174689632511
7.44283784277205,0,26.8593386577181
1.41427806380172,0,7.01222827427661
6.57075038686502,1,16.3502314290691
10.9603197500751,1,31.4475715608913
18.2823400156784,1,56.6306866355482
20.8322973221077,1,65.4009257162756
36.6966745642488,1,119.964341711368
44.0551227913725,1,145.272745915749
8.41036244364602,1,22.6773324801647
24.4635350105282,0,82.894555670907
37.2623385791311,0,125.030534497583
29.1418495393191,0,98.296414201906
10.6377843502392,0,37.3776810691325
7.80417107873555,0,28.048913097104
3.56325994084804,0,14.0870657295731
1.71855868356029,0,8.01397517060114
6.11161013132746,0,22.4766959862955
6.26375044120686,0,22.9775694344581
2.70747069777623,0,11.2696525836577
2.17497961319853,0,9.51659551508917
0.121085429826959,0,2.75480396489469
4.72332980367794,0,17.9062257718115
2.19939500441503,1,1.31553586210885
8.93856788569202,1,24.4940248611723
11.6524510189629,1,33.8280650256596
20.0308821686584,1,62.6445648623325
35.2395561034322,1,114.952776522381
40.32125673553,1,132.430610118971
38.991636140035,1,127.857556884022
30.157855471334,1,97.4749429257896
7.53609136715586,1,19.6703933667721
23.5316756125169,0,79.8267058009111
20.8692201896274,0,71.061420458065
25.2812891761299,0,85.5867504547809
42.2639512664159,0,141.496749105928
18.3589050766179,0,62.7970085633834
5.86438212777353,0,21.6627766330315
13.3002397731284,0,46.1429664119777
0.59652389819975,0,4.32003349040182
3.67736517325735,0,14.4627208156943
3.73441778946226,0,14.6505483587558
8.16550431469902,0,29.2384875364899
2.40319007801765,0,10.2679056873332
0.995892211633332,0,5.63482629182925
3.6382994844716,1,6.26445648623366
5.04077600300751,1,11.088087980633
7.48144942487536,1,19.4824596721856
19.2112530344491,1,59.8255594435274
28.6460950682369,1,92.2754440422162
39.5926975051218,1,129.924827524478
36.897028352611,1,120.653431924853
0.368313433380872,0,3.56872331815861
13.8327308577061,0,47.8960234805463
30.2258492472098,0,101.865137520065
30.7203052543176,0,103.492976226592
16.1338530446319,0,55.4717343840055
14.3462044035493,0,49.5864713680957
2.32711992307769,0,10.017468963251
3.43013716970343,0,13.6488014624304
3.7724528669321,0,14.7757667207964
6.68213629337524,0,24.3549714169055
4.13378610289535,0,15.9653411601816
-0.0310548800524484,0,2.25393051673203
7.00543445186887,0,25.4193274942508
0.21617312350147,0,3.06784986999597
3.47437365762957,1,5.70065540247214
4.05722104195634,1,7.70528147806718
9.02963778949296,1,24.8072476854836
9.59427119305962,1,26.7492291962167
20.2130219762606,1,63.2710105109559
33.7277957003347,1,109.753277638807
37.4798757369378,1,122.658058000448
31.7971137397528,1,103.1129537634
5.75027689536398,0,21.2871215469096
27.1069728946826,0,91.5972318327322
39.8297063083456,0,133.482773935326
21.4777814291454,0,73.0649142507166
12.3113277589123,0,42.8872889989204
4.20985625783529,0,16.2157778842637
2.66943562030637,0,11.144434221617
3.90557563807647,0,15.2140309879383
8.35567970204853,0,29.8645793466941
4.15280364163039,0,16.0279503412023
0.767681746814215,0,4.88351611958525
-0.373370577281129,0,1.12696525836601
2.67295850418051,1,2.94429454852979
6.85329414198946,0,24.9184540460881
1.90797131225164,1,0.313222824311324
5.64183736809437,1,13.1553586210899
3.91150919587465,1,7.20412495916842
16.6248677664998,1,50.9300312330769
22.890477148011,1,72.4797615457185
20.2858778993014,1,63.5215887704053
34.5656388153045,1,112.634927622475
39.4469856590402,1,129.42367100558
35.0574162958301,1,114.326330873757
2.19939500441499,1,1.3155358621087
23.5126580737818,0,79.7640966198902
28.438200606127,0,95.979874504154
33.5158834483515,0,112.69652583658
18.6631856963767,0,63.7987554597087
14.4412920972238,0,49.899517273197
5.63617166295441,0,20.9114664607875
4.98957534596692,0,18.7827543060962
4.76136488114804,0,18.031444133853
3.43013716970343,0,13.6488014624304
8.85013570915637,0,31.492418053222
1.31919037012697,0,6.69918236917455
4.05722104195633,1,7.70528147806716
4.11186298423686,1,7.89321517265383
3.05545210014483,1,4.25983041063861
13.929198613989,1,41.6586356334515
26.29649155017,1,84.194295174975
34.2377871616207,1,111.507325454952
18.5191217655613,1,57.4450659787591
23.8549737710105,0,80.8910618782563
29.0087267681748,0,97.858149934764
12.7297136110806,0,44.2646909813677
14.3081693260792,0,49.4612530060542
6.41589075108628,0,23.4784428826209
2.87862854639068,0,11.8331352128411
8.22255693090393,0,29.4263150795514
-0.0500724187875009,0,2.19132133571129
-0.29730042234142,0,1.37740198244736
2.59336546536667,0,10.8939974975357
0.368313433380878,0,3.56872331815862
8.45076739572304,0,30.1776252517954
3.3104478307878,1,5.13685431871146
7.80930107855892,1,20.6100618397069
9.59427119305962,1,26.7492291962167
23.8011761860216,1,75.6119897888358
21.9979920907608,1,69.4101778674641
38.0262951597439,1,124.537394946318
37.2066660255347,1,121.718389527513
6.40682456002302,1,15.7864303453077
24.6917454753473,0,83.645865843151
27.8106218278745,0,93.9137715304833
26.3843064227551,0,89.2180829539587
17.0276773651733,0,58.4143658919608
5.04662796217181,0,18.9705818491576
4.64725964873848,0,17.655789047731
2.3841725392826,0,10.2052965063124
0.292243278441174,0,3.31828659407729
2.34613746181275,0,10.0800781442718
7.82318861747059,0,28.1115222781247
3.88655809934167,0,15.1514218069184
0.00698019741715586,0,2.37914887877188
-0.107125034992158,0,2.00349379265069
8.01336400481986,0,28.7376140883281
2.23582296593568,1,1.44082499183433
6.40682456002301,1,15.7864303453076
7.39037952107441,1,19.1692368478742
15.0038234788411,1,45.3546649603286
21.5244285909955,1,67.7814191810439
33.8006516233758,1,110.003855898257
32.2342492779977,1,104.616423320095
32.2706772395183,1,104.741712449821
9.40164433246913,0,33.3080843028113
25.8898504156475,0,87.5902442474316
31.861357578413,0,107.249527087812
23.0372196054088,0,78.1988670943823
7.11953968427844,0,25.7949825803728
6.28276797994191,0,23.0401786154789
5.08466303964167,0,19.0958002111983
0.140102968561767,0,2.81741314591464
9.68690741349289,0,34.2472220181159
4.285926412775,0,16.466214608345
0.539471281995098,0,4.13220594734124
6.37785567361642,0,23.3532245205802
2.34510685049671,1,1.81669238100759
3.78401133055305,1,6.76561300513161
5.15005988756878,1,11.463955369807
3.65651346523169,1,6.32710105109559
10.8146079039934,1,30.9464150419926
18.3551959387195,1,56.8812648949984
28.4639552606347,1,91.6489983935928
32.944594527646,1,107.059561349727
35.4763378533148,1,115.767155865591
9.01142380873264,1,24.7446031206209
19.1576417034846,0,65.4265941662366
39.1640924526235,0,131.291452599616
23.474622996312,0,79.6388782578496
9.21146894512009,0,32.6819924926087
5.46501381433995,0,20.3479838316041
10.9991175862027,0,38.5672555085185
5.99750489891813,0,22.1010409001743
0.63455897566961,0,4.44525185244251
2.00382176458432,0,8.95311288590657
3.60129501831765,0,14.212284091613
6.6631187546402,0,24.2923622358848
0.995892211633332,0,5.63482629182925
2.52724665809883,1,2.44313802963104
2.9643821963439,1,3.94660758632731
5.02256202224718,1,11.0254434157702
6.89860204054859,1,17.4778335965905
18.1366281695969,1,56.1295301166503
26.7518410691754,1,85.760409296534
30.0849995482932,1,97.2243646663402
31.3053362592272,1,101.421550512117
24.6572332817514,1,78.5562843373656
3.58365754219085,1,6.07652279164624
27.5824113630554,0,93.1624613582394
38.1941979771426,0,128.09838436758
21.3446586580007,0,72.6266499835738
10.5617141952993,0,37.1272443450505
4.03869840922107,0,15.6522952550811
10.2574335755407,0,36.1254974487259
4.91350519102745,0,18.5323175820156
1.18606759898235,0,6.2609181020318
2.78354085271593,0,11.520089307739
3.06880393373995,0,12.4592270230445
8.27960954710883,0,29.6141426226128
2.18118102365493,1,1.25289129724689
3.52901559991033,1,5.88858909705959
4.67649638780329,1,9.83519668338609
5.7329072718953,1,13.4685814454012
9.43034536621761,1,26.1854281124552
16.6612957280202,1,51.0553203628015
27.3893303957824,1,87.9529690667149
37.5891596214991,1,123.033925389622
34.5109968730237,1,112.446993927887
22.6719093788887,1,71.7280267673712
5.29385596572598,0,19.7845012024223
22.3525882109515,0,75.9449365776503
33.5729360645564,0,112.884353379642
25.8708328769123,0,87.5276350664101
16.7804493616194,0,57.6004465386968
5.08466303964167,0,19.0958002111983
11.4365209771059,0,40.0072666719858
5.484031353075,0,20.4105930126249
0.653576514404657,0,4.50786103346325
2.55533038789706,0,10.7687791354958
2.19399715193333,0,9.57920469610909
8.90718832536128,0,31.6802455962834
0.330278355910784,0,3.44350495611716
3.69294142675211,1,6.45239018082028
5.00434804148709,1,10.9627988509083
6.38861057926268,1,15.7237857804449
9.04785177025329,1,24.8698922503464
17.262357093107,1,53.1225910032585
32.0338954896354,1,103.92733310661
37.3159499100958,1,122.094256916687
38.7548543901524,1,127.043177540811
27.9539637993488,1,89.894950577447
33.3453021043704,1,108.437741776698
11.7435209227641,1,34.1412878499717
26.3843064227554,0,89.2180829539595
43.8804420588843,0,146.818529492656
29.4461301590779,0,99.2981610982312
16.3240284319811,0,56.0978261942089
20.0704835627608,0,68.4318348552118
13.1100643857792,0,45.5168746017744
4.72332980367818,0,17.9062257718123
5.14171565584657,0,19.2836277542597
3.14487408867941,0,12.709663747125
10.6758194277091,0,37.5028994311733
5.69322427915907,0,21.0992940038481
1.20508513771764,0,6.32352728305332
1.37624298633162,0,6.88700991223515
1.37624298633161,0,6.88700991223511
8.10845169849461,0,29.0506599934302
1.43329560253627,0,7.07483745529573
3.1829499654662,1,4.69834236467463
5.96968902177817,1,14.2829607886121
5.49612552201268,1,12.6542021021912
1.24312021518726,0,6.4487456450932
10.7235380001922,1,30.6331922176804
23.0726169556134,1,73.1062071943428
24.1654558012256,1,76.8648810860819
36.6966745642488,1,119.964341711368
31.9428255858345,1,103.614110282299
16.2605881512955,1,49.67713993583
-0.259265344871571,0,1.50262034448801
20.4698518761944,0,69.7466276566392
38.2132155158772,0,128.160993548599
25.1862014824554,0,85.2737045496797
21.2876060417958,0,72.4388224405124
9.40164433246911,0,33.3080843028113
1.12901498277794,0,6.07309055897201
9.04031109650564,0,32.1185098634253
-0.259265344871821,0,1.50262034448719
2.06087438078897,0,9.14094042896716
1.83266391596986,0,8.38963025672316
7.34775014909755,0,26.5462927526168
2.66943562030637,0,11.144434221617
0.38733097211593,0,3.63133249917937
1.03392728910294,0,5.76004465386912
3.43794569610916,1,5.57536627274746
2.59336546536667,0,10.8939974975357
12.5631500569732,1,36.960293268776
23.0361889940927,1,72.9809180646173
