12.3106622516556,0,4.59426369133807
13.5765342163355,0,10.6993654714248
19.4944812362031,0,39.240695000426
25.8871964679912,0,70.0717570905374
30.6693156732892,0,93.1351673622349
31.5280353200883,0,97.2766374244102
24.9011037527594,0,65.3159867132272
23.9695364238411,0,60.8231837151861
20.7068432671082,0,45.0877267694404
21.3293598233996,0,48.0900264032025
19.6801256168686,1,7.36108337720335
28.0246747420368,1,41.1258554649917
35.5213100044863,1,71.4596910341823
36.0462090623598,1,73.5836041171239
36.956931359354,1,77.2686840815437
36.2436069986541,1,74.3823406611361
32.3820098698968,1,58.7570570188973
27.840287124271,1,40.3797629204712
19.5608344549125,1,6.87839236117416
20.0986541049798,1,9.05458638154188
16.3459161147903,0,24.0556596542031
21.3467991169978,0,48.1741333787581
31.8686534216336,0,98.9193850608978
31.4971302428256,0,97.1275870879823
31.7068432671082,0,98.1390000851716
28.8083885209713,0,84.1602078187548
28.1593818984547,0,81.0301507537688
20.0622516556291,0,41.9789626096585
22.7891431135038,1,19.9411839453955
31.5621354867653,1,55.4395773957557
38.587707492149,1,83.8673371212809
36.838043965904,1,76.7876268448091
41.6249439210408,1,96.156988037105
35.6960520412741,1,72.1667544066658
32.454688200987,1,59.0511372919201
23.8807537012113,1,24.3581970337829
21.1829519964109,1,13.4420099115943
15.6079271523179,0,20.4964547312836
24.8278344370861,0,64.9626203049144
33.405298013245,0,106.330380717145
32.2233995584989,0,100.630269994038
27.6913907284768,0,78.7731028021464
25.5169977924945,0,68.2863469891832
22.8679911699779,0,55.5106038667916
21.2476821192053,0,47.6961076569287
23.462090623598,1,22.6641494363461
31.4163301929116,1,54.8496015393831
38.6550022431584,1,84.139633670376
38.3544190219829,1,82.9233757510846
39.4468371467026,1,87.3436563980612
35.7061462539255,1,72.2075988890301
29.757469717362,1,48.137310073157
23.0083445491252,1,20.8281445713144
18.3658591296546,1,2.0431317733767
12.5099337748344,0,5.55531896771994
19.6479028697572,0,39.9806234562643
26.3211920529801,0,72.1648496720893
33.6545253863135,0,107.53236521591
30.1395143487859,0,90.5800187377565
27.5081677704194,0,77.8894472361809
24.4132450331126,0,62.9631206881867
22.755408388521,0,54.96763478409
18.1884253028264,1,1.32517653892939
28.5877074921489,1,43.4040699257537
39.4759982054733,1,87.4616515693358
39.278600269179,1,86.6629150253235
40.3396141767609,1,90.9561239493892
36.3391655450875,1,74.769001760851
29.2714221624047,1,46.1706028645597
22.6558995065052,1,19.4020367781873
18.559443696725,1,2.8264381796067
19.1994167788246,1,5.41597836150095
18.3564378645132,1,2.00501025650338
12.9933774834437,0,7.88689208755646
17.4158940397351,0,29.2159952303892
17.7930684326711,0,31.0350481219658
22.9667549668874,0,55.9869261562048
25.1289183222958,0,66.414700621753
27.0092715231788,0,75.4833489481305
20.0203090507726,0,41.7766800102206
19.2498896247241,0,38.061068052125
17.642825607064,0,30.3104505578741
20.6097130242826,0,44.6192828549528
18.5921938088829,1,2.95895583349977
26.1561238223419,1,33.5650879517853
34.1013907581875,1,65.7142338482764
32.7981157469717,1,60.4407573474685
29.7586361597129,1,48.142029880008
29.0390309555855,1,45.2302721150181
25.5094212651413,1,30.9483181149818
22.8497756841633,1,20.1865231361301
19.3528039479587,1,6.03663296240482
21.2534544638852,1,13.7272859295297
19.4526693584567,1,6.44072104126196
18.8369223867205,1,3.94920761704225
14.8505518763797,0,16.8437526616132
12.817880794702,0,7.0404991056981
15.8599558498896,0,21.7119495784004
16.3482119205298,0,24.0667319649094
20.144591611479,0,42.3760752917127
16.5799116997793,0,25.1841836300145
18.8878587196468,0,36.3150498253982
21.3094922737307,0,47.9942083297845
25.9364238410596,0,70.3091729835619
24.5324503311258,0,63.5380291286943
14.1395143487859,0,13.4145302785112
21.4185733512786,1,14.3954108954927
27.2305966801256,1,37.9127561856699
26.831314490803,1,36.2971299943724
30.4517720951099,1,50.9466843356873
28.0650515926424,1,41.2892333944487
27.5908479138627,1,39.3704503784922
22.2839838492597,1,17.8971445168551
23.5856886496187,1,23.1642674315174
22.466913414087,1,18.6373373028119
21.4294526693585,1,14.4394321709297
18.8207716464782,1,3.88385644525933
18.1801256168685,1,1.29159329787423
18.3048452220727,1,1.79624956886384
15.2084326710817,0,18.5697555574482
18.5067991169978,0,34.4772591772422
21.4816777041943,0,48.82463163274
15.9147902869757,0,21.9764074610339
17.4927152317881,0,29.5864917809386
18.0953642384106,0,32.4929733412827
22.8613686534216,0,55.4786645089857
16.1637969094923,0,23.1773273145388
14.0710816777042,0,13.0844902478495
21.5531628532974,1,14.9400039936827
23.2624495289367,1,21.8563363406975
28.5091969493046,1,43.0863906184763
29.6020637056976,1,47.5084865757801
27.3999551368327,1,38.5980358342259
24.1099147599821,1,25.285457548968
20.9634365186182,1,12.5537785684463
22.7349708389412,1,19.721985223374
20.785666218035,1,11.8344618512533
19.3214445939884,1,5.90974277052668
12.7582781456954,0,6.7530448854442
12.2154525386314,0,4.13508219061413
16.366357615894,0,24.1542458052976
18.6025165562914,0,34.9388893620646
22.4097130242826,0,53.3004003066178
18.9801324503311,0,36.7600715441615
17.2189845474614,0,28.2663316582915
16.8569536423841,0,26.5203134315645
19.1637969094923,0,37.6458564006473
20.128476821192,0,42.2983561877182
14.0865342163356,0,13.1590154160634
18.9690444145357,1,4.48381650843207
25.1982951996411,1,29.6894004029989
25.0435172723194,1,29.0631183400802
29.6935845670704,1,47.8788098825494
25.099596231494,1,29.2900321309928
22.4775684163302,1,18.6804509230853
11.7810154525386,0,2.0398603185418
20.3497083894123,1,10.0704340406992
24.3286227007627,1,26.1704213335269
24.1269627635711,1,25.3544393414055
21.6060340960072,1,15.1539383157551
18.8603073126963,1,4.04383066785267
21.317866756393,1,13.9879191097718
18.07133243607,1,0.851380543503927
14.5070419426049,0,15.1870581722171
19.9377704194261,0,41.3786091474322
16.6479028697572,0,25.5120943701559
17.9220750551876,0,31.6572268120262
19.364238410596,0,38.6125542969082
25.2498896247241,0,66.9981262243421
25.5346578366446,0,68.3715186099991
21.4684326710817,0,48.7607529171279
19.6825607064018,0,40.1477727621157
13.8525386313466,0,12.0304914402521
23.7581875280395,1,23.8622542523644
37.7397936294302,1,80.436400602683
40.0861372812921,1,89.9304736144644
39.3066397487663,1,86.77637192078
28.3200986989681,1,42.3212373155191
25.5121130551817,1,30.9592099769455
20.6689098250337,1,11.3620273385736
18.3295199641095,1,1.89609163686529
15.0145695364238,0,17.6347840899412
18.6727814569537,0,35.2777659483861
24.5009492273731,0,63.3861042500639
28.7997792494481,0,84.118686653607
32.5015452538631,0,101.971723021889
29.4198675496689,0,87.1092751895069
21.755408388521,0,50.1447917553871
17.6693156732892,0,30.438207989098
11.7752759381898,0,2.01217954177662
26.1965006729475,1,33.7284658812423
38.9937191565725,1,85.5101929674878
41.0327501121579,1,93.7607784050684
37.2703005832212,1,78.5366783451631
29.5969044414536,1,47.4876105070161
25.3037236428892,1,30.1159983299146
20.1922386720502,1,9.43326011581681
17.8642889187977,1,0.0136148274547217
16.3885651214128,0,24.2613491184738
19.6895805739514,0,40.1816284813899
23.2975717439294,0,57.5824035431395
26.4525386313466,0,72.7983136019079
29.1748344370861,0,85.9275189506857
28.7156732891832,0,83.713056809471
21.2476821192053,0,47.6961076569288
16.7046357615894,0,25.7857082020271
20.0435172723194,1,8.83148474231675
25.326155226559,1,30.2067638462795
38.7918349035442,1,84.6933033202026
40.323912068192,1,90.8925880879336
37.7364288918798,1,80.4227857752283
29.2121803499327,1,45.9308911358396
23.9266711529834,1,24.5439940457822
22.4759982054733,1,18.6740973369396
18.705024674742,1,3.41550638081581
11.3889624724061,0,0.149050336427744
14.5739514348786,0,15.5097521505835
12.7158940397351,0,6.54863299548592
18.4295584988963,0,34.1047398006985
22.1978145695364,0,52.2784473213524
26.6781456953643,0,73.8863810578316
21.2962472406181,0,47.9303296141725
20.5280353200883,0,44.225364108679
19.4573951434879,0,39.0618345967124
18.2918322295806,0,33.44050762286
17.9371915657245,1,0.308602755641083
29.0161507402423,1,45.1376912883257
33.1256168685509,1,61.7659338863979
33.9244055630327,1,64.9980939241563
27.2646926873037,1,38.0507197705448
28.1373934499776,1,41.581952184726
22.94089277703,1,20.5552126636048
21.5468820098699,1,14.9145896491005
14.3331125827814,0,14.3482241717059
18.1322075055188,0,32.67066263521
21.3296026490066,0,48.0911975129886
26.0907284768212,0,71.0533600204412
27.4286975717439,0,77.5061749425091
31.1041942604856,0,95.2325185248275
25.1152317880795,0,66.3486926156205
22.7532008830022,0,54.9569883314879
16.8525386313466,0,26.4990205263606
11.6406181015453,0,1.36274593305515
29.4759982054733,1,46.9983843738087
38.468820098699,1,83.3862798845462
41.8873934499776,1,97.2189445785757
37.4010767160162,1,79.0658413055712
30.7628981606101,1,52.20560204767
27.5567519066846,1,39.2324867936174
22.4183490354419,1,18.4408299598816
19.8689995513683,1,8.12532902499685
13.9406181015452,0,12.4552848990716
15.8039735099338,0,21.4419555404139
21.6635761589404,0,49.7018993271443
25.8991169977925,0,70.1292479345881
30.524944812362,0,92.4388893620646
26.1306843267108,0,71.2460608125373
22.0291390728477,0,51.4649518780343
19.0335540838852,0,37.0177156971297
16.5810154525386,0,25.1895068563154
20.6244952893674,1,11.1823116161707
34.7092866756393,1,68.1739793417686
38.5002243158367,1,83.5133516074573
38.2700762673845,1,82.5820974095522
29.2164647824136,1,45.9482273494653
27.7958052938538,1,40.1997749015194
24.0516599371916,1,25.049739502968
21.2003140421714,1,13.512262421261
12.2534216335541,0,4.31820117536848
12.6141280353201,0,6.0578315305339
18.7664872139973,1,3.6642038956559
18.0352175863616,1,0.705248062156291
17.8932256617317,1,0.130702343565521
15.1816777041942,0,18.440720551912
13.4949227373068,0,10.3057661187292
19.1677704194261,0,37.6650200153309
19.0286975717439,0,36.9942935014052
22.3220750551877,0,52.8777361383188
17.287417218543,0,28.5963716889533
18.3470198675497,0,33.7066689379098
19.0379690949227,0,37.0390086023337
21.7885209713024,0,50.304488544417
14.8922737306843,0,17.0449706157909
25.4270973530731,1,30.6152086699222
31.4454912516824,1,54.9675967106577
32.2440556303275,1,58.1988490932525
27.3008075370121,1,38.1968522518923
28.0598923283984,1,41.2683573256848
23.9858681022881,1,24.7835242434695
22.6558995065051,1,19.4020367781871
11.9189845474613,0,2.70526360616632
18.7229699416779,1,3.48811879390782
14.401766004415,0,14.6793288476281
17.7371302428256,0,30.7652670130312
23.1924503311258,0,57.0754194702326
19.8033112582781,0,40.7301337194446
19.0227373068433,0,36.96554807938
18.4154525386313,0,34.0367089685716
22.4728476821192,0,53.6048888510349
20.5655629139073,0,44.4063538029128
15.6229580573951,0,20.5689464270505
11.7620309050773,0,1.94830082616472
22.6321220278152,1,19.3058253308403
25.792732166891,1,32.094686586672
32.2395693135935,1,58.1806959899795
29.4827276805742,1,47.0256140287182
27.4840735755944,1,38.9384065205947
22.3429789143113,1,18.1358578248951
24.09510991476,1,25.2255523081671
21.7380888290714,1,15.6882749105961
20.9216240466577,1,12.3845916459418
12.7377041942605,0,6.65381994719357
13.3054746136865,0,9.39208755642614
17.6570419426049,0,30.379013712631
22.2626931567329,0,52.5913465633252
26.5695364238411,0,73.3625755898134
26.1064017660044,0,71.1289498339153
20.8039735099338,0,45.5561706839281
18.4640176600442,0,34.2709309258156
18.3845474613687,0,33.8876586321437
13.9960264900662,0,12.7225108593816
26.8627187079408,1,36.4242017172835
33.112157918349,1,61.7114745765789
34.3571108120233,1,66.7489607348376
27.0825482279049,1,37.3137037776608
27.9392104082548,1,40.780038847641
24.8488111260655,1,28.2752736580318
24.1085912965455,1,25.2801023835024
20.8046433378196,1,11.9112494780982
20.7493943472409,1,11.6876940112913
20.5157021085689,1,10.7420988618004
18.8275011215792,1,3.91108610016877
13.5041942604857,0,10.3504812196576
16.4809271523179,0,24.7067966953411
14.2875055187638,0,14.1282684609489
17.5935982339956,0,30.0730346648497
19.1748344370861,0,37.6990886636572
24.8924944812362,0,65.2744655480795
20.8459161147903,0,45.7584532833659
20.278587196468,0,43.0223149646538
17.7686534216336,0,30.9172983561877
20.2167770419426,0,42.7242142917979
12.9562913907285,0,7.70803168384295
22.9237326155226,1,20.4857770435856
28.7492148945716,1,44.057581643582
28.3050695379094,1,42.2604244195545
27.0399282189323,1,37.1412492965673
29.3360251233737,1,46.432007551691
27.1150740242261,1,37.44531377639
24.7770300583221,1,27.9848240056638
19.4406684611934,1,6.39216149000673
21.3239569313594,1,14.0125619474649
19.3367653656348,1,5.97173561820387
19.2274562584119,1,5.52943525695729
15.3237306843267,0,19.1258197768504
13.7236203090508,0,11.4087386082958
16.3354304635761,0,24.0050890043437
16.2975717439294,0,23.8225023422196
21.8079470198675,0,50.3981773273145
20.0651214128035,0,41.9928029980411
17.9187637969095,0,31.6412571331232
17.1350993377484,0,27.8617664594158
18.2498896247241,0,33.2382250234222
20.7487858719647,0,45.2900093688784
14.2454746136865,0,13.9255600034068
18.7873485868102,1,3.7486158258754
25.5145805293854,1,30.9691941837457
29.2113055181696,1,45.9273512807015
32.6388515029161,1,59.7963221812769
31.1247196052041,1,53.6696498266377
24.0870345446389,1,25.1928767222758
20.2584118438762,1,9.70101838909364
18.2252131000449,1,1.47403198576795
19.935397039031,1,8.3939949534373
19.5296545536115,1,6.75222829342672
18.0001570210857,1,0.563381560077682
15.8163134657837,0,21.5014692104591
15.1395143487858,0,18.2373733072139
18.9995584988963,0,36.8537603270591
19.7165562913907,0,40.3117281321863
23.4971302428256,0,58.5448428583596
17.9651214128035,0,31.8648326377651
18.4088300220751,0,34.0047696107657
16.6030905077263,0,25.2959713823354
19.6847682119205,0,40.1584192147177
16.0799116997793,0,22.7727621156631
20.1489457155675,1,9.25808266923233
27.297891431135,1,38.185052734765
31.4096007178107,1,54.8223718844737
29.6083445491252,1,47.5339009203623
30.1011664423508,1,49.5280193149019
26.5058322117541,1,34.980122351916
24.5679676985195,1,27.1388893931419
20.5746971736204,1,10.9808121698404
21.7135935397039,1,15.5891589667253
20.0349484073576,1,8.79681231506531
20.1590399282189,1,9.2989271515965
13.0772626931567,0,8.2914572864322
14.214701986755,0,13.777148454135
16.5418101545254,0,25.000425858104
20.3298013245033,0,43.2693126650201
24.4933774834437,0,63.349586917639
27.6869757174393,0,78.7518098969423
21.2454746136865,0,47.6854612043267
20.2874172185431,0,43.0649007750618
17.9629139072847,0,31.854186185163
21.1373068432671,0,47.1637850268291
11.6649006622517,0,1.47985691167708
24.2494392104083,1,25.8500190607585
32.6276357110812,1,59.7509394230943
33.2803947958726,1,62.3922159493166
33.4082548227905,1,62.9095793925972
31.3777478689995,1,54.6934848512353
28.2579632122028,1,42.069816835188
25.069089277703,1,29.1665910287363
19.5948855989233,1,7.01617441501634
21.0082996859578,1,12.7353096011763
11.6176600441501,0,1.25202282599445
12.3317880794702,0,4.69615024273911
18.6985430463576,0,35.4020100502512
16.0475938189846,0,22.6168980495699
19.6761589403973,0,40.1168980495698
19.4130242825607,0,38.8478408994124
23.6163355408389,0,59.1197512988672
19.3713024282561,0,38.6466229452346
17.3955849889625,0,29.1180478664509
15.550110375276,0,20.2176134911848
19.9496688741722,0,41.4359935269567
16.7443708609272,0,25.977344348863
22.2305966801256,1,17.6811225879064
32.0489008524002,1,57.4091891008768
35.2521310004486,1,70.370504837802
30.4876626289816,1,51.0919091618713
29.8629430237775,1,48.5640895311053
25.0315836698071,1,29.014831085374
22.4892777030058,1,18.7278305226278
11.8576158940397,0,2.40929222383096
18.5399282189323,1,2.74747218036922
13.2176600441501,0,8.96857167191904
18.5086092715232,0,34.4859892683757
25.49646799117,0,68.1873349799847
28.767770419426,0,83.964313090878
22.5015452538631,0,53.7432927348608
20.4110375275938,0,43.6611021207734
18.5059602649007,0,34.4732135252534
19.8944812362031,0,41.1698322119069
13.8437086092715,0,11.9879056298442
11.848123620309,0,2.36351247764243
20.8577837595334,1,12.126272986367
18.6505159264244,1,3.19494617604885
23.930910722297,1,24.5611487283751
30.3126962763571,1,50.3839381342241
34.628532974428,1,67.8472234828543
31.5755944369672,1,55.4940367055748
26.1251682368775,1,33.4398315392016
25.2211754149843,1,29.7819812296912
22.6850605652759,1,19.5200319494619
21.6827501121579,1,15.4643563817233
11.8350110375276,0,2.30027254918645
12.0350772626932,0,3.26516054850539
15.6035761589404,0,20.4754705732049
15.9072847682119,0,21.9402095221872
18.9154525386313,0,36.4481304829231
16.4995584988963,0,24.796652755302
15.639293598234,0,20.6477301763053
15.7907284768212,0,21.378076824802
19.3293598233996,0,38.4443403457967
23.6384105960265,0,59.2262158248872
17.2543046357616,0,28.4366748999234
13.0556291390729,0,8.18712205093265
25.447285778376,1,30.6968976346507
25.680574248542,1,31.6408590048469
29.045311799013,1,45.2556864596002
27.9820547330642,1,40.9534009838982
25.7160161507403,1,31.7842685207037
21.4558097801705,1,14.5460816526584
12.2717439293598,0,4.40656673196489
21.0960071781067,1,13.0902027701635
21.8010318528488,1,15.9429629495163
23.1432256617317,1,21.3739176212174
19.726558995065,1,7.54896799607885
20.114064602961,1,9.11694229128475
13.0878587196468,0,8.34256025892173
17.6640176600441,0,30.4126565028533
21.1529801324504,0,47.2393748403033
20.587417218543,0,44.5117536836725
16.2211920529801,0,23.4541350821906
18.00706401766,0,32.0671152372029
24.2741721854305,0,62.2923941742612
32.2366445916115,0,100.69414870965
21.8260485651214,0,50.485478238651
18.5495737999103,1,2.78650135240623
32.2261103633917,1,58.1262366801605
32.4616419919246,1,59.0792746019932
32.064602960969,1,57.4727249623323
30.2969941677883,1,50.3204022727686
27.5554060116644,1,39.2270408626354
24.887842081651,1,28.4332056565071
21.6527590847914,1,15.3430028863433
23.3360251233737,1,22.1540472343747
20.5076267384477,1,10.7094232759091
19.7189322566173,1,7.51810772051478
13.2690949227373,0,9.21663401754536
18.1601615074024,1,1.21081198830935
14.7055187637969,0,16.1442807256621
18.2584988962472,0,33.27974618857
23.1858719646799,0,57.0436930414786
20.7845474613687,0,45.4624819010306
18.9629139072848,0,36.6770292138659
17.0335540838852,0,27.3720296397241
19.3757174392936,0,38.6679158504386
17.6604856512141,0,30.3956221786901
11.5766004415011,0,1.05399880759731
18.9062359802602,1,4.22967306261011
23.1099147599821,1,21.2391308294153
23.6550022431584,1,23.4447328770853
30.209510991476,1,49.966416758945
28.4982054733064,1,43.0419155154573
26.2611036339166,1,33.9898705683737
21.3945715567519,1,14.298291792982
20.8405114401077,1,12.056383538766
21.4149170031404,1,14.3806161163252
21.7367205024675,1,15.6827382140976
21.3512786002692,1,14.1231143463975
14.6399558498896,0,15.8280810833829
11.5715231788079,0,1.02951196661271
15.926114790287,0,22.0310237628821
13.0902207505519,0,8.35395196320603
17.5878587196468,0,30.0453538880844
19.8516556291391,0,40.9632910314283
17.4763796909492,0,29.5077080316839
13.4662251655629,0,10.1673622349033
18.2984547461369,0,33.472446980666
20.1858719646799,0,42.5751639553701
24.4573951434879,0,63.1760497402266
20.960706401766,0,46.3120688186696
17.9121412803532,0,31.6093177753173
12.8701986754967,0,7.29282003236524
29.0139075818753,1,45.1286147366892
35.8802153432032,1,72.9119392960227
37.2126514131898,1,78.303410968105
31.3999551368326,1,54.7833427124366
29.6674069089278,1,47.7728865249515
24.1298115746972,1,25.3659665619838
21.3806639748766,1,14.2420171728357
11.982119205298,0,3.00975215058352
12.6735099337748,0,6.34422110552764
14.8342163355408,0,16.7649689123584
20.6456953642384,0,44.7928200323651
25.09293598234,0,66.2411634443404
26.2373068432671,0,71.7602844732135
20.4551876379691,0,43.8740311728132
20.1461368653422,0,42.3835278085342
19.0490066225166,0,37.0922408653436
21.7841059602649,0,50.283195639213
15.2278145695364,0,18.6632314112938
12.8194260485651,0,7.0479516225194
20.8936742934051,1,12.271497812551
24.3571108120233,1,26.2856935393106
29.3526244952894,1,46.4991740338011
33.5697622252131,1,63.5630911104253
28.7200538358008,1,43.9395864723075
25.0502467474204,1,29.0903479949897
20.6150740242261,1,11.1441900992974
24.5800807537012,1,27.1879027719788
21.0531628532974,1,12.9168406339064
23.0408254822791,1,20.9595730390111
21.5746523104531,1,15.0269573583603
26.8755495737999,1,36.4761195926444
25.1695827725437,1,29.5732205420517
27.9237326155226,1,40.717410641349
24.5657245401525,1,27.1298128415052
21.3400628084343,1,14.0777315882151
13.194701986755,0,8.85784856485816
21.6781456953643,0,49.7721659143175
22.7971302428256,0,55.1688527382675
25.1886975717439,0,66.7030065582149
17.4872406181015,0,29.5600885784856
17.3426048565122,0,28.8625330040031
13.1130242825607,0,8.46392981858439
11.6397350993378,0,1.35848735201432
27.7344100493495,1,39.9513496832284
50.4712875729026,1,200
68.7895917451772,1,200
66.609241812472,1,200
48.3409600717811,1,200
27.7868999551369,1,40.1637409915226
18.7355408388521,0,35.5804445958608
28.8150110375276,0,84.1921471765607
41.3735099337748,0,144.759816029299
41.4573951434879,0,145.164381228175
41.1969094922737,0,143.90809982114
41.401766004415,0,144.896090622605
50.3938189845475,0,200
48.876821192053,0,200
40.6847682119205,0,141.438122817477
27.9960264900662,0,80.2423132612214
23.3955849889625,0,58.0551060386679
23.9739514348786,0,60.8444766203901
15.1902869757174,0,18.4822417170598
13.324944812362,0,9.4859892683758
17.887842081651,1,0.108918619638015
15.3823399558499,0,19.4084830934332
18.7940780619112,1,3.77584548078493
24.9605204127411,1,28.7272859295296
29.7294751009421,1,48.0240347087335
28.2848811126065,1,42.178735454826
24.9268730372364,1,28.5911376549822
24.9134140870345,1,28.5366783451631
22.650067294751,1,19.3784377439323
21.4499775684163,1,14.5224826184036
18.7626738447734,1,3.64877375787395
19.3010318528488,1,5.82714615063441
19.9403319874383,1,8.41396336703758
18.814266487214,1,3.85753444551342
11.6825607064018,0,1.56502853249292
21.8649618663078,1,16.2016446711565
30.1982951996411,1,49.9210340007625
26.2279048900852,1,33.8555376041534
18.6168685509197,1,3.05879790150123
25.2211920529801,0,66.8597223405161
24.4309050772627,0,63.0482923090026
25.876821192053,0,70.0217187633081
20.8679911699779,0,45.8649178093859
19.2697571743929,0,38.156886125543
14.885651214128,0,17.0130312579848
19.3414087034545,1,5.99052408009148
26.0305069537909,1,33.0568010601413
30.1624046657694,1,49.7758091745784
31.3019291161956,1,54.3866974059215
34.1327949753253,1,65.8413055711873
29.5208613728129,1,47.1799154065387
26.6249439210408,1,35.4620872438144
20.8286227007627,1,12.0082778150925
22.1363840287124,1,17.2999074191733
21.1695827725437,1,13.3879136638408
21.0080753701211,1,12.7344019460127
16.2631346578366,0,23.6564176816285
18.157174392936,0,32.7910740141385
19.8326710816777,0,40.8717315390512
19.1637969094923,0,37.6458564006473
21.044591611479,0,46.7166340175454
19.8083885209713,0,40.7546205604292
14.0401766004415,0,12.9354399114215
14.2366445916115,0,13.8829741929989
14.9562913907285,0,17.3537177412486
19.8061810154525,0,40.7439741078273
21.0058322117542,1,12.7253253943762
25.440556303275,1,30.6696679797412
32.9192462987887,1,60.9308911358396
27.4571556751907,1,38.8294879009567
26.5127860026918,1,35.0082596619892
24.8528488111261,1,28.2916114509776
22.3225661731718,1,18.053261205003
21.8088829071332,1,15.9747308802439
19.1843876177658,1,5.35516546553635
19.3615971287573,1,6.07221304482005
16.9077262693157,0,26.7651818414105
20.0313465783664,0,41.8299122732306
24.1770419426049,0,61.8239502597735
18.073289183223,0,32.3865088152627
18.7532008830022,0,35.6656162166766
17.9386313465784,0,31.7370752065412
22.1019867549669,0,51.8162848139
18.5986754966887,0,34.9203645345371
14.9055187637969,0,17.1088493314028
14.3933774834437,0,14.6388723277404
14.7311258278145,0,16.2677795758452
19.624046657694,1,7.13416958629076
25.4764468371467,1,30.8148928059252
32.7824136384029,1,60.377221486013
33.8008075370121,1,64.4979759289851
26.7797218483625,1,36.088369306733
27.0174966352625,1,37.0504837802022
24.3391655450875,1,26.2130811262185
23.4957379991027,1,22.8002977108937
20.4540152534769,1,10.4924936917966
19.9470614625393,1,8.4411930219471
20.4607447285778,1,10.5197233467061
17.9685957828623,1,0.435674478552141
16.1593818984548,0,23.1560344093348
20.0225165562914,0,41.7873264628226
18.3801324503311,0,33.8663657269397
20.20353200883,0,42.6603355761861
20.278587196468,0,43.0223149646537
22.9916114790287,0,56.1068052125032
14.2013245033113,0,13.712630951367
22.3135935397039,1,18.016954998457
28.816509645581,1,44.3298781926771
28.6146253925527,1,43.5129885453918
27.0780619111709,1,37.2955506743878
28.6348138178555,1,43.5946775101203
23.6303275011216,1,23.3448908090838
20.9138627187079,1,12.3531867772796
16.5655629139073,0,25.1149816881015
18.4794701986755,0,34.3454560940295
26.9143487858719,0,75.0255514862447
32.2189845474614,0,100.608977088834
34.2896247240618,0,110.595349629503
26.1284768211921,0,71.2354143599353
20.0534216335541,0,41.9363767992504
16.9916114790287,0,27.1697470402862
14.3757174392936,0,14.5537007069245
23.2018842530283,1,21.6112694465119
37.5266935845671,1,79.5741281972153
41.3849259757739,1,95.1857970119991
39.3885150291611,1,87.1076660555123
32.4459398833558,1,59.0157387405377
31.6473755047106,1,55.7844863579428
25.2947510094213,1,30.0796921233685
21.609241812472,1,15.1669177845952
15.5986754966887,0,20.4518354484286
18.8348785871964,0,36.0595349629503
27.0909492273731,0,75.8772676944042
31.4596026490066,0,96.9465973937485
33.2211920529801,0,105.442466570139
27.0158940397351,0,75.5152883059364
21.8569536423841,0,50.6345285750788
16.3337748344371,0,23.9971041648922
12.5788079470199,0,5.88748828890213
27.421265141319,1,38.6842630747726
40.4697173620458,1,91.4825639443063
45.4697173620457,1,200
40.440556303275,1,91.3645687730318
30.0995962314939,1,49.5216657287563
25.2431583669807,1,29.870931435729
20.907133243607,1,12.32595712237
11.5832229580574,0,1.08593816540331
12.9298013245033,0,7.58027425261895
19.4558097801705,1,6.45342821355306
19.8079856437865,1,7.87844682048398
18.5226558995065,1,2.67758273276813
13.3690949227373,0,9.69891832041563
18.4441453566622,1,2.35990342549057
12.558940397351,0,5.79167021548413
20.1637969094923,0,42.4686994293502
29.5346578366446,0,87.6628907248105
32.1395143487859,0,100.225704795162
33.1682119205298,0,105.186951707691
29.6295805739514,0,88.1206881866962
26.9496688741722,0,75.1958947278767
17.1461368653422,0,27.9149987224257
22.4369672498879,1,18.5161653384647
33.695379093764,1,64.0713780020694
39.16644235083,1,86.2090874434984
42.6859578286227,1,100.450196961171
36.1942575145805,1,74.182656525133
29.5746971736205,1,47.3977526458148
21.5352175863616,1,14.8673915805907
22.2126514131898,1,17.6085101748144
18.5944369672499,1,2.96803238513625
17.9820547330642,1,0.490133788371108
18.3006622516556,0,33.483093433268
20.2763796909492,0,43.0116685120519
27.7443708609271,0,79.0286176645941
32.20353200883,0,100.53445192062
33.7333333333333,0,107.912443573801
28.3757174392936,0,82.0735031087642
22.6516556291391,0,54.4672515117962
17.2520971302428,0,28.4260284473214
12.7686534216335,0,6.80308321267347
25.5325257963212,1,31.0418065968377
39.1305518169583,1,86.0638626173144
43.9510991475998,1,105.569372084158
43.2243158366981,1,102.628569353931
33.471063257066,1,63.1637228384192
32.069089277703,1,57.4908780656053
23.5361148497084,1,22.9636756403507
20.5078510542844,1,10.7103309310727
17.8701986754967,0,31.4070351758794
21.9827814569536,0,51.2413763733924
29.0313465783665,0,85.2354995315561
31.5986754966887,0,97.617323907674
32.6847682119205,0,102.855378587855
27.0335540838852,0,75.6004599267524
20.6958057395143,0,45.0344945064305
15.6494481236203,0,20.6967038582744
20.7187079407806,1,11.5635267849039
28.697622252131,1,43.8488209559424
41.5935397039031,1,96.0299163141939
43.0134589502019,1,101.7753735001
39.1529834006281,1,86.1546281336795
29.1709286675639,1,45.7639733512444
27.0085240017945,1,37.0141775736562
21.4297891431135,1,14.4407936536751
19.4872139973082,1,6.5804999364642
15.4242825607064,0,19.6107656928712
18.2366445916115,0,33.1743463078103
22.914348785872,0,55.7341793714334
28.2189845474614,0,81.3176049740227
31.4154525386313,0,96.7336683417085
30.7752759381898,0,93.6461970871306
21.9960264900662,0,51.3052550890043
17.5236203090508,0,29.7355421173665
18.2691790040377,1,1.65193239784343
25.092866756393,1,29.2628024760833
38.814266487214,1,84.7840688365676
41.0596680125617,1,93.8696970247064
40.0008972633468,1,89.5855646522773
29.1193360251234,1,45.5552126636048
25.4517720951099,1,30.7150507379237
20.790489008524,1,11.853976437272
18.9735307312696,1,4.50196961170511
12.4022075055188,0,5.03577208074269
12.8348785871965,0,7.12247679073328
18.3768506056528,1,2.08760687639549
12.316114790287,0,4.62056042926498
18.4044150110375,0,33.9834767055617
25.8569536423841,0,69.9259006898901
22.1086092715232,0,51.848224171706
20.8370860927152,0,45.715867472958
16.6958057395143,0,25.7431223916191
21.4684326710817,0,48.760752917128
20.9033112582781,0,46.0352610510177
20.9430463576159,0,46.2268971978537
21.6649006622517,0,49.7082871987054
20.9121412803532,0,46.0778468614258
14.4971302428256,0,15.1392556000341
28.8905338716914,1,44.6294043966817
36.6451323463437,1,76.0070434040699
39.7294751009421,1,88.4873019042605
33.7222969941678,1,64.1802966217075
31.0708838043966,1,53.4518125873617
26.83355764917,1,36.3062065460091
22.5648272768057,1,19.0335287817452
19.1843876177658,1,5.35516546553635
13.3426048565121,0,9.57116088919164
19.6576940331987,1,7.2703178608383
14.0512141280353,0,12.9886721744315
18.642825607064,0,35.133293586577
26.0777041942605,0,70.9905459500895
22.1505518763797,0,52.0505067711439
21.157174392936,0,47.259603100247
19.3779249448124,0,38.6785623030406
22.5898454746137,0,54.1691508389405
23.3801324503311,0,57.980580870454
18.960706401766,0,36.666382761264
16.2962472406181,0,23.8161144706584
19.8304172274563,1,7.96921233684903
24.5926424405563,1,27.2387314611432
35.8847016599372,1,72.9300923992956
37.8272768057425,1,80.7903861165066
36.8649618663078,1,76.8965454644471
30.205024674742,1,49.9482636556719
25.8532974427995,1,32.3397534808576
23.9443696724989,1,24.6156080381942
17.9461641991925,1,0.344908962187088
18.3094922737307,0,33.5256792436761
26.0843267108168,0,71.0224853078954
26.9077262693157,0,74.9936121284389
29.0136865342163,0,85.1503279107401
28.2211920529801,0,81.3282514266247
28.2653421633554,0,81.5411804786644
18.5743929359823,0,34.8032535559152
11.9099337748344,0,2.66161315049829
28.6393001345895,1,43.6128306133934
33.1278600269179,1,61.7750104380344
40.790489008524,1,92.7805108283261
38.0269179004038,1,81.5981992121553
32.297891431135,1,58.4166863325286
25.0300583221176,1,29.0086590302612
21.2817406908928,1,13.8417412456659
20.6895468820099,1,11.4455316136294
18.7738896366084,1,3.69415651605644
11.4618101545254,0,0.500383272293735
14.3028697571744,0,14.2023677710587
18.0986989681472,1,0.962114473469254
13.3602649006623,0,9.65633251000767
15.3271523178808,0,19.1423217783835
21.3668874172185,0,48.2710160974363
19.3867549668874,0,38.7211481134487
19.1991169977925,0,37.8161996422792
18.764238410596,0,35.7188484796866
23.437527593819,0,58.2573886381057
21.7774834437086,0,50.2512562814071
16.8128035320088,0,26.3073843795247
16.119646799117,0,22.9643982624989
16.2918322295806,0,23.7948215654544
14.3845474613686,0,14.5962865173324
26.8784208165096,1,36.487737578739
33.349932705249,1,62.6735890500481
34.2584118438762,1,66.3495924628315
28.3073126962764,1,42.269500971191
27.2126514131898,1,37.8401437725779
25.2543741588156,1,29.9163141939115
24.3212202781516,1,26.1404687131264
21.6271870794078,1,15.2395301976873
18.1816958277254,1,1.29794688401978
19.6195603409601,1,7.11601648301779
11.9938189845475,0,3.06617834937403
18.2534768954688,1,1.5883965363879
13.2984547461369,0,9.35823183715189
19.4917003140422,1,6.59865303973716
18.9959623149394,1,4.59273512807016
12.4353200883002,0,5.19546886977259
19.2189845474614,0,37.9120177156971
21.4772626931567,0,48.803338727536
21.0291390728477,0,46.6421088493315
23.3426048565122,0,57.7995911762201
25.4794701986755,0,68.1053572949493
27.8260485651214,0,79.4225364108678
20.6759381898455,0,44.9386764330126
17.1726269315673,0,28.0427561536496
18.8636159712876,1,4.05721858151649
22.7106325706595,1,19.6235046381179
34.7384477344101,1,68.2919745130431
38.1525347689547,1,82.1064861037994
38.2198295199641,1,82.3787826528945
31.6159712875729,1,55.6574146350319
24.4647824136384,1,26.7213680178627
23.7178106774338,1,23.6988763229073
19.6150740242261,1,7.09786337974483
12.0467991169978,0,3.32169321182183
20.1682119205298,0,42.4899923345541
24.1880794701987,0,61.8771825227834
31.4640176600441,0,96.9678902989524
32.512582781457,0,102.024955284899
31.8282560706402,0,98.7245549782812
23.0048565121413,0,56.1706839281152
17.3801324503311,0,29.0435226982369
11.755408388521,0,1.91636146835882
24.6689098250337,1,27.5473342167844
38.1547779273217,1,82.115562655436
47.1745177209511,1,200
44.1978465679677,1,106.567792764173
34.2875729026469,1,66.4675876341061
23.585464333782,1,23.1633597763538
20.9901301031853,1,12.6617895329206
12.3602649006622,0,4.83348948130482
14.7487858719647,0,16.3529511966613
22.1483443708609,0,52.0398603185419
23.2807947019868,0,57.5014905033643
29.4022075055188,0,87.0241035686909
31.1064017660044,0,95.2431649774295
32.3933774834437,0,101.450046844392
25.7068432671082,0,69.2019419129546
19.4949227373069,0,39.2428242909463
18.9152086137281,1,4.26597926915612
23.8905338716913,1,24.397770798918
35.9878869448183,1,73.3476137745747
42.8093315388067,1,100.949407301178
43.0336473755047,1,101.857062464828
33.4262000897264,1,62.9821918056893
25.7770300583221,1,32.0311507252164
23.1054284432481,1,21.2209777261423
18.5204127411395,1,2.66850618113165
16.9783664459161,0,27.1058683246742
25.1417218543046,0,66.4764500468443
25.5302428256071,0,68.3502257047952
28.1637969094923,0,81.0514436589729
27.680353200883,0,78.7198705391363
29.6980132450331,0,88.450728217358
20.8061810154525,0,45.5668171365301
15.3580573951435,0,19.2913721148114
24.2561686855092,1,25.877248715668
31.0484522207268,1,53.3610470709967
38.3544190219829,1,82.9233757510846
42.3943472409152,1,99.2702452484252
37.9035441902198,1,81.0989888721477
29.1507402422611,1,45.6822843865159
20.8577837595334,1,12.126272986367
19.866307761328,1,8.11443716303305
11.7532008830022,0,1.90571501575675
18.1951547779273,1,1.35240619383883
13.5677704194261,0,10.657099054595
11.4949227373068,0,0.660080061323542
16.9827814569536,0,27.1271612298782
21.4640176600441,0,48.739460011924
26.0423841059603,0,70.8202027084576
22.483885209713,0,53.6581211140448
19.4728476821192,0,39.1363597649263
19.4662251655629,0,39.1044204071204
21.0666666666667,0,46.8230985435653
22.6494481236203,0,54.4566050591944
19.3234634365186,1,5.91791166699955
26.7617765814266,1,36.0157568936409
35.8802153432032,1,72.9119392960227
32.4840735755944,1,59.1700401183582
32.3113503813369,1,58.4711456423475
29.4647824136384,1,46.9530016156262
25.4742036787797,1,30.8058162542886
22.2171377299237,1,17.6266632780874
11.5192052980132,0,0.777191039945476
19.6375056078959,1,7.1886288961098
18.0560789591745,1,0.78965999237571
18.930910722297,1,4.32951513061156
14.4154525386314,0,14.7453368537604
13.5655629139073,0,10.646452601993
19.1880794701987,0,37.7629673792693
21.6516556291391,0,49.6444084830935
24.8613686534216,0,65.1243505663912
21.7907284768212,0,50.315134997019
19.5037527593819,0,39.2854101013543
18.5788079470199,0,34.8245464611191
20.6715231788079,0,44.9173835278085
19.1417218543046,0,37.5393918746274
20.209510991476,1,9.50314956341781
27.0242261103634,1,37.0777134351117
32.9663526244953,1,61.1214987202062
30.2476446837147,1,50.1207181367655
32.7891431135038,1,60.4044511409226
29.2539255271422,1,46.0998057617949
24.8752803947959,1,28.3823769673426
19.6778824585016,1,7.35200682556679
11.9011037527594,0,2.61902734009023
18.6191117092867,1,3.06787445313779
17.9080305069538,1,0.190607584366506
18.5271422162405,1,2.69573583604118
15.4309050772627,0,19.6427050506771
14.5898454746137,0,15.5864066093179
20.7730684326711,0,45.4071203475001
22.923178807947,0,55.7767651818415
27.5280353200883,0,77.9852653095988
23.5412803532009,0,58.7577719103994
21.726710816777,0,50.0063878715612
18.9562913907285,0,36.6450898560599
18.157174392936,0,32.7910740141385
20.21399730821,1,9.52130266669085
30.8959174517721,1,52.7438415597146
35.6917900403768,1,72.1495089585564
35.209510991476,1,70.1980503567085
28.1233737101839,1,41.5252237369978
28.5921938088829,1,43.4222230290269
23.9825033647375,1,24.7699094160147
22.8384925975774,1,20.1408680813985
18.8815612382234,1,4.12983099460858
19.0228802153432,1,4.7016537477081
17.9461641991925,1,0.344908962187088
12.8437086092715,0,7.16506260114124
15.8988962472406,0,21.8997530022997
20.1880794701987,0,42.585810407972
19.9629139072848,0,41.4998722425689
24.1615894039735,0,61.7494250915595
25.0335540838852,0,65.9547738693467
27.9960264900662,0,80.2423132612214
21.1792494481236,0,47.3660676262669
19.3602649006622,0,38.5933906822247
14.5699779249448,0,15.4905885358999
12.2874172185431,0,4.48215654543911
27.3315388066397,1,38.3212010093126
35.9901301031853,1,73.3566903262113
37.7868999551368,1,80.6270081870496
33.4329295648273,1,63.0094214605987
25.9205921938089,1,32.6120500299526
26.2009869896815,1,33.7466189845154
21.1269627635711,1,13.2154591827473
20.445042620009,1,10.4561874852506
12.1086092715232,0,3.61979388467761
19.393001345895,1,6.19928476773103
18.2400179452669,1,1.53393722656885
14.1704194260486,0,13.5635806149391
17.7002207505519,0,30.5872583255259
18.1064017660044,0,32.5462056042926
16.0710816777042,0,22.7301763052551
16.119646799117,0,22.9643982624989
18.1637969094923,0,32.8230133719445
18.2476821192053,0,33.2275785708202
14.9739514348786,0,17.4388893620646
15.8437086092715,0,21.6335916872498
14.8238410596026,0,16.714930585129
13.5236203090508,0,10.4441700025551
24.0946612830866,1,25.2237369978398
26.135935397039,1,33.4833989870568
27.4033198743831,1,38.6116506616806
23.4060116644235,1,22.4372356454336
22.9282189322566,1,20.5039301468585
23.4015253476895,1,22.4190825421606
22.300134589502,1,17.962495688638
21.0013458950202,1,12.7071722911032
17.9775684163302,1,0.471980685098066
19.630776132795,1,7.16139924120028
12.2675496688742,0,4.38633847202111
16.3823399558499,0,24.2313261221362
22.6251655629139,0,54.3394940805722
21.8282560706402,0,50.4961246912529
22.1549668874172,0,52.0717996763478
21.7841059602649,0,50.2831956392131
24.7465783664459,0,64.5707350310876
21.5324503311258,0,49.0695000425859
14.5743929359823,0,15.5118814411038
22.7083894122925,1,19.6144280864814
27.6231493943472,1,39.5011527220578
29.2696276357111,1,46.1633416232505
31.9748766262898,1,57.1096628968722
28.7245401525348,1,43.9577395755804
27.3898609241813,1,38.5571913518616
22.4773441004935,1,18.6795432679217
20.6514131897712,1,11.2912302358089
21.1090174966353,1,13.1428467696553
19.97622252131,1,8.5591881932216
19.3167339614177,1,5.89068201208994
11.9651214128035,0,2.92777446554806
19.0767160161508,1,4.91949098698429
14.3977924944812,0,14.6601652329444
16.7002207505519,0,25.7644152968231
20.8282560706402,0,45.6732816625501
16.6317880794702,0,25.4343752661613
16.7421633554084,0,25.966697896261
16.7841059602649,0,26.1689804956987
19.5743929359824,0,39.6260965846181
18.3183222958057,0,33.5682650540839
13.1439293598234,0,8.61298015501232
19.3032750112158,1,5.83622270227097
23.2041274113952,1,21.6203459981484
22.7824136384029,1,19.9139542904859
28.3028263795424,1,42.2513478679181
26.7303723642889,1,35.88868517073
26.5531628532974,1,35.1716375914462
22.656796769852,1,19.4056673988419
20.5908479138627,1,11.0461633416231
21.3871691341409,1,14.2683391725816
19.0520412741139,1,4.81964891898267
19.5971287572903,1,7.02525096665282
13.2366445916115,0,9.06013116429612
17.9349484073576,1,0.299526204004602
15.5920529801324,0,20.4198960906226
16.9761589403974,0,27.0952218720722
21.4883002207505,0,48.8565709905459
16.5942604856512,0,25.2533855719274
15.7465783664459,0,21.1651477727622
15.1174392935982,0,18.1309087811941
18.8834437086093,0,36.2937569201942
17.7907284768212,0,31.0237628822076
19.9448183041723,1,8.43211647031054
26.1000448631673,1,33.3381741608728
30.4854194706146,1,51.0828326102347
25.8106774338268,1,32.167298999764
27.5468820098699,1,39.1925499664167
23.2579632122028,1,21.8381832374244
22.1341408703454,1,17.2908308675368
11.6494481236203,0,1.40533174346302
11.4618101545254,0,0.500383272293735
18.6460296096904,1,3.1767930727758
13.2918322295806,0,9.3262924793459
16.2145695364238,0,23.4221957243846
19.9187637969095,0,41.286943190529
17.0490066225165,0,27.446554807938
18.3845474613687,0,33.8876586321438
20.3426048565121,0,43.3310620901116
24.2675496688742,0,62.2604548164551
19.0710816777042,0,37.1987053913636
19.4551876379691,0,39.0511881441103
16.7907284768212,0,26.2009198535048
16.521412803532,0,24.9020526360617
21.7303723642889,1,15.6570515729664
29.6868550919695,1,47.8515802276399
33.8838043965904,1,64.8338083395357
30.7703005832212,1,52.2355546680705
27.2395693135935,1,37.9490623922159
26.606998654105,1,35.3894748307223
23.7514580529385,1,23.8350245974549
21.95244504262,1,16.5556301849802
18.0336473755047,1,0.698894476010657
20.0681920143562,1,8.93132681031821
11.9894039735099,0,3.04488544417
14.9805739514349,0,17.4708287198706
19.4728476821192,0,39.1363597649263
16.0909492273731,0,22.825994378673
17.0600441501104,0,27.499787070948
16.9408388520971,0,26.9248786304404
22.1064017660044,0,51.837577719104
18.7377483443709,0,35.5910910484626
16.9474613686534,0,26.9568179882463
16.5854304635762,0,25.2107997615195
19.8988962472406,0,41.191125117111
18.885651214128,0,36.3044033727962
18.1884253028264,1,1.32517653892939
24.9964109466128,1,28.8725107557136
29.4356213548677,1,46.8350064443517
28.8254822790489,1,44.3661843992231
31.4993270524899,1,55.1854339499337
27.6455809780171,1,39.5919182384229
25.7680574248542,1,31.9948445186705
20.7545984746523,1,11.7087516110879
21.6384028712427,1,15.2849129558698
19.6733961417676,1,7.33385372229382
19.5186182144459,1,6.70757165937518
11.4883002207506,0,0.628140703517637
11.4088300220751,0,0.244868409845836
12.8834437086092,0,7.35669874797705
17.0843267108168,0,27.61689804957
20.4949227373068,0,44.0656673196491
21.7112582781457,0,49.9318627033472
17.8415011037528,0,31.2686312920535
18.7002207505519,0,35.4101013542287
20.6008830022075,0,44.5766970445448
23.4,0,58.076398943872
16.4794701986755,0,24.6997700366237
14.5810154525386,0,15.5438207989098
19.8326603858232,1,7.97828888848543
21.9659039928219,1,16.6100894947991
27.4952893674293,1,38.9837892787772
32.4751009421265,1,59.1337339118123
29.2494392104083,1,46.081652658522
26.6585912965456,1,35.5982355183619
21.5733512786003,1,15.0216929584112
24.626289816061,1,27.3748797356908
21.8313144908031,1,16.065496396609
23.0672947510094,1,21.0666763483217
17.9170031404217,1,0.226913790912592
20.554957379991,1,10.9009385154392
17.9371915657245,1,0.308602755641083
13.5280353200883,0,10.4654629077591
17.9717439293598,0,31.8967719955711
17.4331125827815,0,29.2990375606848
15.9651214128035,0,22.2191465803595
15.6759381898455,0,20.8244612894983
16.680353200883,0,25.6685972234051
16.830463576159,0,26.3925560003407
11.5721854304636,0,1.03270590239328
13.4993377483444,0,10.3270590239333
15.1262693156733,0,18.1734945916021
19.3845474613686,0,38.7105016608466
12.1130242825607,0,3.64108678988164
22.5020188425303,1,18.7793853359232
27.3427545984747,1,38.366583767495
26.3557649170031,1,34.3729010474341
23.3768506056528,1,22.319240474159
23.0403768506057,1,20.9577577286837
20.6065500224316,1,11.1096992030788
20.4742036787797,1,10.5741826565252
18.7178106774338,1,3.46724272514384
22.5109914759982,1,18.8156915424692
19.8169582772544,1,7.91475302702999
12.7156732891832,0,6.54756835022576
17.8304635761589,0,31.2153990290435
15.7885209713024,0,21.3674303722
15.5501103752759,0,20.2176134911847
13.6030905077263,0,10.8274422962268
17.5810154525386,0,30.0123498850183
20.3381898454746,0,43.3097691849076
21.5655629139073,0,49.2291968316157
23.3028697571744,0,57.6079550293842
22.3006622516556,0,52.7744655480794
21.7576158940397,0,50.1554382079891
14.1969094922737,0,13.691338046163
20.6850605652759,1,11.4273785103563
29.2718707940781,1,46.172418174887
32.1049798115747,1,57.6361028917893
36.5105428443248,1,75.4624503058798
33.6796769851951,1,64.0078421406139
31.6137281292059,1,55.6483380833954
24.5612382234186,1,27.1116597382322
22.9125168236878,1,20.4403942854032
21.1516375056079,1,13.3153012507487
18.5428443248093,1,2.75927169749671
13.8547461368653,0,12.041137892854
20.5456953642384,0,44.3105357294949
22.9894039735099,0,56.0961587599012
29.7995584988962,0,88.9404650370496
31.7686534216335,0,98.4371007580274
32.1836644591612,0,100.438633847202
22.1880794701987,0,52.2314964653777
18.8657836644592,0,36.2085852993783
13.9695364238411,0,12.5947534281577
18.585464333782,1,2.93172617859025
30.0861372812921,1,49.4672064189373
38.7918349035442,1,84.6933033202026
41.133692238672,1,94.1692232287109
34.0228802153432,1,65.3965545409989
30.6917900403768,1,51.9178753607928
27.3629430237775,1,38.4482727322236
22.9259757738896,1,20.4948535952221
19.6980708838044,1,7.43369579029536
14.3955849889625,0,14.6495187803424
15.8459161147903,0,21.6442381398519
23.5832229580574,0,58.9600545098372
29.7818984547461,0,88.8552934162337
34.2918322295806,0,110.605996082106
27.0865342163355,0,75.8559747892002
23.1969094922737,0,57.0969253044885
18.3271523178808,0,33.610850864492
16.5059602649007,0,24.8275274678477
22.7330641543293,1,19.7142701544829
36.9860924181247,1,77.3866792528183
42.7420367877972,1,100.677110752083
42.531179901301,1,99.8239148982519
33.4396590399282,1,63.0366511155082
30.6917900403769,1,51.9178753607929
23.9578286227008,1,24.6700673480131
21.0439659039928,1,12.8796267721968
13.3492273730684,0,9.60310024699773
12.7421633554084,0,6.67532578144957
18.7443708609271,0,35.6230304062686
25.1152317880795,0,66.3486926156205
34.1417218543046,0,109.88203730517
33.3205298013245,0,105.921556937229
25.5633554083885,0,68.509922493825
23.0467991169978,0,56.3729665275531
19.0644591611479,0,37.1667660335576
14.8724061810154,0,16.9491525423728
29.4692687303724,1,46.9711547188992
39.278600269179,1,86.6629150253235
44.397487662629,1,107.375605859822
37.5154777927322,1,79.5287454390328
33.4755495737999,1,63.1818759416923
26.6720502467474,1,35.6526948281809
21.4342754598475,1,14.4589467569481
12.5743929359823,0,5.86619538369819
18.3381898454746,0,33.6640831275019
20.9849889624724,0,46.4291797972915
27.5434878587196,0,78.0597904778128
29.3359823399559,0,86.7047099906311
29.7200883002208,0,88.557192743378
21.4662251655629,0,48.750106464526
19.157174392936,0,37.6139170428413
15.5655629139073,0,20.2921386593987
18.035761589404,0,32.2055191210289
20.5796321220278,1,11.0007805834407
30.1332436069986,1,49.6578140033038
39.4872139973082,1,87.5070343275183
41.8963660834455,1,97.2552507851217
34.8012561686855,1,68.5461179588651
31.3109017496635,1,54.4230036124675
23.121130551817,1,21.2845135875978
19.4109466128309,1,6.27189718082312
14.5699779249448,0,15.4905885358999
17.9871964679912,0,31.971297163785
26.9187637969095,0,75.0468443914488
33.1306843267108,0,105.005962013457
35.9805739514349,0,118.75053232263
27.0291390728477,0,75.5791670215484
22.0975717439293,0,51.794991908696
16.6582781456954,0,25.5621326973852
12.8569536423841,0,7.22894131675324
29.3840287124271,1,46.6262457567121
40.1938088829071,1,90.3661480930165
46.4230596680126,1,200
40.4069089277703,1,91.2284204984842
30.7231942575146,1,52.044947083704
24.97622252131,1,28.7908217909852
19.5186182144459,1,6.70757165937518
18.5921938088829,1,2.95895583349969
16.3779249448124,0,24.2100332169322
18.8370860927152,0,36.0701814155522
27.0225165562914,0,75.5472276637424
30.7885209713024,0,93.7100758027426
32.2763796909492,0,100.885784856486
25.2520971302428,0,67.008772676944
16.671523178808,0,25.6260114129972
24.0161507402423,1,24.9060576905622
32.8900852400179,1,60.8128959645651
40.7792732166891,1,92.7351280701436
40.909376401974,1,93.2615680650607
32.9080305069538,1,60.8855083776572
22.3584567070435,1,18.198486031187
12.3337748344371,0,4.70573205008091
19.04755495738,1,4.80149581570963
12.9518763796909,0,7.68673877863892
18.5898454746137,0,34.8777787241291
26.6207505518764,0,73.6095732901798
25.4198675496689,0,67.8179030746955
25.7730684326711,0,69.5213354910145
23.278587196468,0,57.4908440507623
26.5015452538631,0,73.0346648496721
21.2520971302428,0,47.7174005621327
24.3293598233996,0,62.558555489311
30.8105960264901,0,93.8165403287624
34.7973509933775,0,113.044033727962
19.9916114790287,0,41.6382761263947
29.516375056079,1,47.1617623032658
42.5154777927322,1,99.7603790367963
38.8882907133244,1,85.0835950405722
34.2045760430686,1,66.1317552235554
36.4387617765814,1,75.1720006535118
34.5903992821893,1,67.6929221050339
34.2987886944818,1,66.5129703922885
26.5329744279946,1,35.0899486267178
24.6689098250337,1,27.5473342167844
21.371467025572,1,14.204803311126
19.7833109017497,1,7.77860475248245
11.9011037527594,0,2.61902734009032
18.6415432929565,1,3.15863996950284
20.2700762673845,1,9.74821645760344
20.2364288918798,1,9.6120681830559
13.512582781457,0,10.3909377395452
19.6141280353201,0,39.8177327314539
22.5412803532009,0,53.9349288816967
25.1549668874172,0,66.5403287624564
26.680353200883,0,73.8970275104335
27.4044150110375,0,77.3890639638872
20.1792494481236,0,42.5432245975641
13.9827814569536,0,12.6586321437697
25.3844773441005,1,30.4427541888286
30.0547330641543,1,49.3401346960263
37.7442799461642,1,80.454553705956
38.7110812023329,1,84.3665474612884
32.5558546433378,1,59.4604897707264
25.9228353521759,1,32.6211265815891
18.5248990578735,1,2.68665928440462
20.5392552714222,1,10.8374026539838
18.4127411395244,1,2.23283170257951
20.2184836249439,1,9.53945576996389
12.9584988962472,0,7.71867813644491
19.2673844773441,1,5.69099787608687
12.5920529801324,0,5.95136700451403
15.7245033112583,0,21.0586832467422
22.4419426048565,0,53.455838514607
24.960706401766,0,65.603440933481
20.5854304635761,0,44.5021718763307
20.5037527593819,0,44.1082531300572
19.5280353200883,0,39.4025210799761
22.9496688741722,0,55.9045226130653
14.8966887417218,0,17.0662635209947
21.4163301929116,1,14.3863343438561
29.4984297891431,1,47.0891498901737
30.9362943023778,1,52.9072194891717
30.1624046657694,1,49.7758091745783
30.8914311350381,1,52.7256884564416
26.0417227456259,1,33.1021838183238
24.1529834006281,1,25.4597273403888
19.5993719156572,1,7.03432751828922
22.6680125616869,1,19.4510501570244
20.2992373261552,1,9.86621162887786
19.2606550022432,1,5.66376822117743
12.2145695364238,0,4.13082360957331
12.9143487858719,0,7.50574908440498
19.2270076267384,1,5.52761994662981
13.0004415011037,0,7.92096073588278
14.0843267108168,0,13.1483689634614
18.8105960264901,0,35.9424239843284
15.7002207505519,0,20.9415722681203
16.2719646799117,0,23.6990034920364
16.3845474613687,0,24.2419725747381
22.3293598233996,0,52.9128694319053
21.9209713024282,0,50.9432757005365
19.5147902869757,0,39.3386423643642
16.8657836644591,0,26.5628992419725
13.5567328918322,0,10.6038667915851
20.0390309555855,1,8.81333163904371
29.4042171377299,1,46.7079347214406
30.6648721399731,1,51.8089567411549
30.8622700762674,1,52.6076932851671
26.9344997756842,1,36.7146513696516
24.6599371915657,1,27.5110280102384
24.3458950201884,1,26.240310781128
21.0148048452221,1,12.7616316009222
19.2898160610139,1,5.78176339245193
12.5655629139073,0,5.82360957329013
19.1395244504262,1,5.17363443280624
15.00706401766,0,17.5985861510945
18.2211920529801,0,33.0998211395962
22.2013245033113,0,52.2953751809897
18.1637969094923,0,32.8230133719445
17.2940397350993,0,28.6283110467592
17.0799116997793,0,27.595605144366
19.5346578366446,0,39.434460437782
17.9717439293598,0,31.8967719955712
12.5942604856512,0,5.96201345711609
20.902646926873,1,12.3078040190971
24.7541498429789,1,27.8922431789714
22.7016599371916,1,19.5871984315719
27.6074472857784,1,39.4376168606023
25.4809331538807,1,30.8330459091982
25.6177658142665,1,31.3867155590249
21.2951996410946,1,13.8962005554849
20.21399730821,1,9.52130266669085
21.5195154777927,1,14.8038557191352
19.0296096904442,1,4.7288834026177
19.0834454912517,1,4.94672064189373
13.642825607064,0,11.0190784430628
18.9578286227008,1,4.43843375024966
13.6759381898455,0,11.1787752320926
14.0997792494481,0,13.2228941316753
18.0335540838852,0,32.1948726684269
14.6604856512141,0,15.9270930925815
13.3933774834437,0,9.81602929903757
12.7509933774835,0,6.71791159185763
15.241059602649,0,18.7271101269058
15.6869757174393,0,20.8776935525083
11.8304635761589,0,2.27834085682649
12.0953642384106,0,3.5559151690657
19.390758187528,1,6.19020821609455
11.4220750551876,0,0.30874712545774
23.8995065051593,1,24.4340770054641
24.1395244504262,1,25.4052680305698
23.6796769851952,1,23.5445749450869
20.4203678779722,1,10.356345417249
19.2180349932705,1,5.49131374008389
20.5392552714222,1,10.8374026539837
18.9152086137281,1,4.26597926915612
13.4044150110375,0,9.8692615620476
19.8657836644592,0,41.0314283280811
20.7421633554084,0,45.2580700110723
23.960706401766,0,60.7805979047781
23.9894039735099,0,60.9190017886041
27.2233995584989,0,76.5160548505238
22.2520971302428,0,52.5402435908355
16.3757174392936,0,24.1993867643301
21.6989681471512,1,15.5299798500554
28.4127411395244,1,42.6960988981066
30.907133243607,1,52.7892243178971
35.1915657245402,1,70.1254379436165
31.0776132794975,1,53.4790422422713
26.6294302377748,1,35.4802403470874
20.8600269179004,1,12.1353495380035
20.6267384477344,1,11.1913881678073
21.6339165545087,1,15.2667598525968
20.0031404217138,1,8.66810681285969
