38.2039966817039,1,34.1109607596293
28.6300378497269,1,13.2672055486905
45.3844658056867,1,200
23.8430584337384,1,2.84532794322109
47.777955513681,1,200
31.0235275577212,1,18.4781443514252
45.3984516730047,0,200
28.7459068688612,1,13.5194674931747
54.8039399734428,1,200
63.0669742439521,1,200
81.7129223952812,1,200
85.9476858273454,1,200
80.7537309926592,1,200
69.3300278294806,1,200
69.0968910302298,1,200
59.8879874599138,1,200
51.9608688815368,0,200
57.6580917814828,0,200
59.0619919803214,0,200
83.3200814626091,0,200
97.1631904000094,0,200
77.0041630099181,0,200
66.7165129481847,0,200
56.8663573670195,0,200
57.6825784128569,0,200
37.3586743715066,0,39.7826150256332
28.4744690240218,1,12.928511955125
32.247498182473,0,11.9481194624467
31.4867801677527,0,7.80539351787846
38.9813218106314,0,48.6192450447355
36.4494128211742,1,30.2910031926723
36.4330797055272,0,34.7420021274143
44.9650382976649,0,81.205429486402
43.9223975337123,0,75.5274057507884
38.0287918501391,0,43.4319476441862
34.2002254125343,0,22.5823013828179
64.6822792101742,1,200
70.6522465337889,1,200
64.3858624225584,1,200
74.6505426409014,1,200
66.06611264,1,200
56.5741143848803,1,200
33.2271292029871,1,23.2756721121394
70.0483272572923,0,200
89.9282070497065,0,200
84.9525235542827,0,200
70.5478545373454,0,200
56.2852079823832,0,200
49.6339859240638,0,200
54.6093429310699,0,200
37.0680996791886,0,38.2002003944469
56.5701177540357,1,200
78.2814817629129,1,200
64.2976034914141,1,200
71.8112694786249,1,200
71.3882927142731,1,200
51.5117153154834,1,200
31.162203266788,1,18.7800594300484
79.190002970671,0,200
85.8454693784298,0,200
83.4718985771337,0,200
63.6409920474695,0,200
55.1522931707611,0,200
44.8220363704341,0,80.4266681285809
50.9538153551828,0,200
31.9650857006136,0,10.4101546804516
58.5624382298997,1,200
59.9829074424641,1,200
54.8522325961441,1,200
59.5882401465933,1,200
63.5915320422623,1,200
35.5433987655654,0,29.8969685656384
84.418714990305,0,200
74.609370461432,0,200
58.2131220926509,0,200
61.4627102936016,0,200
48.4794739035688,0,200
42.6902302429162,0,68.8172565169674
35.4319372187393,1,28.0758262985102
47.9314001841656,1,200
61.5399282088741,1,200
57.5466278903166,1,200
55.5766219366663,1,200
42.6608432582966,1,43.8140961799457
59.7721042902004,0,200
68.943163961229,0,200
75.3341747501354,0,200
54.9098755201474,0,200
44.60916592168,0,79.2674160616902
35.7882650793156,0,31.2304640413522
45.5208848298801,0,200
35.9531417305746,0,32.1283509950027
48.4226527254392,1,200
60.0310335388803,1,200
46.4594743494813,1,200
52.0112941710153,1,200
49.5233914704627,1,200
54.1010004637224,0,200
72.069290566786,0,200
55.5399981675338,0,200
47.0717048169711,0,200
47.8773149892126,0,200
41.1443075821002,0,60.3984550802573
34.4104839539423,0,23.7273294979709
39.0022607729459,1,35.8488856456186
43.2838180911455,1,45.1703935221809
54.0460788495996,1,200
53.7598201653796,1,200
59.3684254501589,1,200
35.3066946622715,0,28.6079229391032
68.2575382827257,0,200
63.0800849447701,0,200
48.3623135346492,0,200
50.7251102181391,0,200
43.5146134992119,0,73.3066912852227
37.4664155495572,0,40.3693530349505
30.8387006573578,0,4.2760754921405
30.9340622560941,1,18.2833667385573
58.5066519243652,1,200
54.4467410917367,1,200
54.8838725903279,1,200
51.8764078800213,1,200
33.3103923455776,1,23.4569468170664
62.2664758062792,0,200
72.6700292565223,0,200
56.9479794716032,0,200
46.947639218004,0,200
39.4971735116004,0,51.4284755135839
45.0474766232945,0,200
39.5216601429757,0,51.5618250611567
32.900475019143,0,15.5041073976994
40.3860942027712,1,38.8616712414426
51.0437764541338,1,200
54.8214252333863,1,200
54.4650589831063,1,200
59.9229579798001,1,200
41.8115592038908,1,41.9650941897282
39.3877998914582,0,50.8328475344291
69.0688620022879,0,200
64.5339378716154,0,200
58.3510634493977,0,200
45.0923687808156,0,200
40.7051806594397,0,58.0070531938003
39.9101813607942,0,53.6776378826314
40.057101149045,0,54.4777351680637
26.0281978947638,1,7.60266112448047
40.8124014928258,1,39.7897977306497
45.1217687006501,1,200
51.267254728842,1,200
51.3302016646391,1,200
40.6375488933894,1,39.4091208503111
63.0516804523749,0,200
60.9529639260551,0,200
49.2324541427747,0,200
39.3665781442665,0,50.717277926534
44.3161425662241,0,77.6716664757443
40.4456223668637,0,56.593547989539
27.3087850277791,1,10.3906660861999
51.1370311738332,1,200
44.3309004018222,1,47.4500280759197
48.9657299119229,1,200
46.6424867368916,1,200
44.2195292875582,1,47.2075586561083
65.640733609771,0,200
65.8902850323254,0,200
49.8405388219233,0,200
41.6960730090863,0,63.4032648855459
45.5061928510551,0,200
36.5065395996525,0,35.1420507701298
35.3083271043632,0,28.6168129089416
31.904910498679,1,20.3970297979619
53.6698959713837,1,200
61.503292426135,1,200
57.7830952152688,1,200
58.1311351512899,1,200
73.2067597484124,1,200
61.1319388101901,1,200
61.9529133961129,1,200
37.4735494750168,1,32.5206820632296
23.7018256908329,1,2.53784586892408
88.0541635284655,0,200
84.1118158770692,0,200
79.456091031614,0,200
63.2557357138341,0,200
54.6490112738977,0,200
42.9600729206701,0,70.2867685312105
45.9094060476987,0,200
43.3319441875617,1,45.2751703016263
65.671445344129,1,200
69.5931393600598,1,200
57.7797646895654,1,200
57.0603711375972,1,200
57.8530362550455,1,200
32.1946662348875,1,21.0278657710939
77.9705687281907,0,200
80.6085951483365,0,200
71.3265294150739,0,200
68.6264701954439,0,200
53.1011296825718,0,200
43.4612326428142,0,73.0159892715162
56.0309056426307,1,200
61.919608139079,1,200
62.5174375028662,1,200
65.5565422073564,1,200
68.9953099962728,1,200
50.7956522892197,1,200
45.4002006494662,1,200
34.8202269189536,0,25.9587119273467
81.5407195826818,0,200
96.5265379842564,0,200
70.573973610812,0,200
61.8812194726441,0,200
56.0498098327637,0,200
52.2749507399751,0,200
24.3887466171908,1,4.03336218454174
62.0390074855512,1,200
65.76636532668,1,200
62.0228544358889,1,200
64.3209171713389,1,200
69.1601710185977,1,200
48.8972526381953,1,200
46.4432146116753,0,200
85.2022871943095,0,200
80.0617270476253,0,200
79.5377131361978,0,200
58.3763663018186,0,200
48.6429303302081,0,200
47.4752445020331,0,200
37.2612175786337,0,39.2518838262976
53.5621534648739,1,200
66.0989183181795,1,200
57.7148194383461,1,200
55.6898598105871,1,200
58.4641877216445,1,200
39.302912902691,0,50.3705691028455
92.4176812395113,0,200
74.6697708188238,0,200
55.7040585977471,0,200
46.494473293355,0,200
52.4172996903691,0,200
38.3642586999784,0,45.2588364459227
35.6917182236163,1,28.6414033778707
48.5625348049885,1,200
61.3301050895505,1,200
64.1993529831594,1,200
65.2701169968509,1,200
37.5884526117884,1,32.7708411560218
65.3779104330113,0,200
73.0863019898993,0,200
59.3280800412649,0,200
62.6453656157572,0,200
50.41315053442,0,200
39.8693703085023,0,53.455388636678
31.9405990692384,0,10.2768051328793
39.133138925157,0,49.4460122396808
47.0411506636063,1,200
59.3227972480203,1,200
56.299346014337,1,200
53.7914601595632,1,200
50.0596061087343,1,200
38.1389816913271,0,44.0320206082594
79.9654129642166,0,200
68.1204131470249,0,200
50.5355347180328,0,200
41.6438838354155,0,63.1190525498211
46.2197332893261,0,200
35.7392918165655,0,30.9637649462089
48.864113907445,1,200
64.7886895064028,1,200
51.2935658819,1,200
56.6323985846919,1,200
54.2127716610625,1,200
41.7499435981117,0,63.6966338902046
73.6005212487769,0,200
66.9205682096441,0,200
55.4386235136405,0,200
52.5454463945657,0,200
44.0312814212271,0,76.1203667389921
36.4412419159855,0,34.7864519766042
36.0314318453787,1,29.3810041739578
49.4367978021704,1,200
58.3259709049476,1,200
58.5907476983798,1,200
63.854643572842,1,200
43.4768220556664,1,45.5905882881931
50.0509116342776,0,200
76.4246460673742,0,200
60.2651018018862,0,200
60.8753086557541,0,200
48.2857520005497,0,200
42.0217452063754,0,65.1768138682528
37.1268675944887,0,38.5202393086185
35.641345291065,0,30.4303667559211
50.8697564861233,1,200
58.7947423977224,1,200
54.8006094477391,1,200
55.7464787475474,1,200
50.5258797072317,1,200
27.8000375690527,1,11.4601868452466
80.9008022827461,0,200
69.8279475749165,0,200
55.4601717492508,0,200
43.4215642999866,0,72.7999630044504
47.3221214338341,0,200
43.1734331020519,0,71.4486875890534
36.7941222314916,1,31.0414804710543
56.9970911492307,1,200
48.3310632685917,1,200
53.0687360818925,1,200
53.5433359946486,1,200
34.8457646949145,1,26.7996523758509
77.825281382031,0,200
65.1477360980852,0,200
51.2548376768876,0,200
47.8982102479861,0,200
44.6282654941525,0,79.3714287087961
36.1180183818339,0,33.0262379486545
23.5552825598772,1,2.21880238826028
32.8740934784124,1,22.5070673632686
52.0422680600584,1,200
57.3074961448018,1,200
64.3125908570799,1,200
51.1470227509437,1,200
32.2412935947379,1,21.1293796058524
65.4415756745868,0,200
72.2929351333454,0,200
68.0485856949911,0,200
53.7500254140124,0,200
41.281432717801,0,61.1452125466612
30.7799327420575,0,3.95603657796755
42.4812776551818,0,67.6793403776865
51.619124769422,1,200
58.4850035072923,1,200
59.2968191475326,1,200
59.9629242882427,1,200
77.6413547226905,1,200
77.5880663114325,1,200
70.5789749683126,1,200
62.1194396812925,1,200
36.3911286213619,1,30.1641108992256
68.2852897982848,0,200
105.668213697635,0,200
92.3882972818613,0,200
70.2507500766603,0,200
54.9498703513932,0,200
64.9404159524425,0,200
51.2349218833693,0,200
24.2848342152401,1,3.80713135279775
86.3310293358248,1,200
66.6189799067891,1,200
67.2268008476869,1,200
68.2276238216053,1,200
70.5789749683102,1,200
47.4151687001149,1,200
49.4467893792819,1,200
22.5860995801436,1,0.108764822953203
80.8224450623463,0,200
107.34962905206,0,200
84.9525235542827,0,200
66.7214102744596,0,200
69.1863978328883,0,200
54.5357197927356,0,200
36.450546835908,0,34.8371248046817
35.9365118628274,1,29.1743510103453
35.3752572301218,0,28.9813016723046
29.0972773305857,1,14.2844467479505
46.4423983906305,0,200
25.6428560708628,1,6.76372179009556
30.9410547765059,0,4.83347660099156
35.1294114511157,0,27.6424722146827
45.8269677220692,0,200
47.1165969744923,0,200
42.9873347036011,0,70.4352310275076
53.4276002264505,1,200
63.8554762042676,1,200
60.1294505734203,1,200
65.041975986158,1,200
64.5523887077358,1,200
64.0911108977927,1,200
28.5810458465366,1,13.1605435774293
54.850291383801,0,200
83.8457278161274,0,200
82.523449721871,0,200
65.1101899299768,0,200
51.9244654228925,0,200
42.8000935956858,0,69.4155514870729
50.0101005819857,0,200
30.6297480696237,0,3.13815935286093
61.3938846567736,1,200
75.3044913627939,1,200
53.904698033484,1,200
68.8154616082808,1,200
75.1634435992494,1,200
60.7539241428363,1,200
24.8841623155935,1,5.11194667883413
66.5875500229423,0,200
87.7178804575805,0,200
82.9952254863646,0,200
70.4009347490945,0,200
56.1676721517827,0,200
45.4588520303965,0,200
52.7656628327325,0,200
24.8242128529301,1,4.98142889129042
53.6062829304457,1,200
67.9465274522245,1,200
49.5533662017949,1,200
48.2244864460778,1,200
55.180289377944,1,200
38.8948023797726,0,48.1480766433148
81.3121776898482,0,200
63.6295649528278,0,200
59.4080697037569,0,200
54.5900801143881,0,200
46.6348633132391,0,200
38.4067021943618,0,45.4899756617132
23.1589500011546,1,1.35593479282558
48.2193241312374,1,200
56.1046767869646,1,200
55.5299945768167,1,200
59.3634296616036,1,200
34.2712490110519,1,25.5488569118804
58.580421563278,0,200
68.084499421008,0,200
55.2133465049897,0,200
57.5790815842445,0,200
41.6503646305195,0,63.1543457300785
37.5888487064329,0,41.0361007728105
40.8929114999822,0,59.0293997251846
36.5636750728611,0,35.4531997144642
34.3794675542004,0,23.558420071046
36.2545770675165,1,29.866820383152
41.2969929826922,1,40.8448165133025
43.6166042194445,1,45.8949122628184
37.6168619960397,1,32.8326920853416
32.4860872339488,1,21.6623272383264
54.0537902384312,0,200
52.5680067442726,0,200
44.8336267092851,0,80.4897869144323
40.2693186209627,0,55.6334312470203
37.5839513801577,0,41.0094308632952
38.2429009125362,1,34.1956603367184
54.4459084603109,1,200
47.2652950434555,1,200
52.9421761051577,1,200
57.8763499349682,1,200
46.6824530453339,1,200
60.5589413783876,0,200
68.9088826773036,0,200
60.0927159170054,0,200
48.7704240575678,0,200
49.0714463792726,0,200
38.3887453313536,0,45.3921859934949
36.0086447616915,0,32.4306099694986
34.7958068093612,1,26.6908875528968
50.1245513599536,1,200
50.4859133987891,1,200
51.3202100875285,1,200
44.3860555727358,1,47.5701080659549
41.2037382629928,1,40.6417888437885
57.2059053220877,0,200
68.1432673363083,0,200
60.8883681924876,0,200
52.4656199762827,0,200
41.1638968872004,0,60.5051347183154
30.5285366599397,0,2.58698122289616
33.4310186989374,0,18.3933475950921
49.2952504597695,1,200
54.6076054832183,1,200
60.5406039715237,1,200
58.6107308526013,1,200
73.5647912615443,1,200
64.7405634099862,1,200
73.8761954148277,1,200
81.1533940770823,1,200
90.4122555329583,1,200
85.7828248050191,1,200
34.9834711281206,0,26.8477089111575
135.035846926863,0,200
118.091098015279,0,200
37.1904547902154,1,31.9043480664916
95.8049985797372,0,200
56.6133288428097,0,200
57.4507716358388,0,200
70.9429055235305,0,200
70.1201547093264,0,200
23.9949119527461,1,3.17593283025525
50.1128945199911,1,200
68.0894070049069,1,200
66.2859273364339,1,200
69.0469331446764,1,200
68.7804910883939,1,200
59.638198032147,1,200
45.4668111635376,1,200
55.8913566156535,1,200
41.2683731810676,0,61.074092787956
97.2121636627616,0,200
95.2695575736649,0,200
87.6395232371804,0,200
69.4231019361814,0,200
71.1943016056483,0,200
56.316224382125,0,200
50.0500954132318,0,200
56.4350649367566,1,200
64.5673760734019,1,200
65.8446326807135,1,200
75.256698318949,1,200
73.6763638726113,1,200
60.9371030565319,1,200
67.5815018351148,1,200
58.389250893315,1,200
64.1715357272619,0,200
87.3032401662952,0,200
82.7813755723557,0,200
87.024092568618,0,200
82.5463039111544,0,200
61.9318251774859,0,200
57.7854222646323,0,200
41.1720982688092,1,40.5729044559181
60.1094674191989,1,200
81.8661265776446,1,200
81.6679602982841,1,200
72.3941114767449,1,200
56.8572090696816,1,200
39.5884332967712,1,37.1250595682789
42.9497885354927,0,70.2307617212311
97.0162706117574,0,200
83.5861695235523,0,200
75.3668235919688,0,200
67.2421593017039,0,200
66.6626423591593,0,200
52.0397158345648,0,200
48.0000746345066,0,200
36.0425995571985,0,32.6155213421329
30.1413213957945,0,0.478280377291679
26.174907552005,1,7.92206715455488
25.7782419407123,1,7.058474460301
30.3852082442907,0,1.8064418711086
48.1021022652363,0,200
33.4852449450141,1,23.8376236974055
33.8612612969447,1,24.6562602648381
50.8064058343046,0,200
43.4968052098877,1,45.6340942173748
73.2017639598571,1,200
95.0799873064825,1,200
93.063353992983,1,200
87.914361255292,1,200
68.9303647450526,1,200
44.5009587095094,1,47.8202671587513
27.0823092799378,1,9.89759888880901
63.6654786788456,0,200
98.4528196524331,0,200
108.740469714166,0,200
76.5307548033332,0,200
63.7193492678698,0,200
58.0906889357755,0,200
57.7816676478214,0,200
50.0032443252006,0,200
43.7129552133505,0,74.3868226205566
39.82673241086,1,37.6438677737687
51.5065530006422,1,200
67.2900808360546,1,200
62.890456381664,1,200
61.3450924552161,1,200
48.7007516216848,1,200
27.2987934506702,1,10.3689131216129
80.7277634210293,0,200
90.5044591080685,0,200
67.106666608095,0,200
53.2162168500347,0,200
43.6212119677982,0,73.8872063156525
50.8633780633041,0,200
35.1401855689207,0,27.7011460156142
58.9637665771776,1,200
62.3775554233171,1,200
54.9304999501774,1,200
55.8047629473597,1,200
56.572449122028,1,200
36.4044507241762,1,30.1931148520136
75.6769875893869,0,200
73.7164246372858,0,200
66.8389461050603,0,200
59.5776804370819,0,200
48.4267949972705,0,200
39.1184469463318,0,49.3660025111369
32.4809374015828,0,13.2193851493011
36.9639790423729,1,31.4112808690981
53.9281782396939,1,200
54.5673061222054,1,200
57.4850131648009,1,200
47.3968508087458,1,200
26.2663304825675,1,8.1211067805606
68.4681233125516,0,200
66.1908665946654,0,200
61.1436821356253,0,200
49.0743847750378,0,200
40.9794309308412,0,59.5005681266068
38.9160241269643,0,48.26364625121
39.0515168205734,0,49.0015137477754
28.1663953964435,1,12.2577955469094
46.0113521160685,1,200
44.5226071265814,1,47.867398582029
53.531679154686,1,200
54.8472368075888,1,200
37.8066020453712,1,33.2457808829211
70.2099390243686,0,200
66.3337052776868,0,200
50.0941713497069,0,200
40.0603660332283,0,54.4955151077394
43.9798594953393,0,75.8403326890905
42.5824890648657,0,68.2305185076508
23.8367119818273,1,2.83151089090092
52.0745741593828,1,200
44.6005414280443,1,48.0370717058368
53.4271006475948,1,200
48.1229054121197,1,200
33.2710393739531,0,17.5221305509545
69.7838716384416,0,200
55.5816254408714,0,200
45.9208331423404,0,200
41.376114359118,0,61.660830797272
38.4899567410373,0,45.9433641234584
34.3288618493584,0,23.2828310060634
27.042342971495,1,9.81058703044558
44.9389228395251,1,48.773772106645
47.9264043956101,1,200
51.3035574590108,1,200
47.7798612646539,1,200
50.083560476111,0,200
59.8480128474634,0,200
47.4398205086436,0,200
40.2366697791293,0,55.4556318502581
43.0901785553766,0,70.9952991273096
41.2373567813257,0,60.9051833610311
34.3990568593004,0,23.665099709103
24.098158249556,1,3.40071346435984
30.4711191833005,1,17.275479379184
39.1271554868291,1,36.1207977030036
43.2160418930783,1,45.0228359123734
46.5107644453159,1,200
30.1242449312757,1,16.520288958474
44.700909167232,0,79.7670323665929
51.1565646629688,0,200
40.7002833331647,0,57.9803832842862
43.7513176025049,0,74.5957369117528
40.4717414403304,0,56.7357875069485
34.6798368990684,0,25.1941745212611
26.27798732253,1,8.14648523925005
25.3471053883875,1,6.11983403820817
38.4077619348621,1,34.5545842524669
41.8115592038909,1,41.9650941897282
42.9044712135112,1,44.344505966551
25.972245062944,1,7.48084452277181
42.1351999317468,0,65.794666772003
51.9946604328346,0,200
38.6727902553048,0,46.9390407453285
44.4973436384,0,78.6584531277772
35.2871053571715,0,28.5012433010465
34.456192332509,0,23.9762486534376
31.1455997705927,0,5.94738982170926
24.4461981855771,1,4.15844173093896
41.1454540631808,1,40.5148965503425
38.3827829920854,1,34.5002018409898
38.2462314382398,1,34.2029113249156
37.4507353739466,1,32.4710127940788
38.7403149263616,1,35.2785954239302
46.7569699816964,0,200
55.436011606294,0,200
48.7025144665542,0,200
37.2264465620809,0,39.0625274687447
36.4036957478771,0,34.5819826703279
33.5697762767296,0,19.1489950313324
30.6787213323737,0,3.40485844800401
43.0838200226473,1,44.7349716809552
47.5254091009028,1,200
49.2429612062238,1,200
54.4362499357707,1,200
65.6248179842791,1,200
56.1061755235309,1,200
49.2802630941036,1,200
49.6233072415682,1,200
35.1088762254954,1,27.3724804434092
64.3119257471471,0,200
85.8862804307208,0,200
75.797788304171,0,200
58.8056985719289,0,200
51.2744269819878,0,200
42.9599096764608,0,70.285879534226
65.3645374005467,1,200
80.6754636386252,1,200
78.9985439468872,1,200
65.8013358465663,1,200
80.7037731071062,1,200
68.1143859476831,1,200
57.8064088951939,1,200
35.8249392517592,1,28.9314429057498
37.6234231316754,1,32.8469765320888
43.1620060074096,0,71.3864578001836
72.4480171320554,0,200
105.815133485885,0,200
82.3846921440802,0,200
78.9500339831943,0,200
69.5585946297902,0,200
64.6465763759411,0,200
35.7866382061675,1,28.8480565414832
76.5889086003684,1,200
85.0084775789454,1,200
84.0176461821374,1,200
86.1158773753758,1,200
75.8578582084395,1,200
60.071166373607,1,200
27.9149407058257,1,11.7103459380418
29.2471509872452,1,14.6107412168117
65.999870869939,0,200
82.0794254729352,0,200
84.6750083986978,0,200
84.3974932431136,0,200
86.8347292859835,0,200
75.1480763516847,0,200
63.3618444497931,0,200
50.3251619056788,0,200
45.8847921393334,1,200
67.2384576876496,1,200
79.8328406356266,1,200
83.9293872509933,1,200
87.1483403434778,1,200
66.5157336099785,1,200
60.3516212327452,0,200
53.7402307614618,0,200
22.5860995801436,1,0.108764822953203
48.989824274688,0,200
30.4794454975586,1,17.2936068496748
50.4263733153636,0,200
51.3405408866987,0,200
40.3044963230326,1,38.6840220306143
38.3894440434921,1,34.5147038173826
68.7260491630361,0,200
102.329869620159,0,200
80.4926917598276,0,200
70.6131522210122,0,200
58.0090668311917,0,200
40.4088924198008,0,56.3935236681799
57.8671909892834,1,200
78.4040451088035,1,200
74.9452941656661,1,200
79.0385102553296,1,200
79.7046153960412,1,200
52.0279467995333,1,200
37.7422982630502,0,41.8717579375944
81.2958532689324,0,200
92.7066234897372,0,200
82.9789010654484,0,200
76.8131672851926,0,200
63.1512594199671,0,200
56.0315264813369,0,200
50.8295865120063,0,200
34.6039685288365,1,26.2732306327533
52.4172852542781,1,200
62.6789679994885,1,200
51.4967279498166,1,200
65.1452222829677,1,200
61.1136209188205,1,200
46.7657161879224,1,200
72.7222674034561,0,200
86.5376248252992,0,200
71.7199479591677,0,200
59.7835313848421,0,200
58.1009733209528,0,200
50.5762314993784,0,200
40.332820618329,0,55.9792510737242
49.6799261785299,1,200
54.4109379404234,1,200
63.3966962886036,1,200
58.2826740708016,1,200
56.1111713120862,1,200
40.109660569377,1,38.2598392210986
49.5448545858588,0,200
74.0788267816375,0,200
79.0675698137956,0,200
60.7536917199244,0,200
48.9336682667353,0,200
41.2099317541856,0,60.7558318677506
46.6536363972933,0,200
30.7458875538435,1,17.8736859054309
59.2103920055256,1,200
66.3074092272219,1,200
55.8164197873219,1,200
58.5507813899373,1,200
64.1427340461984,1,200
65.4832706418789,1,200
42.0030644318453,1,42.3820260110523
28.9307510454069,1,13.9218973381014
71.4195786142985,0,200
72.3174217647205,0,200
85.9646376511211,0,200
70.3242099707858,0,200
55.5506090411295,0,200
43.2245285395216,0,71.7269436449887
47.4918954113681,0,200
40.710320880012,1,39.5675549424139
62.3775554233169,1,200
69.7713224852001,1,200
55.4833672169669,1,200
60.270997915821,1,200
65.0836075574533,1,200
58.9554402629177,1,200
35.4585814243681,1,28.1338342040864
27.9315933343418,1,11.7466008790228
47.0308937646785,0,200
83.2547837789418,0,200
88.3969763677156,0,200
69.8850830481253,0,200
62.2942273218379,0,200
56.0093252688902,0,200
53.0046523549538,0,200
32.5921067080256,0,13.8247920952761
51.8905626142616,1,200
56.0695397407918,1,200
59.7547664317709,1,200
60.2543452873035,1,200
63.2518184205,1,200
32.0447925782264,1,20.7015713022293
61.0698957530807,0,200
69.3104634318559,0,200
67.4151981634214,0,200
72.079085219336,0,200
60.9993742547215,0,200
46.3051916328252,0,200
36.4506284580127,0,34.8375693031739
43.0314106400763,0,70.6752602131367
49.0346368234667,1,200
62.4866301401084,1,200
61.2052103756673,1,200
54.6257568483026,1,200
56.5174954479196,1,200
42.352769630718,1,43.1433797717296
50.2745562008372,0,200
69.3137283160389,0,200
66.8487407576103,0,200
61.6690020007264,0,200
60.8756351441727,0,200
46.4799445587391,0,200
40.8855655105697,0,58.9893948609134
28.4912881788246,1,12.9651294455191
48.8056631813478,1,200
54.6289208477209,1,200
53.176978167258,1,200
61.1968840614083,1,200
45.8714700365194,1,200
24.4445329227255,1,4.15481623684083
71.7836132007431,0,200
71.8489108844099,0,200
60.8854297967224,0,200
47.2200938031044,0,200
42.8373132753761,0,69.6182427993828
44.0778060208398,0,76.3737308793783
38.9388783162478,0,48.3881058289438
34.1763290285007,1,25.3422037482679
57.4030822324935,1,200
46.6827860979045,1,200
53.4051191779512,1,200
54.1661443012125,1,200
56.9238195837527,1,200
42.8323653320292,1,44.1875220720871
35.9115329200517,1,29.1199685988702
32.3552393605256,0,12.5348574717743
65.0253029412086,0,200
83.2498864526661,0,200
67.5947667935056,0,200
50.7904079018062,0,200
43.4191156368489,0,72.786628049692
49.7002630729859,0,200
35.3183662922484,1,27.8285676009953
55.5131754220136,1,200
51.0953996025388,1,200
50.4759218216783,1,200
56.1328197291594,1,200
58.4758445616075,1,200
41.8681781408519,1,42.0883609890774
23.2022468352992,1,1.45019763938214
64.0588972229371,0,200
72.7826677608479,0,200
75.7112688733121,0,200
57.2842625424883,0,200
49.2248959358902,0,200
41.6386110474594,0,63.0903379472439
46.6492288036457,0,200
34.9606169388365,0,26.7232493334198
46.3237554270615,1,200
54.2034461890924,1,200
45.9630594933671,1,200
54.3226790092793,1,200
53.1186939674459,1,200
49.7148966984172,1,200
42.5625927500417,1,43.600192028136
37.2570653042844,1,32.0493678304257
63.4010230599925,0,200
86.2192986174224,0,200
68.5579076275938,0,200
59.4379433940345,0,200
45.0004622910542,0,200
50.580639093026,0,200
42.9301992303925,0,70.1240820831732
45.2253480500306,1,200
60.5074652407733,1,200
46.3044383779809,1,200
51.1253743338707,1,200
54.5674726484907,1,200
40.7341341387923,1,39.6193995080218
63.3145036291347,0,200
68.4762855230098,0,200
64.7641122065418,0,200
60.3450914643782,0,200
45.5208848298801,0,200
41.4299849481434,0,61.9541998019307
34.5312846687262,0,24.3851872659924
38.6172872241877,0,46.6367817708313
34.5293647530771,1,26.1108084971423
53.0880531309732,1,200
58.6730116832575,1,200
44.6158618462807,1,48.0704262515429
40.1662795063368,1,38.3831060204451
48.2454306808852,0,200
63.3693536834146,0,200
61.279501317653,0,200
47.4390042875978,0,200
39.0564141468484,0,49.0281836572896
33.3853103203705,0,18.1444284396246
40.2383022212208,0,55.4645218200952
41.0438730292226,1,40.2937414103364
47.7487208493257,1,200
50.8098070234593,1,200
52.7809786611058,1,200
55.7165040162154,1,200
52.7806456085357,1,200
34.6031121207597,0,24.7763459388694
69.3251554106809,0,200
66.2104558997653,0,200
50.739638952755,0,200
54.4129601474416,0,200
43.6223546772625,0,73.8934292945401
37.9398237561429,0,42.9474442880082
33.3151153104284,0,17.7621597365848
29.5468983005653,1,15.2633301545366
47.2652950434552,1,200
50.7623470321838,1,200
62.5990353826032,1,200
53.0704013447444,1,200
70.3774781632463,1,200
64.1127593148664,1,200
71.8945326212135,1,200
57.9229772948181,1,200
78.7887208275634,1,200
62.8188500790378,1,200
58.1151755671492,0,200
98.0610335504317,0,200
95.3511796782496,0,200
85.9744323036722,0,200
69.3888206522562,0,200
64.2809093474059,0,200
51.7339594307942,0,200
47.3573821830141,0,200
24.2879982146584,1,3.81401979158485
43.0305316113904,1,44.6189558698042
69.23677310978,1,200
70.407452894578,1,200
52.847256122607,1,200
65.9795189717066,1,200
76.4240475780421,1,200
72.5606377619244,1,200
71.0952064523624,1,200
78.4390156286908,1,200
79.7379206530756,1,200
76.6072264917376,1,200
33.808112822114,0,20.4469306276994
150.299180484022,0,200
61.3474109086673,0,200
69.0635857731953,1,200
30.3628770979344,1,17.0398222627825
67.420095489695,0,200
95.710316938421,0,200
44.0435247369122,0,76.1870415127647
112.116359959751,0,200
70.8318994612975,0,200
41.9866477014031,0,64.9856795167259
55.55060904113,0,200
31.7430735761454,0,9.2011187824639
58.8628340451377,0,200
30.9399120670415,0,4.82725362210396
28.3712227272116,1,12.7037313210199
27.7534102092029,1,11.3586730104896
52.155129490446,0,200
67.9979799901492,0,200
56.0011630584319,0,200
44.4532677019249,0,78.4184239421482
45.0954575475921,1,200
62.8355027075553,1,200
73.3666249821829,1,200
67.6747565548152,1,200
58.2227246081379,1,200
58.7722613492221,1,200
31.9615294356391,1,20.5202965973091
46.0677529305913,0,200
83.744516406443,0,200
78.1174885164406,0,200
71.0718684487726,0,200
62.6239806243562,0,200
65.4709596322367,0,200
51.7081668457457,0,200
37.3399012874524,0,39.6803803724949
34.9493440442949,1,27.0251581087752
56.320161799984,1,200
63.2101868492049,1,200
70.037764541484,1,200
65.9245652975976,1,200
63.7180920189971,1,200
52.2277783417472,1,200
44.5509165950598,1,47.9290319816992
73.8355929099765,0,200
88.7871300276279,0,200
79.1883705285791,0,200
75.9642973975218,0,200
55.4493976314458,0,200
49.7799262470596,0,200
37.9455373034636,0,42.9785591824411
45.0896291276108,1,200
61.17023985578,1,200
69.6913898683145,1,200
81.5813666299902,1,200
66.3658599533198,1,200
65.9661968688942,1,200
51.8947257713906,1,200
31.9948346926735,1,20.5928064792761
68.775022425786,0,200
82.0467766311004,0,200
82.9266629185152,0,200
83.8849064263275,0,200
61.3229242772914,0,200
56.5415013907762,0,200
45.9012438372405,0,200
29.4303299009409,1,15.0095455676437
64.3142561199318,1,200
62.3609027947994,1,200
65.8496284692688,1,200
54.8439062818861,1,200
44.234516653224,1,47.2401881029942
76.7086909913257,0,200
86.99634105306,0,200
66.9564819356607,0,200
59.0913759379721,0,200
51.4237954333759,0,200
53.9277983577959,0,200
37.0780575759477,0,38.2544292104585
55.5116766854471,1,200
68.6272869060302,1,200
56.8688659096441,1,200
58.988745519954,1,200
52.9072055852717,1,200
31.4452979515869,1,19.3963934267811
76.4115865306396,0,200
69.5390053246903,0,200
65.1738551715521,0,200
62.7888572756152,0,200
49.9797045102386,0,200
43.8169744234319,0,74.9532914986417
25.1745841569435,1,5.7442328496071
48.9721894665254,1,200
61.3470907706383,1,200
54.9571441558059,1,200
61.9679007617805,1,200
49.7465366926008,1,200
57.3351395081415,1,200
56.770043283611,0,200
87.5056629856621,0,200
71.3493836043573,0,200
56.6949509473937,0,200
51.1351796715678,0,200
52.596541832035,0,200
49.3417112933341,1,200
59.910801560982,1,200
68.4141332610031,1,200
58.6723455781168,1,200
64.8005128726506,1,200
58.7722613492221,1,200
54.6590621053399,1,200
34.4261184562661,1,25.8860278630356
29.8299929853662,1,15.8796641512736
57.0867370493946,0,200
89.3764416227217,0,200
79.8837908596323,0,200
68.7684926574198,0,200
60.1426686450106,0,200
64.4098722726483,0,200
48.9894977862705,0,200
43.0465923515289,0,70.7579369326314
33.6985651163265,1,24.3020494914186
49.9630208633315,1,200
57.9313036090768,1,200
55.7931061073971,1,200
62.5607343370124,1,200
48.805663181348,1,200
55.3734598687482,1,200
53.5443377104598,0,200
82.94135489734,0,200
73.1058912949995,0,200
58.8073310140206,0,200
56.1007420260239,0,200
56.9024343372454,0,200
42.9349333124582,0,70.1498629957029
47.1408166452851,1,200
65.1614585957726,1,200
50.1745092455072,1,200
54.156152724102,1,200
56.9438027379739,1,200
61.603208197242,1,200
44.9672323080038,1,48.8354055063156
45.1171059646673,1,200
56.3194892663093,0,200
91.3108855013559,0,200
71.3901946566495,0,200
60.8772675862642,0,200
58.2278140714761,0,200
58.4012283948747,0,200
45.9271506932353,0,200
37.6001125568653,0,41.0974415646929
49.9188913977594,1,200
49.9088998206489,1,200
56.7373101443538,1,200
59.4816633240797,1,200
53.4184412807655,1,200
40.2295594947044,1,38.5208747961872
35.2920026834465,0,28.5279132105608
72.4822984159796,0,200
79.1900029706713,0,200
57.7952169171823,0,200
52.5807887658503,0,200
43.842489493325,0,75.0922417272124
49.9634127381638,0,200
39.4204487332916,0,51.0106469311914
40.6558667847587,1,39.4490012853937
57.1063323923073,1,200
48.6547903669768,1,200
49.0754357633351,1,200
30.0248287390249,1,16.303846960796
55.2796236539118,0,200
67.6910808769143,0,200
51.2752432030335,0,200
47.2545383312389,0,200
43.4150345316197,0,72.7644031250965
39.5281899113424,0,51.5973849405091
34.0611413463237,0,21.8248759526102
30.1041017161042,0,0.275589064981988
35.5301877269941,1,28.2897304503195
50.3710102620165,1,200
50.2527765995404,1,200
58.15944461977,1,200
50.8173007062925,1,200
57.0170743034519,1,200
64.3758708454476,1,200
60.6440167946202,1,200
41.2870014055816,1,40.8230635487118
33.8099712011082,1,24.5445950466015
49.1367440629376,0,200
90.2955065203353,0,200
84.2130272867541,0,200
61.7620511999519,0,200
57.5209666457811,0,200
56.0488303675087,0,200
49.4808628558646,0,200
39.3584159338083,0,50.6728280773441
31.8344903332794,0,9.69895709340038
30.415898155614,0,1.97357330406456
30.0098413733588,1,16.2712175139096
25.1172991148425,1,5.61951585262004
27.7817196776831,1,11.4203064101634
31.3382279374101,0,6.9964062626076
44.1039250943067,0,76.515970396789
24.2780066375479,1,3.79226682699422
37.3586463382434,1,32.2705229704337
39.2718965029493,0,50.2016596759219
37.4909021809324,0,40.5027025825228
42.9772432001338,1,44.5029400586538
56.7989248698695,1,200
69.8346024735672,1,200
70.3974613174674,1,200
75.1584478106927,1,200
56.9504637893825,1,200
48.0979264693418,1,200
36.6648864825434,0,36.00437784442
84.8921231968911,0,200
91.2668095648813,0,200
66.4471600030582,0,200
55.9962657321567,0,200
62.9806692213871,0,200
48.151565260614,0,200
38.0328729553684,0,43.4541725687818
51.0737511854658,1,200
59.4633454327101,1,200
66.0244810687054,1,200
62.310944909246,1,200
81.2200045911558,1,200
67.748028120292,1,200
58.9887455199545,1,200
48.6807684674653,1,200
44.7507481372738,1,48.3640912735169
46.0840773515087,0,200
69.8034609435406,0,200
87.352213429045,0,200
94.8696092612063,0,200
70.673552578404,0,200
60.4724219475289,0,200
55.5049006625629,0,200
59.0081213912966,0,200
44.6230416794592,0,79.3429808053142
41.5402878853368,1,41.3745012010886
63.5980265673834,1,200
55.6515587649962,1,200
60.3492652698547,1,200
60.0212084880548,1,200
60.5907283833619,1,200
33.9598448577693,1,24.8708895154661
53.9687726542961,0,200
81.0232354396216,0,200
78.7818924477524,0,200
68.8288930148116,0,200
55.1873906757321,0,200
48.4285906835711,0,200
46.750603457539,0,200
42.9089774832006,0,70.0085124752766
59.0420339312111,1,200
61.3367661409574,1,200
56.950463789381,1,200
56.4608765109593,1,200
58.4725140359038,1,200
60.0411916422759,1,200
55.30851461753,1,200
41.719969747044,1,41.7656920143144
36.4410865069148,1,30.2728757221788
57.8213359906476,0,200
94.9659233446163,0,200
79.5230211573728,0,200
68.5987186798855,0,200
54.0193783591387,0,200
57.7098401957879,0,200
42.5046215770929,0,67.8064669463724
37.8981915022188,1,33.4451830583365
55.3834514458605,1,200
57.3917584451017,1,200
64.2193361373805,1,200
61.9229386647824,1,200
56.1178323634945,1,200
35.7916339947224,1,28.8589330237776
55.3236995903871,0,200
84.1885406553792,0,200
81.4313459625406,0,200
63.1463620936919,0,200
54.3409694511987,0,200
42.4804614341361,0,67.6748953927679
49.1071968610802,0,200
35.4856103155192,0,29.5822636333636
48.2323131814816,1,200
60.4013879971151,1,200
49.4401283278741,1,200
61.954578658966,1,200
45.2936238269533,1,200
64.1307246749718,0,200
76.9404977683433,0,200
55.8558757122729,0,200
50.4644092160985,0,200
42.2000650272101,1,42.8109219629002
68.5556806034038,1,200
64.5540539705876,1,200
77.051851673163,1,200
53.8913759306678,1,200
48.3643685256271,1,200
23.8350467189756,1,2.82788539680262
71.8766623999671,0,200
83.6498347651269,0,200
70.1266844776931,0,200
60.7646290819385,0,200
57.0491908812872,0,200
50.3774000526124,0,200
46.9389872749179,0,200
32.0436768521175,1,20.6991422211872
53.400739536651,1,200
58.4958277158286,1,200
57.2568721541077,1,200
61.0653282961182,1,200
45.9430763391455,1,200
32.6159777363882,1,21.9451157780088
48.9734998537731,0,200
63.8385175405622,0,200
75.0844111101091,0,200
68.4664908704599,0,200
57.0878797588597,0,200
48.2335138536161,0,200
52.0761192932091,0,200
37.2362412146311,0,39.1158672877744
44.7574091886817,1,48.3785932499125
47.4366505909031,1,200
48.0714487899998,1,200
52.5425130207317,1,200
49.3335515053605,1,200
37.4685536864607,1,32.5098055809326
48.5555946783036,0,200
65.5183004528954,0,200
60.842006837084,0,200
64.4712520952952,0,200
49.6901419320174,0,200
41.637305093786,0,63.0832259713731
32.94618339771,0,15.7530265531676
32.4499210018408,0,13.0504757223755
38.8707050076557,1,35.56247161184
48.4726106109923,1,200
53.4788903222851,1,200
37.0700562860309,1,31.64222484317
26.6743198812525,1,9.00935283468453
54.8659628278813,0,200
55.5855433018914,0,200
55.5816254408714,0,200
41.5067097264521,0,62.3720283843232
41.7450462718366,0,63.6699639806898
36.7171246294785,0,36.2888568792483
36.4347121476188,0,34.7508920972518
45.4851290549075,1,200
49.1553683802203,1,200
46.4891160282429,1,200
47.0772868674899,1,200
53.5783065145359,1,200
51.6782416006601,1,200
45.1004533361474,1,200
52.8655740139761,1,200
29.0489847078844,1,14.1793074190955
62.5178718883975,0,200
82.9691064128979,0,200
70.2832356742848,0,200
53.5175656601579,0,200
41.9270635650582,0,64.6611956176407
49.6166820378921,0,200
45.4385016950577,1,200
73.3166670966297,1,200
81.3032677337446,1,200
64.1527256233097,1,200
74.5006689842424,1,200
70.0127855987075,1,200
76.4906580921135,1,200
54.9421567901388,1,200
49.5133998933533,1,200
54.4585052817997,0,200
73.0520207059737,0,200
90.4375289823111,0,200
83.6090237128339,0,200
80.2217063726093,0,200
68.2167272304338,0,200
67.6453724983475,0,200
52.1730863534547,0,200
49.0569176446567,0,200
37.8694655019915,0,42.5642865879839
46.1787942958145,1,200
63.4507340681436,1,200
56.6940133102077,1,200
48.9572021008593,1,200
51.6299489779586,1,200
39.252050200712,1,36.392709760388
56.1725694780574,0,200
82.4450925014704,0,200
69.0166238553543,0,200
58.4179935751563,0,200
47.8479310315626,0,200
53.9622428859301,0,200
42.6184027908825,0,68.4260978440895
39.2603765149711,1,36.4108372308807
54.2167682919064,1,200
44.7484167692822,1,48.359015581781
53.3901318122853,1,200
56.5025080822535,1,200
48.1395580406374,1,200
59.0146511596633,0,200
57.8050115697323,0,200
59.4929566925242,0,200
60.5801631255793,0,200
48.1540139237515,0,200
42.6281974434327,0,68.4794376631187
40.0946473171534,0,54.68220447434
44.5642737641588,0,79.0229418911409
35.5368689971977,0,29.8614086862801
39.4418901658145,1,36.8060160876132
55.8697081985787,1,200
43.8864767172032,1,46.4824598364156
52.5758182777671,1,200
55.5682956224076,1,200
68.1959838274203,1,200
60.3376084298923,1,200
73.1701239656745,1,200
124.516838737315,1,200
124.183786166963,1,200
102.75185326461,1,200
115.624335108837,1,200
117.922397844284,1,200
133.326079223207,1,200
82.7353937862733,1,200
140.406581408472,0,200
40.0113927704786,0,54.2288160125984
89.0989264671375,0,200
51.1446478356993,0,200
117.519743283193,0,200
70.5870331475458,0,200
83.7771652482755,0,200
125.535033953318,0,200
104.182691394209,0,200
23.3521204919603,1,1.77649210824684
51.4058385703684,0,200
33.3347046155279,0,17.868839374639
48.6633358563538,0,200
51.6017316213679,0,200
45.8997795049976,1,200
23.2522047208545,1,1.55896246234053
58.0172290416495,0,200
89.5135667584221,0,200
62.9880152107994,0,200
58.8742611397794,0,200
63.7160843836865,0,200
40.2121831477541,0,55.3222823026859
42.3094727965718,1,43.0491169251694
68.976992104903,1,200
63.7713804302532,1,200
88.237422248538,1,200
75.4082372384586,1,200
47.0821161297607,1,200
35.8486654367081,0,31.5593929253661
87.9398925820484,0,200
90.7640174006438,0,200
87.5154576382121,0,200
67.8396331072569,0,200
54.8715131309927,0,200
50.5713341731035,0,200
50.1630604059756,0,200
40.3684078559273,0,56.1730524161943
43.9607474403923,1,46.6441568732069
46.1672207189947,1,200
56.9038364295314,1,200
62.6789679994883,1,200
62.8821300674052,1,200
47.9280696584608,1,200
31.2787716664121,1,19.0338440169407
66.0553739010558,0,200
69.920996774142,0,200
81.2125987222562,0,200
57.8131737801908,0,200
48.9345334610439,0,200
43.3570338641025,0,72.4485424967481
48.9953745778008,0,200
31.5385526712887,1,19.5994210963002
54.0387516930517,1,200
57.9887551774631,1,200
59.4849938497831,1,200
65.5298980017281,1,200
57.0337269319699,1,200
28.1663953964442,1,12.257795546911
66.7687510951192,0,200
65.8039778189385,0,200
65.4268836957616,0,200
67.1964509231368,0,200
51.9021009662367,0,200
43.7660095813299,0,74.6757466402954
40.3133945574378,0,55.8734604326493
35.4438197979723,0,29.3546804055071
59.0132914943894,1,200
57.2373219682278,1,200
59.6098885636666,1,200
43.4901441584804,1,45.6195922409804
44.9156091596003,1,48.7230151892665
36.2012729285091,0,33.4796264103984
59.9271862889097,0,200
74.513056378023,0,200
60.5026221262248,0,200
48.3980640164568,0,200
40.1338259273538,0,54.8955637504561
47.3165711307222,0,200
40.8733221948824,0,58.9227200871291
34.5093815988559,1,26.0673025679611
61.2751514154418,1,200
50.9488564715826,1,200
54.8222578648121,1,200
64.469125565147,1,200
60.8271957083143,1,200
37.754978896966,1,33.1333905658684
58.7404008882621,0,200
75.3194827713102,0,200
65.7011339671631,0,200
60.9167726848827,0,200
49.2552593587952,0,200
45.8852459047421,0,200
37.8304501360005,0,42.3518163088523
36.6599891562698,0,35.9777079349135
44.6991249888693,1,48.2517009564657
50.960513311545,1,200
54.6757147338559,1,200
55.7581355875098,1,200
