51.1809424064143,1,200
51.1809424064145,1,200
51.1809424064143,1,200
51.1809424064145,1,200
51.1809424064143,1,200
43.2710466843148,0,153.911337918348
44.487099539334,0,159.776169952712
29.5518205520018,0,87.7456638069245
25.6013284042053,0,68.6930602919789
24.2105939236033,0,61.985766197431
25.4871134951704,0,68.1422197141662
25.7189025752706,0,69.260102063257
22.5276036463536,0,53.8689682714224
35.3313021344093,1,48.187138774205
59.6765025177528,1,200
63.7112791376507,1,200
64.6047671074123,1,200
67.1427166986934,1,200
67.7426422409507,1,200
18.3080948557021,1,1.23339491586747
62.4188402578179,0,200
58.7236520243349,0,200
43.9324853781084,0,157.101352911625
33.5698338666099,0,107.123911310518
32.4273488500576,0,101.613885413041
30.8115438134163,0,93.8211113563325
22.4100294752881,0,53.3019265001437
22.1513662989444,0,52.0544346033323
24.2475458059382,0,62.1639793255473
20.7774281284949,0,45.4281464761115
54.4606491546362,1,200
55.8601909601844,1,200
61.9362505062234,1,200
61.0098221012826,1,200
51.120181810954,1,200
31.7402826723672,1,38.2823185337835
38.6520613924603,0,131.634696903847
45.6766142243123,0,200
51.5848842834488,0,200
34.9434361108565,0,113.748579318393
24.6069868431954,0,63.8975070263128
25.4871134951702,0,68.1422197141651
22.3193294004664,0,52.8644942765874
27.6907893871384,0,78.7702026272645
22.4872925019881,0,53.6745539498403
19.5680937975366,0,39.5957168286783
15.5974460775576,0,20.4459061529427
46.4696067966146,1,200
59.1439939283248,1,200
62.1291141940612,1,200
66.5462046730359,1,200
65.47948073588,1,200
33.392424706236,1,42.8392890626508
57.433695404647,0,200
55.8985126567357,0,200
42.5588831338618,0,150.47668490375
32.1821227218355,0,100.431198290089
27.5463411198294,0,78.0735513082648
31.023177321334,0,94.8417865446332
22.2051144914316,0,52.3136536987746
15.0364493184742,0,17.7403068442722
17.9858813811998,0,31.964954706621
27.227211226938,0,76.5344379290829
29.767270078205,1,32.8403165385755
50.7091944124466,1,200
57.9833982846992,1,200
58.963077548583,1,200
45.7360420795115,1,200
54.7572837470803,1,200
19.4404418403799,0,38.9800714770048
45.2032942042236,0,200
42.0744775490724,0,148.140472806083
34.3488467314689,0,110.880968075072
29.555179814032,0,87.7618650003886
26.3538030990236,0,72.3221276281588
25.6651543827837,0,69.0008829678158
27.2003371306943,0,76.4048283813612
19.356460289619,0,38.5750416403777
16.0207130933929,0,22.4872565295439
24.2407867045882,1,17.5970618149642
58.1404200482485,1,200
52.2964796309345,1,200
49.2850752873863,1,200
63.7938862393441,1,200
59.113272278934,1,200
43.6193204365343,1,71.047313245437
46.2305565331302,0,200
54.1466575078625,0,200
47.7640596500272,0,200
42.4513867488879,0,149.958246712867
29.2696425414448,0,86.3847635558566
34.9971843033435,0,114.007798413834
25.477035709079,0,68.0936161337706
21.5634954436174,0,49.2192257469413
22.5544777425971,0,53.9985778191434
19.631919776115,0,39.9035395045151
25.0054144227416,1,19.7060729688181
49.8319206465298,1,200
68.0362046684549,1,200
60.8848873937629,1,200
56.5292402135684,1,200
49.330133706491,1,200
36.4304544792553,1,51.2188423078713
41.127837508894,0,143.574976487618
52.6034125310786,0,200
51.2929644130035,0,200
40.9494606950786,0,142.714693114626
30.2169544340285,0,90.9535001130111
26.7098848742503,0,74.0394541354591
22.3495627587402,0,53.0103050177721
31.957052165796,0,99.3457183279278
25.0235353349698,0,65.9064550159835
19.0104563004839,0,36.9063187134742
26.845299869548,1,24.7808810577785
56.4404887819971,1,200
56.0615884395193,1,200
67.1956262059762,1,200
65.5861531295958,1,200
65.7354944807986,1,200
26.2547614979363,1,23.1520465505549
42.3976385563995,0,149.69902761742
51.6490461882305,0,200
51.5012386588907,0,200
43.1769873474627,0,153.457704501327
41.9474974443219,0,147.528067693103
24.6808906078651,0,64.2539332825451
24.062786394264,0,61.2729136849672
22.4100294752883,0,53.3019265001448
18.8324154128704,0,36.0476554598234
27.2608038472422,0,76.6964498637329
21.2242099785432,0,47.5829052069677
16.0946168580626,0,22.8436827857759
43.2813822932436,1,70.1152056372614
54.8532035635094,1,200
45.3704544517694,1,200
55.4232608355254,1,200
56.8176823661754,1,200
31.0456320444924,1,36.3663195614239
36.4581273603814,0,121.053697451801
57.0645125075009,0,200
44.7726368119214,0,161.153271397245
29.7936874181932,0,88.9121497364098
31.9201002834611,0,99.1675051998116
28.1342119751565,0,80.908760164657
30.0758654287502,0,90.2730499874779
19.0843600651534,0,37.2627449697056
12.9671439077238,0,7.76037166977771
13.9480484206121,0,12.491120161584
13.5617332871115,0,10.6279829130986
21.294921879739,1,9.47171973560968
45.1042001570555,1,200
59.6969836173461,1,200
55.4812906177066,1,200
57.7185093966247,1,200
43.0035220420933,1,69.3488060483165
11.9180463756177,0,2.70073895063026
42.8998482299514,0,152.121106040457
45.6957620178859,0,200
40.5735592738724,0,140.901779565882
39.7438215523539,0,136.900084780005
28.7422384026658,0,83.8411761818372
20.135809080681,0,42.3337185242792
18.4326632312482,0,34.119713437478
16.5078060878066,0,24.836429581982
20.787505914586,0,45.4767500565058
30.0096297567266,1,33.5087977525196
49.5520122854201,1,200
57.5123329940511,1,200
55.6724475472449,1,200
64.7472814254166,1,200
67.5019893207275,1,200
32.4059184091525,1,40.1182880650403
41.8131269631037,0,146.880019954497
58.6185071227821,0,200
46.2214865256497,0,200
38.7998689218004,0,132.347549416315
34.1640873197947,0,109.989902434492
32.8405380798015,0,103.606632209246
24.8589314954781,0,65.1125965361937
20.0182349096155,0,41.7666767530002
18.9264747497228,0,36.5012888768465
17.0352102265856,0,27.3800169560011
40.8031692424435,1,63.2797498439689
54.825895430718,1,200
65.7969377795778,1,200
63.933157716579,1,200
67.4012905810599,1,200
47.5346239754706,1,200
19.816679187788,0,40.7946051450897
51.3453689006788,0,200
49.7480398052046,0,200
44.7131778739826,0,160.866510272912
43.1937836576148,0,153.538710468652
28.2349898360695,0,81.394795968609
25.6382802865402,0,68.8712734200952
26.011158371919,0,70.6696058947204
26.0145176339492,0,70.6858070881846
19.4841122467756,0,39.1906869920509
11.4621945180871,0,0.502236997417801
51.1836732196936,1,200
62.7930431725469,1,200
54.7589905053798,1,200
65.9952630939737,1,200
72.4208667397409,1,200
53.6789538534881,1,200
40.8456594983378,0,142.214076236554
64.2126861820733,0,200
47.9740135269298,0,200
39.7807734346887,0,137.078297908121
37.1571897889157,0,124.425165811886
37.2747639599812,0,124.992207583165
27.3582224461249,0,77.1662844742207
19.5345011772322,0,39.4337048940273
20.3776759468724,0,43.5002044537646
25.0907205755786,0,66.2304788852857
24.0496297750501,1,17.0698090265014
64.2437877270787,1,200
68.5618862246855,1,200
62.6530889919921,1,200
64.8377396152871,1,200
61.4276365329877,1,200
28.1442897612472,0,80.9573637450493
52.2671504018311,0,200
50.4094784989982,0,200
44.1007844058333,0,157.913032704226
32.867412176045,0,103.736241756967
35.628725565066,0,117.053622785271
25.7726507677578,0,69.5193211586992
22.8937632076713,0,55.6348983591166
20.3776759468724,0,43.5002044537645
22.5779925768102,0,54.1119861733988
18.0623216605821,1,0.555498473559326
45.4148301675554,1,200
58.2906147786,1,200
61.4470935776014,1,200
66.0901588554229,1,200
64.6752562251801,1,200
53.4058725255765,1,200
23.7033453570066,0,59.5393859842006
58.3910850833223,0,200
56.5989187900823,0,200
46.5469990163991,0,200
43.2283840565285,0,153.705582761343
26.9383146923199,0,75.1411352910836
26.4848143182108,0,72.9539741732977
23.1692226941673,0,56.963396223254
31.6312037488435,0,97.7742025618144
23.6764712607638,0,59.4097764364833
25.828071923076,1,21.9751430048835
56.2186102030689,1,200
62.9159297701075,1,200
61.664875936611,1,200
73.2366972068767,1,200
70.9172126779244,1,200
37.9904315649529,1,55.5216016708698
62.5028218085805,0,200
54.0310988940135,0,200
46.7562810408956,0,200
41.7909558337035,0,146.773092077631
40.563481487781,0,140.853175985487
28.6481790658135,0,83.3875427648146
22.3361257106185,0,52.9455002439123
26.9047220720157,0,74.9791233564337
24.4726163619777,0,63.2494592877087
20.8983615615905,0,46.0113894408536
34.4472013352945,1,45.7485946275618
66.0666055908905,1,200
69.1104383421285,1,200
65.6033913884201,1,200
73.1564795668026,1,200
44.6604429991992,1,73.9189578968916
36.3946373080066,0,120.747494895313
55.1225231277042,0,200
49.3395535423033,0,200
38.7780337186026,0,132.242241658792
44.8129479562865,0,161.347685718825
27.8520339645993,0,79.5478599135881
27.0827629596292,0,75.8377866100844
25.7088247891792,0,69.2114984828613
24.4491015277647,0,63.1360509334533
29.2897981136274,0,86.4819707166468
25.3672471822248,1,20.7040871755522
56.0274532735305,1,200
62.7452539401624,1,200
70.5888323811113,1,200
66.8660511783526,1,200
66.1894921884508,1,200
31.115609134769,1,36.5593317429127
51.1115642633598,0,200
66.9565314085342,0,200
54.188984209445,0,200
37.0668256402969,0,123.989353707675
32.4878155666055,0,101.905506895412
28.1140564029737,0,80.8115530038657
27.962889611604,0,80.0824992979367
22.5712740527492,0,54.0795837864683
19.961127455098,0,41.4912564640938
11.4487574699653,0,0.437432223557403
43.8138908826718,1,71.5839812622666
64.1789309116999,1,200
61.1170065224879,1,200
55.2389309391849,1,200
35.8365025910462,1,49.5805925722866
17.6533144401863,0,30.3610365535773
36.3576854256713,0,120.569281767195
40.4868903134872,0,140.483788774484
35.5272758517466,0,116.564346742624
41.977730802596,0,147.67387843429
27.0155777190201,0,75.5137627407813
21.6004473259523,0,49.3974388750575
23.6495971645201,0,59.2801668887616
23.1154745016803,0,56.7041771278128
20.1962757972289,0,42.6253400066509
54.225116509312,1,200
63.5269492413102,1,200
78.1248529764993,1,200
70.2430431496429,1,200
70.3881176050965,1,200
13.7431334367549,0,11.502847360212
47.4398908640905,0,200
57.5670581072548,0,200
51.0920805435834,0,200
35.4745354378687,0,116.309988005222
30.1665655035722,0,90.7104822110361
32.2325116522921,0,100.674216192065
33.502312699798,0,106.798267321869
23.6831897848245,0,59.4421788234126
17.2166103762294,0,28.2548814031162
15.6814276283185,0,20.8509359895697
24.8893548583789,1,19.3859552043935
40.4652310991525,1,62.3476422357925
60.7005574974224,1,200
69.0429872541341,1,200
67.6336145207809,1,200
43.9538450632265,1,71.9700056252483
42.767157379749,0,151.481158898585
49.6230752576722,0,200
44.2472482303605,0,158.619404739304
34.7670748542585,0,112.898016661476
39.10220250454,0,133.805656828173
27.0458110772943,0,75.6595734819681
18.9667858940881,0,36.6957031984275
22.5074480741709,0,53.7717611106316
20.7203206739773,0,45.1527261872041
25.6584358587227,0,68.9684805808854
25.2546011344612,1,20.3933846394937
55.1535930242124,1,200
60.2568003395655,1,200
49.3574418392829,1,200
46.6198015269663,1,200
53.7438106688674,1,200
12.1978729027532,0,4.0502983662721
49.3791928342625,0,200
52.3198908157088,0,200
35.7563775222227,0,117.669268136944
28.3189713868305,0,81.7998258052359
27.6941486491689,0,78.7864038207297
30.2639841024548,0,91.1803168215229
21.4392027484912,0,48.6197815887328
17.9254146646519,0,31.6733332242494
23.4078886544569,1,15.2997460938024
51.6444979605449,1,200
56.7067430767113,1,200
62.5165483280361,1,200
67.4456662968457,1,200
71.6203970972994,1,200
50.5009698999125,1,200
39.7438215523532,0,136.900084780002
52.8483027330973,0,200
51.8532893196808,0,200
43.4897346424965,0,154.966035612926
47.2319525444057,0,200
33.0454530636585,0,104.594905010618
21.96660688727,0,51.1633689627512
24.41214964543,0,62.9578378053382
20.4683760216943,0,43.937636677322
28.4869344883525,0,82.609885478491
18.3520409425177,0,33.7308847943159
21.8069493695738,1,10.8840039904223
45.6435357796815,1,200
55.0853226922344,1,200
54.1715242987093,1,200
56.6255013816573,1,200
59.0671898048495,1,200
38.0552883803295,1,55.700491009806
38.6319058202779,0,131.537489743058
44.8028701701951,0,161.299082138429
57.2522952550024,0,200
34.9367175867956,0,113.716176931462
23.075163357315,0,56.5097628062313
27.7344597935342,0,78.9808181423111
26.064906564406,0,70.9288249901616
26.088421398619,0,71.042233344417
22.0841810583355,0,51.7304107340303
15.9770426869971,0,22.2766410144973
11.9056171061051,0,2.64079453480964
50.9515540909684,1,200
51.3577625662373,1,200
45.0393433416765,1,200
61.6829675745852,1,200
57.5027751475742,1,200
40.321863401998,1,61.9522026444427
38.1246572536814,0,129.091109529828
56.1944636416172,0,200
38.7457848031106,0,132.086710201528
35.1685066668958,0,114.834059280553
32.2560264865051,0,100.787624546321
27.1902593446031,0,76.3562248009667
21.8456734541744,0,50.5801259980091
18.8122598406876,0,35.9504482990322
19.4303640542887,0,38.9314678966102
21.6541955184393,0,49.6566579704987
26.5184069385153,0,73.1159861079488
13.2694774904633,0,9.21847908163573
53.3853914259829,1,200
56.7442917592992,1,200
55.2696525885749,1,200
51.7383696670144,1,200
62.0540168288856,1,200
54.4606491546368,1,200
22.2319885876755,0,52.4432632464972
55.9781271668572,0,200
58.1818030588249,0,200
40.6595563818516,0,141.316530118589
32.1015004331049,0,100.042369646926
27.9125006811475,0,79.8394813959607
23.021415164828,0,56.2505437107902
28.268582456374,0,81.55680790326
18.4662558515525,0,34.2817253721287
17.0688028468901,0,27.5420288906524
19.2086527602797,0,37.8621891279139
14.6366971368521,0,15.8123648219272
24.1998245054015,1,17.4840790745795
52.8699504195494,1,200
54.5903627853944,1,200
55.225959576109,1,200
52.4566759649206,1,200
32.7826682361738,1,41.1574468197338
17.2367659484119,0,28.3520885639063
32.4690036992351,0,101.814780212008
39.3578423450563,0,135.038567650866
33.8415981648724,0,108.434587861843
31.8058853744265,0,98.6166646219998
31.1273144442775,0,95.3440235420503
22.5376814324448,0,53.9175718518173
18.7887450064748,0,35.8370399447779
20.4717352837247,0,43.9538378707872
18.3184483222135,0,33.5688728596659
24.0325621920556,1,17.0227328846745
52.9552883345218,1,200
58.3076823615947,1,200
56.9658289865675,1,200
56.2452356325402,1,200
50.2528072431738,1,200
34.8568233271618,1,46.8784220314102
38.8737726864696,0,132.703975672544
49.8014520714885,0,200
52.0051279634567,0,200
37.4225714893205,0,125.705060095629
25.812961912123,0,69.7137354802796
24.8790870676607,0,65.2098036969839
22.6283815072667,0,54.3550040753748
27.7915672480517,0,79.2562384312175
21.6172436361044,0,49.4784448423825
17.7540923010996,0,30.8470723575302
18.8794450812967,0,36.2744721683355
43.9845667126167,1,72.0547426805373
45.6640168792748,1,200
57.184635400557,1,200
62.8462940314899,1,200
63.8696663078396,1,200
54.3206949740814,1,200
21.1838988341788,0,47.388490885391
47.6075180394082,0,200
52.4032005140636,0,200
39.0907810136366,0,133.750572770392
43.5129135505064,0,155.077823847834
31.2952775457998,0,96.1540832153064
24.1971568754817,0,61.9209614235712
24.1165345867512,0,61.5321327804095
20.9924208984428,0,46.4650228578762
26.4814550561803,0,72.9377729798321
17.5323810070906,0,29.7777935888344
14.6534934470042,0,15.8933707892525
44.2951967231165,1,72.9115284617903
52.9006720689394,1,200
53.9486216648013,1,200
64.2847499262658,1,200
70.8318747629527,1,200
63.9126766169852,1,200
19.6700879786631,1,4.99007103367029
52.9322842838569,0,200
51.0306060484263,0,200
46.7875221777786,0,200
36.3788487764631,0,120.671349286025
39.3507878947925,0,135.004545144589
26.2429474520192,0,71.7874882438112
25.7524951955751,0,69.422113997908
25.8331174843055,0,69.8109426410698
27.5463411198296,0,78.0735513082659
16.9613064619159,0,27.023590699769
18.5880032168125,1,2.0054436418338
49.5178771194311,1,200
64.3257121254524,1,200
54.8361359805148,1,200
56.7459985175987,1,200
62.1564223268524,1,200
41.3288507986747,1,64.7296950122455
47.9840913130221,0,200
49.3556780000492,0,200
44.1871174400157,0,158.329403376279
35.2188955973525,0,115.07707718253
32.2493079624441,0,100.75522215939
33.149590186602,0,105.097142008035
27.7680524138386,0,79.1428300769622
22.1715218711269,0,52.1516417641225
18.9365525358141,0,36.5498924572417
17.5827699375471,0,30.0208114908102
28.7841772977221,1,30.1287307693349
54.631324984581,1,200
60.2260786901754,1,200
60.0335563539975,1,200
52.1346789441467,1,200
43.5059916854511,1,70.7347276637056
14.797941714313,0,16.590022108251
42.1833176388587,0,148.665391474353
43.6214177140899,0,155.601122396758
50.6664620443267,0,200
34.7586766991823,0,112.857513677813
26.4445031738455,0,72.7595598517162
21.9397327910267,0,51.0337594150317
23.4077302983285,0,58.1136809592752
26.6225440614587,0,73.6182231053658
18.2647001297263,0,33.3096537642239
16.2928133178586,0,23.7995532002164
15.3051902809094,0,19.0364023214799
21.8513250853594,1,11.0064019591727
43.0219550317274,1,69.3996482814898
55.9352883253603,1,200
57.1436732013701,1,200
49.6636342782041,1,200
29.1415724856267,1,31.1145051791939
33.5658027521733,0,107.104469878359
50.7571621191486,0,200
42.7671573797492,0,151.481158898586
29.4006537606318,0,87.0166101009944
28.7859088090616,0,84.0517916968838
16.6556136171459,0,25.5492820944458
15.3723755215183,0,19.3604261907821
14.6434156609129,0,15.8447672088574
14.5493563240606,0,15.3911337918349
15.7250980347143,0,21.0615515046162
12.0399875873226,0,3.28884227341315
40.7212448440699,1,63.0537843631987
55.3447499537508,1,200
59.8505918642965,1,200
62.5639962087609,1,200
68.3915517464004,1,200
65.9471325099298,1,200
16.8773249111545,0,26.6185608631398
52.7609619203064,0,200
44.7833864504188,0,161.205115216333
40.9800299795554,0,142.862123975158
37.9123518933585,0,128.067194102838
41.2622079901124,0,144.223024226225
29.2897981136274,0,86.4819707166468
21.0663246631126,0,46.8214491141087
23.1692226941673,0,56.963396223254
24.9832241906046,0,65.7120406944032
18.7282782899267,0,35.5454184624053
50.6511646302654,1,200
64.0833524469307,1,200
64.3376594335484,1,200
57.7990683883587,1,200
67.0684727126669,1,200
50.7126079290467,1,200
41.470482236,0,145.227498221063
66.9555236299261,0,200
54.12549415707,0,200
40.5208188599945,0,140.64742082848
31.7655742300609,0,98.4222503004173
29.4913538354539,0,87.4540423245528
32.0779855988918,0,99.928961292671
22.0102772936658,0,51.3739844777979
22.362999806862,0,53.075109791633
17.3207474991728,0,28.7571184005334
28.8285530135076,1,30.2511287380848
59.7891485655166,1,200
69.5040168059814,1,200
76.6710362570283,1,200
60.8725987340076,1,200
47.8247728863773,1,200
30.2135951719978,0,90.9372989195448
49.9559781248896,0,200
50.1797049761161,0,200
47.921609039255,0,200
35.1248362605,0,114.623443765507
27.8385969164777,0,79.4830551397283
30.0691469046894,0,90.2406476005483
25.1914984364916,0,66.7165146892375
21.4559990586435,0,48.7007875560589
17.0486472747073,0,27.4448217298611
12.0668616835662,0,3.41845182113427
48.1422299300751,1,200
47.7599160709984,1,200
55.5802825990747,1,200
69.3944429231566,1,200
69.029879350395,1,200
58.6695151210767,1,200
24.2441865439073,0,62.1477781320799
44.9506776995342,0,162.011934650892
49.5686552127797,0,200
49.008330306102,0,200
51.159937636598,0,200
34.2211947743122,0,110.265322723399
23.8713084585291,0,60.3494456574578
22.8433742772148,0,55.3918804571405
23.7235009291899,0,59.6365931449941
27.6303226705905,0,78.4785811448929
15.8090795854753,0,21.4665813412433
51.4260328982153,1,200
58.7104773202645,1,200
66.0341771832012,1,200
59.1218060704318,1,200
66.2475219706316,1,200
44.5921726672207,1,73.7306533295819
27.0827629596291,0,75.8377866100843
60.5712461410757,0,200
53.2648512248713,0,200
40.4324702685938,0,140.221329440348
36.4315891903411,0,120.925708023428
29.1621461564706,0,85.8663253649732
33.9054241434508,0,108.74241053768
23.4614784908157,0,58.3729000547175
23.1591449080759,0,56.9147926428584
15.8191573715667,0,21.5151849216389
35.9525621554087,1,49.9007103367107
61.7997098422676,1,200
61.724271125432,1,200
68.0928690439969,1,200
57.8383238292463,1,200
55.945528875157,1,200
11.4621945180883,0,0.50223699742358
42.5991942782274,0,150.671099225332
55.280408443134,0,200
56.2670237014746,0,200
41.0011933303472,0,142.964191493988
33.5728572024373,0,107.138492384636
28.4499826060176,0,82.4316723503747
30.7040474284424,0,93.3026731654501
22.9508706621887,0,55.910318648023
17.6432366540951,0,30.3124329731827
24.5616572648847,1,18.4820932813137
51.8015197240942,1,200
38.9393891794451,1,58.1390351564513
43.1448416292878,1,69.738596502645
54.906454422452,1,200
59.7905139721561,1,200
61.3013364188289,1,200
43.9743261628196,1,72.0264969954401
31.0399736314856,0,94.9227925119559
43.3483097110157,0,154.283965368049
50.3439728894044,0,200
42.8931297058907,0,152.088703653527
48.7298474837784,0,200
31.0836440378819,0,95.1334080270048
26.7367589704938,0,74.1690636831796
25.0907205755786,0,66.2304788852855
25.4434430887746,0,67.9316041991195
22.7795482986364,0,55.0840577813038
67.0565254045711,1,200
66.8349881773028,1,200
70.8666926322616,1,200
57.7775632337848,1,200
65.9915082257156,1,200
42.4382436933154,1,67.7896442310024
37.3621047727726,0,125.413438613257
61.8612027607645,0,200
58.5257914907421,0,200
42.2827517949596,0,149.144946800919
34.7690904114768,0,112.907737377555
29.2763610655055,0,86.417165942786
31.1373922303691,0,95.392627122447
24.6372202014691,0,64.0433177674975
22.5578370046276,0,54.0147790126086
20.8681282033166,0,45.8655786996679
33.156892060911,1,42.1896383054342
50.8559756261994,1,200
69.7798289471723,1,200
71.2049721272124,1,200
68.1997121135422,1,200
39.6220924992239,1,60.0220808295324
38.900646782713,0,132.833585220264
40.5802777979331,0,140.934181952812
51.570775382921,0,200
34.2010392021294,0,110.168115562607
22.1288592433404,0,51.9458866071161
89.0429858180758,1,200
50.9208324415781,1,200
57.6019944323709,0,200
29.8262722598885,0,89.0693013130216
19.3336173078119,0,38.4648735248147
22.4856128709731,0,53.6664533531088
37.7131476549534,0,127.106463330358
39.4347694455536,0,135.409574981218
28.7724717609397,0,83.986986923023
20.4280648773291,0,43.7432223557416
22.4839332399578,0,53.6583527563762
27.4825151412512,0,77.7657286324291
24.5230052924342,0,63.4924771896847
18.0362703116565,0,32.2079726085981
44.2098588081442,1,72.6761477526555
63.1855975814204,1,200
82.8355058829789,1,200
68.4441199020236,1,200
65.6433295326277,1,200
20.7337577220994,0,45.217530961066
39.4078953493112,0,135.279965433502
51.412218215083,0,200
50.7480921116664,0,200
39.369935688366,0,135.096891947341
24.4591793138561,0,63.1846545138489
29.3771389264188,0,86.903201746739
22.7022852719364,0,54.7114303316072
21.6340399462565,0,49.5594508097074
36.5525226234369,0,121.508950988171
12.1340469241748,0,3.74247569043521
31.9211990521097,1,38.7813256371531
53.9554486979991,1,200
70.1321038601786,1,200
41.350014601587,1,64.7880694281087
11.828690005608,0,2.2697872044588
20.8781315030135,1,8.32212035219212
13.4367687395793,0,10.0252985161975
18.1289859436965,0,32.6551255482337
22.989166249336,0,56.0950122535261
21.7755450168641,1,10.7973838894608
78.3552653469248,1,200
36.6788308757812,0,122.118115862457
32.4690036992351,0,101.814780212008
13.1949018733877,0,8.85881258671117
18.4652480729435,0,34.2768650140895
30.358715291713,0,91.637190477238
42.4490352654664,0,149.946905877441
34.2043984641598,0,110.184316756073
26.5990292272459,0,73.5048147511115
18.8828043433269,0,36.2906733617995
24.6002683191344,0,63.8651046393823
53.4263536251698,1,200
72.9038793384841,1,200
81.1761954642546,1,200
65.9116319373006,1,200
57.7137304733872,1,200
27.1667445103907,0,76.2428164467145
47.4869205325165,0,200
56.7551244744971,0,200
41.2346620414627,0,144.090174439811
38.0950957478144,0,128.948539027339
27.8755487988126,0,79.6612682678445
27.5832930021644,0,78.2517644363821
31.5774555563565,0,97.5149834663732
26.7669923287676,0,74.3148744243644
20.8033754894975,1,8.11592685098933
66.4625735163629,1,200
77.3726163236,1,200
72.7873760169636,1,200
71.9856433733796,1,200
70.9411072941184,1,200
17.83471458983,0,31.235901000692
58.9722374145872,0,200
60.7526462907196,0,200
52.9766265426601,0,200
39.8019367854805,0,137.180365426951
37.7366624891667,0,127.219871684615
34.4865764747165,0,111.545217007139
33.1932605929978,0,105.307757523082
30.4789768724029,0,92.2171932032887
19.5949678937801,0,39.7253263763989
16.3028911039499,0,23.8481567806117
64.9640397294466,1,200
64.1294349210157,1,200
72.0289950341864,1,200
77.4909629440839,1,200
62.7486674567609,1,200
27.5041085731359,1,26.5980201323054
57.621814078351,0,200
58.5355333506302,0,200
42.5780309274353,0,150.569031706501
40.1311444644636,0,138.76808238653
46.6303087147541,0,200
34.1775243679163,0,110.054707208352
29.3536240922057,0,86.7897933924837
25.5207061154748,0,68.3042316488172
29.0445719854053,0,85.2992835936952
24.1383812066214,1,17.3146049640021
68.9954028327454,1,200
77.0731485123787,1,200
70.7485849579399,1,200
63.8478198016075,1,200
58.7377854530552,1,200
19.8771459043377,0,41.0862266274699
47.7489429708896,0,200
60.6014794993506,0,200
53.7798260941377,0,200
39.5335317492483,0,135.88589006909
39.6507699941108,0,136.451311721022
30.1329728832676,0,90.5484702763841
37.7114680239384,0,127.098362733627
26.8879257618634,0,74.8981173891076
19.2052934982492,0,37.8459879344487
32.784818751631,1,41.1633784136036
66.5103627487474,1,200
62.6121267928055,1,200
61.0098221012824,1,200
63.2074440876539,1,200
67.8211531227232,1,200
26.302550730323,1,23.2838597476768
54.7664413524768,0,200
62.312351651453,0,200
50.0103981697819,0,200
36.5743578266347,0,121.614258745693
35.4943550838486,0,116.405575046668
28.2249120499781,0,81.3461923882133
33.9490945498464,0,108.953026052725
24.1232531108121,0,61.5645351673399
22.9475114001585,0,55.8941174545588
24.667453559743,0,64.1891285086833
30.9483468214237,1,36.0979855530094
51.4499275144076,1,200
73.0335929692423,1,200
73.688305452911,1,200
70.6140924039426,1,200
51.6683925767384,1,200
35.0343261903051,1,47.3680139064135
54.5480893204989,0,200
63.4037758851435,0,200
54.2413886971199,0,200
44.4572021072631,0,159.631979330873
30.4218694178854,0,91.9417729143823
26.5687958689717,0,73.3590040099246
26.5855921791238,0,73.4400099772496
25.3258689177093,0,67.3645624278415
24.5532386507084,0,63.6382879308715
19.5244233911408,0,39.3851013136317
18.4864114237353,0,34.3789325329198
30.8322872570612,1,35.7778677885853
55.1331119246189,1,200
53.924727048609,1,200
67.5668461361065,1,200
72.4072126733443,1,200
60.0178541776422,1,200
25.436724564713,0,67.8992018121858
50.859619611077,0,200
54.4405929355252,0,200
41.4704822359996,0,145.227498221061
33.6064498227417,0,107.300504319287
37.8357607190645,0,127.697806891834
26.1992770456234,0,71.5768727287646
20.0921386742852,0,42.1231030092326
24.8387759232956,0,65.0153893754035
20.596027978851,0,44.5532820289956
19.2624009527668,0,38.1214082233555
20.1962757972288,0,42.6253400066502
43.6500420859248,1,71.1320503007268
57.1607407843645,1,200
62.2059183175366,1,200
65.5544756955579,1,200
46.7581513547198,1,200
36.9749103767788,1,52.7205712321532
39.6111307021517,0,136.260137638135
50.6664620443265,0,200
48.6458659330176,0,200
37.0564119280027,0,123.939130007934
35.7328626880095,0,117.555859782688
26.3705994091759,0,72.4031335954848
20.9185171337731,0,46.1085966016438
19.3127898832234,0,38.3644261253322
14.6702897571565,0,15.9743767565784
23.0415707370106,0,56.3477508715804
14.2335856931994,0,13.8682216061165
27.1934785626355,1,25.7412343510506
55.0887362088334,1,200
54.1090569449495,1,200
46.9201909876694,1,200
54.0199641617183,1,200
51.2932471025182,1,200
18.9688014513064,0,36.7054239145068
40.6676186107247,0,141.355412982905
53.820473164706,0,200
41.9508567063523,0,147.544268886568
30.2841396746373,0,91.277523982313
25.8633508425797,0,69.9567533822566
21.3014730052433,0,47.9555326566647
22.1076958925486,0,51.8438190882857
18.5267225681005,0,34.5733468545005
12.7353548276235,0,6.6424893206867
12.3221655978795,0,4.64974252448067
13.5214221427462,0,10.4335685915174
23.6946240487646,1,16.0906252764978
49.422298654662,1,200
58.0380145502815,1,200
56.0274532735305,1,200
53.5826926853993,1,200
36.1375747550691,1,50.4110157141166
21.5198250372219,0,49.0086102318957
45.7320420478146,0,200
51.5059416257333,0,200
34.1708058438556,0,110.022304821423
29.4980723595146,0,87.4864447114822
27.3884558043989,0,77.3120952154065
20.1324498186503,0,42.317517330813
14.0992152119819,0,13.2201738675134
16.0072760452712,0,22.4224517556835
12.4195841967623,0,5.11957713496828
19.4807529847452,0,39.174485798586
45.0598244412697,1,200
52.3374418301214,1,200
54.7200764161523,1,200
58.8087865983127,1,200
43.4780008493403,1,70.6575227911097
36.4168004128589,1,51.1811813944075
39.0825508216618,0,133.710879846402
50.1785292344055,0,200
42.0113234229002,0,147.83589036894
39.2500100338795,0,134.518509340637
24.3651199770035,0,62.7310210968252
20.8278170589514,0,45.6711643780875
17.9724443330781,0,31.9001499327613
15.4496385482183,0,19.7330536404789
22.1278514647311,0,51.9410262490759
13.7095408164509,0,11.3408354255628
42.970752282744,1,69.2584198560087
59.06548304655,1,200
60.4377167193071,1,200
55.3225620958578,1,200
63.6617831469668,1,200
67.3603283818739,1,200
15.6612720561369,0,20.7537288287837
52.4250357172614,0,200
62.2613580538309,0,200
47.0498133571155,0,200
38.1179387296214,0,129.058707142902
30.8518549577814,0,94.0155256779129
31.4800369574737,0,97.0451488558854
25.3728985861355,0,67.5913791363534
21.613884374074,0,49.4622436489173
19.883864428398,0,41.1186290143972
12.8058993302627,0,6.98271438345327
43.2267660276613,1,69.9645619834148
60.7654143128015,1,200
69.5678495663807,1,200
71.6948117591543,1,200
77.5240740550933,1,200
51.8868576390669,1,200
28.3267660734701,1,28.8670901683701
62.2508771562958,0,200
60.698898098234,0,200
54.6488671814122,0,200
47.0166238482545,0,200
35.1987400251698,0,114.979870021739
27.9998414939388,0,80.2607124260529
29.3603426162667,0,86.822195779414
29.2259721350492,0,86.1741480408111
21.7919252616872,0,50.3209069025669
19.2724787388581,0,38.1700118037507
46.5242230621972,1,200
67.6641313591752,1,200
66.2908736314381,1,200
53.6495976107378,1,200
73.3336410782851,1,200
67.2579228839076,1,200
32.341061593773,1,39.939398726096
56.869339383532,0,200
63.1242852842101,0,200
55.9614988198064,0,200
43.9000684995146,0,156.945011394686
38.4337093604828,0,130.581619328621
33.8113648065984,0,108.288777120657
29.2461277072318,0,86.2713552016012
24.7682314206563,0,64.6751643126363
23.2901561272631,0,57.5466391879972
18.7887450064748,0,35.8370399447779
32.1533181808349,1,39.4215611660017
52.7880260211759,1,200
67.7836044401364,1,200
67.9099045542959,1,200
70.5144177192546,1,200
53.3614968097914,1,200
41.6053456431853,1,65.4923285098437
45.8509599236932,0,200
54.4741855558291,0,200
52.3511319525918,0,200
54.6992561118689,0,200
35.7899701425272,0,117.831280071595
31.4934740055953,0,97.1099536297451
28.0367933762737,0,80.4389255541692
28.3357676969828,0,81.880831772562
27.2910372055161,0,76.8422606049187
40.7724475930534,1,63.19501278868
68.3195265461635,1,200
69.350067207371,1,200
59.5918473061003,1,200
61.6491737602566,1,200
51.1836732196927,1,200
23.9754455814724,0,60.8516826548739
56.4695872019102,0,200
66.9397350983828,0,200
46.7451954761951,0,200
28.3962344135307,0,82.1724532549336
30.5831139953464,0,92.7194302007059
25.4736764470488,0,68.0774149403064
31.37589983453,0,96.5429118584671
22.4772147158969,0,53.6259503694458
18.5703929744962,0,34.7839623695469
35.0138450907118,1,47.3115225362213
56.4882780143816,1,200
63.1364429423964,1,200
67.0756410975249,1,200
64.6356594326317,1,200
62.7862161393495,1,200
16.9478694137925,0,26.9587859259006
54.524574486287,0,200
59.121724574942,0,200
46.4203548378516,0,200
38.10786094353,0,129.010103562506
38.5781576277916,0,131.278270647619
26.4848143182108,0,72.9539741732977
24.1232531108121,0,61.5645351673399
22.3663590688923,0,53.0913109850971
24.7682314206565,0,64.6751643126373
19.8502718080934,0,40.9566170797451
22.2677741104249,1,12.155059819753
51.0607866221332,1,200
60.581084416461,1,200
60.6380901436624,1,200
56.846697257266,1,200
57.4689813332456,1,200
37.3077282451705,1,53.6385559977788
46.1264194101876,0,200
65.831514554541,0,200
46.4190111330393,0,200
36.2300334685148,0,119.953636415522
31.7319816097565,0,98.2602383657664
23.938493699138,0,60.6734695267599
29.3166722098709,0,86.6115802643674
20.6161835510338,0,44.6504891897869
19.4841122467757,0,39.1906869920514
15.9232944945102,0,22.0174219190561
12.7756659719888,0,6.83690364226759
25.4559986137961,1,20.948883113053
51.44310048121,1,200
53.5731348389224,1,200
55.2594120387781,1,200
50.6102024310788,1,200
41.7876274295657,1,65.9951017045549
30.1862171864501,0,90.8052591928061
48.5368578801298,0,200
42.9552760534536,0,152.38842573263
37.9734904623126,0,128.362055823903
29.9448542095631,0,89.6412034423399
23.1154745016803,0,56.7041771278128
19.3161491452536,0,38.3806273187963
17.5928477236384,0,30.0694150712056
18.2876137561095,1,1.17690354567706
21.015935732656,0,46.5784312121323
14.1596819285297,0,13.5117953498845
11.7477317906744,0,1.87933844195032
24.3022300033685,1,17.7665359255422
46.3569607488512,1,200
41.5814510269924,1,65.4264219112841
56.3961130662113,1,200
63.65154259717,1,200
58.6346972517689,1,200
33.7156847281508,1,43.7309111888533
42.4799404761466,0,150.095956857321
56.6869314552797,0,200
42.4473556344512,0,149.938805280709
32.6322638339143,0,102.602158214411
28.6784124240874,0,83.5333535060003
19.8401940220022,0,40.9080134993506
25.8230396982143,0,69.7623390606752
16.8907619592766,0,26.6833656370017
15.4630755963402,0,19.7978584143397
15.6411164839534,0,20.6565216679893
38.5980375195552,1,57.1975123199095
45.2953570865938,1,200
58.0584956498748,1,200
63.130981315838,1,200
55.6727888989049,1,200
51.9445460695882,1,200
20.1324498186512,0,42.3175173308173
51.4757082674587,0,200
53.6263078193466,0,200
45.8744747579053,0,200
34.5369654051733,0,111.788234909117
33.6131683468026,0,107.332906706218
23.0415707370106,0,56.3477508715804
21.3552211977302,0,48.2147517521059
17.9388517127737,0,31.7381379981103
20.2365869415941,0,42.8197543282314
15.0532456286265,0,17.8213128115983
13.4374405919853,0,10.0285387548903
31.5149905768409,1,37.6609134616687
46.394509431439,1,200
41.1001451865478,1,64.0988747117605
50.7535701282322,1,200
51.6547385103416,1,200
47.9428805606994,1,200
19.4202862681973,0,38.8828643162145
48.1943811161265,0,200
60.1211050289976,0,200
36.4248706662801,0,120.893305636497
26.0245954200406,0,70.7344106685802
22.5477592185362,0,53.966175432213
15.0767604628395,0,17.9347211658536
23.2800783411719,0,57.4980356076021
14.9491085056829,0,17.3190758141806
11.8619466997093,0,2.43017901976333
18.5436275010269,1,1.88304567308342
20.1650478855036,1,6.35527914665653
11.5058649244828,0,0.712852512463794
30.7913250578745,1,35.6648850482005
50.4156319849412,1,200
55.5051852338991,1,200
54.0988163951527,1,200
60.1031920926151,1,200
46.9611531868562,1,200
20.922848570459,1,8.44545984377886
42.5367120044609,0,150.36975702688
43.767881538617,0,156.307494431836
42.9307534406313,0,152.270157020335
43.8790731118245,0,156.84375393553
30.0993802629631,0,90.3864583417331
22.5141665982318,0,53.804163497562
21.5634954436174,0,49.2192257469413
16.2289873392804,0,23.4917305243804
23.9956011536553,0,60.9488898156658
16.7967026224244,0,26.2297322199798
39.5777167834388,1,59.8996828607837
54.0783352955594,1,200
60.7722413459993,1,200
49.7363421817604,1,200
72.9038793384843,1,200
65.4146239205018,1,200
22.0868577306819,1,11.6560527163823
56.2680314800832,0,200
59.9937889980437,0,200
46.0622575054068,0,200
34.4697801645647,0,111.464211039816
29.1990980388055,0,86.0445384930894
30.7510770968684,0,93.5294898739609
24.18371982736,0,61.8561566497115
18.5905485466788,0,34.8811695303371
20.8278170589512,0,45.6711643780864
14.2335856931996,0,13.8682216061174
21.1686217655799,1,9.12335628608948
49.6919664659749,1,200
60.61521958245,1,200
55.6977075700767,1,200
57.0521909565198,1,200
47.0580970582649,1,200
23.2576939241057,1,14.8854760457247
47.9844272392241,0,200
54.1046667324812,0,200
44.5203562334353,0,159.936561768016
38.9443171891093,0,133.044200735313
26.9483924784115,0,75.1897388714803
22.4335443095011,0,53.4153348543991
21.7079437109265,0,49.9158770659409
25.6920284790271,0,69.1304925155364
17.8615886860735,0,31.3655105484126
13.0074550520891,0,7.95478599135882
26.6507294234106,1,24.2442130409492
51.7707980747041,1,200
45.9166171075933,1,200
54.3821382728611,1,200
56.149657167771,1,200
48.4115563897281,1,200
21.3202848726137,0,48.0462593400689
52.0995232265119,0,200
43.271046684315,0,153.911337918349
35.9646517681099,0,118.67374213178
31.8596335669132,0,98.8758837174399
24.9529908323305,0,65.5662299532163
23.5152266833026,0,58.6321191501586
17.6130032958212,0,30.1666222319969
15.4832311685227,0,19.8950655751299
16.786624836333,0,26.181128639584
14.8584084308611,0,16.8816435906232
41.6838565249592,1,65.7088787622462
55.1979687399982,1,200
57.181221883958,1,200
57.7123650667465,1,200
42.4815953541218,1,67.9092176312443
32.8588920618273,1,41.3676888691337
35.7966886665881,0,117.863682458526
45.1035241219194,0,200
46.8671366879,0,200
40.9497966212817,0,142.716313233973
25.2989948214658,0,67.2349528801209
21.2880359571214,0,47.8907278828039
21.6575547804698,0,49.6728591639639
18.5905485466788,0,34.8811695303371
22.1076958925487,0,51.8438190882864
15.439560762127,0,19.6844500600835
21.0798703340084,1,8.87856034858835
42.7283926042222,1,68.5899386420641
45.3397328023795,1,200
51.8868576390664,1,200
48.5620924717396,1,200
28.4001566803461,1,29.0695175782257
35.5699384795333,0,116.770101899632
50.8864937073203,0,200
32.8271010316799,0,103.541827435387
25.3225096556788,0,67.3483612343763
22.2420663737662,0,52.4918668268897
21.1335099037212,0,47.1454729834096
18.5670337124659,0,34.7677611760821
14.2335856931993,0,13.8682216061164
18.4992517852412,1,1.76064770433303
18.1169379261646,1,0.706142127406231
18.1066973763679,1,0.677896442310022
41.8511188383052,1,66.1702249521516
55.3208553375585,1,200
57.3757923300953,1,200
48.6047614292257,1,200
32.9684659446519,1,41.6699176996634
25.3655082096684,0,67.5557365107295
42.4329108077205,0,149.86914014881
39.9655328463629,0,137.969363548701
35.4204513191788,0,116.049148790435
27.3615817081554,0,77.1824856676859
20.1122942464678,0,42.2203101700228
19.410208482106,0,38.834260735819
17.9623665469867,0,31.8515463523655
12.7017622073191,0,6.48047738603569
19.5143456050496,0,39.3364977332371
43.3872013078096,1,70.4070777165898
56.7920809916835,1,200
60.9599847589388,1,200
60.2974211870924,1,200
59.1511623131821,1,200
56.6145781285413,1,200
22.1076958925497,0,51.843819088291
55.6032335242592,0,200
51.785432226666,0,200
53.6085037305852,0,200
37.425930751351,0,125.721261289094
27.2473667991203,0,76.631645089872
26.0178768959797,0,70.7020082816498
20.0081571235243,0,41.7180731726056
25.8196804361838,0,69.7461378672097
15.5705719813141,0,20.3162966052221
13.6793074581769,0,11.1950246843768
40.9431234229982,1,63.6657742069507
49.2516228247171,1,200
56.607751095343,1,200
64.3676983796189,1,200
66.6902550735094,1,200
50.4702482505242,1,200
27.4724373551603,0,77.7171250520356
53.5886840846057,0,200
56.0080245989278,0,200
39.4381287075839,0,135.425776174682
39.7035104079887,0,136.705670458425
28.6045086594179,0,83.176927249769
20.3810352089029,0,43.5164056472298
22.5007295501099,0,53.7393587237011
16.4607764193806,0,24.6096128734712
23.0415707370106,0,56.3477508715805
18.6289654159993,1,2.11842638221889
46.4798473464114,1,200
52.4159527118959,1,200
56.2834670184477,1,200
42.3655357897593,1,67.5890998668203
43.7039756481873,1,71.2808109089002
30.9784991363291,0,94.6263106715473
50.7548106357271,0,200
44.8566183626823,0,161.558301233872
38.7058095849481,0,131.893915999292
20.6161835510338,0,44.6504891897869
15.8090795854753,0,21.4665813412433
17.4047290499338,0,29.1621482371604
18.6006263327702,0,34.9297731107328
19.5680937975366,0,39.5957168286783
13.8002408912727,0,11.7782676491201
45.452378850143,1,200
57.8024819049576,1,200
52.3579229297147,1,200
57.8826995450316,1,200
55.8362963439921,1,200
41.5285415197093,1,65.2804858716196
47.2047425219591,0,200
59.5097193394576,0,200
43.8723545877636,0,156.8113515486
31.3019960698605,0,96.1864856022358
29.4140908087536,0,87.0814148748552
30.3278100810331,0,91.4881394973597
21.6676325665609,0,49.7214627443584
17.099036205164,0,27.6878396318383
12.7588696618366,0,6.75589767494219
51.9244063216545,1,200
48.0500649819047,1,200
56.5531348297609,1,200
58.9818518898769,1,200
53.404165767277,1,200
38.8540512644724,1,57.9036544473154
50.1051293590402,0,200
50.5038737620534,0,200
42.4093959735073,0,149.755731794553
34.8930471804,0,113.505561416417
36.2165964203927,0,119.888831641661
26.1824807354713,0,71.4958667614396
20.596027978851,0,44.5532820289956
20.4381426634205,0,43.7918259361373
14.0555448055861,0,13.0095583524668
21.2477248127561,0,47.6963135612228
26.1591830331692,1,22.888420156329
48.1558839964706,1,200
53.5663078057248,1,200
56.2083696532719,1,200
46.9184842293701,1,200
38.5126996045826,1,56.9621316107737
33.4243778206918,0,106.422399633479
46.2093931823402,0,200
41.8299232732565,0,146.961025921825
40.586996321994,0,140.966584339742
24.1870790893905,0,61.8723578431767
17.5827699375472,0,30.020811490811
17.8414331138909,0,31.2683033876224
13.2627589664024,0,9.18607669470553
21.0663246631125,0,46.8214491141083
15.2648791365441,0,18.8419879998989
34.6247041984373,1,46.2381865025637
59.7345322999341,1,200
55.3140283043607,1,200
60.2738679225599,1,200
56.1854990920594,1,200
54.9853066558874,1,200
20.5859501927603,0,44.5046784486032
44.3409716410099,0,159.071418036981
48.7614245468647,0,200
46.0931627160868,0,200
36.1762852760276,0,119.69441732008
25.8868656767927,0,70.070161736512
23.4413229186329,0,58.2756928939262
19.662153134389,0,40.049350245701
22.6115851971146,0,54.2739981080498
16.3062503659801,0,23.8643579740759
60.9941199249275,1,200
69.2992058100473,1,200
67.4832149794336,1,200
60.034921760637,1,200
71.5111645661328,1,200
35.8365025910476,1,49.5805925722904
42.8108277861457,0,151.691774413636
61.1490392103115,0,200
60.4133608256457,0,200
47.7858948532252,0,200
38.084346109317,0,128.896695208251
32.6255453098534,0,102.569755827481
31.8596335669135,0,98.875883717441
23.4614784908154,0,58.3729000547164
20.1761202250461,0,42.5281328458596
31.6481177241978,1,38.0281073679198
73.1223444008136,1,200
56.478037464585,1,200
68.9220122258692,1,200
75.5715425605234,1,200
60.4445437525056,1,200
38.7158873710397,0,131.942519579689
56.120223950745,0,200
56.8165989696545,0,200
45.7276750071753,0,200
41.8816559085252,0,147.210524301187
37.2411713396768,0,124.830195648514
26.8039442111026,0,74.4930875524817
22.8937632076713,0,55.6348983591166
23.9149788649249,0,60.5600611725045
14.5124044417256,0,15.212920663718
44.0528370445947,1,72.2430472478456
65.4555861196877,1,200
76.2252309892124,1,200
74.9519892978223,1,200
71.0810614746725,1,200
28.0838230446998,0,80.6657422626799
59.5533897458525,0,200
57.4303361426159,0,200
46.3981837084508,0,200
36.2706805390828,0,120.149670856449
41.5175119044258,0,145.454314929573
26.8106627351634,0,74.525489939411
21.0898394973256,0,46.9348574683641
22.4973702880795,0,53.7231575302359
17.5558958413038,0,29.8912019430905
17.1057547292247,0,27.7202420187676
49.9855288934803,1,200
72.0129515061716,1,200
70.2805918322308,1,200
63.6003398481864,1,200
50.132310107234,1,200
18.2534785901189,1,1.08275126201842
52.0991873003084,0,200
58.9645111119174,0,200
49.3926298823841,0,200
34.2514281325861,0,110.411133464585
27.2943964675466,0,76.8584617983838
25.5509394737486,0,68.4500423900019
21.8859845985397,0,50.7745403195905
26.4848143182108,0,72.9539741732977
18.6039855948004,0,34.9459743041968
16.1013353821236,0,22.8760851727068
19.6086446798831,1,4.82059692309344
46.9782207698508,1,200
47.4765941932898,1,200
50.0333181258647,1,200
41.1387179241151,1,64.205266792289
15.2611839483106,0,18.824166687087
38.1293602205249,0,129.113791200683
38.9879875955051,0,133.25481625036
25.1310317199437,0,66.4248932068659
24.543160864617,0,63.5896843504759
23.0314929509194,0,56.2991472911858
26.9147998581068,0,75.0277269368282
16.9344323656725,0,26.8939811520489
16.3633578204978,0,24.1397782629832
24.4490112171212,1,18.1713907452552
45.8449332590164,1,200
41.5439023444044,1,65.3228543992644
56.269812952052,1,200
49.2813204191276,1,200
39.6930936444816,1,60.2179175795349
35.5706103319395,0,116.773342138325
42.9310893668344,0,152.271777139681
35.3331105063874,0,115.627917760343
30.0019616640806,0,89.9166237312463
23.1793004802587,0,57.0119998036496
28.1543675473389,0,81.0059673254461
17.8985405684084,0,31.5437236765288
15.661272056136,0,20.7537288287795
15.2514420884225,0,18.7771832260391
13.9312521104598,0,12.4101141942584
22.7047042350841,1,13.3602090505271
51.2041543192869,1,200
62.7179458073712,1,200
59.1218060704318,1,200
45.1052242120352,1,200
40.6389790940363,1,62.8268773595919
31.9476462321108,0,99.3003549862256
46.0528515717216,0,200
44.4044616933852,0,159.377620593471
41.833282535287,0,146.97722711529
27.734459793534,0,78.9808181423101
22.2454256357967,0,52.508068020355
21.4660768447347,0,48.7493911364535
21.3081915293042,0,47.9879350435951
17.6600329642473,0,30.3934389405078
14.3780339605082,0,14.5648729251153
21.5168004586674,1,10.0837095793617
47.5687591414601,1,200
49.8694693291175,1,200
55.170660607207,1,200
61.8731004491438,1,200
52.3586056330345,1,200
32.8573343899539,0,103.687638176572
54.4395851569159,0,200
40.3955183862592,0,140.043116312233
32.6053897376706,0,102.472548666689
30.3042952468201,0,91.3747311431043
31.7252630856958,0,98.227835978837
24.5733942228909,0,63.7354950916617
16.9881805581594,0,27.1532002474896
15.8292351576579,0,21.5637885020339
18.0213594613954,1,0.442515733174552
32.8701566666036,1,41.3987591227393
53.8052539676476,1,200
58.3793662101714,1,200
57.8844063033311,1,200
40.1234698172708,1,61.4049895718468
16.118266062757,0,22.9577391877705
43.8113503892907,0,156.517137875274
41.2252561077775,0,144.044811098109
37.4763196818077,0,125.964279191071
39.6699177876841,0,136.543658523772
26.8946442859245,0,74.9305197760391
19.2624009527666,0,38.1214082233548
18.086659242113,0,32.4509905105738
14.9659048158351,0,17.400081781506
17.2199696382597,0,28.2710825965809
11.966083822653,0,2.93241601718124
18.7996412459443,1,2.58918780048977
21.8069493695738,1,10.8840039904222
43.8889882478476,1,71.7911162863058
36.7752196557434,1,52.1697803727767
49.9991829598757,1,200
56.006972173937,1,200
50.4395266011337,1,200
