25.7461259286511,1,21.7491179574613
25.746125928651,1,21.7491179574612
25.746125928651,1,21.7491179574612
25.746125928651,1,21.749117957461
25.7461259286512,1,21.7491179574617
19.0003575836018,0,36.8576141871604
14.2974036214735,0,14.1760054565997
18.5278808290484,1,1.83961289390197
40.3606305309417,1,62.0591308990744
58.875024497469,1,200
67.3465387838937,1,200
64.2701153748688,1,200
63.7085934322506,1,200
71.1188909835038,1,200
69.2491423873396,1,200
39.5750971750449,1,59.8924574055845
69.0486057793223,0,200
80.3180592110729,0,200
69.239663284036,0,200
61.9177518342466,0,200
50.5072097836336,0,200
41.7802908376596,0,146.721656475809
22.242838586253,0,52.4955910864981
18.4032881846472,0,33.9780421987608
15.2894329728598,0,18.9604072982018
16.8325897416832,0,26.4028101629173
19.074468677448,1,3.34722220686214
51.1266190531072,1,200
67.1201379155401,1,200
69.5000351702113,1,200
87.7435246676135,1,200
90.3659516123957,1,200
79.7269028910857,1,200
41.1282429737752,1,64.1763745790219
78.8072352507395,0,200
96.7548833087086,0,200
78.0812167328366,0,200
61.2975497804912,0,200
54.742807695775,0,200
29.3547925350945,0,86.795428609124
22.6813008628347,0,54.6102258204593
16.8878494507382,0,26.6693190655012
16.2079786685881,0,23.3904090033898
26.7655272000105,1,24.5608505176438
61.4684792994655,1,200
70.8859191136943,1,200
71.3339419402515,1,200
68.9355264087503,1,200
86.8385185579677,1,200
82.8092999377995,1,200
23.9839028108591,1,16.8885196260563
77.6991017234127,0,200
88.5070777976269,0,200
77.79022145643,0,200
63.7078136860817,0,200
53.7898716491989,0,200
30.9964174024998,0,94.7127276566349
22.4173475717104,0,53.3372205304574
16.7958479138541,0,26.2256100947098
14.4443709327901,0,14.88480572943
15.2435791717291,0,18.7392616130792
39.4406903270778,1,59.5217338040371
59.4505844886525,1,200
71.1129173458165,1,200
73.0424023188557,1,200
82.692814002893,1,200
80.3840030367048,1,200
58.5324363760946,1,200
46.2627938328123,0,200
98.2098596907439,0,200
86.9433456052212,0,200
65.1275179133991,0,200
51.591240671904,0,200
32.1721558930318,0,100.383129839275
21.4253182203238,0,48.5528186888542
16.9628027795097,0,27.030807204645
15.2603334452192,0,18.8200648441817
17.6682458738289,0,30.433048514229
11.8359950915447,0,2.3050184872431
11.5785083621182,0,1.06320040924496
28.146930915228,1,28.3710653113276
40.4114064512847,1,62.1991820374364
52.6573637105105,1,200
61.7671611838367,1,200
60.8143659726922,1,200
56.3908872651525,1,200
55.9996139966265,1,200
60.8890364437842,1,200
44.6586628470457,1,73.9140478463427
84.6300801250993,0,200
81.058774460108,0,200
49.4402271034757,0,200
37.3477567283539,0,125.344240247256
36.1073526208424,0,119.36196594457
35.3078504472808,0,115.506092460376
20.8256915901525,0,45.660913575708
20.0023807121576,0,41.690214447315
17.3461523143477,0,28.8796418362948
22.2741426235634,0,52.6465655446108
12.4841209344506,0,5.43082769042353
13.9023554886548,0,12.2707503232331
21.5663716387583,1,10.2204377795555
29.7895319383284,1,32.9017196373529
31.2082708890922,1,36.8149132092442
34.8194842120841,1,46.7754325526035
34.6250423053585,1,46.2391190756982
32.451534232788,1,40.2441065235599
32.3081669282898,1,39.8486680152426
54.8138469156716,1,200
70.2527135188271,1,200
60.4888027187281,1,200
32.0184455004487,1,39.0495526963484
53.5758872439219,0,200
61.9882961436786,0,200
45.3780506186876,0,200
46.3010053337552,0,200
27.2481630946837,0,76.6354854983786
25.522766859828,0,68.3141702953549
22.4723133461426,0,53.6023118324951
24.8057133479148,0,64.8559337642173
19.9372741932444,0,41.3762159264511
14.5913382441066,0,15.5936060022602
13.7095343762075,0,11.3408043652798
13.0505329522642,0,8.16254394190975
15.2044858669191,0,18.5507207405069
35.3787660405696,1,48.3180546501549
39.9279898214296,1,60.8658128172033
38.3660329071097,1,56.5575926521073
33.3864085308704,1,42.8226951298801
39.5691235373576,1,59.8759808010716
48.3264763871256,1,200
42.9502024684412,1,69.2017389555585
31.0686371081487,1,36.4297725787479
25.9074141462118,1,22.1939862793189
43.2235098347876,0,153.682075155
49.202140059143,0,200
39.860897751866,0,137.464724912649
35.1020962114375,0,114.513772078413
23.0787004726347,0,56.5268217581924
21.2968687902333,0,47.9333272504014
20.0473527094203,0,41.9071073308002
25.0001511007865,0,65.7936765251714
13.5411098374389,0,10.5285192526169
14.0325685264812,0,12.8987473649602
13.0755173951881,0,8.28303998829136
11.7163637001331,0,1.72805506515948
41.3074521043989,1,64.670672714421
44.7175031782665,1,74.0763424007969
37.6554687041902,1,54.5977005452588
37.8009267818791,1,54.998905865156
32.3798505805388,1,40.046387269401
42.0451963587961,1,66.7055333718046
39.010588413583,1,58.3354182790844
42.7381383305377,1,68.6168194953393
36.7645006431104,1,52.1402149821106
24.4322694098594,0,63.0548722709555
58.2318116664289,0,200
49.1198383648057,0,200
35.2902143699227,0,115.421036427636
18.2890357968298,0,33.4270208666627
13.7095343762075,0,11.3408043652798
19.1473248949181,0,37.5664144599895
29.1472746915157,0,85.7946026238885
27.6193437361446,0,78.4256314674378
16.0169799508011,0,22.4692521688197
14.8100256033455,0,16.6483008082308
14.3708872771318,0,14.5304055930149
19.6981583777325,0,40.2229978825571
18.3274652846353,1,1.28682281248314
29.5841881428231,1,32.3353363572106
38.9541375374368,1,58.1797143664342
30.6400286040758,1,35.2475762049237
41.5774605278706,1,65.4154152384189
50.4919200488181,1,200
57.9918221653827,1,200
59.9242939572656,1,200
54.2254436034594,1,200
63.0335723735711,1,200
18.2625816807925,0,33.2994368175518
91.9519915748865,0,200
86.5582912495715,0,200
53.2731345826101,0,200
35.9736123675446,0,118.716957696296
26.3763530039541,0,72.4308822799506
24.3737764199557,0,62.7727697623702
15.3191203697459,0,19.103584953314
13.496137840176,0,10.3116263691307
19.4848575865743,1,4.4791649369211
32.8326523172458,1,41.2953138915038
52.8422477969363,1,200
70.1505643143721,1,200
75.4408178503576,1,200
71.7282020276214,1,200
60.6082754724764,1,200
60.2737517619807,1,200
35.5547555302936,0,116.696876918736
105.819827070712,0,200
86.4407174005183,0,200
51.4242858062485,0,200
37.0306012705327,0,123.814649258488
27.1846732161951,0,76.329283780517
23.3726350952675,0,57.9444223038519
15.8038185624677,0,21.4412082531072
13.7277583228108,0,11.4286955991109
22.0798057979926,1,11.6366019374675
42.7447093319938,1,68.6349437603035
49.0552601849919,1,200
66.9761732472732,1,200
69.126682814747,1,200
65.8680634562564,1,200
52.4393259349192,1,200
45.6413262466263,1,200
29.9229681606446,0,89.5356504638871
88.3307170240479,0,200
85.5500954939404,0,200
49.6783141478084,0,200
33.2206206919636,0,105.439710985643
24.8968918678556,0,65.2956734534814
20.9492323120453,0,46.2567310850492
20.385671460071,0,43.5387655588553
12.0191163614451,0,3.18818362718933
14.4261469861868,0,14.796914495599
18.2996878693887,1,1.21020660149666
12.6625392503888,0,6.29131122163912
42.1942386190974,1,67.1166246544098
48.102464973847,1,200
52.7051528120099,1,200
46.7285283057389,1,200
53.4996466244376,1,200
58.9834460214958,1,200
22.0514310189776,1,11.5583380660302
59.6809093560097,0,200
64.3603485483269,0,200
38.4529509094539,0,130.674418298937
33.0548415647989,0,104.640184277893
28.1088036697532,0,80.7862198960715
27.1056048027066,0,75.9479492337333
18.3572286292806,0,33.7559041932555
14.5913382441066,0,15.5936060022603
11.5382393188175,0,0.868989134489505
37.2343272472267,1,53.4360999270763
42.1288272864199,1,66.9362058349894
57.0808424180503,1,200
63.8041716352494,1,200
66.563992246841,1,200
66.1667453406279,1,200
68.7742381911889,1,200
48.1383067999708,1,200
59.895481630532,0,200
94.8178541455587,0,200
73.2753856527861,0,200
52.7763850703603,0,200
39.1151856142461,0,133.86827232831
27.928621746079,0,79.9172307615812
26.6885115731905,0,73.9363740594423
16.0333815027441,0,22.5483542792682
13.6545686017751,0,11.0757130632413
12.8826962827409,0,7.35309403033834
24.4319256374171,1,18.1242649645512
50.212055123162,1,200
63.5225146182874,1,200
65.8262479924437,1,200
61.0861664874699,1,200
54.001432190181,1,200
56.447636823183,1,200
47.7559939879767,1,200
78.2928496611303,0,200
106.995565561245,0,200
48.7994496261355,0,200
39.5017096430086,0,135.732417045853
30.280098727143,0,91.258035126861
27.1385254804417,0,76.1067204948482
20.2495797297918,0,42.8824165062143
13.3133105048983,0,9.42987882973066
12.4705999418094,0,5.36561806532311
11.973556494937,0,2.96845554261201
17.3928291324217,0,29.1047568029452
18.4188619412529,1,1.53891486153552
18.4134856673342,1,1.52408591747361
23.0027328207001,1,14.1822373347612
31.0787922922173,1,36.4577828064202
38.9529428098993,1,58.1764190455316
38.3409436288226,1,56.488390913152
42.5230873737903,1,68.0236617328629
36.8630656649529,1,52.4120789565788
44.476466897579,1,73.4115114086886
61.3788747341541,1,200
54.9452669447959,1,200
37.2654550340174,0,124.947312094475
76.0471891442153,0,200
45.3633538875561,0,200
34.2937759991967,0,110.615370577848
28.3233759442753,0,81.8210682944032
31.2168683694746,0,95.7759280658802
17.2091199932762,0,28.2187564619081
19.5423730277369,0,39.4716695933566
15.3411654664434,0,19.2099049942387
16.6430019100849,0,25.4884578109666
26.3360226502845,1,23.3761826531426
41.6622861830321,1,65.6493830225069
50.2404299021772,1,200
42.5201005549466,1,68.0154234306065
41.4388721335222,1,65.0331580137119
51.6298980282728,1,200
51.6597662167102,1,200
50.2679086355393,1,200
41.1162956984006,1,64.1434213699961
18.8615084938919,1,2.75983125596748
75.582772440455,0,200
56.6122318957209,0,200
53.2731345826102,0,200
31.4014593124881,0,96.6661812085544
28.4547647205923,0,82.4547357383134
24.9945663429565,0,65.7667421148039
27.5711972449574,0,78.1934284980591
16.1245012357603,0,22.9878104484222
15.3811405751214,0,19.4026986684483
13.4981953825344,0,10.3215495729503
24.217173362554,1,17.5319310323004
38.3206332606853,1,56.4323704578069
52.7619023700404,1,200
59.0312351229951,1,200
60.7785241465677,1,200
50.9369560565314,1,200
58.0455849045695,1,200
55.9876667212517,1,200
29.1587381417991,0,85.849889045173
100.531943209544,0,200
48.7965102799093,0,200
33.8528740652475,0,108.488969759359
33.2885195897921,0,105.767176711692
33.3858119498834,0,106.236402492305
23.3673442720603,0,57.9189054940305
18.8627079998225,0,36.1937518516268
16.9517214442364,0,26.9773636640735
16.8290625262115,0,26.3857989563687
20.243994971962,0,42.8554820958476
12.5981675680321,0,5.98085670213951
20.679883805944,1,7.77530966979217
39.0765971100292,1,58.5174847589559
27.8016546568948,1,27.4187175704633
38.0703378415821,1,55.7420007287027
46.3193341241501,1,200
49.939358562731,1,200
43.2488843528127,1,70.0255691812203
48.4847777858425,1,200
51.7613180573953,1,200
46.7494360376469,1,200
25.3369317470615,1,20.620470548303
80.5972971025744,0,200
53.8433677505181,0,200
39.0966677330201,0,133.778963493933
34.4965908888137,0,111.593514954354
40.1254389122358,0,138.740565403743
24.4381481023121,0,63.0832242818691
21.0946417698618,0,46.9580180749872
18.7904882630417,0,35.8454473975588
23.6651000447874,0,59.3549348467837
12.0837819784243,0,3.50005574723427
12.8944536676462,0,7.40979805216474
30.7314252606935,1,35.4996682539762
31.1928887720471,1,36.7724859526227
31.6749613334224,1,38.10214793684
42.5589291999148,1,68.1225213599421
41.4179644016162,1,64.9754898979156
45.0409756590408,1,200
39.4974398851083,1,59.6782615469126
47.3557602629188,1,200
50.7159314620967,1,200
46.6090555519901,1,200
39.0673379716128,1,58.4919460219581
63.4491512181636,0,200
65.5066935765958,0,200
70.2361016547609,0,200
43.690865884774,0,155.936060022598
28.4553525898375,0,82.4575709394046
28.6602250218128,0,83.44563851973
17.870766828823,0,31.4097752901883
16.5201372378243,0,24.8959007828805
17.8798788021246,0,31.4537209071036
11.6793279376814,0,1.54943739640639
12.8186185350069,0,7.04405711138447
35.0351325326003,1,47.3702379755312
30.6295747381227,1,35.2187421470252
46.8121592333629,1,200
53.631066653561,1,200
51.9106589995821,1,200
51.8449489850202,1,200
49.2046011271776,1,200
49.9214376496676,1,200
48.1681749884096,1,200
20.7461911842755,1,7.95819997989184
94.6297359870744,0,200
51.8534303552927,0,200
45.2252046149183,0,200
39.1525153113205,0,134.048307597609
38.0414424377675,0,128.689777535013
18.7064229609687,0,35.4400136414999
17.4022350403459,0,29.1501200204061
17.6028454202931,0,30.11763239282
19.71799896476,0,40.3186859193883
13.9667271710115,0,12.5812048427327
13.9576151977097,0,12.5372592258166
20.50127203909,1,7.28265919484674
33.7669292515594,1,43.8722548373727
34.8299380780372,1,46.804266610502
40.4120038150534,1,62.2008296978877
54.4375077413638,1,200
64.1685635341824,1,200
60.4051717911036,1,200
59.6554802613318,1,200
66.1099957825953,1,200
55.240962010323,1,200
48.0998852242693,0,200
94.553312985189,0,200
67.1762422331512,0,200
52.6000242967806,0,200
44.6637894856892,0,160.628317828733
38.1404984055951,0,129.167508918902
23.0634158722576,0,56.4531065298175
20.5884863496876,0,44.5169099353601
15.6671389629435,0,20.7820239993761
22.5707814447247,0,54.0772080152913
11.7372330583401,0,1.8287047039014
11.8171832756962,0,2.21429205232082
37.3965115104401,1,53.8834397396101
40.6617018703881,1,62.8895517665413
43.4932061342284,1,70.699462305811
50.1275281498849,1,200
50.7995623897205,1,200
44.2016795639574,1,72.6535876010803
48.0277945027544,1,200
59.2731674493369,1,200
52.4721809421983,1,200
26.2840575324459,0,71.9857557086067
114.205781854433,0,200
58.6109873296256,0,200
41.4775381763475,0,145.261527913779
34.6053466991879,0,112.118027156248
34.3410994734408,0,110.8436042657
19.0908894473726,0,37.2942351552231
17.8152131851453,0,31.1418487870582
14.7300753859893,0,16.2627134598113
14.7509447441963,0,16.3633630985533
18.5932921617258,1,2.02003171332174
49.7042959197309,1,200
55.8702847406929,1,200
61.6954775315877,1,200
57.4362738604522,1,200
63.2784915187559,1,200
64.4164694982104,1,200
60.1453185517003,1,200
50.342579106633,1,200
22.0954891599271,0,51.7849479329592
76.7232387762716,0,200
52.1267895543413,0,200
46.5626071478987,0,200
63.7783579955135,0,200
36.5100430538499,0,121.304078692126
31.8129677841742,0,98.6508219724778
26.2587791549011,0,71.8638420616877
30.287447092709,0,91.2934751405033
17.4755129417684,0,29.5035278364396
17.4297767144868,0,29.282949191535
16.446653582166,0,24.5415006464654
28.4921474371844,1,29.323248286147
44.5276012361833,1,73.5525511433216
32.317127384821,1,39.8733829220125
32.4545210516317,1,40.2523448258164
33.9688382053946,1,44.4291640699201
22.6219134181267,1,13.1318537970432
39.6408071896065,1,60.07370005523
50.9757847014996,1,200
58.5234759195639,1,200
58.8251446227793,1,200
22.5771111354711,1,13.0082792631941
83.9540304930435,0,200
54.9867734325605,0,200
46.8418450394,0,200
37.1860926859055,0,124.564559947142
21.2874628823091,0,47.8879640329401
18.871908153511,0,36.2381227487064
16.0595416841585,0,22.674520727832
26.5797557628161,0,73.4118618575473
18.5961974774812,0,34.9084134368772
17.0439287353565,0,27.4220649552476
15.6477392778495,0,20.6884623633614
17.0345228274321,0,27.3767017377857
28.0113293397235,1,27.9970463888777
45.064571527906,1,200
42.4833626831689,1,67.91409231285
44.5929528324836,1,73.732805196696
33.4849735527129,1,43.0945591043483
40.2232368641308,1,61.68016899527
63.3949774536608,1,200
101.052789435202,1,200
61.9523439521467,1,200
69.4748109821413,0,200
87.0285866457843,0,200
52.4589356779168,0,200
46.174613446023,0,200
39.9549568311084,0,137.918357087259
25.72058486086,0,69.2682154625841
22.464083176709,0,53.5626190172174
19.8169079652762,0,40.7957085030034
23.6665697179004,0,59.3620228495113
14.0769526544989,0,13.1128050473554
13.7362824268671,0,11.4698060149348
14.8494128427783,0,16.8382592813493
18.3743583404816,1,1.41616415791197
36.0245162745803,1,50.0991755980344
40.6355672055056,1,62.817466621796
46.0944266652185,1,200
39.4884794285772,1,59.6535466401427
30.295051027627,1,34.2960522942849
39.1479820803937,1,58.7143801828883
43.9149449549608,1,71.862710584445
40.0918168350074,1,61.317683695979
29.1182444032037,1,31.0501612051786
17.7158632826954,0,30.6626998026254
53.0585623080879,0,200
44.1523432423079,0,158.161692879285
44.0700415479706,0,157.7647647265
27.4568566767532,0,77.6419818857976
22.524045839726,0,53.8518095285314
20.3986045834669,0,43.6011399828645
21.1313835976909,0,47.1352181431948
21.8385902997459,0,50.5459650560525
14.0678406811971,0,13.0688594304393
13.9667271710113,0,12.5812048427317
14.1254518672333,0,13.3467091373893
17.8625366593892,0,31.3700824749098
35.8230553435719,1,49.5435021108258
35.0258733941848,1,47.3446992385359
33.2908303278715,1,42.5590694576683
27.3148031853695,1,26.0758743026351
26.0657155449284,1,22.6306162989191
29.145125772797,1,31.1243059254879
37.051235252107,1,52.9310919987459
50.4172495777252,1,200
51.6358716659605,1,200
64.9272155204854,1,200
68.4785431256617,1,200
42.2035566942517,0,148.763001261562
97.1957852426596,0,200
59.2429467682865,0,200
44.4639139422987,0,159.664349457684
35.3122594666203,0,115.527356468561
30.4247145614786,0,91.9554945953262
22.3094735652041,0,52.8169611302003
15.0689820058852,0,17.8972068889574
13.3421160979163,0,9.5688036832049
12.3224568920024,0,4.65114739031035
24.7679427573348,1,19.0510739684201
55.2054188660826,1,200
55.8801412428773,1,200
52.4841282175749,1,200
49.2404429533021,1,200
57.0390269542382,1,200
66.0144175795978,1,200
57.0898028745805,1,200
44.0344177087102,1,72.192242674712
38.1324636735307,1,55.9133574156386
88.4247761032914,0,200
77.8431296885027,0,200
58.6991677164152,0,200
42.1653451933088,0,148.578713190624
23.5857376966764,0,58.9721826994549
24.5292678353285,0,63.5226804510242
30.6207689547748,0,92.9010341592816
30.6651530827925,0,93.1150918416766
18.5491091509355,0,34.681313829463
16.8785023297384,0,26.624239368149
16.0060455828391,0,22.4165174285208
17.4636673764764,0,29.4463985344498
16.164770279061,0,23.1820217231778
32.0333795946681,1,39.0907442076339
35.7782530609163,1,49.4199275769771
44.2210938864412,1,72.7071365657475
43.1443456932826,1,69.7372286022385
60.6441172986005,1,200
64.1148007949957,1,200
67.4600378999554,1,200
62.6154177354509,1,200
62.7438509457313,1,200
21.4301726994841,1,9.84477119665162
102.642393800049,0,200
70.4036443896616,0,200
57.4793390324885,0,200
36.3689544349859,0,120.623630430208
31.8776334011536,0,98.9626940925241
27.6802469899541,0,78.7193583004983
31.9246629407751,0,99.1895101798303
17.2367498478035,0,28.3520109131995
18.9268739279433,0,36.5032140507442
15.2712090262567,0,18.8725160643716
18.3572286292806,0,33.7559041932555
16.9060733973415,0,26.7572102993326
28.5202832706923,1,29.4008530934046
42.2966865054367,1,67.3991984218115
42.5021796418843,1,67.9659936170666
28.5089333590861,1,29.3695475448294
35.7370349608728,1,49.3062390058351
48.7565783006205,1,200
42.9502024684412,1,69.2017389555585
35.6414567578742,1,49.042613333624
31.8153418190772,1,38.4893481429015
33.9718250242382,1,44.4374023721765
24.1302569342019,1,17.2921964366327
65.6477821954594,0,200
60.1541440984488,0,200
34.6611942774881,0,112.387371259924
28.8677428653916,0,84.4464645049655
28.1758207637137,0,81.1094328204827
29.5881766254649,0,87.9210034423771
16.0089849290656,0,22.4306934339781
14.6648218997649,0,15.9480061386754
16.1250891050055,0,22.9906456495134
16.2173845765123,0,23.435772220851
18.2378911724916,0,33.1803583717177
18.1315299684876,1,0.746390184449224
22.4719751121722,1,12.7182910237609
46.3662271799965,1,200
40.6354178645633,1,62.8170547066827
37.1722014152773,1,53.2647432401383
40.6652860530005,1,62.899437729249
36.8809865780152,1,52.4615087701187
63.2695310622248,1,200
70.853064106413,1,200
65.1810951222028,1,200
50.4829595922858,1,200
39.4406903270772,1,59.5217338040353
18.1479471779647,0,32.7465726047398
104.920387125455,0,200
67.0410323067408,0,200
49.7517978034667,0,200
48.2292164582276,0,200
28.4062655078578,0,82.2208316482795
25.2923221156837,0,67.2027714675571
23.1348419855576,0,56.7975834624138
25.95279321274,0,70.3881198936547
18.0818118878735,0,32.4276124819724
16.1344950129298,0,23.0360088669747
39.3752789944004,1,59.341314984617
47.0358719647571,1,200
43.0756488598773,1,69.5477476503366
51.0235738029989,1,200
46.7374887622701,1,200
50.315697737039,1,200
41.0087702200274,1,63.8468424887592
49.6705448667975,1,200
49.607821671079,1,200
14.1269215403466,0,13.3537971401181
110.431661299825,0,200
54.3077844542781,0,200
37.7945373547561,0,127.49899307666
30.6489866785475,0,93.0371238116642
29.7222108133859,0,88.5674292911997
27.8604289136283,0,79.5883474349885
19.8916555398117,0,41.1562043217646
17.4477067264673,0,29.3694228248201
16.3640579532062,0,24.1431548931352
15.6109974500205,0,20.5112622951548
55.1621099928486,1,200
48.1365147086655,1,200
35.3786166996274,1,48.317642735042
46.6448973781151,1,200
43.8970240418984,1,71.813280770905
45.0977252170713,1,200
59.9601357833901,1,200
50.4411441284747,1,200
48.8760510543697,1,200
56.2773881490915,1,200
29.84702820107,1,33.0603069557929
110.293512027188,0,200
85.3560986430024,0,200
49.5636796449817,0,200
35.863386884057,0,118.185357491672
33.1004014313071,0,104.85991236247
35.560634222745,0,116.725228929643
20.8303945441148,0,45.6835951844392
20.7527958037395,0,45.3093486403841
15.2525441777194,0,18.7824984297217
18.7615357027124,0,35.7058137438112
20.3783230945051,0,43.5033255452133
23.6947787467885,1,16.0910519676184
45.3489166818277,1,200
42.0929854602954,1,66.8373462079102
43.099543410627,1,69.6136540683894
47.101880661203,1,200
61.2086260600624,1,200
38.2728441591859,1,56.3005576217013
33.4002147463927,0,106.305864919043
56.0302413429075,0,200
45.2428406922764,0,200
37.2243041868479,0,124.748848018079
31.7315478937051,0,98.2581466213312
31.5199149654093,0,97.2374742284559
18.0659394182512,0,32.3510620525062
16.7291247545164,0,25.9038147708449
25.8506645881811,1,22.0374585364429
40.1258665698257,1,61.4116003417043
63.9941333137095,1,200
84.6909958093387,1,200
86.5010080286285,1,200
70.0018207359556,1,200
72.9468241158569,1,200
65.9158525577546,1,200
37.0185499510044,0,123.756527636115
102.880480844382,0,200
94.9442460332918,0,200
65.5331476926327,0,200
49.0110825544316,0,200
41.0289939422095,0,143.098269481101
34.7479049911649,0,112.805563420894
17.7640685608073,0,30.8951862921142
18.2470031457932,0,33.2243039886329
20.231860979387,1,6.5395643313001
42.2220160343439,1,67.193240865396
69.5089956267425,1,200
79.7448238041489,1,200
79.523799209714,1,200
70.3811467291068,1,200
76.9192931779969,1,200
56.5013995623688,1,200
77.199412864936,0,200
53.6052807061854,0,200
98.8829699765742,0,200
96.1670140634444,0,200
42.0745193949152,0,148.140674622015
30.1465348346188,0,90.6138774389139
31.6537727925563,0,97.8830495169492
19.0183164831862,1,3.19234212443797
47.5424364406509,1,200
18.8510094018419,0,36.1373313499106
27.2329078877691,0,76.5619120300592
21.7064534425285,1,10.6068141553908
22.9775869624488,0,56.0391671704847
14.1045825090263,0,13.2460594986469
17.8804666713699,0,31.4565561081952
18.571787066051,1,1.96071593707417
37.9221916269339,1,55.3333809367745
73.8321172211335,1,200
87.0685036089345,1,200
94.9148767113708,1,200
96.581521626162,1,200
72.2658294194908,1,200
28.5238674533041,1,29.4107390561109
93.2658793380574,0,200
110.696202460194,0,200
83.2574054374029,0,200
65.6151554523472,0,200
29.2145857200987,0,86.1192331488449
24.4205120249543,0,62.9981682491302
18.3842706145628,0,33.886323443456
20.524996471199,0,44.2107082174981
19.0738713136793,1,3.34557454641098
13.3600461098969,0,9.65527731649018
23.9620990333009,1,16.8283800195857
45.9214898541676,1,200
69.2386885213863,1,200
80.3182930221418,1,200
86.4472452894426,1,200
84.2967357219673,1,200
82.8809835900493,1,200
65.6201574922275,1,200
69.5277192142163,0,200
112.480385619576,0,200
97.3251164766181,0,200
62.3380783446119,0,200
47.2798076271232,0,200
34.4336888795702,0,111.290148437583
30.4179540651581,0,91.9228897827762
16.9428152251705,0,26.9344103675395
16.0151575561408,0,22.4604630454368
27.4560797166771,1,26.4655459993729
47.2344954178641,1,200
72.6645697351259,1,200
78.573990817413,1,200
84.8940994907104,1,200
75.3034241835464,1,200
72.4211439993652,1,200
40.4711428281583,1,62.3639480825671
87.0462227231435,0,200
108.062548241401,0,200
89.0302814259152,0,200
52.6470538364018,0,200
36.5265033927172,0,121.383464322682
28.3045641284267,0,81.7303418594807
24.9983874930507,0,65.7851709218973
13.8750195687499,0,12.1389134724865
14.0675467465745,0,13.0674418298938
18.2342765367114,1,1.02978778207671
36.0990374047311,1,50.3047212393372
53.8535846574177,1,200
74.9270850092389,1,200
82.4986707780527,1,200
75.476659676483,1,200
75.8440383942575,1,200
64.4762058750853,1,200
50.1486095440199,0,200
119.299668864663,0,200
95.102970729513,0,200
51.6447367732232,0,200
38.4623568173782,0,130.719781516399
26.2952270481075,0,72.0396245293491
24.2153456583565,0,62.0086830682597
17.9004542257089,0,31.5529529452999
14.7750473832522,0,16.4796063432973
11.7622175012639,0,1.94920075028245
11.3674633030677,0,0.0453632174611412
16.4013876502806,0,24.3231901624341
18.1416851525563,1,0.774400412121749
41.1954463977595,1,64.3617363797978
50.6878553649657,1,200
42.0926867784112,1,66.8365223776849
45.6831417104392,1,200
51.9226062749567,1,200
41.0117570388713,1,63.8550807910163
48.7983937644325,1,200
67.6840493132335,1,200
84.4968525844976,1,200
60.9308519075976,1,200
76.4910304243929,0,200
112.312842884675,0,200
71.8850748877318,0,200
54.7839585429437,0,200
39.3817843169742,0,135.154036023223
32.1171901185996,0,100.118038537237
25.9721928978338,0,70.4816815296685
18.1735194901351,0,32.8699038522186
13.7962450898843,0,11.7589965262497
13.1910337018829,0,8.84015700273561
16.8658043540407,0,26.5629990245768
24.6242767709522,1,18.6548116298769
48.8957640587375,1,200
60.7964450596299,1,200
53.2427802038782,1,200
48.4519227785617,1,200
64.2103789979946,1,200
62.5885363658571,1,200
69.5239297209623,1,200
63.3412147144729,1,200
41.9944204384544,1,66.5654822334463
81.1234400770883,0,200
101.290294535938,0,200
83.1633463581603,0,200
54.3283598778625,0,200
37.7754316042848,0,127.406849041191
31.0234006008576,0,94.8428633867271
25.6412812996737,0,68.8857468353654
21.6960320077689,0,49.8584287914072
11.7216545233405,0,1.75357187498146
32.5339704328745,1,40.4714836658424
60.331696047548,1,200
66.7581354716824,1,200
82.725669010175,1,200
87.6837882907402,1,200
79.4640628328398,1,200
64.6195731795828,1,200
33.2561867813025,0,105.611240651669
109.006078380055,0,200
96.4962208407927,0,200
72.5963966745038,0,200
45.4571190321757,0,200
28.0747072535278,0,80.6217782327751
20.6766667364777,0,44.9421900990588
20.6217009620452,0,44.6770987970201
20.929450511942,0,46.1613265683261
13.0890383878292,0,8.34824961339164
12.1990043504965,0,4.05575516113332
11.5047307718374,0,0.707382672284302
15.3461623550281,0,19.2340042035147
11.4344803970281,0,0.368576141871643
34.778266112041,1,46.6617439814626
45.9743565477012,1,200
46.0968161202934,1,200
47.7739149010388,1,200
53.5175675374998,1,200
58.8729337242784,1,200
51.0892838175608,1,200
44.5750319194206,1,73.6833753831543
56.8478705482414,1,200
50.1275281498856,1,200
87.4136410014349,0,200
93.3129088776773,0,200
45.6190770092466,0,200
36.9656417189309,0,123.501359537898
33.735300216194,0,107.921929541094
32.7312195452799,0,103.079406077121
27.9468456926823,0,80.0051219954125
17.6685398084517,0,30.4344661147752
15.8517299059567,0,21.6722771420492
13.766851627621,0,11.6172364716837
19.3727727504776,0,38.6537140785109
18.1596060656186,1,0.823830225661406
18.7757867930766,1,2.52339198120086
13.2471752148058,0,9.11091870695671
15.5042991820047,0,19.9966732970798
13.57138510357,0,10.6745321088197
21.4451067937035,1,9.88596270793697
41.5780578916393,1,65.4170628988702
43.0628055388493,1,69.5123229506329
37.1907196921084,1,53.3158207141295
55.121489256574,1,200
70.9038400267566,1,200
68.0603884875415,1,200
64.2969967444621,1,200
60.1035030878892,1,200
33.4207901699779,0,106.405096957244
92.9425512531601,0,200
76.8319945866455,0,200
65.5978133096119,0,200
36.8213198192181,0,122.805317669979
30.9446849089165,0,94.4632299605996
21.9823243302135,0,51.2391717228803
23.5287143798856,0,58.6971681935971
12.3318627999266,0,4.69651060777148
12.2857150641732,0,4.47394732210289
31.7684487632307,1,38.3600067974721
51.5653827412488,1,200
77.7938337354352,1,200
88.815792632507,1,200
80.1360970726754,1,200
65.0048728104217,1,200
65.3841988035756,1,200
12.0635004894636,0,3.40224130958815
112.818410435605,0,200
108.997260341375,0,200
69.1985124368662,0,200
42.925166192815,0,152.243210601154
29.5129293620711,0,87.5580977026893
19.1008832245422,0,37.3424335737757
20.7736651619465,0,45.4099982791261
13.5993088927202,0,10.8092041606574
12.2398612630425,0,4.25280163697992
34.3723574311802,1,45.5421587047885
53.3574740474769,1,200
72.7810556700307,1,200
84.102592497127,1,200
85.4287400637353,1,200
78.4067289621646,1,200
68.9624077783445,1,200
35.8134179982097,0,117.944365398912
102.451336295338,0,200
108.826778260249,0,200
67.2320898114514,0,200
46.2604423558318,0,200
30.7509232056768,0,93.5287476809003
21.6916817753539,0,49.8374483033313
21.425318220324,0,48.552818688855
13.8656136608256,0,12.0935502550253
28.5761367830697,1,29.5549093456034
56.9228397012176,1,200
56.5790568523064,1,200
79.2012227745929,1,200
90.2464788586469,1,200
82.9078649596411,1,200
66.1488244275639,1,200
33.8105368066779,1,43.99253405032
89.0949470428941,0,200
110.334662874356,0,200
85.6470939194093,0,200
57.1230902698572,0,200
31.1219274863642,0,95.3180430896325
24.7085679551344,0,64.387416783876
17.1165305871468,0,27.7722122900253
19.937127225933,0,41.3755071261779
12.4235704021881,0,5.13880197801742
12.4144584288865,0,5.09485636110202
18.2250173982959,1,1.00424904508124
14.1871781379862,0,13.6444052519774
38.1757725467651,1,56.0328127983609
50.0486761324109,1,200
54.5327872624782,1,200
59.1925233405556,1,200
52.2183013404845,1,200
67.6750888567023,1,200
65.2766733251996,1,200
48.9985106269628,1,200
58.387597016426,0,200
89.3330340872263,0,200
61.0800381597426,0,200
48.8699939355678,0,200
39.8338557665837,0,137.334305662448
30.9537380952936,0,94.5068920574057
19.9248407587068,0,41.316251423369
18.4401181928631,0,34.1556675471318
15.4178824029506,0,19.5798987366561
18.3298927093757,0,33.6240673425092
11.7807353824897,0,2.038509584659
18.579851476929,1,1.982959353167
11.6887338456056,0,1.59480061386753
30.0098098280522,1,33.509294428778
45.4459882942483,1,200
52.3706291015139,1,200
53.6340534724047,1,200
54.6376246038925,1,200
50.097659961448,1,200
67.0717514502725,1,200
64.7061909260498,1,200
40.8683897343742,1,63.4596422827021
74.0396156716314,0,200
75.6474380574355,0,200
57.1854044098552,0,200
52.5823882194225,0,200
45.6552309678305,0,200
29.0215441566843,0,85.1882239904821
20.0384611870859,0,41.864224914295
15.9657765395384,0,22.2223061537656
13.3277133014073,0,9.49934125646774
18.521832017955,0,34.5497604988248
17.9541129291711,1,0.257035030406373
13.3053742700872,0,9.39160361499744
29.5967327819667,1,32.3699372266884
35.8439630754778,1,49.601170226622
50.4053023023504,1,200
60.6590513928192,1,200
64.5389290708028,1,200
59.4613370364901,1,200
69.57171882246,1,200
72.1463566657425,1,200
27.6785977205339,1,27.079299517491
95.2940282342251,0,200
91.3082747513212,0,200
50.1221554279841,0,200
44.3522187856982,0,159.125661250333
33.3863998191289,0,106.239237693397
35.0534500313918,0,114.279159188107
19.4940207823139,0,39.2384743035964
17.9557139347638,0,31.8194618478835
15.5398652713433,0,20.1682029631048
15.7620798460538,0,21.2399089756236
16.4922134486742,0,24.761228731043
18.1378022880594,1,0.763690619188124
29.6403403370848,1,32.4902164396348
45.4331449732205,1,200
41.8785318673167,1,66.2458361058852
58.6100936660316,1,200
68.9265659522182,1,200
61.7731348215242,1,200
62.5974968223888,1,200
63.91767075131,1,200
45.9937708701862,1,200
84.75647201283,0,200
92.4957706267591,0,200
70.8621824009691,0,200
39.9285027150718,0,137.790773038152
32.683014267168,0,102.846919587632
25.7608539041607,0,69.4624267373392
28.1490727130539,0,80.9804311708266
16.0242695294424,0,22.504408662352
15.1792074893727,0,18.4288070935803
13.6913104296043,0,11.252913131449
18.2505303612648,0,33.2413151951811
18.65780744875,1,2.19797904206464
28.1403599137718,1,28.3529410463631
37.9631110450926,1,55.4462456776898
32.3613323037079,1,39.9953097954104
30.9512551275908,1,36.1060073000631
39.4959464756864,1,59.6741423957841
41.7943035759242,1,66.0135159822491
37.0930507159188,1,53.046428230338
30.5578910858737,1,35.0210228928669
37.4723767090704,1,54.0926926169279
27.9802664237488,1,27.9113680454086
42.9501506357389,0,152.363706647535
50.6600557874024,0,200
33.5324853265775,0,106.94378516459
29.0914271132155,0,85.5252585202134
22.1087162179455,0,51.8487399575132
23.0879594132477,0,56.5714761753811
26.3303522355121,0,72.2090277945554
15.0419400206029,0,17.7667876387565
15.0040224542833,0,17.5839171683664
15.3305838200286,0,19.1588713745948
17.4360375219488,0,29.3131440831572
22.0812992074145,1,11.6407210885957
35.3618905141025,1,48.2715082424047
48.9704345298304,1,200
45.9370213121548,1,200
55.4380920540078,1,200
67.7856011539197,1,200
64.7241118391133,1,200
57.0688951426761,1,200
35.6534040332481,1,49.0755665426478
64.8218259058609,0,200
63.5490889898596,0,200
49.6430419930925,0,200
48.0881278393638,0,200
31.2927035021139,0,96.1416690066604
27.8280961051386,0,79.4324113749659
24.8237903272068,0,64.943116197776
22.7571359954739,0,54.9759667612394
22.1583911691706,0,52.0883144497307
14.2900552559078,0,14.1405654429589
14.0769526544988,0,13.1128050473549
13.2410025877305,0,9.08114909549782
19.3997332495284,1,4.24437332260756
38.3404956059958,1,56.487155167813
39.1221460973959,1,58.6431188683696
39.9272431167187,1,60.8637532416393
32.2723251021651,1,39.7498083881628
34.1390868794863,1,44.8987472985472
41.6330153583636,1,65.5686476603919
43.4728957660911,1,70.6434418504659
37.2543389334793,1,53.4912965521951
23.5299063466158,1,15.6362976830542
26.028334410757,0,70.7524432338909
50.0192783100625,0,200
43.635018306474,0,155.666715918924
44.0582841630653,0,157.708060704674
27.2028971627982,0,76.4171750143471
21.1501063513488,0,47.2255150451516
22.6467056395547,0,54.4433784890374
17.5721292522277,0,29.9694931357973
21.6225483521107,0,49.5040286549924
18.5888119334602,1,2.00767425993683
13.7095343762075,0,11.3408043652799
12.2574973404005,0,4.33785766971946
26.3166083278003,1,23.3226336884746
38.6458082282003,1,57.3292744244842
40.9076066657909,1,63.5678111913281
42.3349177866362,1,67.5046486906958
32.6068488126613,1,40.6724982409043
33.5626308426494,1,43.3087549630202
36.9377361360458,1,52.6180365129942
38.5177633043703,1,56.9760984067433
28.6224324751472,1,29.6826030305805
56.9384993268435,0,200
46.4215185290347,0,200
35.6846746334962,0,117.323456359912
31.2921156328675,0,96.1388338055638
26.2017558381115,0,71.5888275558353
19.88657047084,0,41.1316798323241
15.7811855965249,0,21.3320530110915
13.1736915591476,0,8.7565185705418
14.2827068903419,0,14.1051254293169
14.497279164864,0,15.1399738276486
24.3184265213559,1,17.8112094787997
39.3286846204385,1,59.2127974694138
39.1420084427066,1,58.697903578376
36.4225098855051,1,51.1969293737282
46.1550590877458,1,200
50.3605000196947,1,200
51.5850957456173,1,200
59.9481885080152,1,200
51.6657398543968,1,200
54.0492212916824,1,200
15.5025355742693,0,19.988167693808
87.742847778783,0,200
68.6018251529212,0,200
46.8036335384576,0,200
38.9261856518929,0,132.95675517745
29.690759808764,0,88.4157460328134
32.1968464013331,0,100.502208285111
19.6555378574506,0,40.0174458034356
17.0127716653573,0,27.271799297407
14.558123631749,0,15.4334171406004
19.3325037071769,0,38.4595028037554
18.7121675517056,1,2.34791614313501
38.8337687380351,1,57.8477107854927
40.7471248893183,1,63.1251672110805
30.2284449674118,1,34.1123381539616
34.5127379168349,1,45.9293589108497
43.1831743382508,1,69.8443265315741
42.3528386996987,1,67.5540785042363
44.3629677815177,1,73.0984559229369
39.6109390011696,1,59.9913170326643
48.3742654886249,1,200
51.3431634192768,1,200
52.0151976591117,1,200
61.7913599465143,0,200
77.5168622573806,0,200
51.2861365336108,0,200
38.0149883217309,0,128.562193485905
41.1286377792821,0,143.57883606608
22.9499571079212,0,55.9059127191924
21.719252842957,0,49.9704192345147
21.663993133902,0,49.7039103319309
20.9661923397711,0,46.3385266365335
17.0162988808289,0,27.2888105039548
11.7322361697553,0,1.80460549462514
12.995567177832,0,7.89745263987182
12.7125081362364,0,6.53230331440114
25.6123164444527,1,21.3800420163649
46.5585783135316,1,200
47.5197366174388,1,200
40.9221524735597,1,63.6079317233174
36.6510015270493,1,51.8271594963595
40.3546568932542,1,62.0426542945609
49.6018480333914,1,200
54.2911536180218,1,200
48.8521565036193,1,200
48.5594482569359,1,200
22.3453335891655,0,52.9899083967719
87.4107016552075,0,200
63.9106285756984,0,200
47.9881900676687,0,200
28.0006357286243,0,80.2645428952687
25.1738664627625,0,66.6314784476557
22.4805435155766,0,53.6420046477749
28.7839714979411,0,84.0424483494517
17.1447483109194,0,27.908301942408
15.9507858737843,0,22.1500085259377
15.9325619271809,0,22.0621172921064
17.9912800241025,0,31.990991513909
13.2304209413157,0,9.03011547585406
39.5526960337172,1,59.8306701386603
39.3848368147003,1,59.3676775518382
36.3045305411786,1,50.8715164345922
27.4372627579617,1,26.4136446951561
34.5871097060433,1,46.1344926370392
29.7245686284776,1,32.7225365632714
26.5316592845476,1,23.9157914509503
21.5884740982019,1,10.2814012162548
22.2545347003497,1,12.1185426194789
36.4120560195523,1,51.1680953158304
32.5381519792557,1,40.4830172890017
37.4653305774071,0,125.91128046552
48.0616737233267,0,200
28.5708688965322,0,83.0146879538487
28.6778610991709,0,83.53069455247
22.5507938903856,0,53.9808111781865
22.0414051893627,0,51.5241094325579
16.2165027726444,0,23.4315194192137
18.1226688004194,0,32.6246589578188
18.1326625775891,0,32.6728573763717
21.2518967929705,0,47.7164343669153
12.6337336573707,0,6.15238636816434
25.5227118791413,1,21.1328929486665
37.472675390955,1,54.093516447154
32.176448217282,1,39.4853588857257
30.4267697386346,1,34.6593614238013
34.8400932621059,1,46.8322768381745
29.9485800417559,1,33.340409232517
38.5446446739639,1,57.0502431270532
61.4684792994655,1,200
72.6003531299859,1,200
70.0376625620794,1,200
64.5956786288336,1,200
41.0087702200269,1,63.846842488758
81.2263171950088,0,200
87.5753050438808,0,200
65.2392130699998,0,200
58.9754662616903,0,200
35.5341801067082,0,116.597644880534
29.3065872569828,0,86.5629421196363
24.1624374262823,0,61.7535149700398
21.2601269624043,0,47.7561271821942
18.44981803541,0,34.2024483651385
12.5867041177494,0,5.92557028085874
18.3447888339288,1,1.33460496557144
43.5741489248931,1,70.9227202969653
53.9001790313795,1,200
78.8666990640971,1,200
84.8970863095548,1,200
83.2782304962631,1,200
76.6206112936227,1,200
52.6454164351369,1,200
28.4939992648676,1,29.3283560335465
80.3503920195629,0,200
109.173621114955,0,200
77.6579508762441,0,200
57.5146111872044,0,200
41.7905785494517,0,146.771272494907
32.3805555404786,0,101.388208626148
25.7179394492564,0,69.2554570576733
16.4284296355628,0,24.4536094126348
13.3421160979163,0,9.5688036832049
18.4582879499899,1,1.64766045132281
24.9919541706134,1,19.6689466376662
63.8020808620588,1,200
77.1110469477622,1,200
80.6348958195756,1,200
76.1845357424417,1,200
80.0494793262091,1,200
64.1237612515254,1,200
18.3985515731157,1,1.48289440619077
109.355860580987,0,200
100.57603340294,0,200
67.5818720123848,0,200
48.7436020478355,0,200
37.0038532198731,0,123.685647608833
29.8024549653646,0,88.9544342401644
17.7787652919388,0,30.9660663193968
14.3432574226043,0,14.3971511417228
13.2333602875421,0,9.04429148131079
14.5590054356169,0,15.4376699422372
33.1558261161357,1,42.1866981956696
64.0664143297275,1,200
75.6899185419233,1,200
73.3231632901647,1,200
77.7735233672984,1,200
87.1461608988717,1,200
60.6023018347869,1,200
61.5033040163333,0,200
112.636170969572,0,200
80.2974837874885,0,200
61.5562122484082,0,200
43.6893962116609,0,155.928972019871
30.5922572963795,0,92.7635269063527
20.4518067501634,0,43.8577256816287
14.7200816088198,0,16.2145150412589
11.8724429847512,0,2.48080095490493
29.4255880622218,1,31.8978825073843
53.8428321095803,1,200
67.3345915085188,1,200
74.634376762555,1,200
70.2706344318894,1,200
56.725410975648,1,200
59.3418642827411,1,200
41.4567930465859,1,65.0825878272555
70.5976412406004,0,200
107.739220156506,0,200
78.5603301677276,0,200
48.8150281611351,0,200
38.1519618558777,0,129.222795340182
24.6309692147596,0,64.0131702398228
21.5708158585273,0,49.2545309589563
14.8500007120236,0,16.8410944824406
13.268632442258,0,9.21440354678996
17.9624760219335,1,0.280102276724883
28.4485996184431,1,29.2031338392457
79.751394805605,1,200
94.8431930591209,1,200
86.9520176740298,1,200
76.4593230760628,1,200
79.9419538478354,1,200
50.088699504917,1,200
72.4112178622451,0,200
126.07780126258,0,200
91.9255374588503,0,200
64.2186720602179,0,200
38.4561841903029,0,130.69001190494
25.7964199934993,0,69.633956403364
23.2124407259326,0,57.1718300064673
14.2474347356259,0,13.9350133638377
17.8848187319969,1,0.0659064180529308
18.8555348562038,1,2.74335465145249
45.8790770265868,1,200
79.4294157342528,1,200
80.0435056885202,1,200
83.2334282136063,1,200
84.9657831429603,1,200
36.5136078602378,1,51.4481975925532
92.2988344295936,0,200
99.0622700963797,0,200
79.5494201728874,0,200
45.0320895678486,0,200
24.5665975324028,0,63.7027157203227
16.7223642581958,0,25.8712099582948
13.428826811593,0,9.98699584417469
17.9862831355178,0,31.9668923046327
20.5401006840583,1,7.38975712418288
44.2942709481123,1,72.9089749710349
65.9337734708174,1,200
63.1261637577263,1,200
82.6390512637073,1,200
83.6933983155373,1,200
77.8840356645155,1,200
53.9267617190893,1,200
143.098238298158,1,200
139.93221032382,1,200
96.3545233940399,1,200
140.777471740455,0,200
145.862540712007,0,200
102.201491866099,0,200
94.191773399351,0,200
85.1444657147075,0,200
70.0714982660863,0,200
42.0718739833115,0,148.127916217104
31.1184002708925,0,95.3010318830839
25.5680327917135,0,68.5324807793863
23.0419586448055,0,56.349621689985
14.1595482834587,0,13.5111508006853
14.3908748314708,0,14.6268024301198
13.5516914838536,0,10.5795528722605
13.3435857710294,0,9.57589168593327
15.076330371451,0,17.9326469025988
11.7842625979613,0,2.05552079120699
23.4740528342381,1,15.4822414308549
44.0297582713132,1,72.1793909231895
58.1210319485619,1,200
71.483282882437,1,200
74.7598231539908,1,200
67.5287347333598,1,200
48.6311319091857,1,200
24.3064792459803,1,17.778256269771
84.203874922281,0,200
86.1262073543009,0,200
63.7342678021187,0,200
43.0050194117459,0,152.628330141394
23.5808378065172,0,58.9485512983594
18.6520450557814,0,35.1777575405522
15.4540363615344,0,19.7542636037719
17.1632661921453,0,27.9976107767848
11.487388629102,0,0.623744240090385
18.0849355945257,1,0.617872669246099
11.531478822497,0,0.836384321939467
13.3891456375375,0,9.79561977051049
13.580203142249,0,10.7170601251895
35.0166142557692,1,47.3191605015402
47.915788796115,1,200
54.1887057316824,1,200
48.1442804376593,1,200
58.5712650210633,1,200
58.1560972017871,1,200
52.3556950072956,1,200
30.100907802786,1,33.7605626476062
70.480067391547,0,200
60.0218735182638,0,200
42.2946764272673,0,149.202457430714
34.7993435501256,0,113.053643516384
38.8094936067077,0,132.393967760823
21.6275452406956,0,49.5281278642694
19.7566513676362,0,40.5051003911422
17.5030546159093,0,29.6363570075686
20.2495797297918,0,42.8824165062141
13.8106478863933,0,11.828458952987
12.3777166010574,0,4.91765629289456
14.3761781003392,0,14.5559224028367
19.3053497740671,1,3.98404297129862
18.211143121832,0,33.0513567220626
18.4194593050216,1,1.54056252198687
33.2624555488563,1,42.4808055862307
36.9858239194296,1,52.7506731793257
31.6845191537225,1,38.1285105040618
30.946774899325,1,36.0936498466775
38.3594619056534,1,56.5394683871425
46.8121592333629,1,200
54.1716808642732,1,200
46.9346188059551,1,200
45.518866674035,1,200
16.4607624440525,0,24.6095454726578
64.824765252087,0,200
61.5709089795399,0,200
35.346061948223,0,115.690380531311
28.0282655831517,0,80.3977973465601
27.092671679311,0,75.8855748097256
25.5436362180349,0,68.4148199340963
18.7766733357779,0,35.7788201719125
14.0216929454438,0,12.8462961447709
14.6098561253324,0,15.6829148366365
18.0476003589793,1,0.514893891038389
17.7878772652405,0,31.0100119363122
30.4894929343526,1,34.8323657711902
39.2820902464767,1,59.084279954211
41.8107310795644,1,66.0588266446599
35.5832137904217,1,48.8819664396199
40.8624160966855,1,63.4431656781854
40.3815382628477,1,62.1167990148708
44.8020301515437,1,74.3094863546595
37.5530208178506,1,54.3151267778563
11.5138427451388,0,0.751328289199141
47.7824358318256,0,200
43.1353294479976,0,153.256794991301
35.9015983849996,0,118.36964556261
34.7167479211656,0,112.655297763053
23.3450052407402,0,57.8111678525605
19.3494049479784,0,38.5410148351312
18.7982775305415,0,35.8830138120188
19.321922060762,0,38.4084691841112
19.8545315969731,0,40.9771613728476
14.0034689988405,0,12.7584049109399
12.8092126270826,0,6.99869389392343
18.3913832078907,1,1.46312248077469
17.6479643848672,0,30.3352340765781
25.2153682201231,1,20.285171646461
29.6588586139158,1,32.5412939136257
31.9751963635926,1,38.9302620796753
26.464993487956,1,23.7319125445832
20.5678780993048,1,7.46637333516946
32.1788376723569,1,39.4919495275308
29.5289319942142,1,32.1829277654628
26.7467102412952,1,24.5089492134273
19.7933959731299,1,5.33018156002932
21.2254426769336,0,47.5888503178062
19.3657183195344,0,38.619691665415
26.9651040530881,0,75.270336172908
24.7412828786335,0,64.5451957246082
23.4186946506342,0,58.1665603093572
15.5466257676639,0,20.2008077756551
16.7608696937608,0,26.0569156297763
13.4596899469695,0,10.1358439014689
21.2771751705169,0,47.838348013842
18.4851693195834,1,1.72180517163241
23.1141411635706,1,14.4895260089329
34.3741495224864,1,45.5471016861423
41.2515985920215,1,64.5166164622226
58.1656550220868,1,200
66.0144175795976,1,200
65.6589861371956,1,200
54.1567467700547,1,200
38.4251719202147,1,56.7207110367867
43.3234476064823,0,154.164059340521
69.2631780538455,0,200
