24.9284032514595,1,19.4936592472785
13.2329311931553,0,9.04222202643897
31.6578783524016,1,38.0550293238751
17.6479422306829,0,30.3351272304251
33.9010367193823,1,44.2421526827407
18.1989281505173,1,0.932289170681697
16.9689079276556,0,27.0602513758198
13.5160768307251,0,10.4077889907
18.3505927326252,1,1.35061339267395
34.3798368437215,1,45.5627885670068
47.972798999686,1,200
54.1924448226747,1,200
51.9337855843436,1,200
51.5215254515222,1,200
56.962043480939,1,200
55.5893049535651,1,200
33.80311123238,1,43.9720526857993
53.7135048573031,0,200
61.9873513733238,0,200
53.8537761206166,0,200
48.478149706583,0,200
40.100718257655,0,138.621341567133
33.6935585534132,0,107.720616053745
19.3494839076287,0,38.5413956451303
16.5305494397062,0,24.94611719814
14.2444083902338,0,13.9204177750609
15.3773685939142,0,19.3845069951788
18.7518885002122,1,2.45747524157369
42.2840477413571,1,67.3643379350908
54.026225045718,1,200
55.7735062895067,1,200
69.1675748601151,1,200
71.0929173953138,1,200
63.2819036021716,1,200
34.9434052167811,1,47.1172338957903
60.8781293834349,0,200
74.0549960570956,0,200
60.3450985828461,0,200
48.0228076056751,0,200
43.2104242643283,0,153.618965502733
24.570962993379,0,63.723769653359
19.6713956668344,0,40.0939255288732
15.4179393593033,0,19.5801734282046
14.9187894638531,0,17.1728518346547
24.39853659604,1,18.0321706564207
49.8768706663295,1,200
56.7909993832791,1,200
57.1199303403176,1,200
55.3590532836382,1,200
68.5031343268977,1,200
65.5449485865971,1,200
22.3563139274405,1,12.3992720778402
60.0645560562207,0,200
67.9995935208543,0,200
60.1314546587236,0,200
49.7923835428521,0,200
42.5107943633126,0,150.244760311947
25.7762168481512,0,69.5365198046642
19.4776055215194,0,39.1593060775094
15.3503933509695,0,19.2544096327953
13.6239778025041,0,10.9281784402347
14.2107432870388,0,13.7580562668064
33.7044319452691,1,43.699873542629
48.395365635828,1,200
56.9576577348454,1,200
58.3742537231579,1,200
65.4594265377674,1,200
63.7643356724959,1,200
47.7212764612046,1,200
36.9845381926755,0,123.592494264564
75.1232156777099,0,200
66.8515271811247,0,200
50.834706930238,0,200
40.8965958254976,0,142.459734146904
26.6394246223839,0,73.6996354009444
18.7492739620106,0,35.6466772931479
15.4729688549104,0,19.8455720474662
14.2230439978217,0,13.8173806640539
15.9908935194501,0,22.3434414052349
11.7089513553691,0,1.69230648988778
11.5199088528121,0,0.780584174302453
25.4127403802421,1,20.8295674056891
34.4171156855193,1,45.6656117988721
43.4078951779053,1,70.4641559545506
50.0961579710218,1,200
49.3966314690534,1,200
46.1489864865597,1,200
45.8617201174125,1,200
49.4514532952263,1,200
37.5353811582454,1,54.2664727231126
65.1531658853229,0,200
62.5311722710903,0,200
39.3173572025389,0,134.843314163509
30.4392652445563,0,92.0256702557704
29.5285810427406,0,87.6335833016938
28.9415997562625,0,84.8026646962237
18.3090379971519,0,33.5234883390448
17.7045767532455,0,30.6082666427498
15.7544177496991,0,21.2029558876342
19.3724668146177,0,38.6522385978818
12.1847946409148,0,3.98722396233711
13.2260390185829,0,9.00898215034995
20.5814024832604,1,7.50367655598412
26.6187109123978,1,24.1558989565226
27.6603256096864,1,27.0289010233391
30.3116187670691,1,34.3417497578323
30.1688627317144,1,33.9479972640435
28.5731090154681,1,29.5465580976804
28.4678511092158,1,29.2562336782968
44.9911495177842,1,74.831119096112
56.3261102973313,1,200
49.1576083069385,1,200
28.2551424236644,1,28.6695364141264
42.3536905484022,0,149.487073273424
48.5299421730369,0,200
36.3349743425651,0,120.459749778362
37.0125924453378,0,123.727795521442
23.0243104638978,0,56.2645072837248
21.7575530552113,0,50.1551351461832
19.5179604849647,0,39.3539317316349
21.2311042139011,0,47.6161550219019
17.6567766227472,0,30.3777341166053
13.7318787742834,0,11.4485678897705
13.0844729436088,0,8.32623119256004
12.6006449861514,0,5.99280490084512
14.1820416285456,0,13.61963267323
30.7222342451056,1,35.4743174146986
34.0621991828746,1,44.6866741472628
32.9154362229861,1,41.5236500823333
29.2594782791552,1,31.4397152490775
33.7987254862869,1,43.9599558349938
40.2282292598663,1,61.6939391190056
36.281057775404,1,50.8067733921219
27.5578087947427,1,26.7461371357102
23.7685241696591,1,16.2944580379024
34.7531460962839,0,112.830840448179
39.1425576282567,0,134.000283255263
32.2843718619784,0,100.924329842818
28.7905383957717,0,84.0741194668746
19.9631598945254,0,41.5010586004173
18.6549685126755,0,35.1918569142535
17.7375944506099,0,30.7675058143078
21.3738571995648,0,48.3046302636366
12.96081842995,0,7.72986488339291
13.3216392795792,0,9.47004720263799
12.6189881513538,0,6.08127110726599
11.6211199643409,0,1.26870947796632
35.0749775995962,1,47.4801394200189
37.5785807572687,1,54.385626703565
32.3937517251229,1,40.0847296787633
32.5005446425083,1,40.3792879959301
28.5204800623421,1,29.4013958879889
35.6166172421862,1,48.9741004947632
33.3886582265121,1,42.8289002844783
36.1253637890727,1,50.3773351884511
31.7396176952257,1,38.2804843808026
20.9569278446106,0,46.2938454306342
45.7719933343636,0,200
39.0821330840605,0,133.708865163523
28.928651639649,0,84.7402179622796
16.4466672242448,0,24.5415664400701
13.0844729436088,0,8.32623119256026
17.0768088994347,0,27.5806408253546
24.4186068212272,0,62.9889797506164
23.296825158223,0,57.57880287747
14.7785613609289,0,16.4965537060387
13.8924354202906,0,12.2229073906784
13.5700273166147,0,10.6679837154676
17.4812217416628,0,29.5310604822122
18.2034509511766,1,0.944764048077348
26.4679508904217,1,23.7400697100095
33.3472129259252,1,42.714585044346
27.2431315125092,1,25.8781880902615
35.2732133230381,1,48.0269170765248
41.8180622188858,1,66.0790475367781
47.3243664397106,1,200
48.74315530107,1,200
44.5591535275401,1,73.6395792915583
51.0259361429175,1,200
16.4272450493247,0,24.4478963391544
70.5287922993558,0,200
66.5688266350636,0,200
42.1314145465373,0,148.415071007382
29.4303911584216,0,87.1600289026169
22.3842418993042,0,53.1775570690827
20.9139832578425,0,46.0867304297189
14.2662043865333,0,14.0255364438673
12.9278007325856,0,7.57062571183523
19.0531892568595,1,3.28852889205913
28.8529196162558,1,30.3183371792089
43.5436340195099,1,70.8385534870473
56.2511140391265,1,200
60.1351307798374,1,200
57.4093895825114,1,200
49.2453232288156,1,200
48.9997214475592,1,200
29.1228733888503,0,85.6769189714378
80.71032799643,0,200
66.4825058576402,0,200
40.7740203215565,0,141.868571732232
30.2064149474569,0,90.9026698236734
22.9776972440892,0,56.0396990415254
20.1789618380833,0,42.541837499486
14.6220617914607,0,15.7417808484338
13.0978526641094,0,8.39075948430244
20.9583573600266,1,8.54340088290157
36.1301881097757,1,50.390641724339
40.7632902833158,1,63.1697549175393
53.9205285648562,1,200
55.4993971586413,1,200
53.1069726644477,1,200
43.2478154454798,1,70.0226209000711
38.2568363906822,1,56.2564046809678
24.9881081502768,0,65.7355952652606
67.8701123547194,0,200
65.8286259686589,0,200
39.4921567768212,0,135.686345071757
27.4091901550559,0,77.4120937339271
21.2980459767929,0,47.9390046363938
18.3997395540294,0,33.9609277103239
17.9859824876453,0,31.965442327137
11.8433959662058,0,2.34071174400849
13.6105980820036,0,10.8636501484927
18.1830572318403,1,0.888513691821802
12.3157864206546,0,4.6189767540727
35.7260416072277,1,49.2759169224142
40.0637637813472,1,61.2403072137193
43.4429811466561,1,70.5609307610118
39.0550421797622,1,58.4580315279596
44.0262853771377,1,72.1698119184289
48.0524002912891,1,200
20.9375250660808,1,8.48594084156511
46.8358969161051,0,200
50.2714638575512,0,200
31.2506805523349,0,95.9389989162731
27.2874778588892,0,76.8250944348522
23.656178554636,0,59.3119079002012
22.919646521272,0,55.7597295176752
16.4967332751505,0,24.7830271446552
13.7318787742833,0,11.44856788977
11.4903439865446,0,0.637997465129884
32.0845566255067,1,39.2319016968242
35.6780176875002,1,49.1434564060708
46.6555401603988,1,200
51.5916973890238,1,200
53.6179120843809,1,200
53.32625996914,1,200
55.2406381391043,1,200
40.090078257911,1,61.3128883185669
46.9934323349036,0,200
72.6328612490479,0,200
56.8167368056702,0,200
41.7667092619241,0,146.656154667954
31.7368823311713,0,98.2838737758773
23.5238919632349,0,58.6739104350715
22.6134235633629,0,54.2828642598949
14.7906031093796,0,16.5546291686074
13.0441179801634,0,8.13160553843402
12.4774220763797,0,5.39852014947608
22.6852448844788,1,13.306535888413
41.6125900143891,1,65.5123100764397
51.3849094606987,1,200
53.0762724417909,1,200
49.5961829163232,1,200
44.3946880490209,1,73.1859473862714
46.1906510744511,1,200
39.809390507904,1,60.5386898668754
60.500475982208,0,200
81.5735357706625,0,200
38.8469089655821,0,132.574416163537
32.0206618869503,0,99.6524980281546
25.2503075117002,0,67.0001416276318
22.9438163389506,0,55.8762967543714
17.8860661877779,0,31.4835616968675
12.7935719236924,0,6.92326123661358
12.1748677515111,0,3.93934813297994
11.8099466649543,0,2.1793910146526
15.7886870983361,0,21.3682315768063
18.2705528664125,1,1.12984586543434
18.266605694928,1,1.11895869970747
21.6359551315259,1,10.4123643326832
27.5652645631022,1,26.766701782083
33.3463357767066,1,42.7121656741848
32.8970160893919,1,41.472843308941
35.967476929694,1,49.9418485593753
31.8119825057741,1,38.4800824191287
37.401615902382,1,53.8975187734764
49.8110844749219,1,200
45.0876359318486,1,200
30.3788407003598,0,91.7342521640299
58.8517491334236,0,200
36.3241842453872,0,120.407710833409
28.197083050987,0,81.211977494433
23.8137139734333,0,60.0716764965218
25.9380683058201,0,70.3171039789679
15.6538108836121,0,20.7177447648869
17.366846711577,0,28.9794476657057
14.2823895323001,0,14.1035948612976
15.2381763403192,0,18.7132046052786
24.0832014518925,1,17.1624070833509
35.3354909175707,1,48.1986923579931
41.6334223083349,1,65.5697701177762
35.9652840566471,1,49.9358001339716
35.1714640136611,1,47.7462701377879
42.6535468497636,1,68.3834976156349
42.6754755802328,1,68.4439818696732
41.6535967403665,1,65.6254156314912
34.9346337245933,1,47.0930401941748
18.5955366519666,1,2.0262225102811
58.510782062602,0,200
44.5829246253578,0,160.238319300816
42.1314145465375,0,148.415071007383
26.0735919263744,0,70.9707131275828
23.910177442204,0,60.5369046644068
21.3697569626373,0,48.2848554645548
23.2614767998681,0,57.4083232938023
14.8575017118826,0,16.8772706273192
14.311738596624,0,14.2451407915711
12.9293113461905,0,7.5779111641287
22.527577312405,1,12.871654101878
32.8821045526728,1,41.431714016195
43.4846457345476,1,70.6758508436842
48.0874862600402,1,200
49.3703169924901,1,200
42.1448003028775,1,66.9802629219482
47.3638381545552,1,200
45.852948625225,1,200
24.4270230970258,0,63.0295701276797
76.8280510318186,0,200
38.8447509461466,0,132.564008374546
27.8733801356497,0,79.6508091458277
27.4590404040179,0,77.6525136596127
27.5304708473355,0,77.9970114752044
20.1750774030993,0,42.5231034793033
16.8678478774874,0,26.5728546173857
15.4648331216384,0,19.8063346829721
15.3747789705915,0,19.3720176483898
17.8819659508503,0,31.4637868977852
12.2685257950154,0,4.39104617517631
19.9305577629335,1,5.70850389612915
33.4371207208491,1,42.9625704859028
25.1592442560179,1,20.1303694290077
32.6983417913405,1,40.9248559673543
38.7546185723338,1,57.6293972476359
41.412380705205,1,64.9600888370708
36.5003450800964,1,51.4116159325046
40.3444515313533,1,62.0145056654084
42.7500332638284,1,68.6496283334036
39.0703922910906,1,58.5003705057862
23.3496854176967,1,15.139208785772
62.1923632197042,0,200
42.5500703170402,0,150.434182071578
31.7232868087272,0,98.218304705236
28.3459863920419,0,81.9301149347905
32.4785936111808,0,101.861030851981
20.9612438834817,0,46.3146610086151
18.5064967755075,0,34.4758010316934
16.8148253399552,0,26.3171352418842
20.3936847719237,0,43.5774125040611
11.8908723937886,0,2.56968310180383
12.486054154122,0,5.44015130543895
27.3102334277451,1,26.0632699076185
27.6490323134946,1,26.997751632509
28.0029620232681,1,27.9739674926862
35.9937914062573,1,50.0144296642217
35.1561139023324,1,47.7039311599606
37.8160689082506,1,55.0406711747992
33.7460965331606,1,43.8147936253016
39.5155455196162,1,59.7282008627628
41.9825276974051,1,66.532679442065
38.9673272578854,1,58.2160945118069
33.4303228144035,1,42.9438203671507
49.6024778325207,0,200
51.113091437428,0,200
54.5853447092788,0,200
35.0962711865413,0,114.4856788977
23.9106090460912,0,60.5389862222053
24.061023000751,0,61.2644091148561
16.1395810585617,0,23.0605380666944
15.1479711279119,0,18.2781590254674
16.146270918812,0,23.0928022125653
11.5939289194526,0,1.13757133668352
12.430377252684,0,5.17163034947886
30.4699442010571,1,34.7784460719888
27.2354564568448,1,25.8570186013475
39.1164426250763,1,58.6273874392672
44.1227717912023,1,72.4359426361971
42.8596769161745,1,68.9520496035947
42.811433709142,1,68.81898424471
40.872933935662,1,63.4721761877303
41.3992234669235,1,64.9237982846479
40.1120069883793,1,61.3733725726029
19.9792395445751,1,5.84277894009378
72.4947480051707,0,200
41.0890911591512,0,143.388108924873
36.222757331915,0,119.918544750846
31.7642891780033,0,98.4160526960598
30.9485578313532,0,94.4819084575739
16.7531059840976,0,26.0194724767503
15.79559276053,0,21.4015365015767
15.9428775870084,0,22.1118681001916
17.495788372853,0,29.6013130578996
13.2732996442222,0,9.23691272924624
13.2666097839719,0,9.20464858337513
19.7994239547275,1,5.3468080569805
29.5388503053332,1,32.2102846455246
30.3192938227335,1,34.3629192467462
34.4175542601285,1,45.6668214839525
44.7148475138717,1,74.0690174952297
51.8592279007483,1,200
49.0962078616247,1,200
48.545796726847,1,200
53.2845953812485,1,200
45.3047303634951,1,200
38.3333003399146,0,130.097362383755
72.4386394998457,0,200
52.3388464768384,0,200
41.637228095789,0,146.031687328511
35.8105756197188,0,117.930657053622
31.0212830863327,0,94.8326509465622
19.95193819346,0,41.4469380976642
18.1348858287004,0,32.6835797674953
14.5217138877062,0,15.2578186603664
19.5902541360567,0,39.7025926628234
11.6364419023335,0,1.34260477980027
11.6951400309813,0,1.62569664034739
32.2036296319547,1,39.5603311962518
34.6008784468515,1,46.1724698477126
36.6797220953347,1,51.9063771305372
41.5505317071613,1,65.3411396375119
42.0439281427189,1,66.702035353372
37.199871582065,1,53.3410636363245
40.0089419551739,1,61.0890965786229
48.2651089768409,1,200
43.271937048996,1,70.0891535795132
22.3164800890269,0,52.8507524947748
86.8671574461441,0,200
46.0503778415536,0,200
33.4712825515483,0,106.648613787703
28.4258331111585,0,82.3152031274466
28.2318271638996,0,81.3795428971819
17.0353749262716,0,27.3808112767338
16.0987944912292,0,22.8638308547698
13.8337372916427,0,11.9398155301311
13.8490592296354,0,12.0137108319651
18.3986166523528,1,1.48307390901767
41.2398015964122,1,64.4840777577899
45.7667687144809,1,200
50.0435290178957,1,200
46.9164920529827,1,200
51.2057517327651,1,200
52.0412363636429,1,200
48.9054279065424,1,200
41.7084185665386,1,65.7766262665839
19.2413023933223,0,38.0196531830232
59.348093603607,0,200
41.2897869666605,0,144.356033301009
37.2046561751046,0,124.654088741615
49.8441760093059,0,200
29.8242297054155,0,89.0594503934205
26.3757146473558,0,72.427803586281
22.297921121881,0,52.7612455094551
25.2557025602892,0,67.0261611001086
15.8493921850589,0,21.6610026811143
15.8158134026413,0,21.4990574844189
15.0940206420224,0,18.0179643007002
25.6661926470055,1,21.5286444138633
37.4391578889453,1,54.0010678163897
28.4744297283569,1,29.2743789545092
28.575301888515,1,29.5526065230842
29.6870885233053,1,32.6191582028232
21.3563638180433,1,9.64119009369595
33.851354439413,1,44.1051180446852
42.1733076524874,1,67.0588924521977
47.7146978420628,1,200
47.9361780198024,1,200
21.3234707223394,1,9.55046371263848
64.6568214151384,0,200
43.3895398774812,0,154.48281198896
37.4096680214848,0,125.642828695731
30.3205741755993,0,91.4532418612821
18.6480628504817,0,35.1585519894834
16.8746024783208,0,26.6054309969264
14.8098094823563,0,16.6472584906247
22.5335768442464,0,53.8977760672387
16.6721802552634,0,25.6291803895995
15.5325301913325,0,20.1328270236098
14.5074709594313,0,15.1891272530275
15.5256245291387,0,20.09952209884
25.3131839439118,1,20.5549688923558
37.8333926053213,1,55.0884537354895
35.93831171817,1,49.8614045015047
37.487137951212,1,54.1334073642254
29.3318430897037,1,31.6393132874036
34.278964683563,1,45.2845609984309
51.2912737815951,1,200
78.9390171572059,1,200
50.2321160999302,1,200
54.0264176754622,0,200
66.9141097447567,0,200
41.5336431628812,0,145.532113456959
36.9197976096077,0,123.280260594842
32.353428483917,0,101.25737909052
21.9027877632258,0,50.855579345257
19.511918030545,0,39.3247899224608
17.5684057268603,0,29.9515351574366
20.3947637816416,0,43.5826163985568
13.3542253730565,0,9.62720481639746
13.1041109204726,0,8.42094207237544
13.9213528807273,0,12.3623717631535
18.2378790580133,1,1.03972432691739
31.1963333978505,1,36.7819869870054
34.5816908076907,1,46.1195461254284
38.5894952319006,1,57.1739508147285
33.7395179140197,1,43.7966483490899
26.9898546755895,1,25.1795949561197
33.4895303866707,1,43.1071278530546
36.9893557695603,1,52.7604147975573
34.1824782694984,1,45.0184302806628
26.1258626951016,1,22.7965153470128
16.0258534343066,0,22.5120475868847
41.9738791277397,0,147.655302411061
35.4350802379276,0,116.11970176924
35.3746556937314,0,115.828283677501
23.1775298438241,0,57.0034603020644
19.5559416270309,0,39.5371088178711
17.9954777731618,0,32.0112365986958
18.5334720184523,0,34.6058983940774
19.0526914946533,0,37.1100124252401
13.3475355128062,0,9.59494067052636
13.2732996442222,0,9.23691272924634
13.3898326937436,0,9.79893333474406
16.133538604142,0,23.03139625752
31.0484241108353,1,36.374020693517
30.4631462946117,1,34.7596959532371
29.1893063416537,1,31.2461656361551
24.8018059493692,1,19.1444760881838
23.884746441146,1,16.6150245843051
26.1455985525238,1,22.8509511756469
31.9501335077304,1,38.8611332195699
41.7632403927129,1,65.9278369016829
42.6579325958576,1,68.3955944664429
52.4162176546667,1,200
55.023543707459,1,200
34.0043133521371,0,109.219337668407
74.3786989724333,0,200
46.5143520202035,0,200
35.6638302980993,0,117.222927402255
28.9448367854159,0,84.81827637971
25.3564820679307,0,67.5122048459735
19.3984062082334,0,38.77734022155
14.0825569325653,0,13.1398336007589
12.8147205141611,0,7.02525756872242
12.0661035719578,0,3.41479556784867
22.9319431022576,1,13.9869837463432
45.2786351742358,1,200
45.7740051955357,1,200
43.2807085411837,1,70.1133472811287
40.899248412225,1,63.5447572925761
46.624839937742,1,200
53.214423443747,1,200
46.6621187795397,1,200
37.0770706914363,1,53.0023518137076
32.7439535507178,1,41.0506632157574
67.9391689766581,0,200
60.170299008564,0,200
46.115118424621,0,200
33.9762590994744,0,109.084036411527
20.3354182471629,0,43.2964022013116
21.0281424859848,0,46.6373024673271
25.5004219642841,0,68.2064043716539
25.5330080577614,0,68.3635619854133
16.6376087839051,0,25.4624476099672
15.411076857498,0,19.5470766592134
14.7705335286288,0,16.4578367309944
15.8406953667336,0,21.6190592914821
14.8870665781501,0,17.0198573364918
28.266106788899,1,28.6997785411454
31.0155310151315,1,36.2832943124596
37.2141252568701,1,53.3803784014496
36.4235945234542,1,51.1999210433711
49.2716377053786,1,200
51.8197561859036,1,200
54.275773998458,1,200
50.7189339163479,1,200
50.8132274573656,1,200
20.4814074723217,1,7.22786835757244
78.3775089865669,0,200
54.7083518171068,0,200
45.2195403588548,0,200
29.7206447725073,0,88.5598765218657
26.4231910749389,0,72.6567749440774
23.3415393209283,0,57.7944522653575
26.4577193859079,0,72.8232995679276
15.6740962663068,0,20.8155779814006
16.914957441766,0,26.8000566510519
14.2310286697333,0,13.8558894833191
16.4967332751505,0,24.7830271446551
15.4313190798038,0,19.6447017199463
25.6868495111076,1,21.5856205811674
35.8012571527374,1,49.4833779137658
35.9521268183656,1,49.8995095815488
25.6785165935292,1,21.5626365646326
30.9852693670841,1,36.1998260418874
40.5440029786231,1,62.5649123771559
36.2810577754042,1,50.8067733921226
30.9150974295826,1,36.006276428965
28.1060270564735,1,28.2582434866661
29.6892813963522,1,32.6252066282269
22.4637647067396,1,12.6956449226269
51.216676370336,0,200
47.183338045234,0,200
28.4668354804344,0,82.5129511182693
24.2133791729031,0,61.9991990175997
23.7053813977673,0,59.5492054891896
24.7423097365642,0,64.5501480992207
14.7726915480642,0,16.4682445199845
13.7858292601728,0,11.7087626145377
14.8579333157697,0,16.8793521851172
14.925695126047,0,17.2061567594253
16.4091176860658,0,24.3604709116325
