50.2050521193399,1,200
50.2728937244089,0,200
86.4261712208297,1,200
73.9443837300439,0,200
98.4998775879931,1,200
38.4371487215915,0,45.6557816710831
48.0201569255392,0,200
48.0319926705422,0,200
47.9728139455279,0,200
42.6467286942602,0,68.5803553383979
38.433203473257,0,45.6342965973542
30.7162977314201,0,3.6094923862315
30.2191964413018,0,0.902373096557844
26.8706022804023,1,9.43668517984039
26.7740126294651,1,9.22639693070755
71.3018417115632,1,200
68.6697737235215,1,200
57.827585405809,1,200
52.0201326432034,1,200
70.987925346017,1,200
69.9737340111757,1,200
80.4295637251388,1,200
77.2300315378386,1,200
43.8303031945401,0,75.0258774566583
62.483437318984,0,200
58.2817478429822,0,200
56.5300575825645,0,200
38.0307881431605,0,43.4428190771383
62.7083164740357,0,200
43.972332134576,0,75.7993401108623
45.9844087850547,0,200
50.9199144512297,0,200
55.1571111622381,0,200
42.2206418741586,0,66.2599673758197
51.1211221162776,0,200
49.925711870993,0,200
34.8469727374033,0,26.1043645789949
54.1865800720073,0,200
39.403734563488,0,50.919624734336
43.3450376494263,0,72.3832133881769
45.1559066348576,0,200
43.2621874344066,0,71.932026839898
37.6047013230598,0,41.1224311145652
33.0523399403899,1,22.8951331243481
52.358196421484,1,200
47.5407875809859,1,200
45.7055842131771,1,200
42.0593248902937,1,42.5045123559941
38.304402210106,1,34.3295566709516
51.2232680229706,1,200
59.8559680754923,1,200
67.8366879841865,1,200
66.8104229429799,1,200
63.0434265564241,1,200
50.1607818626592,1,200
30.384050833248,1,17.0859202420534
49.4641178158846,0,200
53.0503485517363,0,200
53.9735366619568,0,200
53.9617009169521,0,200
43.3805448844369,0,72.5765790517364
39.4865847785077,0,51.3708112826148
52.9438268467105,0,200
53.2988991967959,0,200
61.6549351687851,0,200
53.9143579369425,0,200
49.2865816408407,0,200
40.7648452388121,0,58.331975170347
42.1022844241307,0,65.615415163994
43.9723321345756,0,75.7993401108597
41.5460044089981,0,62.5860197684061
46.2092879401082,0,200
49.3694318558606,0,200
34.2315139972569,0,22.7526930774948
45.9489015500462,0,200
40.575473318767,0,57.3006916314239
32.4324807568285,0,12.9554994577228
30.4322398513526,0,2.06256707784749
36.101561707702,0,32.9366180243616
37.8414162231162,0,42.4115355382196
25.071620031695,1,5.52006653973956
37.2298423434283,1,31.9900998993473
36.4329777231958,1,30.2552218440012
41.7574822311146,1,41.8473615774538
55.5215074896807,1,200
65.1683988770443,1,200
48.0358095420395,1,200
46.5869647779801,1,200
39.4031094895177,1,36.7215855048384
42.0955460093952,1,42.583370449419
40.4535219434622,1,39.0084702141618
36.4933462550311,1,30.3866519997082
43.0010739869315,1,44.5548227850383
35.912189787656,0,31.9053344854336
50.7305425311849,0,200
45.605664944965,0,200
47.6650845754547,0,200
37.4390008930204,0,40.2200580180073
48.0438284155448,0,200
43.9368248995673,0,75.6059744473129
37.1312715229472,0,38.5442222672574
39.7588069135725,0,52.8532813698168
39.3445558384742,0,50.5973486284238
43.7947959595333,0,74.8325117931192
42.0194342091108,0,65.164228615714
41.7708835640519,0,63.8106689708786
45.4044572799165,0,200
37.8887592031276,0,42.6693564229511
34.1013208022257,0,22.0436856444839
39.4392417984967,0,51.1129903978853
50.0559050660239,0,200
40.7411737488064,0,58.2030647279817
41.2501107839277,0,60.9746392388388
42.3034920891784,0,66.7111539240988
31.6394858416399,0,8.63699963848241
30.266539421313,0,1.16019398128875
31.6039786066314,0,8.4436339749342
24.4920821260712,1,4.2583370449419
54.9661169967913,1,200
49.1224431150843,1,200
52.3702701278511,1,200
65.9652634972769,1,200
44.4257713382578,1,47.6565744597512
43.411580003416,1,45.4485478438553
62.0171615152147,1,200
43.1580321697066,1,44.8965411898835
22.5965102264265,1,0.131430155708002
49.0735382307909,0,200
26.3152117875127,1,8.22752774732579
45.2387568498771,0,200
38.9066332733698,0,48.2125054446628
51.2749868013142,0,200
40.0428647936403,0,54.4002066782027
54.8730532821706,0,200
59.0155640331567,0,200
53.7368217619001,0,200
46.7774037002435,0,200
41.7708835640516,0,63.8106689708773
35.2375523224962,0,28.2313868780238
41.6406903690206,0,63.1016615378677
37.1194357779444,0,38.4797670460747
42.0075984641082,0,65.0997733945325
32.8467318319273,0,15.2114321991183
37.2851362079838,0,39.3821401426325
41.5341686639952,0,62.5215645472227
31.2775051044169,1,19.0310865465305
32.5331705666018,1,21.7648337852585
46.0074268723562,1,200
49.701981020708,1,200
45.6089945622398,1,200
50.4505508154722,1,200
49.9796762671529,1,200
63.5988170493128,1,200
46.6835544289174,1,200
50.353961164535,1,200
53.3120192244902,1,200
47.7460405892269,1,200
32.9059105569404,0,15.5337083050268
31.6868288216518,0,8.89482052321693
54.4114592270601,0,200
47.1088045603238,0,200
43.9131534095612,0,75.4770640049449
44.1735397996232,0,76.8950788709643
49.842861655973,0,200
42.3981780492011,0,67.2267956935614
52.4703970465985,0,200
61.4300560137316,0,200
45.901558570035,0,200
56.3051784275115,0,200
48.623779920683,0,200
51.4288514863508,0,200
49.7245042059449,0,200
37.8295804781133,0,42.3470803170364
31.3672637065751,0,7.15452955128032
23.960839045916,1,3.1017516747108
46.5265962461441,1,200
46.5265962461441,1,200
46.5265962461441,1,200
46.5265962461441,1,200
46.5265962461443,1,200
46.5265962461441,1,200
46.5265962461441,1,200
46.5265962461441,1,200
46.5265962461453,1,200
45.8504686895812,1,200
39.0408982985041,1,35.9330045705926
34.5615532362853,1,26.1808870170502
36.9762945097176,1,31.4380932453728
54.3286090120413,0,200
69.5967200656757,0,200
68.10541619532,0,200
54.4943094420805,0,200
58.0331971979228,0,200
43.6764385095052,0,74.1879595812923
35.8293395726373,0,31.4541479371599
24.1540183477906,1,3.52232817297661
24.1540183477906,1,3.52232817297656
44.8126700297757,0,80.3756608148322
47.2271620103505,0,200
44.0788538396011,0,76.3794371015053
34.9534944424287,0,26.6844615696392
41.8063907990601,0,64.0040346344254
52.1153246965143,0,200
49.9257118709927,0,200
47.2034905203449,0,200
29.0559431328588,1,14.1944568164729
29.6113336257484,1,15.4036142489875
43.3270640588459,1,45.264545625864
62.4276675316982,1,200
54.4348739166362,1,200
50.6678775300811,1,200
40.7915857217415,1,39.7444790861243
53.1550610417168,1,200
38.3889181546762,1,34.513558888943
40.453521943461,1,39.0084702141591
40.0188685142422,1,38.062173093059
34.2959316962087,1,25.6025943319368
31.9353794667104,0,10.2483801680507
23.8521756886118,1,2.86517739443679
27.69161431337,1,11.2241352974716
48.8960020557484,0,200
56.2933426825089,0,200
52.1389961865197,0,200
52.1389961865197,0,200
45.5819934549589,0,200
44.1025253296065,0,76.5083475438694
44.8008342847731,0,80.3112055936508
46.1027662350828,0,200
50.5766778461478,0,200
49.0498667407844,0,200
39.8534928735953,0,53.3689231392796
38.6225753933022,0,46.6655801362781
34.8943157174146,0,26.3621854637257
29.502670268444,1,15.167039968713
30.6013775478557,1,17.5590688025997
43.2546218206429,1,45.1068294390143
42.4819046131446,1,43.4245234459511
39.2582250131118,1,36.406153131139
49.9796762671527,1,200
57.5740375720986,1,200
38.2440336782702,1,34.1981265152436
40.5501115943983,1,39.2187584632921
48.3617996139536,1,200
37.9421910190904,1,33.5409757367016
29.0197220137578,1,14.115598723049
38.3385175132356,0,45.1186548278986
43.7829602145307,0,74.7680565719377
55.6542124523557,0,200
50.9435859412353,0,200
49.4049390908688,0,200
53.7131502718946,0,200
48.3870650206264,0,200
38.9539762533811,0,48.4703263293936
38.5633966682881,0,46.3433040303646
38.5633966682881,0,46.3433040303646
38.5633966682881,0,46.3433040303647
38.5633966682881,0,46.3433040303646
38.5633966682881,0,46.3433040303647
38.5633966682881,0,46.3433040303647
38.5633966682881,0,46.3433040303646
38.5633966682879,0,46.3433040303634
38.5633966682881,0,46.3433040303647
30.8790727943004,1,18.1636475188568
29.9131762849275,1,16.0607650275278
40.0913107524461,1,38.2198892799108
41.5160081037714,1,41.3216409546216
41.7695559374818,1,41.8736476085955
45.9832794596218,1,200
47.39590310458,1,200
43.4478011225175,1,45.5274059372801
43.0735162251354,1,44.7125389718901
22.8138369410355,1,0.604578716257159
91.8875110675761,1,200
27.4139190669244,1,10.6195565812125
31.9898537800813,1,20.5819623838898
33.4990670759742,1,23.8677162765862
47.3928624403895,0,200
63.5131471342281,0,200
55.2281256322551,0,200
48.1148428855619,0,200
61.595756443771,0,200
56.1276422524692,0,200
45.6648436699784,0,200
59.6428585183062,0,200
41.5104971739897,0,62.392654104858
40.9726913172492,1,40.138769553249
40.9606176108818,1,40.1124835221069
40.960617610882,1,40.1124835221074
40.9726913172489,1,40.1387695532485
40.960617610882,1,40.1124835221074
40.9606176108818,1,40.1124835221069
40.9726913172489,1,40.1387695532485
40.9606176108827,1,40.1124835221089
40.9606176108808,1,40.1124835221048
40.9606176108832,1,40.11248352211
40.9726913172475,1,40.1387695532454
40.4216086337307,0,56.4627737560503
48.4817509806475,0,200
60.9566262136197,0,200
56.4945503475565,0,200
53.9380294269479,0,200
52.5650830066213,0,200
52.5650830066213,0,200
52.5650830066211,0,200
52.5769187516241,0,200
52.5650830066211,0,200
42.9899652993419,0,70.4495567526961
38.7149082265895,1,35.2232817297664
46.9612496753619,1,200
56.1734876335076,1,200
48.0478832484066,1,200
50.6799512364483,1,200
55.750907910657,1,200
47.8667776528992,1,200
45.6814368004428,1,200
31.132620628011,1,18.7156541728312
44.9310274798029,0,81.0202130266542
54.8020388121548,0,200
55.6897196873648,0,200
46.6117032702041,0,200
52.6952762016523,0,200
54.3641162470493,0,200
49.6534897359282,0,200
49.5824752659111,0,200
56.0447920374495,0,200
49.1682241908128,0,200
38.36218900324,0,45.2475652702576
24.9267355552889,1,5.20463416603979
35.1893859673779,1,27.5477606364146
30.2874611823095,1,16.8756319929178
37.5075375898731,1,32.5946786156047
37.5075375898731,1,32.5946786156047
45.4158152603652,1,200
59.3730198208059,1,200
65.0235144006383,1,200
40.0067948078757,1,38.0358870619189
35.7228178676119,0,30.8740509465156
44.2918972496515,0,77.5396310827923
54.7783673221481,0,200
49.8191901659676,0,200
49.795518675962,0,200
62.7556594540469,0,200
49.0617024857872,0,200
51.5945519163902,0,200
45.9962445300575,0,200
48.6947943906999,0,200
35.1665378524795,0,27.8446555509285
35.6964816347986,1,28.6517739443621
37.9059698999897,1,33.4621176432784
41.3711236273653,1,41.0062085809217
46.3334169442695,1,200
44.0394127345086,1,46.8154214632196
40.2965637606879,1,38.6667518093182
59.6265676545163,1,200
56.6081410627255,1,200
59.7955995436565,1,200
44.4982135764612,1,47.8142906466019
26.6653492721613,1,8.98982265043465
22.813836941034,1,0.60457871625392
37.8532519681182,0,42.4759907593978
55.3109758472754,0,200
63.1580747841426,0,200
66.5430978549489,0,200
51.4761944663618,0,200
53.9972081519622,0,200
50.4464846511168,0,200
59.9150806533709,0,200
51.8312668164465,0,200
39.0013192333923,0,48.7281472141243
34.4563931523104,0,23.977342279966
37.797306542685,1,33.2255433630034
55.1351488859315,1,200
55.7267604979227,1,200
46.7559966671202,1,200
51.537184388517,1,200
62.5121834762683,1,200
52.3823438342183,1,200
48.6032737412958,1,200
23.1881218384179,1,1.41944568164812
55.6660481973593,0,200
55.2517971222609,0,200
53.0858557867452,0,200
52.4585613015957,0,200
53.1805417467677,0,200
44.2090470346321,0,77.0884445345149
54.1510728369986,0,200
58.932713818137,0,200
42.0075984641082,0,65.0997733945324
41.8418980340685,0,64.1974002979735
33.4148475920624,0,18.3052828158876
32.388286090196,1,21.4494014115594
36.9762945097178,1,31.4380932453732
50.2452978072305,1,200
46.1764587614964,1,200
42.9165580423624,1,44.3708205670492
49.1224431150843,1,200
58.3829758986984,1,200
57.1514578492477,1,200
33.0716109869807,0,16.4360814015894
52.2810251265535,0,200
42.9307865743278,0,70.1272806467827
47.9254709655167,0,200
53.6539715468803,0,200
44.0670180945983,0,76.3149818803226
44.0906895846039,0,76.4438923226878
49.9612191060014,0,200
53.3107349417987,0,200
46.2566309201194,0,200
40.3624299087163,0,56.1404976501354
48.3278862956126,0,200
32.7402101269017,0,14.6313352084728
25.2044308017336,1,5.80921288229689
47.2147975090725,1,200
51.9476904050005,1,200
47.999588422938,1,200
49.0620745832485,1,200
37.8697487808882,1,33.3832595498536
55.243812243236,1,200
58.8538504470177,1,200
40.3207111734215,1,38.7193238715999
24.2264605859933,1,3.68004435982581
45.8542155900225,0,200
56.163149487478,0,200
38.4213677282541,0,45.5698413761709
57.5242601628017,0,200
48.5527654506661,0,200
52.1034889515113,0,200
55.0742609472184,0,200
40.5754733187672,0,57.3006916314252
46.1974521951053,0,200
55.6068694723454,0,200
36.8353778978766,0,36.9328417376888
37.1076000329416,0,38.415311824892
33.9592918621922,0,21.2702229902929
29.6354810384828,1,15.4561863112707
52.4306386596869,1,200
44.3050342745862,1,47.3937141483351
50.5592141727767,1,200
56.873762602803,1,200
54.2779157338631,1,200
42.2645778985354,1,42.9513748854015
60.4355059811163,1,200
36.8797048587798,1,31.2278049962387
34.6576008173581,0,25.0730810400706
60.6607325885478,0,200
48.1385143755673,0,200
47.6295773404463,0,200
46.5170173101816,0,200
45.5464862199505,0,200
48.9196735457534,0,200
58.8143563681086,0,200
47.4165339303956,0,200
43.7119457445138,0,74.3813252448417
54.588995402103,0,200
51.0146004112521,0,200
35.2257165774936,0,28.1669316568419
40.8832026888403,0,58.9765273821745
32.4561522468343,0,13.0844099000891
39.6687310295954,1,37.2998781899541
36.6623781441717,1,30.7546564356915
40.3448585861565,1,38.7718959338846
46.0436479914576,1,200
45.0053092438815,1,200
50.5350667600424,1,200
46.50244883341,1,200
49.7261284334423,1,200
56.7288781263971,1,200
43.7617174880639,1,46.2108427469626
42.0593248902939,1,42.5045123559946
32.7263498684754,1,22.185410283522
40.0665362836462,0,54.5291171205695
59.323293403229,0,200
50.695035296176,0,200
34.3972144272963,0,23.6550661740526
31.9827224467215,0,10.5062010527804
57.0863375976976,0,200
64.2824705594106,0,200
51.274986801314,0,200
53.1450345117593,0,200
46.7418964652351,0,200
40.0310290486375,0,54.33575145702
47.5230556354209,0,200
46.0790947450771,0,200
24.7818510788831,1,4.88920179234075
35.1048700228076,1,27.3637584184228
34.9358381336675,1,26.9957539824407
47.7581142955948,1,200
42.4456834940428,1,43.3456653525257
52.7807761443349,1,200
47.7098194701261,1,200
40.827806840843,1,39.8233371795491
56.5477725308897,1,200
44.8483510611084,1,48.5765855497077
40.9968387299827,1,40.1913416155306
33.5213692970882,0,18.8853798065344
51.4880302113637,0,200
65.3358518646614,0,200
41.617018879015,0,62.9727510955023
56.6365792875903,0,200
43.3923806294376,0,72.6410342729076
38.1964885732009,0,44.3451921737012
50.2097697510605,0,200
58.1870618829594,0,200
47.1679832853365,0,200
44.4575976796912,0,78.4420041793514
34.2433497422597,0,22.8171482986775
39.2617056234542,0,50.1461620801436
26.1824010174739,1,7.93838140476801
24.6128191897429,1,4.52119735635839
37.8576750745208,1,33.3569735187114
42.4336097876757,1,43.3193793213841
38.1836651464344,1,34.0666963595355
35.6844079284315,1,28.6254879132207
43.0131476932997,1,44.5811088161821
38.9201612348312,1,35.6701442591738
68.3558573579753,1,200
54.4107265039017,1,200
60.3026952110766,1,200
34.018236449763,1,24.9980156156776
35.5452816925692,0,29.9072226287726
62.6491377490213,0,200
50.3754701810999,0,200
48.7421373707109,0,200
59.6902014983175,0,200
46.5761960351955,0,200
44.7416555597588,0,79.9889294877361
47.0732973253139,0,200
48.4699152356464,0,200
41.9602554840967,0,64.8419525098004
46.1382734700913,0,200
55.5476907473313,0,200
43.7711244695277,0,74.7036013507543
33.2136399270146,0,17.209544055782
30.3612253813356,0,1.67583575075043
38.9539762533811,0,48.4703263293937
40.9968387299834,1,40.191341615532
35.2980493246822,1,27.7843349166887
48.6636422731321,1,200
52.9981028589438,1,200
45.5486260304038,1,200
36.2639458340553,1,29.8872174080181
48.3738733203202,1,200
58.1656491840895,1,200
43.2063269951743,1,45.0016853144479
45.621068268607,1,200
37.024589335186,1,31.5432373699386
41.3566324889524,0,61.5547362294791
53.9380294269482,0,200
39.6522852085471,0,52.2731843791724
48.6711229006943,0,200
52.9201553567058,0,200
47.3455194603787,0,200
48.0438284155448,0,200
44.7061483247504,0,79.795563824188
37.5336868530432,0,40.7356997874702
49.7481756959505,0,200
47.2981764803674,0,200
51.0027646662494,0,200
36.1133974527048,0,33.0010732455445
24.467934713337,1,4.20576498265904
22.6206576391608,1,0.18400221799129
27.1241501141127,1,9.98869183381431
47.5890824064545,1,200
43.6168330116577,1,45.8954103732627
37.9301173127238,1,33.5146897055611
51.090457252932,1,200
58.3588284859641,1,200
47.4321242236814,1,200
43.7254963689622,1,46.1319846535372
54.2899894402303,1,200
34.8513221890977,1,26.8117517644499
30.9648483764805,0,4.96305203107518
41.0133958838714,0,59.6855348151847
50.6240208261584,0,200
53.9143579369422,0,200
57.0981733427004,0,200
50.0795765560296,0,200
50.4701561411225,0,200
52.4467255565929,0,200
34.1960067622485,0,22.5593274139468
44.149868309618,0,76.7661684286013
64.8742578095514,0,200
39.8061498935838,0,53.1111022545475
34.1368280372344,0,22.2370513080333
27.4018453605574,1,10.5932705500714
40.1154581651805,1,38.272461342194
46.297195825168,1,200
48.0116621293052,1,200
34.090678687966,1,25.1557318025273
52.9498080334751,1,200
51.1387520784004,1,200
46.2247535869651,1,200
54.5435372739406,1,200
37.9421910190907,1,33.5409757367022
24.8301459043514,1,4.99434591690638
36.3737838427663,0,34.4190881115612
39.983686068626,0,54.0779305722879
45.321607064897,0,200
52.0206387364915,0,200
49.3457603658548,0,200
47.4520411654042,0,200
52.2573536365479,0,200
52.8846481216973,0,200
37.1194357779444,0,38.4797670460747
46.990447110294,0,200
49.7718471859564,0,200
57.0153231276804,0,200
37.0247498179219,0,37.9641252766132
37.0365855629247,0,38.0285804977959
36.1370689427105,0,33.1299836879099
26.1099587792709,1,7.78066521791834
41.2866076827954,1,40.8222063629309
47.045765619932,1,200
46.5386699525115,1,200
39.5238465531893,1,36.9844458162545
61.461771022325,1,200
49.4846543060993,1,200
66.1825902118858,1,200
47.0216182071968,1,200
27.1120764077477,1,9.9624058026773
50.2097697510614,0,200
40.2322367136854,0,55.431490217126
60.1399598084244,0,200
44.9073559897982,0,80.8913025842938
55.1571111622382,0,200
47.6414130854493,0,200
47.7952777704857,0,200
49.0025237607731,0,200
42.6112214592515,0,68.3869896748486
63.6196688392529,0,200
38.6817541183163,0,46.9878562421916
38.1491455931893,0,44.0873712889691
23.2364166638861,1,1.52458980621352
27.9330884407128,1,11.7498559203029
70.7464512186738,1,200
38.8477189966283,1,35.5124280723242
33.1489295913272,1,23.105421373481
22.8138369410354,1,0.604578716257113
40.5991448087726,0,57.4296020737893
53.8551792119284,0,200
44.007839369584,0,75.9927057744078
46.0435875100687,0,200
24.3592713560323,1,3.96919070238401
25.0595463253279,1,5.49378050859804
31.6276500966373,0,8.57254441730083
37.2902108752642,1,32.1215300550556
48.4342418521561,1,200
45.1743411330218,1,200
46.5990384843473,1,200
54.5797583930419,1,200
35.2618282055809,1,27.7054768232642
49.8710129098483,1,200
24.4196398878684,1,4.10062085809258
36.9063923678937,0,37.3195730647861
49.1090454657985,0,200
57.1810235577201,0,200
52.5295757716129,0,200
46.6235390152067,0,200
55.3346473372804,0,200
57.1573520677144,0,200
43.9249891545645,0,75.5415192261302
40.8595311988346,0,58.8476169398086
42.469192519218,0,67.6135270206575
46.5990384843473,1,200
53.843262304645,1,200
53.5534933518332,1,200
53.1912821608181,1,200
56.2580035780778,1,200
60.7011275211939,1,200
52.3944175405864,1,200
53.3120192244902,1,200
39.1133405367042,1,36.090720757436
33.8409344121633,0,20.6256707784621
38.9894834883904,0,48.6636919929467
39.1315124284233,0,49.4371546471339
63.4658041542154,0,200
55.2162898872522,0,200
43.2266801993982,0,71.73866117635
55.4293332973031,0,200
58.0687044329313,0,200
41.4513184489756,0,62.0703779989446
50.0559050660239,0,200
56.6957580126044,0,200
53.3817494118156,0,200
33.6633982371218,0,19.6588424607255
41.6005240483415,1,41.5056431726129
46.1160902296606,1,200
42.6026416768162,1,43.6873837573673
56.0527505698358,1,200
34.3683739344107,1,25.7603105187844
29.804512927623,1,15.8241907472533
30.3599034205127,1,17.033348179768
72.7627601819899,1,200
65.9531897909095,1,200
29.8286603403566,1,15.876762809535
40.006794807877,1,38.0358870619216
48.031992670542,0,200
40.5754733187682,0,57.3006916314301
35.8648468076443,0,31.6475136007003
59.1931002081994,0,200
74.0824674217433,0,200
53.0858557867452,0,200
48.493586725652,0,200
54.8967247721762,0,200
44.8245057747785,0,80.440116036015
51.1803008412916,0,200
52.4822327916014,0,200
44.8836844997928,0,80.7623921419297
33.0716109869808,0,16.4360814015895
27.1482975268471,1,10.0412638960975
32.7022024557422,1,22.1328382212414
57.2239000874509,1,200
42.385314962207,1,43.2142351968177
36.2760195404224,1,29.9135034391597
54.4348739166362,1,200
42.6871576213863,1,43.8713859753585
39.2025268984404,0,49.8238859742314
45.7476938849983,0,200
41.4158112139669,0,61.8770123353952
39.7232996785643,0,52.65991570627
56.9561444026666,0,200
50.8725714712182,0,200
47.5230556354209,0,200
41.936583994091,0,64.713042067435
39.9126715986093,0,53.6911992451931
45.4399645149252,0,200
35.2848953025076,0,28.489207762755
30.4677470863609,0,2.25593274139467
34.8469727374034,0,26.1043645789953
36.7106729696405,1,30.8598005602582
49.7140547270751,1,200
48.4583892648904,1,200
42.9648528678308,1,44.4759646916151
47.9392198911024,1,200
47.5407875809859,1,200
46.0557216978246,1,200
74.8877325026108,1,200
44.6913928783356,1,48.2348671448673
32.9074554639827,1,22.5797007506461
38.992603473035,1,35.8278604460251
36.1252331977076,0,33.0655284667271
46.6235390152065,0,200
56.4235358775399,0,200
35.8766825526485,0,31.7119688218906
48.8723305657421,0,200
56.4708788575509,0,200
60.1991385334385,0,200
56.6129077975847,0,200
51.1447936062832,0,200
55.168946907241,0,200
48.5527654506661,0,200
43.3923806294376,0,72.6410342729077
30.0822081740677,1,16.4287694635104
41.781629643849,1,41.8999336397371
35.9258820557748,1,29.1512085360529
38.0146332572942,1,33.6986919235529
48.7723056304363,1,200
41.709187405646,1,41.7422174528874
33.4024774250378,1,23.6574280274554
38.9080875284641,1,35.6438582280322
32.2786160717921,0,12.117581582349
38.0781311231725,0,43.700639961873
47.6295773404462,0,200
46.5880317801985,0,200
48.5290939606605,0,200
55.4293332973029,0,200
48.1266786305648,0,200
44.5877908747222,0,79.151011612361
37.3088076979894,0,39.5110505849978
37.7585660080964,0,41.9603489899402
24.1781657605249,1,3.57490023525982
39.3185935449478,1,36.5375832868476
41.9989563584579,1,42.3730822002861
48.5066840903588,1,200
51.7424373967587,1,200
49.8589392034813,1,200
47.5166401682513,1,200
45.7297316259114,1,200
43.2666955270101,1,45.1331154701559
44.9811618311472,1,48.8657318922653
43.1338847569725,1,44.8439691276008
34.7426588317927,1,26.5751774841744
32.5271667168512,0,13.4711412271855
40.5518018287635,0,57.17178118907
48.5882726856734,0,200
54.0208796419678,0,200
58.4474482730214,0,200
58.8261921131117,0,200
45.1085636548463,0,200
50.0203978310153,0,200
58.5894772130554,0,200
47.0496258353083,0,200
44.729819814756,0,79.9244742665534
23.5020382039639,1,2.10288249132951
27.4863613051276,1,10.7772727680627
27.4863613051276,1,10.7772727680627
27.4863613051278,1,10.7772727680632
27.4863613051276,1,10.7772727680627
27.4863613051276,1,10.7772727680627
27.4863613051278,1,10.7772727680632
27.4863613051276,1,10.7772727680627
27.4863613051276,1,10.7772727680627
27.4863613051278,1,10.7772727680632
43.9911179090398,1,46.7102773386527
60.3509900365462,1,200
56.0889716889375,1,200
76.5176828621766,1,200
54.5193898612063,1,200
32.4486546220321,1,21.580831567268
31.0240271014923,0,5.28532813697579
37.1667787579564,0,38.7375879308095
52.553247261619,0,200
53.1095272767499,0,200
48.6711229006943,0,200
41.9720912290994,0,64.9064077309829
61.2880270736978,0,200
53.2752277067902,0,200
43.238515944401,0,71.8031163975327
42.3271635791842,0,66.8400643664652
42.5402069892346,0,68.0002583477524
42.9071150843221,0,69.9983702044172
50.9080787062269,0,200
43.5225738244686,0,73.3500417059173
48.304214805607,0,200
38.4450392182597,0,45.6987518185365
32.1105908437511,1,20.8448226953018
33.9337205051929,1,24.8140133976864
41.5039343974043,1,41.29535492348
51.1991206102362,1,200
46.3817117697382,1,200
45.0656777757173,1,200
53.4086088754272,1,200
43.918675670837,1,46.5525611518035
42.6509365022848,1,43.7925278819337
36.9400733906153,1,31.3592351519462
37.1453263988583,1,31.8060976813563
32.834896086924,0,15.1469769779331
43.333201904423,0,72.3187581669916
47.0377900903055,0,200
49.1208812108012,0,200
52.7899621616748,0,200
38.9658119983838,0,48.5347815505762
41.4986614289869,0,62.3281988836754
63.406625429202,0,200
63.2645964891682,0,200
43.0728155143616,0,70.9007433009749
48.5409297056631,0,200
45.0257134398266,0,200
38.2556672982147,0,44.6674682796133
36.0542187276908,0,32.678797139631
31.881190422775,1,20.3453881036112
44.6551717592338,1,48.1560090514419
49.0620745832484,1,200
48.8447478686395,1,200
46.8888074371589,1,200
57.0790156110448,1,200
47.9875147165711,1,200
44.1963709172815,1,47.1571398680601
44.3412553936877,1,47.47257224176
25.5304208736477,1,6.51893572312195
40.4452801237365,0,56.5916841984168
41.6288546240178,0,63.0372063166849
52.2928608715563,0,200
49.3694318558606,0,200
56.6365792875903,0,200
51.2394795663057,0,200
34.5037361323217,0,24.2351631646968
39.0486622134036,0,48.9859680988551
66.0933395448416,0,200
46.8602539152633,0,200
43.6409312744967,0,73.9945939177443
24.842219610719,1,5.02063194804903
30.1667241186379,1,16.6127716815017
30.1546504122707,1,16.5864856503601
30.1667241186379,1,16.6127716815017
30.1546504122707,1,16.5864856503601
30.1667241186379,1,16.6127716815017
30.1667241186381,1,16.6127716815022
35.8775872303061,1,29.0460644114865
48.0478832484066,1,200
45.5848471495055,1,200
30.8066305560974,1,18.0059313320072
37.6524220662791,1,32.910110989304
28.476405227235,1,12.9327273216754
42.3271635791839,0,66.8400643664638
49.8191901659676,0,200
50.3991416711056,0,200
40.4926231037473,0,56.8495050831451
41.617018879015,0,62.9727510955023
51.4406872313536,0,200
50.6713638061703,0,200
47.7834420254829,0,200
49.0143595057759,0,200
38.4568749632628,0,45.7632070397205
23.6952175058384,1,2.52345898959521
26.182401017474,1,7.93838140476816
35.5878182774943,1,28.4151996640878
53.1792084544512,1,200
46.1523113487621,1,200
46.9612496753619,1,200
49.1707379405529,1,200
57.4291530956927,1,200
29.4905965620768,1,15.1407539375714
34.7909536572614,1,26.6803216087408
24.6128191897427,1,4.52119735635787
40.7648452388121,0,58.331975170347
46.6353747602097,0,200
66.259039974881,0,200
43.6646027645023,0,74.1235043601096
39.1196766834205,0,49.3726994259514
23.2122692511518,1,1.47201774393032
53.0030055717255,0,200
57.2283665377311,0,200
59.1102499931793,0,200
38.4568749632628,0,45.7632070397204
37.3679864230036,0,39.8333266909115
38.6462468833078,0,46.7944905786435
23.6469226803697,1,2.41831486502876
31.2370705115441,0,6.44552211827042
31.4856211566032,0,7.79908176310726
37.1332526924911,1,31.7798116502146
46.2730484124338,1,200
51.6579214521884,1,200
53.6500830027707,1,200
37.6644957726462,1,32.9363970204457
27.8485724961424,1,11.565853702311
80.7193326779507,1,200
49.9555288544184,1,200
49.3639172424275,1,200
35.3101230310486,1,27.8106209478286
30.3730611263374,0,1.74029097192767
62.4834373189824,0,200
52.1626676765253,0,200
37.6165370680626,0,41.1868863357479
58.8853708381258,0,200
51.9732957564803,0,200
37.3916579130091,0,39.9622371332767
43.0609797693587,0,70.8362880797921
56.5182218375622,0,200
47.5112198904181,0,200
46.9194326402773,0,200
44.3629117196687,0,77.9263624098899
39.8298213835896,0,53.2400126969142
24.4920821260713,1,4.25833704494226
36.167356183118,1,29.6769291588852
47.6494509382903,1,200
51.331931380275,1,200
44.9328670056786,1,48.760587767699
51.7665848094931,1,200
48.6032737412963,1,200
46.5990384843471,1,200
49.0620745832484,1,200
42.7837472723229,1,44.0816742244899
50.2926199660796,0,200
48.0793356505535,0,200
43.6409312744967,0,73.9945939177441
45.049384929832,0,200
56.1039707624636,0,200
51.0619433912635,0,200
46.1027662350828,0,200
40.7766809838149,0,58.3964303915298
36.6815132128402,0,36.094923862315
39.0960051934148,0,49.2437889835859
51.4880302113648,0,200
71.3247388360869,0,200
24.62489289611,1,4.54748338749968
37.0608104542882,1,31.622095463365
40.8881753726788,1,39.9547673352572
46.8646600244248,1,200
44.9328670056786,1,48.760587767699
37.2056949306941,1,31.9375278370643
46.9250285562604,1,200
41.0572072618193,1,40.3227717712403
32.3969735218203,0,12.762133794176
39.0604979584064,0,49.0504233200378
54.6836813621255,0,200
40.2914154386994,0,55.7537663230393
57.0389946176863,0,200
40.0547005386431,0,54.4646618993854
54.0800583669817,0,200
60.4121819434892,0,200
45.5583219649532,0,200
30.6926262414144,0,3.48058194386599
28.9352060691873,1,13.9315965050569
38.5096552183478,1,34.776419200359
52.0442800559378,1,200
46.6473333098157,1,200
31.7000848272676,1,19.951097636487
29.3215646729366,1,14.7727495015888
47.178576389971,1,200
62.862320960916,1,200
69.3217538673485,1,200
31.0963995089093,1,18.6367960794059
51.144793606283,0,200
53.3107349417987,0,200
47.7124275554662,0,200
55.7607341573817,0,200
51.8786097964578,0,200
52.9438268467114,0,200
47.7597705354772,0,200
55.4530047873088,0,200
39.9600145786206,0,53.9490201299238
47.321847970373,0,200
23.9729127522831,1,3.1280377058524
35.3463441501509,1,27.8894790412553
54.4348739166362,1,200
40.6346275389684,1,39.4027606812834
54.3382842656987,1,200
54.7125691630809,1,200
42.0351774775594,1,42.4519402937109
63.816143763922,1,200
33.4628459568736,1,23.7888581831634
64.733745447827,1,200
34.1510472198013,1,25.2871619582343
55.1097681822271,0,200
64.6848858895063,0,200
48.9551807807619,0,200
57.4059027127736,0,200
52.8491408866889,0,200
59.7375444783285,0,200
43.368709139432,0,72.5121238305423
52.5650830066213,0,200
57.7136320828468,0,200
39.8890001086037,0,53.5622888028277
45.9470583405203,1,200
37.7852328363179,1,33.1992573318618
42.4456834940431,1,43.3456653525263
63.164163620095,1,200
45.8625423959502,1,200
41.8902930011534,1,42.1365079200116
49.6536861952396,1,200
51.1870469038691,1,200
38.449286686512,1,34.644989044651
44.0788538396011,0,76.3794371015053
45.4162930249193,0,200
47.404698185393,0,200
53.5119426068466,0,200
54.6363383821143,0,200
48.9788522707675,0,200
51.3223297813254,0,200
53.1805417467675,0,200
44.7889985397703,0,80.2467503724681
46.670881995218,0,200
42.066777189122,0,65.4220495004446
34.392521347145,1,25.8128825810676
31.6880111209004,1,19.9248116053454
47.5649349937202,1,200
35.9862505876106,1,29.282638691761
35.0445014909718,1,27.2323282627147
26.7619389230979,1,9.2001108995659
43.3512114715802,1,45.3171176881472
56.9944996664749,1,200
54.8816010522209,1,200
31.0003556114875,0,5.15641769461541
57.0271588726835,0,200
36.9892425829134,0,37.7707596130651
52.7781264166718,0,200
57.6544533578327,0,200
47.262669245359,0,200
41.8418980340685,0,64.1974002979735
57.0508303626891,0,200
46.1974521951053,0,200
50.5766778461479,0,200
40.776680983815,0,58.3964303915302
35.7701608476232,0,31.1318718312463
32.0140011928139,1,20.6345344461691
35.0082803718704,1,27.1534701692901
56.2821509908121,1,200
38.7390556393238,1,35.2758537920497
39.2582250131118,1,36.406153131139
43.1459584633384,1,44.8702551587398
51.0542361338305,1,200
50.7040986491824,1,200
42.7837472723236,1,44.0816742244915
40.5863327135,1,39.2976165567174
40.3931534116252,1,38.8770400584511
35.442933801088,1,28.0997672903878
51.6063876613928,0,200
56.7667724826215,0,200
41.6880333490319,0,63.3594824225984
64.2943063044134,0,200
51.4406872313534,0,200
44.8126700297759,0,80.3756608148334
39.5220920135162,0,51.5641769461629
43.2740231794094,0,71.9964820610807
47.8071135154885,0,200
27.8968673216111,1,11.6709978268775
38.6666134011209,1,35.1181376052
45.6331419749742,1,200
62.2103408170893,1,200
45.2950781966934,1,200
39.7411732677985,1,37.457594376804
58.2260177159253,1,200
34.8271747763629,1,26.7591797021657
31.5431266444947,1,19.6093792316465
45.2860998298888,0,200
55.4411690423057,0,200
50.5885135911506,0,200
55.4766762773144,0,200
47.1324760503278,0,200
50.6950352961762,0,200
54.3522805020465,0,200
34.1013208022259,0,22.0436856444852
44.1853755446265,0,76.9595340921494
47.0851330703168,0,200
28.7903215927812,1,13.6161641313574
38.9322349411987,1,35.696430290316
36.9038522715148,1,31.2803770585235
56.7530255391316,1,200
53.8553360110122,1,200
44.4257713382578,1,47.6565744597512
42.1196934221295,1,42.6359425117022
37.6524220662791,1,32.910110989304
50.9317501962325,0,200
47.5940701054378,0,200
47.5940701054378,0,200
47.5940701054378,0,200
47.5940701054378,0,200
47.5940701054378,0,200
47.5940701054378,0,200
47.5940701054378,0,200
47.5940701054378,0,200
47.5940701054378,0,200
45.5938291999618,0,200
33.0281925276556,1,22.842561062065
37.7610854235835,1,33.1466852695785
33.9457942115601,1,24.840299428828
50.3177400454335,1,200
45.995353165989,1,200
49.1103694087171,1,200
52.5634494297257,1,200
43.5323170670876,1,45.7114081552714
48.434241852156,1,200
38.2561073846372,1,34.2244125463847
32.4124335029304,1,21.5019734738427
36.373783842767,0,34.419088111565
61.1696696236694,0,200
50.9554216862379,0,200
51.8549383064521,0,200
68.5551745054277,0,200
39.0486622134035,0,48.985968098855
46.3631526251448,0,200
38.3503532582375,0,45.1831100490762
37.9716094181473,0,43.1205429712299
51.7602523464296,0,200
51.4761944663618,0,200
32.0892441517471,0,11.0862980434259
44.0997812663444,1,46.9468516189277
52.2012382387109,1,200
56.5477725308896,1,200
52.0201326432035,1,200
52.2253856514452,1,200
42.0713985966608,1,42.5307983871357
53.9277782492152,1,200
47.0940604453999,1,200
45.6089945622403,1,200
33.8733519733581,1,24.6825832419803
37.0957642879399,0,38.3508566037156
39.7232996785641,0,52.6599157062687
47.4283696753989,0,200
56.1513137424739,0,200
48.5409297056633,0,200
56.0329562924467,0,200
64.1286058743738,0,200
58.932713818137,0,200
59.0392355231623,0,200
42.8952793393193,0,69.9339149832345
43.56991680448,0,73.6078625906493
33.7107412171328,0,19.916663345455
36.2277247149538,1,29.8083593145932
38.3406233292075,1,34.4084147643765
56.0165294507346,1,200
36.2880932467896,1,29.9397894703013
69.8409232411364,1,200
62.5242571826355,1,200
48.0961780738753,1,200
55.5818760215173,1,200
32.4443165018325,0,13.0199546789118
43.4278878644463,0,72.8343999364571
47.3336837153752,0,200
51.9969672464859,0,200
66.0933395448416,0,200
48.8960020557478,0,200
54.7665315771452,0,200
60.234645768447,0,200
56.2223282124918,0,200
43.8894819195561,0,75.3481535625821
45.0257134398264,0,200
31.1542202965244,0,5.99433556999182
31.7223360566595,0,9.08818618676113
38.4009918610433,1,34.5398449200845
45.8746161023171,1,200
48.6636422731321,1,200
45.1381200139203,1,200
52.491007191523,1,200
42.7837472723234,1,44.0816742244909
53.3603140499586,1,200
33.2609829070258,0,17.4673649405128
54.0445511319732,0,200
47.7597705354775,0,200
49.6416539909252,0,200
45.7950368650096,0,200
54.8375460471621,0,200
52.8609766316917,0,200
46.730060720232,0,200
39.356391583477,0,50.6618038496065
57.8319895328749,0,200
32.4679879918372,0,13.1488651212721
22.9466477110744,1,0.893725058815351
22.9225002983399,1,0.841152996531599
46.067795404192,1,200
37.9784121381924,1,33.6198338301276
36.0586928258135,1,29.4403548786107
61.8722770388088,1,200
49.0137797577798,1,200
32.9195291703511,1,22.6059867817904
38.3285496228403,1,34.3821287332348
64.0576178912652,1,200
32.8591606385153,1,22.4745566260824
54.0090438969651,0,200
61.1104908986553,0,200
45.5701577099561,0,200
52.0088029914887,0,200
52.4703970465988,0,200
47.9136352205138,0,200
45.1677423798602,0,200
47.3691909503843,0,200
41.4749899389812,0,62.1992884413099
34.3735429372907,0,23.5261557316871
24.2989028241965,1,3.83776054667594
37.7852328363179,1,33.1992573318618
52.6479653742961,1,200
51.3440050866422,1,200
35.0686489037063,1,27.2849003249984
59.8197469563909,1,200
44.3895502191563,1,47.5777163663264
51.2353417293377,1,200
52.5151546042583,1,200
33.1730770040594,1,23.1579934357596
35.6044604175833,0,30.2294987346862
40.1967294786762,0,55.2381245535739
53.6894787818887,0,200
58.4474482730216,0,200
52.4348898115903,0,200
55.9737775674327,0,200
55.1807826522438,0,200
40.6228162987783,0,57.5585125161547
50.5293348661366,0,200
57.6307818678271,0,200
42.0075984641082,0,65.0997733945325
40.7766809838149,0,58.3964303915297
30.2753874759423,1,16.8493459617762
35.2739019119481,1,27.7317628544059
46.599038484347,1,200
43.037295106034,1,44.6336808784653
58.4554181369014,1,200
45.621068268607,1,200
55.7750553233911,1,200
48.579126328562,1,200
46.2730484124337,1,200
24.6007454833756,1,4.4949113252163
24.166092054158,1,3.54861420411873
49.8546974009761,0,200
67.8213583152529,0,200
58.7196704080863,0,200
59.4889938332694,0,200
57.5597673978102,0,200
47.7834420254829,0,200
50.6358565711621,0,200
45.9725730400518,0,200
34.9179872074202,0,26.4910959060911
23.2967851957219,1,1.65601996192159
23.284711489355,1,1.6297339307805
38.4130655674105,1,34.5661309512261
42.7233787404875,1,43.9502440687828
55.1472225922987,1,200
59.0349560425254,1,200
54.9902644095256,1,200
48.1082517802425,1,200
46.0436479914576,1,200
33.8854256797243,1,24.7088692731199
53.7723289969085,0,200
60.7790900385767,0,200
48.5290939606602,0,200
54.4114592270608,0,200
43.0254725343503,0,70.6429224162441
38.7409328433304,0,47.310132348105
54.8257103021593,0,200
53.9972081519622,0,200
53.5119426068465,0,200
41.3921397239615,0,61.7481018930311
40.6228162987783,0,57.5585125161547
29.212901315632,1,14.536175221314
36.686525556906,1,30.8072284979748
35.6964816347987,1,28.6517739443623
38.6062448692851,1,34.9867074494919
44.9087195929442,1,48.7080157054157
60.0008525518983,1,200
51.7545111031259,1,200
46.6835544289172,1,200
38.1232966145986,1,33.9352662038274
28.2711522189933,1,12.485864792268
55.0150822222044,0,200
40.3979371437248,0,56.3338633136835
51.9259527764693,0,200
53.2515562167846,0,200
37.001078327916,0,37.8352148342465
49.7600114409535,0,200
56.6247435425875,0,200
44.7179840697532,0,79.8600190453706
44.1380325646152,0,76.7017132074187
43.9013176645588,0,75.4126087837645
30.3375538913299,0,1.54692530838491
42.964852867831,1,44.4759646916156
41.6005240483415,1,41.5056431726129
47.8788513592664,1,200
50.5592141727767,1,200
55.4852863705792,1,200
43.7254963689624,1,46.1319846535377
50.6678775300812,1,200
50.7886145937527,1,200
41.0209861427188,1,40.2439136778176
41.9010767590838,0,64.5196764038934
59.3706363832412,0,200
48.5646011956689,0,200
60.3648389634779,0,200
61.6904424037935,0,200
44.3510759746659,0,77.8619071887071
47.3218479703731,0,200
47.3336837153759,0,200
46.730060720232,0,200
41.7708835640516,0,63.8106689708773
35.2138808324908,0,28.1024764356597
30.9635887388708,1,18.3476497368486
35.720629047533,1,28.7043460066455
40.2603426415864,1,38.5878937158934
36.3846828977269,1,30.1500777194342
53.3240929308571,1,200
51.0783835465649,1,200
46.6594070161829,1,200
51.0421624274631,1,200
51.0542361338303,1,200
27.6916143133695,1,11.2241352974706
48.7658088607168,0,200
57.3585597327623,0,200
42.9544580643334,0,70.2561910891479
45.9489015500462,0,200
58.6368201930664,0,200
50.5766778461481,0,200
49.8073544209646,0,200
51.0501076462607,0,200
42.3389993241868,0,66.9045195876466
40.1493864986657,0,54.980303668847
33.0361037519723,0,16.2427157380415
26.2910643747784,1,8.17495568504252
34.1510472198018,1,25.2871619582354
45.5003312049354,1,200
40.1758266970163,1,38.4038914979021
44.3050342745859,1,47.3937141483346
52.7324813188662,1,200
24.0091338713846,1,3.20689579927725
40.7056665137982,0,58.0096990644348
40.705666513798,0,58.0096990644336
40.705666513798,0,58.0096990644336
40.7056665137982,0,58.0096990644348
40.705666513798,0,58.0096990644335
40.705666513798,0,58.0096990644336
40.7056665137982,0,58.0096990644348
40.705666513798,0,58.0096990644336
40.705666513798,0,58.0096990644336
32.6455241668794,0,14.1156934390125
23.3450800211905,1,1.76116408648803
23.3450800211908,1,1.76116408648856
23.3450800211905,1,1.76116408648803
23.3450800211908,1,1.76116408648856
23.3450800211908,1,1.76116408648856
23.3450800211905,1,1.76116408648805
23.3450800211907,1,1.76116408648854
23.3450800211905,1,1.76116408648805
23.3450800211908,1,1.76116408648856
41.8892410140798,0,64.4552211827043
33.2491471620232,0,17.4029097193312
37.423021645303,1,32.4106763976134
51.4526684439469,1,200
73.9942782314406,1,200
67.5348453250081,1,200
58.7934819151821,1,200
43.3149903524787,1,45.2382595947224
43.3029166461125,1,45.2119735635827
33.8733519733557,1,24.6825832419752
53.7249860168958,0,200
57.2520380277379,0,200
58.6604916830723,0,200
49.07353823079,0,200
57.8319895328752,0,200
59.8914091633651,0,200
57.4532456927848,0,200
47.7597705354772,0,200
43.9249891545645,0,75.5415192261302
31.7933505266764,0,9.47491751385728
23.5986278549011,1,2.31317074046242
33.2334455358973,1,23.2894235914723
47.1061341517678,1,200
31.5431266444947,1,19.6093792316465
31.5189792317602,1,19.5568071693628
67.9574250478588,1,200
62.9468369054864,1,200
52.5996705488272,1,200
45.8504686895828,1,200
45.8504686895835,1,200
22.7413947028315,1,0.446862529405373
22.7413947028339,1,0.446862529410556
52.9674983367175,0,200
66.5430978549488,0,200
53.81967197692,0,200
61.512906228751,0,200
62.0573504988808,0,200
54.2339230520185,0,200
39.5102562685136,0,51.4997217249815
54.3641162470493,0,200
45.0375491848294,0,200
32.8585675769301,0,15.275887420301
34.0421420772116,0,21.7214095385704
37.3988742325687,1,32.3581043353302
44.8483510611084,1,48.5765855497077
48.2893573757499,1,200
46.2006061742307,1,200
43.0493688124012,1,44.6599669096069
57.4653742147941,1,200
59.6869361863521,1,200
34.1148261007004,1,25.2083038648106
29.73207068942,1,15.6664745604036
36.7406919378543,0,36.4171999682285
51.9022812864634,0,200
56.1276422524693,0,200
48.9906880157703,0,200
43.1556657293813,0,71.3519298492538
