20.6173171825931,1,7.60273718337396
20.6173171825931,1,7.60273718337396
20.6173171825931,1,7.60273718337396
20.6173171825931,1,7.60273718337396
20.6173171825931,1,7.60273718337396
18.1727231942575,1,0.86001014688231
18.1704800358905,1,0.853823023523445
18.1727231942575,1,0.86001014688231
22.7061462539255,1,13.3641864551495
21.0843427545985,1,8.89089626668977
14.7973509933775,0,16.5871731539051
13.7730684326711,0,11.6472191465804
11.5545253863135,0,0.947534281577369
11.6362030905077,0,1.34145302785113
12.9849889624724,0,7.84643556766885
15.8150110375276,0,21.4951878034239
16.9077262693157,0,26.7651818414104
12.7333333333333,0,6.63273997104165
11.5302428256071,0,0.830423302955456
19.1956034096007,1,3.68133839852499
11.5169977924945,0,0.766544587343496
14.2145695364238,0,13.776509666979
17.885598923284,1,0.0680583569475146
24.9493046209062,1,19.5513098140151
33.3028263795424,1,42.5921572024303
28.9219380888291,1,30.5087052825659
37.0062808434275,1,52.8070978679173
43.2400179452669,1,70.0011136822046
30.7501121579183,1,35.5512108200413
24.1350381336922,1,17.3053840347469
21.7664459161148,0,50.1980240183971
27.5677704194261,0,78.1769014564347
26.8150110375276,0,74.5464611191551
26.4883002207506,0,72.9707861340602
21.3668874172185,0,48.2710160974363
16.324944812362,0,23.9545183544843
19.1417218543046,0,37.5393918746274
17.6693156732892,0,30.438207989098
15.8304635761589,0,21.5697129716379
19.2247644683715,1,3.76177100219024
13.4971302428256,0,10.3164125713312
14.5412803532009,0,15.3521846520739
24.1821444593988,1,17.4353136252831
29.2068192014356,1,31.2944699491418
29.3862718707941,1,31.7894398178511
25.902646926873,1,22.1808372415329
37.0152534768955,1,52.8318463613527
32.0825482279049,1,39.2263620952074
31.8963660834455,1,38.7128308564216
20.0749214894572,1,6.10669075520028
22.3492273730684,0,53.0086875053232
27.483885209713,0,77.772336257559
24.6935982339956,0,64.3152201686398
21.2344370860927,0,47.6322289413167
19.8437086092715,0,40.9249638020612
17.4088300220751,0,29.1819265820629
15.9077262693157,0,21.9423388127076
15.4684326710817,0,19.823694744911
13.0534216335541,0,8.17647559833063
13.0335540838852,0,8.0806575249127
12.0467991169978,0,3.32169321182182
12.6847682119205,0,6.39851801379781
31.5217586361597,1,37.6795812554911
35.8869448183042,1,49.7197233118434
32.7308209959623,1,41.0144407459196
31.0372364288919,1,36.3431626099761
32.6029609690444,1,40.6617747144643
29.4872139973082,1,32.0678603690001
12.9011037527594,0,7.44187036879317
21.6626931567329,0,49.6976407461034
26.0181015452539,0,70.7030917298356
24.0865342163355,0,61.3874457030917
21.9827814569536,0,51.2413763733924
23.0225165562914,0,56.2558555489311
20.1086092715232,0,42.2025381143003
15.2609271523179,0,18.8229282003237
13.8061810154525,0,11.8069159356103
15.1527593818985,0,18.301252022826
14.9209713024283,0,17.1833744996167
20.5033647375505,1,7.28843131674359
23.6819201435621,1,16.0555851162561
22.8631673396142,1,13.7972850902701
33.8479138627187,1,44.0956281786346
35.8869448183042,1,49.7197233118434
27.9371915657246,1,27.792558128024
32.9282189322566,1,41.5589076014998
24.2539255271422,1,17.6333015727667
13.1637969094923,0,8.70879822843028
28.1041942604856,0,80.763989438719
26.287417218543,0,72.0019589472788
24.0997792494481,0,61.4513244187037
21.0534216335541,0,46.7592198279533
18.0181015452539,0,32.1203475002129
16.1549668874172,0,23.1347415041308
19.1748344370861,0,37.6990886636573
14.232229580574,0,13.8616812877949
12.8172185430464,0,7.03730516991738
18.4351727231943,1,1.58390357986958
24.9829519964109,1,19.6441166643981
27.1453566621803,1,25.6085035823444
30.7478689995514,1,35.5450236966825
28.8725886047555,1,30.3725885686709
30.5841184387618,1,35.0933636914853
33.702108568865,1,43.6934651603084
24.8057424854195,1,19.1553339190477
17.9474613686534,0,31.7796610169491
23.9011037527594,0,60.4931436845243
22.1858719646799,0,52.2208500127758
20.8944812362031,0,45.9926752406098
25.3139072847682,0,67.3068733497999
18.9452538631347,0,36.59185759305
16.4794701986755,0,24.6997700366238
14.8150110375276,0,16.6723447747211
13.7311258278146,0,11.4449365471425
15.3315673289183,0,19.1636146835874
14.3713024282561,0,14.5324078017205
17.8945715567519,1,0.092806850382983
24.8214445939883,1,19.1986437825597
28.3342305966801,1,28.8876789625432
26.6653207716465,1,24.2844591835472
30.8847016599372,1,35.9224382215733
27.2754598474652,1,25.9673567371586
20.5841184387618,1,7.51116775766275
26.6182144459399,1,24.154529593011
35.2768057424854,1,48.036825758232
17.3690949227373,0,28.990290435227
29.1064017660044,0,85.5974789200239
24.0313465783664,0,61.1212843880419
22.4088300220751,0,53.296141725577
19.00706401766,0,36.8899582659058
19.0512141280353,0,37.1028873179457
18.2079470198676,0,33.0359424239843
13.1262693156733,0,8.52780853419641
13.8216335540839,0,11.8814411038242
12.5434878587196,0,5.71714504727025
12.79293598234,0,6.92019419129546
11.6560706401766,0,1.43727110126906
25.4652310453118,1,20.9743481865541
29.9268730372364,1,33.2805365473377
29.2561686855092,1,31.4305866630369
28.1458052938537,1,28.3679606003985
23.2489905787349,1,14.861470307995
22.8452220726783,1,13.7477881033992
25.7456258411844,1,21.7477386064123
29.5702108568865,1,32.2967839332781
25.4242825607064,0,67.8391959798995
29.8834437086093,0,89.3450302359254
21.3293598233996,0,48.0900264032025
16.4198675496689,0,24.41231581637
17.7377483443709,0,30.7682480197598
15.605298013245,0,20.4837748062346
13.3602649006623,0,9.65633251000767
16.3580573951435,0,24.1142151435142
12.4419426048565,0,5.22740822757857
13.8348785871965,0,11.9453198194362
12.8944812362031,0,7.40993101098714
18.352175863616,1,1.35498001559155
11.914348785872,0,2.68290605570224
18.8703454463885,1,2.78420551148949
31.3580080753701,1,37.2279212502939
27.2799461641992,1,25.9797309838764
26.9143113503813,1,24.9712298763813
28.6908927770301,1,29.8714315766028
26.9905787348587,1,25.1815920705827
26.8088829071332,1,24.6804350785146
19.742934051144,1,5.19099649808817
19.3100044863167,1,3.99688168982716
22.353642384106,0,53.0299804105273
21.8194260485651,0,50.4535388808449
22.9430463576159,0,55.8725832552593
15.2896247240618,0,18.9613320841496
13.3183222958057,0,9.4540499105698
14.633995584989,0,15.7993356613576
20.4353200883002,0,43.7782130993953
22.2148945715568,1,12.009206439558
22.2148945715568,1,12.009206439558
22.2148945715568,1,12.009206439558
22.2148945715568,1,12.009206439558
22.2148945715568,1,12.009206439558
22.2148945715568,1,12.009206439558
22.2148945715568,1,12.009206439558
22.2148945715568,1,12.009206439558
22.2148945715568,1,12.009206439558
18.5742485419471,1,1.96750522811921
19.998233995585,0,41.6702154842007
20.0666666666667,0,42.0002555148624
16.6251655629139,0,25.4024359083553
16.6582781456954,0,25.5621326973852
15.1814569536424,0,18.4396559066519
18.1174392935982,0,32.5994378673026
19.1306843267108,0,37.4861596116174
15.8701986754967,0,21.7613491184737
14.0158940397351,0,12.8183289327996
22.9708389412292,1,14.0942670114957
21.2122027815164,1,9.2435622981451
25.3732615522656,1,20.7206761288407
27.9753252579632,1,27.8977392251247
29.0340960071781,1,30.8180614505092
28.2714221624047,1,28.7144395084949
29.5926424405563,1,32.3586551668667
27.9932705248991,1,27.9472362119956
19.1484970838941,1,3.55140880798881
17.0026490066225,0,27.2229793032961
18.8944812362031,0,36.3469891832042
17.8172185430464,0,31.1515203134315
16.5942604856512,0,25.2533855719274
16.9960264900662,0,27.1910399454901
25.1483443708609,0,66.5083894046504
15.1284768211921,0,18.1841410442041
15.558940397351,0,20.2601993015927
16.1615894039735,0,23.1666808619368
16.9805739514349,0,27.1165147772762
15.9916114790287,0,22.3469040115833
12.6516556291391,0,6.23882122476791
21.1561238223419,1,9.08888421417346
25.2319425751458,1,20.3308873572321
25.8196500672948,1,21.9519136772549
29.0116644235083,1,30.7561902169206
30.0345446388515,1,33.5775184685632
28.6191117092867,1,29.6734436291191
29.5903992821893,1,32.3524680435078
18.468820098699,1,1.67671043025255
21.5567328918322,0,49.1866110212077
17.6693156732892,0,30.4382079890981
16.1395143487859,0,23.0602163359168
16.3514348785872,0,24.0822757857082
15.6693156732892,0,20.7925219316924
20.0777041942605,0,42.0534877778724
20.5699779249448,0,44.4276467081169
14.6207505518764,0,15.7354569457457
15.4949227373068,0,19.9514521761349
14.3072847682119,0,14.2236606762627
13.7090507726269,0,11.3384720211226
17.2189845474614,0,28.2663316582915
18.6662180349933,1,2.22117728583272
24.4356213548677,1,18.1344585648349
30.3687752355316,1,34.4993998490342
29.4019739793629,1,31.8327496813631
29.390758187528,1,31.8018140645688
25.4899057873486,1,21.0424065435017
28.930910722297,1,30.5334537760014
24.2539255271422,1,17.6333015727668
15.2719646799117,0,18.8761604633336
22.1108167770419,0,51.858870624308
17.3713024282561,0,29.0009368878289
18.2256070640177,0,33.1211140448003
16.483885209713,0,24.7210629418278
16.8900662251656,0,26.6800102205945
16.0291390728477,0,22.5278937058172
16.9298013245033,0,26.8716463674304
15.7841059602649,0,21.346137466996
13.9077262693157,0,12.2966527553019
14.0203090507726,0,12.8396218380036
13.9165562913907,0,12.3392385657099
15.9342163355408,0,22.0700962439315
12.437527593819,0,5.20611532237457
24.742934051144,1,18.9820944649994
28.0785105428443,1,28.1823468996325
27.419021982952,1,26.363332632126
26.8649618663078,1,24.8351131624862
27.1475998205473,1,25.6146907057033
25.2341857335128,1,20.337074480591
29.3346792283535,1,31.6471359805972
16.4242825607064,0,24.433608721574
20.073289183223,0,42.0321948726684
20.1417218543046,0,42.3622349033302
16.6891832229581,0,25.7111830338131
16.0158940397351,0,22.4640149902053
15.4772626931567,0,19.866280555319
16.7222958057395,0,25.870879822843
13.0335540838852,0,8.0806575249127
13.0335540838852,0,8.0806575249127
16.2609271523179,0,23.6457712290265
15.8812362030905,0,21.8145813814837
14.5258278145695,0,15.27765948386
14.9275938189845,0,17.2153138574227
11.9894039735099,0,3.04488544417001
24.6038582323912,1,18.5984928167498
29.5343203230148,1,32.1977899595362
29.6442350829969,1,32.5009590041206
24.1484970838941,1,17.3425067749001
31.8223418573351,1,38.5086557855791
25.6200089726335,1,21.4012596983159
29.1170928667564,1,31.0469850147872
18.0401766004415,0,32.2268120262329
19.0203090507726,0,36.9538369815177
19.726710816777,0,40.3607018141555
18.3470198675497,0,33.7066689379099
17.6472406181015,0,30.3317434630781
16.3955849889625,0,24.2952048377481
16.3602649006623,0,24.1248615961162
14.437527593819,0,14.8518013797803
13.4220750551876,0,9.95443318286347
14.8701986754967,0,16.9385060897709
17.3028697571744,0,28.6708968571672
14.316114790287,0,14.2662464866706
13.0997792494481,0,8.40005110297249
24.0296096904441,1,17.0145892368802
26.7819650067295,1,24.6061895982082
30.4943921040826,1,34.8458787571307
29.3010318528488,1,31.5543291302142
27.2373261552266,1,25.8621756400579
28.5675190668461,1,29.5311397918652
21.3938986092418,1,9.74471929021322
20.0887417218543,0,42.1067200408824
17.1130242825607,0,27.7553019333958
16.1064017660044,0,22.900519546887
17.7443708609272,0,30.8001873775658
17.9651214128035,0,31.8648326377651
15.8260485651214,0,21.5484200664339
16.1218543046358,0,22.9750447151009
14.3381898454746,0,14.3727110126906
18.5147902869757,0,34.5157993356614
18.6415432929565,1,2.1531189288852
18.8172185430464,0,35.9743633421344
14.9408388520971,0,17.2791925730347
22.5737999102737,1,12.9991461769765
24.8752803947959,1,19.3471347431725
27.4033198743831,1,26.320022768614
30.0143562135487,1,33.5218343583334
30.2252131000449,1,34.1034239540668
27.1588156123822,1,25.6456263224976
31.0843427545985,1,36.4730922005123
22.7173620457604,1,13.3951220719439
20.914348785872,0,46.0884933140278
20.3955849889625,0,43.5865769525594
16.0909492273731,0,22.825994378673
14.1858719646799,0,13.638105783153
15.3183222958057,0,19.0997359679755
17.4640176600441,0,29.4480878971127
21.7532008830022,0,50.1341453027851
13.7598233995585,0,11.5833404309684
13.5832229580574,0,10.731624222809
11.4927152317881,0,0.649433608721573
14.3801324503311,0,14.5749936121284
20.1924944812362,0,42.6071033131761
17.1527593818985,0,27.9469380802317
22.8968147151189,1,13.8900919406531
21.2458501570211,1,9.33636914852809
31.7438313144908,1,38.2921064680188
26.959174517721,1,25.0949723435586
29.4625392552714,1,31.9998020120525
29.6487213997308,1,32.5133332508384
28.7694033198744,1,30.0879808941631
14.8724061810154,0,16.9491525423729
21.7620309050773,0,50.1767311131931
18.166004415011,0,32.8336598245464
14.0092715231788,0,12.7863895749936
15.923178807947,0,22.0168639809215
15.2211920529801,0,18.6312920534878
19.4353200883002,0,38.9553700706924
16.4176600441501,0,24.401669363768
12.3602649006622,0,4.83348948130482
13.4331125827815,0,10.0076654458734
13.7774834437086,0,11.6685120517843
15.8105960264901,0,21.4738948982199
20.0754966887417,0,42.0428413252704
14.2101545253863,0,13.755216761775
19.1731718259309,1,3.61946716493633
22.9663526244953,1,14.0818927647779
21.9344997756842,1,11.2358160196998
28.2781516375056,1,28.7330008785715
27.6837146702557,1,27.0934131884721
19.9223867205025,1,5.68596636679743
27.771197846568,1,27.3347109994679
28.0717810677434,1,28.1637855295559
15.1770419426049,0,18.4183630014479
17.2211920529801,0,28.2769781108934
18.7068432671082,0,35.4420407120348
15.1880794701987,0,18.4715952644579
14.2233995584989,0,13.8190954773869
18.4706401766004,0,34.3028702836215
18.4264900662252,0,34.0899412315816
14.8128035320088,0,16.6616983221191
12.6008830022075,0,5.99395281492207
16.1130242825607,0,22.932458904693
15.6649006622517,0,20.7712290264884
18.812023328847,1,2.62334030415898
23.5944369672499,1,15.8142873052603
27.5536114849708,1,26.7345600336579
30.4585015702109,1,34.7468847833888
31.2368775235532,1,36.8938165889152
28.8277254374159,1,30.2488461014935
27.6388515029161,1,26.9696707212949
19.9829519964109,1,5.85301869748678
18.2145695364238,0,33.0678817817903
17.2167770419426,0,28.2556852056894
17.923178807947,0,31.6625500383272
15.6295805739514,0,20.6008857848565
15.0026490066225,0,17.5772932458905
12.8370860927152,0,7.13312324333532
15.4066225165563,0,19.5255940720552
19.1880794701987,0,37.7629673792692
17.8657836644592,0,31.3857422706754
13.362472406181,0,9.66697896260967
16.9121412803532,0,26.7864747466144
18.1816958277254,1,0.884758640317776
14.4728476821192,0,15.0221446214121
14.5766004415011,0,15.5225278937058
21.2951996410947,1,9.47248586242313
29.5859129654554,1,32.3400937967901
35.1130551816958,1,47.5851657530348
30.7815163750561,1,35.6378305470654
29.3055181695828,1,31.5667033769319
25.0008972633468,1,19.693613651269
18.6604856512141,0,35.2184652073929
19.1461368653422,0,37.5606847798313
17.4220750551876,0,29.2458052976748
14.5302428256071,0,15.298952389064
18.9033112582781,0,36.3895749936121
11.4154525386313,0,0.276807767651835
11.4154525386313,0,0.276807767651812
13.4441501103753,0,10.0608977088834
14.7112582781457,0,16.1719615024274
14.8282560706402,0,16.736223490333
16.6472406181015,0,25.5089004343753
18.4905077262693,0,34.3986883570394
14.7885209713024,0,16.5445873434972
14.9916114790287,0,17.5240609828805
15.0644591611479,0,17.8753939187463
14.8370860927152,0,16.778809300741
12.3580573951435,0,4.82284302870284
20.8151637505608,1,8.1484414636259
21.6742934051144,1,10.5181097100714
21.6585912965455,1,10.4747998465593
30.090623598026,1,33.7321965525349
33.6034096007178,1,43.4212317325183
29.0969044414536,1,30.9913009045574
13.9033112582781,0,12.2753598500979
15.0203090507726,0,17.6624648667064
13.157174392936,0,8.67685887062432
16.7576158940397,0,26.0412230644749
13.5655629139073,0,10.646452601993
14.848123620309,0,16.832041563751
15.5147902869757,0,20.0472702495529
14.8988962472406,0,17.0769099735968
13.324944812362,0,9.4859892683758
17.194701986755,0,28.1492206796695
14.1461368653422,0,13.4464696363172
13.2587196467991,0,9.16659569031598
14.8746136865342,0,16.9597989949749
18.1301031852849,1,0.742454803063864
22.7510094212651,1,13.4879289223269
21.1090174966353,1,8.95895462363729
29.1126065500224,1,31.0346107680695
32.4997756841633,1,40.3771670399564
28.2669358456707,1,28.7020652617772
23.2669358456707,1,14.9109672948659
22.2126514131898,1,12.0030193161992
17.4684326710817,0,29.4693808023167
17.4286975717439,0,29.2777446554808
14.9187637969095,0,17.1727280470148
14.8437086092715,0,16.8107486585469
18.8834437086093,0,36.2937569201942
14.9408388520971,0,17.2791925730347
14.9099337748344,0,17.1301422366068
15.8437086092715,0,21.6335916872498
14.9629139072848,0,17.3856570990546
16.633995584989,0,25.4450217187633
14.5743929359823,0,15.5118814411038
14.5898454746137,0,15.5864066093178
25.092866756393,1,19.9472857089825
24.4266487213997,1,18.1097100713994
26.3535217586362,1,23.4244490366649
28.9488559892328,1,30.5829507628723
30.7501121579183,1,35.5512108200413
29.0834454912517,1,30.9541781644043
28.9510991475998,1,30.5891378862312
12.885651214128,0,7.36734520057916
21.073289183223,0,46.8550379013712
17.2896247240618,0,28.6070181415552
17.4949227373068,0,29.5971382335406
14.2653421633554,0,14.0213780768248
14.6163355408388,0,15.7141640405417
19.923178807947,0,41.3082360957329
14.7752759381898,0,16.4807086278852
15.3094922737307,0,19.0571501575675
16.8481236203091,0,26.4777276211566
12.567770419426,0,5.83425602589217
15.6626931567329,0,20.7605825738864
13.4110375275938,0,9.90120091985351
20.2678331090175,1,6.63878336406272
19.2090623598026,1,3.71846113867818
19.2113055181696,1,3.72464826203705
22.3449977568416,1,12.3680595943722
14.4154525386313,0,14.7453368537603
14.8039735099338,0,16.6191125117111
14.8326710816777,0,16.757516395537
16.5456953642384,0,25.0191636146836
17.2940397350993,0,28.6283110467592
18.20353200883,0,33.0146495187804
23.2512337371018,1,14.8676574313539
33.4306864064603,1,42.9448232338856
33.2131000448632,1,42.3446722680757
30.8734858681023,1,35.8915026047789
33.3342305966801,1,42.6787769294544
37.4706146253926,1,54.0878324032025
26.3602512337371,1,23.4430104067415
25.5655629139073,0,68.520568946427
24.035761589404,0,61.1425772932459
19.4816777041943,0,39.1789455753343
16.9894039735099,0,27.1591005876842
18.2565121412803,0,33.2701643812282
17.8701986754967,0,31.4070351758794
20.3514348785872,0,43.3736479005196
16.5302428256071,0,24.9446384464696
14.2167770419426,0,13.787156119581
15.3602649006623,0,19.3020185674133
13.1218543046358,0,8.50651562899242
15.960706401766,0,22.1978536751554
18.5743929359823,0,34.8032535559152
20.1646478241364,1,6.3541756895549
26.1493943472409,1,22.8614208110081
27.6388515029161,1,26.9696707212948
30.0143562135487,1,33.5218343583334
30.8555406011664,1,35.842005617908
29.4513234634365,1,31.9688663952582
32.8452220726783,1,41.3299840372217
24.980708838044,1,19.6379295410392
22.1748344370861,0,52.1676177497658
22.9275938189846,0,55.7980580870454
17.8282560706402,0,31.2047525764415
19.4353200883002,0,38.9553700706925
18.7664459161148,0,35.7294949322886
19.5192052980132,0,39.3599352695682
19.0666666666667,0,37.1774124861596
19.5192052980132,0,39.3599352695682
14.6295805739514,0,15.7780427561537
12.7002207505519,0,6.47304318201175
15.2520971302428,0,18.7803423899157
13.558940397351,0,10.614513244187
21.95244504262,1,11.2853130065707
26.1583669807088,1,22.8861693044436
28.9847465231045,1,30.6819447366142
31.606998654105,1,37.914691943128
19.1372812920592,1,3.52047319119448
24.2382234185734,1,17.5899917092547
32.5065051592643,1,40.3957284100331
35.1848362494392,1,47.7831537005185
22.4840735755944,1,12.7516612426218
21.9430463576159,0,51.0497402265565
22.9717439293598,0,56.0109871390853
16.633995584989,0,25.4450217187633
14.6671081677704,0,15.9590324503875
16.3492273730684,0,24.0716293331062
16.6958057395143,0,25.7431223916191
15.7863134657837,0,21.356783919598
18.3514348785872,0,33.7279618431139
14.8370860927152,0,16.778809300741
12.6008830022075,0,5.99395281492207
13.2498896247241,0,9.12400987990803
15.3139072847682,0,19.0784430627715
15.7333333333333,0,21.1012690571502
17.9259757738896,1,0.179426577407094
22.6949304620906,1,13.3332508383552
21.6339165545087,1,10.4067414896118
23.7604306864065,1,16.2721344338163
30.3418573351279,1,34.4251543687278
29.9717362045761,1,33.404279014515
31.6204576043069,1,37.9518146832811
28.9084791386272,1,30.4715825424127
18.7686534216335,0,35.7401413848905
20.3426048565121,0,43.3310620901116
19.0490066225166,0,37.0922408653437
14.157174392936,0,13.4997018993271
15.2896247240618,0,18.9613320841496
17.5390728476821,0,29.8100672855805
17.7002207505519,0,30.5872583255259
18.437527593819,0,34.1431734945916
13.9739514348786,0,12.6160463333617
13.7443708609272,0,11.5088152627545
15.3911699779249,0,19.4510689038412
13.7112582781457,0,11.3491184737246
12.8326710816777,0,7.11183033813133
15.6273730684327,0,20.5902393322545
14.446357615894,0,14.8943871901882
23.3387169134141,1,15.1089552423496
27.0960071781068,1,25.4723868684494
29.509645580978,1,32.1297316025887
28.7626738447734,1,30.0694195240865
27.9708389412292,1,27.8853649784069
31.4970838941229,1,37.6115228985435
23.4576043068641,1,15.4368727803695
16.1130242825607,0,22.932458904693
22.8635761589404,0,55.4893109615876
15.2476821192053,0,18.7590494847117
16.119646799117,0,22.9643982624989
14.5766004415011,0,15.5225278937058
14.353642384106,0,14.4472361809045
17.0269315673289,0,27.3400902819181
19.5699779249448,0,39.604803679414
12.567770419426,0,5.83425602589217
14.7576158940397,0,16.3955370070692
14.633995584989,0,15.7993356613576
18.5921938088829,1,2.01700221499016
20.0423841059603,0,41.8831445362405
11.5655629139073,0,1.00076654458734
25.2857783759533,1,20.4793783178449
26.3490354419022,1,23.4120747899472
28.7402422611036,1,30.0075482904978
25.3396141767609,1,20.6278692784577
25.0390309555855,1,19.7987947483697
30.9789143113504,1,36.1822974026456
24.0049349484074,1,16.9465308799327
19.1637969094923,0,37.6458564006473
19.6604856512141,0,40.0413082360957
17.2520971302428,0,28.4260284473213
18.0114790286976,0,32.088408142407
13.2344370860927,0,9.04948471169406
18.1328918322296,0,32.6739630355166
14.2366445916115,0,13.8829741929989
18.9121412803532,0,36.4321608040201
17.1019867549669,0,27.7020696703858
12.4640176600442,0,5.3338727535985
11.6891832229581,0,1.59696789029895
12.5037527593819,0,5.52550890043437
16.3955849889625,0,24.2952048377481
22.0130103185285,1,11.4523653372601
30.2184836249439,1,34.0848625839902
33.459847465231,1,43.0252558375509
29.6509645580978,1,32.5195203741972
28.7447285778376,1,30.0199225372156
23.1233737101839,1,14.5149913998985
18.6472406181015,0,35.1545864917809
17.3315673289183,0,28.8093007409931
14.5434878587197,0,15.362831104676
15.0688741721854,0,17.8966868239503
14.3845474613686,0,14.5962865173324
17.9099337748344,0,31.5986713227153
14.3028697571744,0,14.2023677710587
15.4154525386313,0,19.5681798824632
14.0203090507726,0,12.8396218380036
16.5611479028698,0,25.0936887828975
15.4640176600441,0,19.802401839707
14.6075055187638,0,15.6715782301337
12.4353200883002,0,5.19546886977259
18.1458052938537,1,0.785764666575918
23.0157021085689,1,14.218009478673
29.4378645132346,1,31.931743655105
27.1027366532077,1,25.490948238526
31.5890533871691,1,37.865194956257
27.3405114401077,1,26.1467833145657
26.2279048900852,1,23.0779701285684
16.1637969094923,0,23.1773273145388
17.3205298013245,0,28.7560684779832
20.0247240618101,0,41.7979729154246
14.6008830022075,0,15.6396388723277
15.3028697571744,0,19.0252107997615
14.6560706401766,0,15.9058001873776
18.6273730684327,0,35.058768418363
16.3050772626932,0,23.8587002810663
14.3183222958057,0,14.2768929392726
13.9673289183223,0,12.5841069755557
14.2940397350993,0,14.1597819606507
18.1748344370861,0,32.8762456349544
13.9298013245033,0,12.4031172813219
21.0417227456258,1,8.77334092287132
27.0219829519964,1,25.2682117976068
29.4580529385375,1,31.9874277653348
28.3925527142216,1,29.0485441698736
27.3898609241813,1,26.2829000284608
27.7016599371916,1,27.1429101753431
28.4329295648273,1,29.1599123903333
20.1848362494392,1,6.40985979978467
18.2366445916115,0,33.1743463078102
21.0423841059603,0,46.7059875649433
16.8238410596027,0,26.3606166425347
16.0335540838852,0,22.5491866110212
16.3558498896247,0,24.1035686909122
14.5390728476821,0,15.3415381994719
15.0843267108168,0,17.9712119921642
19.9342163355408,0,41.3614683587429
15.9275938189845,0,22.0381568861255
15.2962472406181,0,18.9932714419556
14.6295805739514,0,15.7780427561536
13.4507726269316,0,10.0928370666894
17.316114790287,0,28.7347755727792
20.0704351727232,1,6.09431650848255
27.3337819650067,1,26.1282219444891
28.6393001345895,1,29.7291277393489
29.0026917900404,1,30.7314417234851
27.6994167788246,1,27.1367230519842
27.3270524899058,1,26.1096605744125
26.9950650515926,1,25.1939663173004
13.5302428256071,0,10.4761093603611
19.6781456953642,0,40.1264798569117
16.6273730684327,0,25.4130823609573
17.2278145695364,0,28.3089174686994
12.8944812362031,0,7.40993101098717
14.8128035320088,0,16.6616983221191
15.4596026490066,0,19.781108934503
12.9033112582781,0,7.45251682139512
16.1284768211921,0,23.0069840729069
17.5942604856512,0,30.0762286006303
14.6737306843267,0,15.9909718081935
13.9673289183223,0,12.5841069755558
14.4132450331126,0,14.7346904011583
15.7421633554084,0,21.1438548675581
15.3227373068433,0,19.1210288731795
21.8672050246747,1,11.0502023189338
27.6029609690444,1,26.870676747553
28.1323463436519,1,28.3308378602453
28.8209959623149,1,30.230284731417
25.0323014804845,1,19.7802333782931
26.9344997756842,1,25.0269139866111
21.4096007178107,1,9.78802915372526
17.437527593819,0,29.3203304658888
16.1969094922737,0,23.3370241035687
18.0092715231788,0,32.0777616898049
15.324944812362,0,19.1316753257814
15.7333333333333,0,21.1012690571502
13.1395143487859,0,8.59168724980836
15.4971302428256,0,19.9620986287369
15.7907284768212,0,21.378076824802
16.362472406181,0,24.1355080487182
14.4816777041943,0,15.0647304318201
13.4110375275938,0,9.9012009198535
12.5721854304636,0,5.85554893109616
12.8878587196468,0,7.37799165318116
18.1240618101545,0,32.6313772251086
11.6538631346578,0,1.42662464866707
26.602512337371,1,24.111219729499
24.7182593091072,1,18.9140361080519
27.3606998654105,1,26.2024674247955
23.3678779721848,1,15.1893878460149
27.8205473306415,1,27.4708277133629
23.7716464782414,1,16.3030700506107
11.717880794702,0,1.73537177412484
16.5434878587196,0,25.0085171620816
15.8569536423841,0,21.6974704028618
15.7245033112583,0,21.0586832467422
14.567770419426,0,15.4799420832978
12.0490066225166,0,3.33233966442383
12.1373068432671,0,3.75819776850352
14.9584988962472,0,17.3643641938506
17.5633554083885,0,29.9271782642024
17.1064017660044,0,27.7233625755898
13.6362030905077,0,10.9871390852568
12.9717439293598,0,7.78255685205689
13.7686534216336,0,11.6259262413764
15.6980132450331,0,20.9309258155183
14.5920529801324,0,15.5970530619198
25.5482279048901,1,21.2032717508322
24.5253476895469,1,18.3819434991895
30.8398384925976,1,35.7986957543959
27.4997756841633,1,26.5860690730452
25.8151637505608,1,21.9395394305372
20.5347689546882,1,7.37505104376772
14.5236203090508,0,15.267013031258
14.1836644591611,0,13.627459330551
12.3955849889625,0,5.00383272293673
13.4044150110375,0,9.86926156204755
13.7907284768212,0,11.7323907673963
15.6582781456954,0,20.7392896686824
11.7090507726269,0,1.69278596371689
17.9573799910274,1,0.266046304431216
14.6185430463576,0,15.7248104931437
15.0975717439294,0,18.0350907077762
19.1439293598234,0,37.5500383272294
13.3668874172185,0,9.68827186781365
15.2057395143488,0,18.5567668852738
12.8061810154525,0,6.98407290690742
18.8927770300583,1,2.84607674507815
24.1911170928668,1,17.4600621187185
26.2413638402871,1,23.1150928687216
29.3615971287573,1,31.7213814609036
27.5782862270076,1,26.8026183906055
27.4863167339614,1,26.548946332892
27.4706146253926,1,26.5056364693799
18.7088380439659,1,2.33873262965116
19.7443708609272,0,40.4458734349715
17.1483443708609,0,27.9256451750277
15.2675496688742,0,18.8548675581297
13.9099337748344,0,12.3072992079039
22.0843267108168,0,51.7311131930841
13.1726269315673,0,8.75138403883827
17.9562913907285,0,31.8222468273571
16.6604856512141,0,25.5727791499872
15.4816777041943,0,19.887573460523
23.2476821192053,0,57.3417937143344
13.1924944812362,0,8.8472021122562
23.0650515926424,1,14.354126192568
26.490354419022,1,23.8018635615557
30.8667563930013,1,35.8729412347023
31.0058322117542,1,36.256542882952
28.2871242709735,1,28.757749372007
30.4338268281741,1,34.6788264264413
28.5473306415433,1,29.4754556816354
14.0401766004415,0,12.9354399114215
15.3690949227373,0,19.3446043778213
22.3094922737307,0,52.8170513584873
17.3139072847682,0,28.7241291201772
14.885651214128,0,17.0130312579849
14.7708609271523,0,16.4594157226812
14.0865342163355,0,13.1590154160634
17.9849889624724,0,31.960650711183
18.7443708609271,0,35.6230304062686
17.2587196467991,0,28.4579678051273
16.1439293598234,0,23.0815092411208
16.2344370860927,0,23.5180137978026
13.2278145695364,0,9.01754535388809
26.1090174966353,1,22.7500525905485
29.5612382234186,1,32.2720354398426
30.2611036339166,1,34.2024179278087
28.0785105428443,1,28.1823468996325
29.1305518169583,1,31.0841077549404
25.8061911170929,1,21.9147909371017
18.9555854643338,1,3.01931619912638
15.0114790286976,0,17.6198790562985
20.2300220750552,0,42.7880930074099
18.475055187638,0,34.3241631888255
18.8569536423841,0,36.1659994889703
16.8150110375276,0,26.3180308321267
16.1417218543046,0,23.0708627885189
12.8834437086093,0,7.35669874797717
17.3271523178808,0,28.7880078357891
20.6450331125828,0,44.7896260965846
17.2896247240618,0,28.6070181415552
14.7090507726269,0,16.1613150498254
15.4198675496689,0,19.5894727876671
12.9673289183223,0,7.76126394685291
18.0515926424406,1,0.52590548550357
26.7662628981606,1,24.5628797346961
32.9730820995962,1,41.6826500686771
32.7465231045312,1,41.0577506094316
29.0296096904441,1,30.8056872037915
29.278600269179,1,31.4924578966256
13.9761589403974,0,12.6266927859637
18.4220750551876,0,34.0686483263776
17.6472406181015,0,30.3317434630781
13.4728476821192,0,10.1993015927093
16.1682119205298,0,23.1986202197428
17.4286975717439,0,29.2777446554808
17.3558498896247,0,28.926411719615
14.6163355408389,0,15.7141640405417
14.2830022075055,0,14.1065496976407
16.437527593819,0,24.497487437186
12.79293598234,0,6.92019419129546
12.4286975717439,0,5.16352951196661
19.9111709286676,1,5.65503075000309
19.9111709286676,1,5.6550307500031
19.9111709286676,1,5.65503075000309
19.9111709286676,1,5.65503075000309
19.9111709286676,1,5.6550307500031
19.9111709286676,1,5.65503075000309
19.9111709286676,1,5.65503075000309
19.9111709286676,1,5.6550307500031
19.9111709286676,1,5.65503075000309
19.3010318528488,1,3.97213319639167
14.5236203090508,0,15.267013031258
12.5015452538631,0,5.51486244783239
12.8194260485651,0,7.04795162251938
16.9055187637969,0,26.7545353888084
19.9717439293598,0,41.5424580529768
16.166004415011,0,23.1879737671408
14.1417218543046,0,13.4251767311132
19.8842530282638,1,5.58078526969671
22.6949304620906,1,13.3332508383552
27.2148945715568,1,25.8003044064693
28.9600717810677,1,30.6138863796666
28.4284432480933,1,29.1475381436155
28.7671601615074,1,30.0817937708042
25.2700762673845,1,20.4360684543329
18.2848811126065,1,1.16936631482558
19.9629139072848,0,41.4998722425688
16.4971302428256,0,24.7849416574398
14.9364238410596,0,17.2578996678306
15.7134657836645,0,21.0054509837322
18.914348785872,0,36.4428072566221
14.1615894039735,0,13.5209948045311
14.9540838852097,0,17.3430712886466
15.8878587196468,0,21.8465207392897
15.0269315673289,0,17.6944042245124
18.3337748344371,0,33.6427902222979
14.7311258278146,0,16.2677795758453
12.1991169977925,0,4.05629844135934
25.2386720502467,1,20.3494487273087
25.9385374607447,1,22.2798312152748
27.6680125616869,1,27.0501033249601
27.9596231493943,1,27.8544293616126
27.4504262000897,1,26.4499523591501
27.3091072229699,1,26.0601635875416
23.5406011664424,1,15.6657963446475
16.4596026490066,0,24.6039519632059
20.2587196467991,0,42.9264968912358
16.9474613686534,0,26.9568179882463
16.3602649006622,0,24.1248615961162
16.3227373068433,0,23.9438719018823
17.3514348785872,0,28.905118814411
17.5766004415011,0,29.9910569798143
17.4066225165563,0,29.1712801294609
14.2454746136865,0,13.9255600034069
14.6251655629139,0,15.7567498509497
14.1615894039735,0,13.5209948045311
11.8437086092715,0,2.34221957243847
14.3911699779249,0,14.6282258751384
22.0107671601615,1,11.4461782139012
27.1318977119785,1,25.5713808421912
27.6052041274114,1,26.8768638709119
27.4661283086586,1,26.4932622226622
27.8743831314491,1,27.6193186739757
28.1884253028264,1,28.4855159442169
33.0448631673396,1,41.8806380161608
14.2322295805739,0,13.8616812877949
20.4662251655629,0,43.9272634358232
22.8481236203091,0,55.4147857933737
17.2631346578366,0,28.4792607103313
15.5192052980132,0,20.0685631547568
16.7818984547461,0,26.1583340430968
15.8724061810155,0,21.7719955710757
19.6626931567329,0,40.0519546886977
16.1350993377483,0,23.0389234307129
14.0512141280353,0,12.9886721744315
13.2631346578366,0,9.18788859551997
13.3205298013245,0,9.46469636317179
13.5854304635762,0,10.742270675411
12.9408388520971,0,7.63350651562899
26.2682817406909,1,23.189338349028
30.9991027366532,1,36.2379815128754
28.5047106325707,1,29.3579003378169
26.373710183939,1,23.4801331468947
31.0506953790938,1,36.3802853501293
25.9789143113504,1,22.3911994357344
14.5655629139073,0,15.4692956306959
18.7112582781457,0,35.4633336172387
17.8459161147903,0,31.2899241972575
16.2520971302428,0,23.6031854186185
15.1902869757174,0,18.4822417170599
13.5147902869757,0,10.4015841921472
13.241059602649,0,9.08142406950001
16.998233995585,0,27.2016863980922
14.7443708609272,0,16.3316582914573
16.9364238410596,0,26.9035857252364
14.8150110375276,0,16.6723447747211
12.2852097130243,0,4.47151009283707
11.951876379691,0,2.86389574993614
14.755408388521,0,16.3848905544672
15.6317880794702,0,20.6115322374585
18.9937191565725,1,3.12449729622709
29.399730820996,1,31.8265625580043
27.5423956931359,1,26.7036244168636
27.4571556751907,1,26.4685137292267
26.2234185733513,1,23.0655958818507
26.3961417676088,1,23.5420043804833
29.1754149842979,1,31.2078502221177
19.2516823687752,1,3.83601648249662
20.8083885209713,0,45.5774635891321
17.4794701986755,0,29.5226130653266
16.6030905077263,0,25.2959713823354
14.2896247240618,0,14.1384890554467
14.7333333333333,0,16.2784260284473
13.876821192053,0,12.147602418874
13.9916114790287,0,12.7012179541777
17.5037527593819,0,29.6397240439486
15.3293598233996,0,19.1529682309854
12.0997792494481,0,3.57720807426966
13.8282560706402,0,11.9133804616302
14.7311258278146,0,16.2677795758453
19.0136865342163,0,36.9218976237118
14.9938189845475,0,17.5347074354825
23.7245401525348,1,16.1731404600745
26.7528039479587,1,24.5257569945429
26.259309107223,1,23.1645898555925
25.6379542395693,1,21.4507566851868
26.378196500673,1,23.4925073936124
26.7101839389861,1,24.4082016507245
26.5531628532975,1,23.9751030156039
14.8172185430464,0,16.682991227323
18.7863134657837,0,35.8253130057065
18.5677704194261,0,34.7713141981092
17.6516556291391,0,30.3530363682821
13.9871964679912,0,12.6799250489737
15.1969094922737,0,18.5141810748658
16.6163355408389,0,25.3598500979474
17.1880794701987,0,28.1172813218636
14.0026490066225,0,12.7544502171876
13.2918322295806,0,9.32629247934587
15.2741721854305,0,18.8868069159356
15.5567328918322,0,20.2495528489907
15.1969094922737,0,18.5141810748659
21.9098250336474,1,11.1677576627523
29.2068192014356,1,31.2944699491418
29.2202781516375,1,31.3315926892951
22.0287124270974,1,11.4956752007721
22.9887842081651,1,14.1437639983666
19.3885150291611,1,4.21343100738741
19.8887393449978,1,5.59315951641443
28.3633916554509,1,28.9681115662084
18.2086137281292,1,0.959004120624147
21.9584988962472,0,51.1242653947705
16.5324503311258,0,24.9552848990716
18.2675496688742,0,33.3233966442382
17.5986754966887,0,30.0975215058343
15.119646799117,0,18.1415552337961
14.6075055187638,0,15.6715782301337
15.6317880794702,0,20.6115322374585
17.2609271523179,0,28.4686142577293
13.7532008830022,0,11.5514010731624
11.8061810154525,0,2.16122987820459
18.1704800358905,1,0.853823023523445
24.0542844324809,1,17.0826475938277
25.7747868999551,1,21.8281712100776
27.5693135935397,1,26.77786989717
30.7030058322118,1,35.4212812295051
26.1269627635711,1,22.7995495774195
29.9380888290713,1,33.311472164132
23.2983400628084,1,14.9975870218901
19.7222958057395,0,40.3394089089516
19.6626931567329,0,40.0519546886977
17.1682119205298,0,28.0214632484456
15.4684326710817,0,19.823694744911
13.1836644591611,0,8.80461630184822
11.6715231788079,0,1.51179626948298
19.1991169977925,0,37.8161996422792
18.1350993377483,0,32.6846094881186
14.2366445916115,0,13.8829741929989
16.3955849889625,0,24.2952048377481
16.6163355408389,0,25.3598500979474
16.4551876379691,0,24.5826590580019
12.6008830022075,0,5.99395281492206
23.5181695827725,1,15.6039251110589
25.1668909825034,1,20.151460779825
27.4324809331539,1,26.4004553722792
29.1103633916554,1,31.0284236447106
28.347689546882,1,28.9248017026964
32.6164199192463,1,40.6988974546174
21.5711081202333,1,10.2335020355636
12.7222958057395,0,6.57950770803167
13.7598233995585,0,11.5833404309684
21.9474613686534,0,51.0710331317605
19.0423841059603,0,37.0603015075377
17.4066225165563,0,29.1712801294609
15.5766004415011,0,20.3453709224086
16.3403973509934,0,24.0290435226982
18.4684326710817,0,34.2922238310195
17.2852097130243,0,28.5857252363512
14.3448123620309,0,14.4046503704965
14.0600441501104,0,13.0312579848394
14.0644591611479,0,13.0525508900434
14.6759381898455,0,16.0016182607955
14.7002207505519,0,16.1187292394174
15.0269315673289,0,17.6944042245124
24.8752803947959,1,19.3471347431725
23.1749663526245,1,14.6572952371524
29.2987886944818,1,31.5481420068553
32.2934051144011,1,39.8079516909408
30.4248541947061,1,34.6540779330058
31.6384028712427,1,38.0013116701521
12.4441501103753,0,5.23805468018055
18.0953642384106,0,32.4929733412827
17.3580573951435,0,28.937058172217
13.7002207505519,0,11.2958862107146
18.8790286975717,0,36.2724640149902
15.8370860927152,0,21.6016523294438
16.9342163355408,0,26.8929392726344
16.1218543046358,0,22.9750447151009
19.2167770419426,0,37.9013712630951
14.4949227373068,0,15.1286091474321
14.2719646799117,0,14.0533174346308
13.1064017660044,0,8.43199046077847
12.5346578366446,0,5.67455923686228
17.0688741721854,0,27.5423728813559
23.121130551817,1,14.5088042765397
27.6612830865859,1,27.0315419548835
27.7240915208614,1,27.2047814089317
20.1040825482279,1,6.18712335886553
27.2687303723643,1,25.948795367082
35.3171825930911,1,48.1481939786915
30.3463436518618,1,34.4375286154455
16.3227373068433,0,23.9438719018823
17.8105960264901,0,31.1195809556256
19.8348785871965,0,40.8823779916532
18.8105960264901,0,35.9424239843284
15.0313465783665,0,17.7156971297164
14.2366445916115,0,13.8829741929989
15.6759381898455,0,20.8244612894983
17.0048565121413,0,27.2336257558981
17.0401766004415,0,27.40396899753
15.3116997792494,0,19.0677966101695
15.2167770419426,0,18.6099991482838
13.6715231788079,0,11.1574823268887
17.9080305069538,1,0.129929590536176
22.1184387617766,1,11.7431601351268
26.4544638851503,1,23.7028695878138
26.7819650067295,1,24.6061895982082
31.0125616868551,1,36.2751042530286
24.3077613279497,1,17.7817925333795
31.2637954239569,1,36.9680620692215
22.0556303275011,1,11.5699206810785
19.512582781457,0,39.3279959117622
17.4596026490066,0,29.4267949919087
17.5832229580574,0,30.0229963376203
18.1814569536424,0,32.9081849927604
18.0666666666667,0,32.3545694574568
16.998233995585,0,27.2016863980922
13.9540838852097,0,12.5202282599438
15.5854304635762,0,20.3879567328166
14.9894039735099,0,17.5134145302785
17.9275938189845,0,31.6838429435312
14.6671081677704,0,15.9590324503875
19.0655002243158,1,3.32248524371079
20.8555406011664,1,8.25980968408548
18.228802153432,1,1.01468823085394
18.228802153432,1,1.01468823085394
24.043068640646,1,17.0517119770334
31.1538806639749,1,36.6648930246371
27.4122925078511,1,26.3447712620494
36.6384028712427,1,51.7924096370634
22.537909376402,1,12.9001522032346
17.8216335540839,0,31.1728132186356
19.4551876379691,0,39.0511881441104
14.044591611479,0,12.9567328166255
13.3735099337748,0,9.72021122561966
14.6869757174393,0,16.0548505238054
17.8525386313466,0,31.3218635550635
12.9011037527594,0,7.44187036879313
17.2233995584989,0,28.2876245634954
15.1108167770419,0,18.0989694233881
14.5810154525386,0,15.5438207989098
19.6649006622517,0,40.0626011412997
12.8569536423841,0,7.22894131675325
25.4001794526694,1,20.794921609147
27.6231493943472,1,26.9263608577828
26.1650964558098,1,22.9047306745202
26.0574248541947,1,22.6077487532946
24.5702108568865,1,18.5056859663668
28.4060116644235,1,29.0856669100268
19.16644235083,1,3.60090579485975
11.475055187638,0,0.564261987905639
20.2233995584989,0,42.756153649604
19.1395143487859,0,37.5287454220254
15.7973509933775,0,21.4100161826079
17.1064017660044,0,27.7233625755898
15.4860927152318,0,19.9088663657269
15.0490066225166,0,17.8008687505323
21.0114790286976,0,46.5569372285155
15.1328918322296,0,18.2054339494081
14.3602649006623,0,14.4791755387105
11.8348785871965,0,2.2996337620305
15.7377483443709,0,21.1225619623541
19.0744728577838,1,3.34723373714625
23.4262000897263,1,15.3502530533454
31.3647375504711,1,37.2464826203705
28.5966801256169,1,29.6115723955304
28.4934948407358,1,29.3269647210226
19.9313593539704,1,5.7107148602329
25.9250785105428,1,22.2427084751216
27.1408703454464,1,25.5961293356267
20.9320088300221,0,46.1736649348438
19.6450331125828,0,39.9667830678818
17.6649006622517,0,30.416915083894
17.8657836644592,0,31.3857422706754
14.2233995584989,0,13.8190954773869
16.2057395143488,0,23.3796099139766
14.8724061810155,0,16.9491525423729
16.9960264900662,0,27.1910399454902
16.8238410596026,0,26.3606166425347
15.9275938189845,0,22.0381568861255
14.567770419426,0,15.4799420832978
19.2471960520413,1,3.82364223577889
19.855091969493,1,5.50035266603145
26.4813817855541,1,23.7771150681202
26.5666218034993,1,24.0122257557571
30.3755047106326,1,34.5179612191108
28.4822790489009,1,29.2960291042283
21.483624943921,1,9.99220422456781
20.9766711529834,1,8.59391434546422
21.9614176760879,1,11.3100615000062
17.3183222958057,0,28.7454220253811
17.5324503311258,0,29.7781279277745
15.726710816777,0,21.0693296993442
15.3558498896247,0,19.2807256622093
17.353642384106,0,28.915765267013
14.7024282560706,0,16.1293756920194
13.7532008830022,0,11.5514010731624
15.1019867549669,0,18.0563836129802
15.2167770419426,0,18.6099991482838
19.157174392936,0,37.6139170428413
14.6980132450331,0,16.1080827868154
18.4082548227905,1,1.50965809956319
22.4436967249888,1,12.6402930221623
26.9636608344549,1,25.1073465902763
29.2651413189771,1,31.4553351564723
29.5791834903544,1,32.3215324267135
30.3373710183939,1,34.4127801220101
27.6859578286227,1,27.099600311831
11.3779249448124,0,0.0958180734179502
19.4905077262693,0,39.2215313857423
19.3779249448124,0,38.6785623030406
14.6560706401766,0,15.9058001873776
14.6097130242826,0,15.6822246827357
14.7818984547461,0,16.5126479856912
18.6935982339956,0,35.3781619964228
14.7907284768212,0,16.5552337960991
13.5081677704194,0,10.3696448343412
13.4529801324503,0,10.1034835192914
16.1593818984547,0,23.1560344093348
16.3690949227373,0,24.1674474065241
17.0710816777042,0,27.5530193339579
12.7796909492274,0,6.8563154756835
23.9735307312696,1,16.8599111529086
23.5720053835801,1,15.7524160716716
26.9232839838493,1,24.9959783698167
26.5935397039031,1,24.0864712360635
28.8546433378196,1,30.3230915818
22.0623598026021,1,11.5884820511551
22.4392104082548,1,12.6279187754445
26.0125616868551,1,22.4840062861173
24.7752759381898,0,64.7091389149135
17.6737306843267,0,30.459500894302
14.9739514348786,0,17.4388893620645
15.3713024282561,0,19.3552508304233
15.3315673289183,0,19.1636146835874
16.7355408388521,0,25.934758538455
19.4993377483444,0,39.2641171961503
13.9165562913907,0,12.3392385657099
13.1152317880795,0,8.47457627118645
13.7156732891832,0,11.3704113789285
14.4993377483444,0,15.1499020526361
17.2278145695364,0,28.3089174686994
19.7765814266487,1,5.28380334847116
25.7209510991476,1,21.6796802494648
26.3781965006729,1,23.4925073936124
27.768954688201,1,27.328523876109
24.052041274114,1,17.0764604704689
27.0107671601615,1,25.2372761808125
33.9152086137281,1,44.2812418794006
12.2388520971302,0,4.24793458819519
17.9474613686534,0,31.7796610169492
16.7112582781457,0,25.817647559833
16.4088300220751,0,24.35908355336
12.1152317880795,0,3.6517332424836
12.5567328918322,0,5.78102376288221
15.4949227373068,0,19.9514521761349
12.1041942604856,0,3.59850097947362
18.960706401766,0,36.666382761264
16.4331125827815,0,24.4761945319819
15.6229580573951,0,20.5689464270505
13.082119205298,0,8.31487948215653
16.5258278145695,0,24.9233455412657
16.6030905077263,0,25.2959713823354
20.1624046657694,1,6.34798856619603
26.0506953790938,1,22.5891873832181
28.1996410946613,1,28.5164515610112
28.2624495289368,1,28.6896910150595
20.2947510094213,1,6.71302884436909
23.818752803948,1,16.4329996411468
27.8227904890085,1,27.4770148367218
16.4419426048565,0,24.5187803423899
18.3271523178808,0,33.610850864492
13.0379690949227,0,8.10195043011667
16.2233995584989,0,23.4647815347926
14.960706401766,0,17.3750106464526
15.1792494481236,0,18.4290094540499
13.483885209713,0,10.2525338557193
13.6759381898455,0,11.1787752320927
16.2366445916115,0,23.5286602504046
17.2300220750552,0,28.3195639213014
14.1549668874172,0,13.4890554467251
14.1064017660044,0,13.2548334894813
16.2984547461369,0,23.8267609232604
20.1511888739345,1,6.3170529494017
20.7837595334231,1,8.06182173660179
26.6496186630776,1,24.2411493200351
29.4087034544639,1,31.8513110514397
27.5289367429341,1,26.6665016767104
21.9838492597577,1,11.3719327335948
26.2256617317183,1,23.0717830052096
20.5081677704194,0,44.129546035261
14.680353200883,0,16.0229111659995
12.642825607064,0,6.19623541435991
11.9253863134658,0,2.73613831871221
18.2579632122028,1,1.0951208345192
14.446357615894,0,14.8943871901882
16.7112582781457,0,25.8176475598331
14.446357615894,0,14.8943871901882
12.7664459161148,0,6.79243676007153
12.7002207505519,0,6.47304318201177
15.8878587196468,0,21.8465207392897
17.6494481236203,0,30.3423899156801
15.2167770419426,0,18.6099991482838
14.9894039735099,0,17.5134145302785
19.1260655002243,1,3.48953757440016
25.3844773441005,1,20.751611745635
21.6518618214446,1,10.4562384764827
26.7685060565276,1,24.569066858055
31.6630776132795,1,38.0693700270996
27.2754598474652,1,25.9673567371586
12.8701986754967,0,7.29282003236519
14.9717439293598,0,17.4282429094626
15.1880794701987,0,18.4715952644579
14.6295805739514,0,15.7780427561537
13.5766004415011,0,10.699684865003
12.9562913907285,0,7.70803168384295
15.8701986754967,0,21.7613491184737
17.8282560706402,0,31.2047525764415
17.0225165562914,0,27.3187973767141
14.4309050772627,0,14.8198620219743
12.998233995585,0,7.91031428328082
16.241059602649,0,23.5499531556085
15.633995584989,0,20.6221786900605
20.2543741588156,1,6.60166062390952
27.0466576940332,1,25.3362701545543
29.5186182144459,1,32.1544800960242
27.7824136384029,1,27.3656466162622
21.9793629430238,1,11.3595584868771
18.6393001345895,1,2.14693180552634
14.035761589404,0,12.9141470062175
13.3779249448124,0,9.7415041308236
18.0134589502019,1,0.420724388402865
18.5181695827725,1,1.81282714414761
13.2984547461369,0,9.35823183715189
13.0136865342163,0,7.98483945149476
19.9919246298789,1,5.87776719092225
23.1525347689547,1,14.5954240035638
15.4507726269316,0,19.7385231240951
14.437527593819,0,14.8518013797803
13.3713024282561,0,9.70956477301763
17.3713024282561,0,29.000936887829
19.8437086092715,0,40.9249638020612
17.7465783664459,0,30.8108338301678
15.1284768211921,0,18.1841410442041
12.9452538631347,0,7.65479942083297
12.9430463576159,0,7.64415296823099
17.2697571743929,0,28.5112000681373
11.6185430463576,0,1.25628140703518
11.8569536423841,0,2.40609828805042
25.5975773889637,1,21.3393884647272
26.5778375953342,1,24.0431613725514
38.3678779721848,1,56.5626817467487
34.4558097801705,1,45.7723386088872
36.2974427994616,1,50.8519668865158
31.0439659039928,1,36.3617239800527
28.0578366445916,0,80.5404139340772
26.9629139072848,0,75.2597734434886
25.4264900662252,0,67.8498424325015
17.3801324503311,0,29.0435226982369
16.3801324503311,0,24.2206796695341
19.6626931567329,0,40.0519546886977
15.1130242825607,0,18.1096158759901
16.166004415011,0,23.1879737671408
13.8900662251656,0,12.211481134486
15.7774834437086,0,21.31419810919
14.4397350993377,0,14.8624478323823
20.1893225661732,1,6.42223404650242
25.561686855092,1,21.2403944909854
24.8999551368327,1,19.41519310012
30.0614625392553,1,33.6517639488696
33.5989232839839,1,43.4088574858005
33.4463885150292,1,42.9881330973977
28.1301031852849,1,28.3246507368864
23.92866756393,1,16.7361686857312
21.0843427545985,1,8.89089626668976
27.7752759381898,0,79.177668001022
22.4971302428256,0,53.7219998296568
18.7576158940397,0,35.6869091218806
20.0335540838852,0,41.8405587258325
18.0269315673289,0,32.1629333106209
19.4971302428256,0,39.2534707435483
16.4022075055188,0,24.327144195554
15.3911699779249,0,19.4510689038412
13.5192052980132,0,10.4228770973512
17.5103752759382,0,29.6716634017545
21.9322566173172,1,11.2296288963409
25.7344100493495,1,21.716802989618
29.2202781516375,1,31.331592689295
30.7523553162853,1,35.5573979434002
29.5993719156573,1,32.3772165369433
29.1170928667564,1,31.0469850147872
25.8151637505608,1,21.9395394305372
11.8150110375276,0,2.20381568861257
14.6097130242826,0,15.6822246827357
18.5721854304636,0,34.7926071033132
18.6582781456954,0,35.2078187547909
25.7245033112583,0,69.2871135337706
15.3315673289183,0,19.1636146835874
13.2653421633554,0,9.19853504812197
16.8415011037528,0,26.4457882633506
19.6141280353201,0,39.8177327314539
18.2543046357616,0,33.2595179286262
15.4860927152318,0,19.9088663657269
20.0278151637506,1,5.9767611646641
25.7388963660834,1,21.7291772363357
28.4284432480933,1,29.1475381436155
28.5226558995065,1,29.4073973246879
28.2871242709735,1,28.757749372007
30.3463436518618,1,34.4375286154455
32.7285778375953,1,41.0082536225607
19.0363391655451,1,3.24205264004554
23.8701986754967,0,60.3440933480964
22.2013245033113,0,52.2953751809897
17.7046357615894,0,30.6085512307299
18.5368653421634,0,34.6222638616813
17.1152317880795,0,27.7659483859978
16.1461368653422,0,23.0921556937229
17.5545253863135,0,29.8845924537944
13.8216335540839,0,11.8814411038242
14.0379690949227,0,12.9247934588195
14.2719646799117,0,14.0533174346308
14.1593818984547,0,13.5103483519291
15.3668874172185,0,19.3339579252193
12.3867549668874,0,4.96124691252874
24.397487662629,1,18.0292774677342
26.3266038582324,1,23.3502035563585
28.583221175415,1,29.5744496553772
28.8366980708838,1,30.273594594929
26.9030955585464,1,24.9402942595869
31.483624943921,1,37.5744001583903
26.4656796769852,1,23.7338052046082
13.9629139072848,0,12.5628140703517
14.5986754966887,0,15.6289924197257
23.9562913907285,0,60.7593049995741
22.7863134657837,0,55.1166851205179
19.2719646799117,0,38.167532578145
15.7708609271523,0,21.282258751384
16.044591611479,0,22.6024188740312
16.4088300220751,0,24.35908355336
16.6980132450331,0,25.7537688442211
12.6141280353201,0,6.05783153053403
12.3735099337748,0,4.89736819691678
12.5523178807947,0,5.75973085767823
17.6185430463576,0,30.1933395792522
21.9367429340511,1,11.2420031430587
23.814266487214,1,16.4206253944291
27.2328398384926,1,25.8498013933402
28.4149842978914,1,29.1104154034623
26.6855091969493,1,24.340143293777
25.7837595334231,1,21.8529197035131
27.2440556303275,1,25.8807370101345
20.7658142664872,1,8.01232474973087
20.7658142664872,1,8.01232474973084
25.0225165562914,0,65.9015416063367
23.2167770419426,0,57.1927433779065
21.7730684326711,0,50.2299633762031
15.0578366445916,0,17.8434545609403
14.8459161147903,0,16.821395111149
14.9673289183223,0,17.4069500042586
14.3337748344371,0,14.3514181074866
14.9011037527594,0,17.0875564261988
15.7885209713024,0,21.3674303722
12.0799116997793,0,3.48139000085172
11.6207505518764,0,1.26692785963716
11.4728476821192,0,0.553615535303647
22.185733512786,1,11.9287738358927
27.5423956931359,1,26.7036244168636
27.0062808434275,1,25.2249019340948
28.5047106325707,1,29.3579003378169
28.5159264244056,1,29.3888359546113
27.0219829519964,1,25.2682117976068
22.9685957828623,1,14.0880798881368
18.2123620309051,0,33.0572353291883
20.2675496688742,0,42.9690827016438
16.3779249448124,0,24.2100332169321
17.316114790287,0,28.7347755727791
18.0578366445916,0,32.3119836470488
15.2079470198675,0,18.5674133378758
12.3470198675497,0,4.76961076569289
12.9761589403973,0,7.80384975726087
14.0975717439294,0,13.2122476790733
14.7222958057395,0,16.2251937654374
17.5611479028698,0,29.9165318116004
15.3470198675497,0,19.2381398518014
12.8039735099338,0,6.97342645430543
18.4060116644235,1,1.50347097620432
20.5392552714222,1,7.38742529048544
20.1220278151638,1,6.23662034573645
26.1022880215343,1,22.731491220472
30.1018393898609,1,33.7631321693292
28.6011664423508,1,29.6239466422481
28.0426200089726,1,28.0833529258906
29.8349035441902,1,33.0268644896242
12.3205298013245,0,4.64185333446896
20.6781456953642,0,44.9493228856145
20.633995584989,0,44.7363938335746
17.1328918322296,0,27.8511200068137
14.2300220750552,0,13.8510348351929
15.0026490066225,0,17.5772932458905
18.194701986755,0,32.9720637083724
16.5037527593819,0,24.8168810152457
15.20353200883,0,18.5461204326718
14.9938189845475,0,17.5347074354825
14.4728476821192,0,15.0221446214121
13.7907284768212,0,11.7323907673963
13.1461368653422,0,8.62362660761435
23.1031852848811,1,14.4593072896687
24.9605204127411,1,19.5822454308094
25.3082099596232,1,20.5412495514336
27.7846567967698,1,27.3718337396211
27.4436967249888,1,26.4313909890735
27.3180798564379,1,26.0849120809771
28.2557200538358,1,28.6711296449829
13.9011037527594,0,12.264713397496
18.9629139072848,0,36.6770292138659
22.0556291390728,0,51.5927093092581
14.3779249448124,0,14.5643471595264
13.0335540838852,0,8.08065752491271
11.9827814569536,0,3.01294608636402
