21.5706594885599,1,10.2322646108918
21.5706594885599,1,10.2322646108918
21.5706594885599,1,10.2322646108918
21.5706594885599,1,10.2322646108918
21.5706594885599,1,10.2322646108918
0,1,200
0,1,200
19.6038582323912,1,4.80739484983852
30.9362943023777,1,36.0647420588272
36.3153880663975,1,50.9014638733867
39.7563930013459,1,60.3925111058864
39.7676087931808,1,60.4234467226807
39.6083445491252,1,59.9841609642013
39.2157918349035,1,58.9014143763998
32.9394347240915,1,41.5898432182941
0,1,200
11.6538631346578,0,1.42662464866705
20.6119205298013,0,44.6299293075547
26.4044150110375,0,72.5662209351844
28.6472406181015,0,83.3830167788093
30.4573951434879,0,92.1131079124436
23.362472406181,0,57.8954092496381
20.4110375275938,0,43.6611021207734
20.801766004415,0,45.5455242313261
16.2145695364238,0,23.4221957243846
14.0158940397351,0,12.8183289327996
12.7311258278146,0,6.62209351843968
15.4573951434879,0,19.770462481901
12.2830022075055,0,4.46086364023508
0,1,200
29.973979362943,1,33.4104661378739
27.3831314490803,1,26.2643386583842
30.557200538358,1,35.0191182111789
33.9084791386272,1,44.262680509324
31.8245850157021,1,38.5148429089379
33.2669358456707,1,42.4931632286884
32.0287124270974,1,39.0778711345947
33.5069537909376,1,43.1551854280871
31.8021534320323,1,38.4529716753493
27.4908030506954,1,26.5613205796097
26.1785554060116,1,22.9418534146733
25.8779721848363,1,22.1127788845854
0,1,200
15.4860927152318,0,19.9088663657269
18.6141280353201,0,34.9948897027512
22.5479028697572,0,53.9668682395025
25.6273730684327,0,68.8186696192829
27.0026490066225,0,75.4514095903245
22.7576158940397,0,54.9782812366919
26.2366445916115,0,71.757090537433
24.5655629139073,0,63.6977259177242
28.8834437086093,0,84.5221872072225
22.5854304635762,0,54.1478579337365
17.5280353200883,0,29.7568350225705
17.1108167770419,0,27.7446554807938
17.885651214128,0,31.4815603440934
12.0225165562914,0,3.2045822331999
0,1,200
18.9825033647375,1,3.09356167943275
27.0331987438313,1,25.2991474144012
35.211754149843,1,47.8573991808249
38.4531179901301,1,56.7977924343856
36.250336473755,1,50.7220372959796
34.3840287124271,1,45.5743506614035
29.8842530282638,1,33.1629812035193
0,1,200
22.801766004415,0,55.1912102887319
37.1439293598234,0,124.36121284388
27.7995584988962,0,79.294778979644
22.8282560706402,0,55.3189677199557
22.0688741721854,0,51.6565880248702
19.3050772626932,0,38.3272293671748
17.8635761589404,0,31.3750958180734
16.5037527593819,0,24.8168810152458
14.9960264900662,0,17.5453538880845
13.4264900662252,0,9.97572608806742
0,1,200
17.9439210408255,1,0.228923564278013
17.9439210408255,1,0.228923564278013
17.9439210408255,1,0.228923564278041
17.9439210408255,1,0.228923564278013
17.9439210408255,1,0.228923564278041
17.9439210408255,1,0.228923564278013
17.9439210408255,1,0.228923564278041
17.9439210408255,1,0.228923564278013
17.9439210408255,1,0.228923564278013
17.9439210408255,1,0.228923564278041
17.9439210408255,1,0.228923564278013
31.0529385374608,1,36.3864724734882
33.8389412292508,1,44.0708796851992
34.9560340960072,1,47.1520671179142
31.9726334679228,1,38.9231930506231
24.5634813817856,1,18.4871245962902
36.5531628532974,1,51.5572989494264
40.0143562135487,1,61.104030292156
25.6312247644684,1,21.4321953151102
21.7819650067295,1,10.815091631297
0,1,200
12.5346578366446,0,5.67455923686229
18.9827814569537,0,36.7728472872839
22.5412803532009,0,53.9349288816966
21.241059602649,0,47.6641682991228
22.2388520971302,0,52.4763648752235
24.0777041942605,0,61.3448598926838
20.6869757174393,0,44.9919086960225
21.8282560706402,0,50.4961246912528
23.1417218543046,0,56.8307639894388
23.0622516556291,0,56.447491695767
17.2057395143488,0,28.2024529426795
14.1704194260486,0,13.5635806149391
13.8657836644592,0,12.0943701558641
0,1,200
18.3992821893226,1,1.48490960612773
18.233288470166,1,1.02706247757167
0,1,200
11.3933774834437,0,0.17034324163187
14.2278145695364,0,13.8403883825909
14.8238410596026,0,16.714930585129
14.9496688741722,0,17.3217783834426
0,1,200
19.161956034096,1,3.588531548142
29.2359802602064,1,31.3749025528071
38.4979811574697,1,56.9215349015629
38.3028263795424,1,56.3832551693416
34.9851951547779,1,47.2324997215794
34.3548676536563,1,45.4939180577382
34.7563930013459,1,46.6014131389752
33.4127411395244,1,42.8953262470147
32.1745177209511,1,39.4800341529209
28.8277254374159,1,30.2488461014936
23.0560789591745,1,14.3293776991325
18.5406011664424,1,1.87469837773628
0,1,200
11.4860927152318,0,0.61749425091548
16.7156732891832,0,25.8389404650372
18.5081677704194,0,34.4838599778554
18.5081677704194,0,34.4838599778554
19.3315673289183,0,38.4549867983987
22.8591611479029,0,55.4680180563837
24.3315673289183,0,62.5692019419129
23.7951434878587,0,59.9821139596286
23.8701986754967,0,60.3440933480964
26.8150110375276,0,74.5464611191552
24.7995584988962,0,64.8262498935354
19.5854304635762,0,39.679328847628
21.7532008830022,0,50.1341453027851
19.5743929359823,0,39.626096584618
17.4198675496689,0,29.2351588450728
0,1,200
39.8236877523553,1,60.5781248066524
40.7680574248542,1,63.1829037407348
0,1,200
20.6891832229581,0,45.0025551486246
21.7002207505519,0,49.8786304403373
19.7465783664459,0,40.4565198875734
17.2940397350993,0,28.6283110467592
15.6560706401766,0,20.7286432160804
13.6317880794702,0,10.9658461800528
15.3028697571744,0,19.0252107997615
15.8172185430464,0,21.5058342560259
13.8966887417219,0,12.243420492292
15.287417218543,0,18.9506856315476
0,1,200
20.7478689995514,1,7.96282776285992
27.2732166890983,1,25.9611696137998
29.5186182144459,1,32.1544800960242
33.4284432480933,1,42.9386361105268
27.8295199641095,1,27.4955762067984
29.5679676985195,1,32.2905968099192
24.7541498429789,1,19.0130300817938
0,1,200
19.1439293598234,0,37.5500383272294
14.5479028697572,0,15.3841240098799
11.4044150110375,0,0.223575504641805
11.4596026490066,0,0.489736819691672
0,1,200
22.876626289816,1,13.8344078304233
31.140421713773,1,36.627770284484
33.2557200538358,1,42.4622276118941
29.5903992821893,1,32.3524680435078
27.4930462090623,1,26.5675077029685
0,1,200
12.8657836644592,0,7.27152712716121
27.1306843267108,0,76.0689038412401
28.7664459161148,0,83.9579252193169
30.6913907284768,0,93.2416318882548
22.9783664459161,0,56.0429264968912
25.2079470198676,0,66.7958436249042
22.1461368653422,0,52.0292138659399
19.128476821192,0,37.4755131590154
15.353642384106,0,19.2700792096074
17.3337748344371,0,28.8199471935951
17.633995584989,0,30.2678647474661
0,1,200
20.3553162853297,1,6.88008117505847
35.1063257065949,1,47.5666043829582
36.9389860924181,1,52.6214841671513
37.9461641991925,1,55.399502555282
39.3840287124271,1,59.3654486283147
39.1126065500224,1,58.616806701892
22.2305966801256,1,12.05251630307
0,1,200
18.3448123620309,0,33.6960224853079
38.2123620309051,0,129.514095903245
40.3183222958057,0,139.670811685546
24.194701986755,0,61.9091218805894
17.960706401766,0,31.8435397325611
17.0379690949227,0,27.393322544928
15.6604856512141,0,20.7499361212844
12.8944812362031,0,7.40993101098713
12.3823399558499,0,4.93995400732478
12.1505518763797,0,3.82207648411547
12.0600441501104,0,3.38557192743378
0,1,200
18.6572454015253,1,2.19642879239725
31.019291161956,1,36.2936656231052
34.9179004037685,1,47.0468860208135
32.6074472857784,1,40.674148961182
34.1417676087932,1,44.906141338646
30.5975773889637,1,35.1304864316385
21.7438313144908,1,10.7099105341962
21.7415881561238,1,10.7037234108374
21.7438313144908,1,10.7099105341963
29.2359802602064,1,31.3749025528071
25.6491700314042,1,21.4816923019811
0,1,200
17.9452538631347,0,31.7690145643472
36.8635761589404,0,123.009113363427
32.5721854304636,0,102.312409505153
31.4353200883002,0,96.8294864151265
32.1417218543046,0,100.236351247764
17.2233995584989,0,28.2876245634955
14.9849889624724,0,17.4921216250745
15.4596026490066,0,19.781108934503
0,1,200
17.9910273665321,1,0.358853154814189
30.8286227007627,1,35.7677601376016
38.8882907133244,1,57.9980943660055
36.8986092418125,1,52.5101159466917
34.5388066397488,1,46.0012621731652
39.1956034096007,1,58.84573026617
40.090623598026,1,61.3143924863574
0,1,200
25.9938189845475,0,70.5859807512137
35.9077262693157,0,118.399199386764
34.6626931567329,0,112.39460011924
26.5147902869757,0,73.0985435652841
16.923178807947,0,26.8397070096244
14.3845474613686,0,14.5962865173324
19.287417218543,0,38.2420577463589
20.4242825607064,0,43.7249808363853
11.6362030905077,0,1.34145302785111
13.4706401766004,0,10.1886551401073
14.9673289183223,0,17.4069500042586
0,1,200
17.9708389412293,1,0.303169044584419
28.8681022880215,1,30.3602143219531
33.6684611933603,1,43.6006583099254
35.0031404217138,1,47.2819967084504
32.8968147151189,1,41.4722878744756
31.6653207716465,1,38.0755571504585
28.0291610587707,1,28.0462301857374
0,1,200
25.8988962472406,0,70.128183289328
35.2719646799117,0,115.33302103739
25.4507726269316,0,67.9669534111234
21.3690949227373,0,48.2816625500383
13.0203090507726,0,8.01677880930078
12.6781456953642,0,6.36657865599178
12.0865342163355,0,3.51332935865773
15.8282560706402,0,21.5590665190358
12.7576158940397,0,6.74985094966359
11.9275938189845,0,2.74678477131418
14.1395143487859,0,13.4145302785112
14.755408388521,0,16.3848905544672
17.8415011037528,0,31.2686312920535
15.5169977924945,0,20.0579167021548
15.1726269315673,0,18.3970700962439
14.4220750551876,0,14.7772762115663
14.1130242825607,0,13.2867728472873
0,1,200
22.0399282189323,1,11.5266108175665
26.4140870345446,1,23.5915013673543
33.583221175415,1,43.3655476222885
35.5930910722297,1,48.909210151832
43.7267833109018,1,71.3437194510784
37.2104082548228,1,53.370126093574
35.4988784208165,1,48.6493509707596
35.9878869448183,1,49.9981438629924
27.4638851502916,1,26.4870750993033
20.797218483625,1,8.098944476755
0,1,200
25.0092715231788,0,65.8376628907248
23.7995584988962,0,60.0034068648327
28.3381898454746,0,81.8925134145302
38.1174392935982,0,129.056298441359
22.8746136865342,0,55.5425432245976
18.2631346578367,0,33.3021037390342
18.0247240618101,0,32.1522868580189
17.278587196468,0,28.5537858785453
13.9849889624724,0,12.6692785963717
14.7973509933775,0,16.5871731539051
18.1350993377483,0,32.6846094881186
13.1284768211921,0,8.5384549867984
14.9871964679912,0,17.5027680776765
13.7068432671082,0,11.3278255685206
13.8105960264901,0,11.8282088408142
0,1,200
33.6168685509197,1,43.4583544726715
38.4351727231942,1,56.7482954475146
37.5580978017048,1,54.3291302141982
39.7967698519515,1,60.503879326346
41.2794975325258,1,64.5935678665561
38.0314042171377,1,55.6346132429189
21.1292059219381,1,9.01463873386706
0,1,200
13.0313465783664,0,8.07001107231072
29.8613686534216,0,89.2385657099054
43.4971302428256,0,155.001703432416
37.1969094922737,0,124.616727706328
22.2520971302428,0,52.5402435908355
17.9739514348786,0,31.9074184481731
18.0291390728477,0,32.1735797632229
14.3580573951435,0,14.4685290861085
12.5942604856512,0,5.96201345711609
12.5390728476821,0,5.69585214206623
16.3690949227373,0,24.1674474065242
16.4596026490066,0,24.6039519632059
12.2807947019868,0,4.45021718763306
12.9938189845475,0,7.88902137807683
16.9364238410596,0,26.9035857252363
13.8194260485651,0,11.8707946512222
12.232229580574,0,4.21599523038924
0,1,200
18.3880663974877,1,1.4539739893334
23.6415432929565,1,15.9442168957965
24.6173171825931,1,18.635615556903
42.1161956034096,1,66.9013648794129
39.2449528936743,1,58.9818469800651
41.3243606998654,1,64.7173103337334
40.8061911170929,1,63.2880848378355
35.4899057873486,1,48.6246024773242
22.5222072678331,1,12.8568423397226
19.16644235083,1,3.60090579485975
0,1,200
24.8613686534216,0,65.1243505663913
33.5942604856512,0,107.241717059876
28.2123620309051,0,81.2856656162167
29.0931567328918,0,85.5336002044119
24.1549668874172,0,61.7174857337535
22.1593818984547,0,52.0930925815518
16.4816777041943,0,24.7104164892258
16.8834437086093,0,26.6480708627885
14.7951434878587,0,16.5765267013031
17.8039735099338,0,31.0876415978196
12.6958057395143,0,6.45175027680777
11.9011037527594,0,2.61902734009028
12.7289183222958,0,6.61144706583767
0,1,200
31.5621354867654,1,37.7909494759507
36.95244504262,1,52.6586069073045
37.069089277703,1,52.9803373219655
36.5419470614625,1,51.5263633326321
33.1278600269179,1,42.1095615804388
31.2009869896815,1,36.7948226151733
26.6541049798116,1,24.2535235667528
0,1,200
12.1682119205298,0,3.90724810493141
20.4198675496689,0,43.7036879311813
29.5192052980133,0,87.5883655565966
29.3845474613687,0,86.938931947875
27.8128035320088,0,79.3586576952559
22.9165562913907,0,55.7448258240354
18.8503311258278,0,36.1340601311643
18.9761589403974,0,36.7409079294779
19.324944812362,0,38.4230474405928
14.2852097130243,0,14.1171961502427
15.9584988962472,0,22.1872072225535
15.128476821192,0,18.1841410442041
18.6362030905077,0,35.101354228771
13.2807947019868,0,9.27306021633591
13.2233995584989,0,8.9962524486841
0,1,200
22.1139524450426,1,11.730785888409
32.6298788694482,1,40.7360201947706
35.1242709735307,1,47.6161013698291
33.4531179901301,1,43.0066944674743
33.0515926424405,1,41.8991993862373
37.3405114401077,1,53.7289792483883
34.3548676536564,1,45.4939180577383
33.5181695827725,1,43.1861210448814
18.3992821893226,1,1.48490960612773
0,1,200
20.2609271523179,0,42.9371433438378
20.1770419426048,0,42.5325781449621
30.8790286975718,0,94.1465803594243
33.6560706401766,0,107.539817732731
24.0843267108168,0,61.3767992504898
17.633995584989,0,30.2678647474661
19.8922737306843,0,41.159185759305
14.6207505518764,0,15.7354569457457
14.3889624724062,0,14.6175794225364
12.9055187637969,0,7.46316327399711
17.5390728476821,0,29.8100672855805
0,1,200
19.5859129654554,1,4.7578978629676
32.3921040825482,1,40.0801851187309
37.3315388066397,1,53.7042307549528
39.0610139075819,1,58.4745028646381
38.8546433378197,1,57.9052875156225
33.3589053387169,1,42.7468352864019
0,1,200
11.6251655629139,0,1.28822076484118
14.6759381898455,0,16.0016182607956
15.3602649006622,0,19.3020185674133
23.5456953642384,0,58.7790648156035
29.2167770419426,0,86.1298015501235
26.4662251655629,0,72.8643216080402
25.8834437086093,0,70.053658121114
23.2719646799117,0,57.4589046929563
16.1924944812362,0,23.3157311983647
14.5876379690949,0,15.5757601567158
12.2454746136865,0,4.27987394600119
15.680353200883,0,20.8457541947023
15.0953642384106,0,18.0244442551742
17.6273730684327,0,30.2359253896602
14.0247240618102,0,12.8609147432076
15.8370860927152,0,21.6016523294438
0,1,200
23.1794526693585,1,14.6696694838702
34.6958277254374,1,46.4343608082858
36.4432480933154,1,51.254129904842
39.283086585913,1,59.0870280771658
37.4773441004935,1,54.1063937732791
36.8806639748766,1,52.4606189598208
23.8681022880215,1,16.5691163550418
0,1,200
33.6847682119205,0,107.678221616557
33.3470198675497,0,106.049314368452
28.9805739514349,0,84.9906311217103
23.4242825607064,0,58.1935099224939
17.4573951434879,0,29.4161485393067
15.5942604856512,0,20.4305425432246
15.2101545253863,0,18.5780597904778
17.4816777041943,0,29.5332595179286
13.4507726269316,0,10.0928370666894
16.1726269315673,0,23.2199131249468
11.8326710816777,0,2.28898730942851
17.0181015452539,0,27.2975044715101
0,1,200
18.7537012113055,1,2.46247509682848
40.1825930910722,1,61.5680645440709
38.6056527590848,1,57.2185168227884
43.6864064602961,1,71.2323512306188
40.3575594436967,1,62.0506601660624
38.1099147599821,1,55.8511625604791
27.9102736653208,1,27.7183126477175
0,1,200
37.9364238410596,0,128.183289327996
38.6273730684327,0,131.51562899242
27.9165562913907,0,79.8590409675496
21.5567328918322,0,49.1866110212077
16.9540838852097,0,26.9887573460523
12.0622516556291,0,3.39621838003575
14.2565121412804,0,13.9787922664168
18.3293598233996,0,33.6214973170939
14.5368653421634,0,15.33089174687
13.8966887417219,0,12.243420492292
16.5655629139073,0,25.1149816881015
15.2940397350993,0,18.9826249893536
0,1,200
28.0605652759085,1,28.1328499127616
31.1875280394796,1,36.7576998750201
32.535666218035,1,40.4761610136983
38.2445042620009,1,56.222389962011
25.0524899057874,1,19.8359174885229
23.1615074024226,1,14.6201724969992
31.6787797218484,1,38.1126798906116
0,1,200
13.5258278145695,0,10.4548164551572
49.3293598233995,0,200
27.9386313465784,0,79.9655054935696
18.6649006622517,0,35.2397581125969
15.2763796909492,0,18.8974533685376
12.6295805739514,0,6.13235669874796
14.8348785871965,0,16.768162848139
12.0710816777042,0,3.43880419044377
12.0512141280353,0,3.34298611702582
14.2543046357616,0,13.9681458138148
15.9651214128035,0,22.2191465803594
0,1,200
23.349932705249,1,15.139890859144
29.0273665320772,1,30.7995000804326
30.5729026469269,1,35.0624280746909
33.5966801256169,1,43.4026703624417
22.1408703454464,1,11.8050313687154
33.7402422611036,1,43.798646257409
29.2270076267385,1,31.3501540593717
28.2669358456707,1,28.7020652617772
27.0758187528039,1,25.4167027582196
0,1,200
20.1417218543046,0,42.3622349033302
16.0865342163355,0,22.804701473469
32.9320088300221,0,104.047781279278
32.5059602649007,0,101.993015927093
23.9651214128035,0,60.8018908099821
19.7245033112583,0,40.3500553615535
15.4927152317881,0,19.9408057235329
14.7333333333333,0,16.2784260284473
17.9099337748344,0,31.5986713227152
13.9408388520971,0,12.4563495443319
13.6163355408388,0,10.8913210118388
13.7973509933775,0,11.7643301252023
0,1,200
17.9147599820547,1,0.14849096061277
31.8133692238672,1,38.4839072921436
38.4912516823688,1,56.9029735314863
41.0798564378645,1,64.0429138876171
35.328398384926,1,48.1791295954859
41.956931359354,1,66.4620791209335
34.8147151188874,1,46.7622783463057
0,1,200
16.0997792494481,0,22.868580189081
24.7465783664459,0,64.5707350310876
30.0158940397351,0,89.983817392045
30.9320088300221,0,94.4020952218721
27.2852097130243,0,76.8141555233796
20.1748344370861,0,42.5219316923601
14.9783664459161,0,17.4601822672685
18.9055187637969,0,36.4002214462142
14.839293598234,0,16.789455753343
13.3293598233996,0,9.50728217357978
12.3757174392936,0,4.90801464951878
16.9408388520971,0,26.9248786304403
0,1,200
29.6666666666667,1,32.5628302377093
40.5729026469269,1,62.6446240085135
37.3248093315388,1,53.6856693848762
35.1332436069986,1,47.6408498632645
33.0605652759085,1,41.9239478796728
0,1,200
15.8503311258278,0,21.6655310450558
35.1174392935982,0,114.587769355251
22.2940397350993,0,52.7425261902734
19.8128035320088,0,40.7759134656333
22.5434878587196,0,53.9455753342986
15.0865342163355,0,17.9818584447662
16.0754966887417,0,22.7514692104591
14.9916114790287,0,17.5240609828805
21.3116997792494,0,48.0048547823865
14.8591611479029,0,16.8852738267609
14.9275938189846,0,17.2153138574227
14.0777041942605,0,13.1164296056554
0,1,200
23.5607895917452,1,15.7214804548773
33.3813369223867,1,42.8087065199906
32.8923283983849,1,41.4599136277579
33.5473306415433,1,43.2665536485466
30.6514131897712,1,35.2789773922512
31.9344997756842,1,38.8180119535224
30.3799910273665,1,34.5303354658285
0,1,200
31.0710816777042,0,95.0728217357976
30.5567328918322,0,92.5921982795333
17.5103752759382,0,29.6716634017546
24.9496688741722,0,65.550208670471
22.1814569536424,0,52.1995571075718
13.8128035320088,0,11.8388552934163
13.362472406181,0,9.66697896260963
15.3558498896247,0,19.2807256622094
14.0004415011038,0,12.7438037645856
13.4419426048565,0,10.0502512562814
0,1,200
18.1099147599821,1,0.686770692834067
27.7106325706595,1,27.1676586687785
31.0955585464334,1,36.5040278173066
30.6177658142665,1,35.1861705418683
20.8196500672948,1,8.16081571034365
23.0336473755047,1,14.2675064655439
0,1,200
20.0534216335541,0,41.9363767992504
20.6737306843267,0,44.9280299804105
20.4551876379691,0,43.8740311728132
15.4794701986755,0,19.876927007921
12.4507726269316,0,5.26999403798651
11.717880794702,0,1.73537177412488
20.6295805739514,0,44.7151009283707
17.1726269315673,0,28.0427561536496
14.1108167770419,0,13.2761263946853
15.194701986755,0,18.5035346222639
0,1,200
28.4015253476895,1,29.0732926633091
33.7626738447734,1,43.8605174909977
35.6110363391656,1,48.9587071387029
37.5558546433378,1,54.3229430908393
33.3746074472858,1,42.790145149914
35.0592193808883,1,47.436674792422
34.0385823239121,1,44.6215336641382
31.5374607447286,1,37.7228911190031
0,1,200
17.5479028697572,0,29.8526530959883
26.9849889624724,0,75.3662379695086
27.1483443708609,0,76.154075462056
29.3293598233996,0,86.6727706328251
21.7752759381898,0,50.240609828805
17.5192052980133,0,29.7142492121626
28.8679911699779,0,84.4476620390086
19.7399558498896,0,40.4245805297675
20.3028697571744,0,43.1394259432757
18.3889624724062,0,33.9089515373478
13.6207505518764,0,10.9126139170428
0,1,200
26.492597577389,1,23.8080506849146
38.5652759084791,1,57.1071486023288
43.3746074472858,1,70.3723410837365
41.3153880663975,1,64.6925618402979
39.3436518618214,1,59.2540804078552
36.3490354419022,1,50.9942707237697
26.8851502916106,1,24.890797272716
0,1,200
12.1152317880795,0,3.6517332424836
22.0313465783665,0,51.4755983306363
28.8370860927152,0,84.2986117025807
27.3381898454746,0,77.0696703858274
20.9695364238411,0,46.3546546290776
14.9629139072848,0,17.3856570990545
36.6759381898455,0,122.104164892258
25.3735099337748,0,67.5943275700537
21.5699779249448,0,49.2504897368197
17.3006622516556,0,28.6602504045652
14.4927152317881,0,15.1179626948301
15.5611479028698,0,20.2708457541947
16.8459161147903,0,26.4670811685547
0,1,200
18.8950201884253,1,2.85226386843701
26.8896366083446,1,24.9031715194338
36.9210408254823,1,52.5719871802804
37.5244504262001,1,54.2363233638152
41.5352175863616,1,65.2988999294668
37.8295199641095,1,55.0777721406209
33.8254822790489,1,44.0337569450459
0,1,200
30.2763796909492,0,91.2400987990801
41.7774834437086,0,146.708116855464
27.3955849889625,0,77.3464781534793
15.8039735099338,0,21.4419555404139
23.1395143487859,0,56.8201175368367
17.8216335540839,0,31.1728132186356
16.558940397351,0,25.0830423302955
16.8547461368653,0,26.5096669789626
14.5986754966887,0,15.6289924197257
13.8370860927152,0,11.9559662720382
16.1748344370861,0,23.2305595775487
14.8679911699779,0,16.9278596371689
0,1,200
26.2413638402871,1,23.1150928687216
31.7999102736653,1,38.4467845519904
34.9582772543742,1,47.1582542412731
36.2929564827277,1,50.839592639798
35.2655899506505,1,48.0058901414376
29.5791834903544,1,32.3215324267135
0,1,200
13.5147902869757,0,10.4015841921472
32.5456953642384,0,102.184652073929
32.2587196467991,0,100.80061323567
18.8260485651214,0,36.0169491525424
18.9342163355408,0,36.53862533004
21.0048565121413,0,46.5249978707095
20.00706401766,0,41.7128012946086
16.4198675496689,0,24.41231581637
14.2609271523179,0,14.0000851716208
14.8083885209713,0,16.6404054169151
17.2565121412803,0,28.4473213525253
15.4507726269316,0,19.7385231240951
13.5810154525386,0,10.720977770207
0,1,200
19.8528488111261,1,5.49416554267259
32.8474652310453,1,41.3361711605806
36.4499775684163,1,51.2726912749186
34.3032750112158,1,45.3516142204843
34.0318528488111,1,44.6029722940616
35.3844773441005,1,48.3338076794575
35.0300583221176,1,47.3562421887568
31.5307312696276,1,37.7043297489265
24.1148497083894,1,17.2496999245171
0,1,200
15.3139072847682,0,19.0784430627715
26.521412803532,0,73.13048292309
32.1792494481236,0,100.417340941998
26.8083885209713,0,74.5145217613492
23.7907284768212,0,59.9608210544246
22.7421633554084,0,54.903756068478
19.7355408388521,0,40.4032876245635
16.6649006622517,0,25.5940720551912
12.9584988962472,0,7.71867813644496
13.4,0,9.84796865684352
14.0313465783665,0,12.8928541010136
0,1,200
28.6774338268282,1,29.8343088364496
35.1377299237326,1,47.6532241099823
38.6213548676537,1,57.2618266863005
40.326155226559,1,61.9640404390382
41.6271870794078,1,65.5525719871803
37.6141767608793,1,54.4838082981698
21.1202332884702,1,8.98989024043165
0,1,200
25.0600441501104,0,66.0825313005707
45.6560706401766,0,200
40.7289183222958,0,141.651051869517
23.6030905077263,0,59.0558725832553
15.7907284768212,0,21.3780768248019
15.4883002207506,0,19.9195128183289
18.2807947019868,0,33.3872753598501
16.9121412803532,0,26.7864747466145
14.6295805739514,0,15.7780427561536
14.3359823399558,0,14.3620645600886
15.035761589404,0,17.7369900349204
0,1,200
25.2700762673845,1,20.4360684543328
34.7249887842082,1,46.514793411951
25.4876626289816,1,21.0362194201428
0,1,200
21.6913907284768,0,49.8360446299293
16.2631346578366,0,23.6564176816285
16.8724061810155,0,26.5948385997786
16.6163355408389,0,25.3598500979474
18.2123620309051,0,33.0572353291883
17.4132450331126,0,29.2032194872668
15.6295805739514,0,20.6008857848565
15.9298013245033,0,22.0488033387275
15.8569536423841,0,21.6974704028618
13.0313465783664,0,8.0700110723107
13.8701986754967,0,12.1156630610681
0,1,200
21.9816061013908,1,11.365745610236
30.794975325258,1,35.6749532872186
33.0358905338717,1,41.8558895227253
29.4647824136384,1,32.0059891354114
30.3620457604307,1,34.4808384789576
34.3234634365186,1,45.4072983307141
34.4849708389412,1,45.8527712125524
30.6469268730372,1,35.2666031455335
27.7532525796321,1,27.285214012597
20.5459847465231,1,7.40598666056203
0,1,200
17.0379690949227,0,27.393322544928
27.6737306843267,0,78.6879311813303
28.9253863134658,0,84.7244698066604
27.2388520971302,0,76.5905800187378
20.2587196467991,0,42.9264968912358
18.4419426048565,0,34.1644663997956
20.2675496688742,0,42.9690827016439
14.0490066225165,0,12.9780257218295
16.044591611479,0,22.6024188740312
16.8878587196468,0,26.6693637679925
14.6030905077263,0,15.6502853249297
13.7311258278146,0,11.4449365471425
14.7443708609272,0,16.3316582914573
15.3050772626932,0,19.0358572523635
14.7377483443709,0,16.2997189336513
0,1,200
18.0560789591745,1,0.538279732221304
24.1754149842979,1,17.4167522552065
29.9919246298789,1,33.4599631247448
32.1947061462539,1,39.5357182631507
25.8622700762674,1,22.0694690210733
30.5684163301929,1,35.0500538279732
35.788245850157,1,49.4474898840533
38.8322117541498,1,57.8434162820338
33.0583221175415,1,41.917760756314
25.8600269179004,1,22.0632818977145
20.1960520412741,1,6.44079541657901
0,1,200
24.7730684326711,0,64.6984924623116
20.0092715231788,0,41.7234477472106
24.3757174392936,0,62.7821309939528
26.1306843267108,0,71.2460608125373
23.764238410596,0,59.8330636232007
22.7774834437086,0,55.0740993101099
19.437527593819,0,38.9660165232944
18.0092715231788,0,32.0777616898049
16.3293598233996,0,23.9758112596883
16.8260485651214,0,26.3712630951367
15.4573951434879,0,19.7704624819011
15.4529801324503,0,19.749169576697
14.3845474613687,0,14.5962865173324
13.1019867549669,0,8.41069755557448
13.6075055187638,0,10.8487352014309
13.8415011037528,0,11.9772591772421
13.8944812362031,0,12.23277403969
0,1,200
21.5397039030956,1,10.1468823085395
33.0515926424406,1,41.8991993862374
32.8676536563481,1,41.3918552708104
35.673844773441,1,49.1319465927512
36.6541049798116,1,51.8357195005754
37.9102736653208,1,55.3005085815401
31.135935397039,1,36.6153960377662
25.9430237774787,1,22.2922054619925
26.7572902646927,1,24.5381312412607
23.1368326603858,1,14.5521141400517
17.997756841633,1,0.377414524890797
18.0471063257066,1,0.513531238785851
0,1,200
11.9651214128035,0,2.92777446554816
16.5655629139073,0,25.1149816881015
19.6185430463576,0,39.8390256366578
18.7598233995585,0,35.6975555744826
15.0379690949227,0,17.7476364875224
17.2189845474614,0,28.2663316582914
0,1,200
12.3293598233996,0,4.68443914487698
14.2300220750552,0,13.8510348351929
23.6097130242826,0,59.0878119410613
25.2344370860927,0,66.9236010561281
22.0578366445916,0,51.6033557618602
20.6295805739514,0,44.7151009283707
20.4,0,43.6078698577634
16.8988962472406,0,26.7225960310025
17.6582781456954,0,30.3849757260881
16.7620309050773,0,26.0625159696789
13.8282560706402,0,11.9133804616302
13.6141280353201,0,10.8806745592368
12.4706401766004,0,5.36581211140448
12.4286975717439,0,5.16352951196661
18.7421633554084,0,35.6123839536667
0,1,200
20.8241363840287,1,8.17318995706136
37.7801704800359,1,54.9416554267259
39.2090623598026,1,58.8828530063232
38.8927770300583,1,58.0104686127232
35.7837595334231,1,49.4351156373356
33.8209959623149,1,44.0213826983282
30.0816509645581,1,33.7074480590994
24.4131897711978,1,18.0725873312462
20.6805742485419,1,7.77721406209398
19.8281740690893,1,5.42610718572506
0,1,200
13.3779249448124,0,9.7415041308236
13.5456953642384,0,10.5506345285751
13.6075055187638,0,10.8487352014308
16.3337748344371,0,23.9971041648923
17.3448123620309,0,28.873179456605
17.3470198675497,0,28.8838259092071
17.3470198675497,0,28.8838259092071
19.7730684326711,0,40.5842773187974
22.1991169977925,0,52.2847287283877
22.2013245033113,0,52.2953751809897
22.1991169977925,0,52.2847287283877
21.7399558498896,0,50.0702665871732
21.6472406181016,0,49.6231155778895
16.6362030905077,0,25.4556681713653
16.0004415011038,0,22.3894898219913
17.0026490066225,0,27.2229793032961
15.717880794702,0,21.0267438889362
15.1814569536424,0,18.4396559066519
13.0423841059603,0,8.12324333532065
0,1,200
21.8537460744729,1,11.0130795787806
30.6581426648721,1,35.2975387623278
35.3844773441005,1,48.3338076794575
37.306864064603,1,53.6361723980053
36.5419470614625,1,51.5263633326321
33.6841633019291,1,43.6439681734374
31.6227007626738,1,37.95800180664
28.9533423059668,1,30.59532500959
26.5217586361597,1,23.8884832885799
20.90489008524,1,8.39592639798052
0,1,200
16.2123620309051,0,23.4115492717826
15.3183222958057,0,19.0997359679755
17.4397350993377,0,29.3309769184908
19.1417218543046,0,37.5393918746274
20.4596026490066,0,43.8953240780172
21.6295805739514,0,49.5379439570735
24.4220750551876,0,63.0057064985947
26.1726269315673,0,71.4483434119751
23.5015452538631,0,58.5661357635636
21.4044150110375,0,48.4520057916702
15.5721854304636,0,20.3240780172047
14.1130242825607,0,13.2867728472873
14.1130242825607,0,13.2867728472873
17.4044150110375,0,29.1606336768589
18.9916114790287,0,36.8154330976918
17.0534216335541,0,27.467847713142
16.2984547461369,0,23.8267609232604
0,1,200
20.3979362943024,1,6.99763651887691
23.7492148945716,1,16.241198817022
39.045311799013,1,58.4311930011261
38.7110812023329,1,57.5093116206551
40.4001794526694,1,62.1682155098809
34.1081202332885,1,44.813334488263
31.6159712875729,1,37.9394404365634
27.7622252131,1,27.3099625060324
21.257065948856,1,9.36730476532245
19.0879318079856,1,3.38435647729941
18.704351727232,1,2.32635838293346
0,1,200
13.9827814569536,0,12.6586321437697
14.4993377483444,0,15.1499020526361
14.7796909492274,0,16.5020015330891
20.5986754966888,0,44.5660505919428
22.5412803532009,0,53.9349288816966
22.5412803532009,0,53.9349288816966
22.5390728476821,0,53.9242824290947
22.5412803532009,0,53.9349288816966
22.5390728476821,0,53.9242824290947
16.3867549668874,0,24.2526190273401
14.8459161147903,0,16.821395111149
21.5920529801325,0,49.3569542628396
20.4110375275938,0,43.6611021207734
14.8679911699779,0,16.9278596371689
18.2543046357616,0,33.2595179286262
15.9783664459161,0,22.2830252959714
15.960706401766,0,22.1978536751554
17.7620309050773,0,30.8853589983817
12.8437086092715,0,7.1650626011413
0,1,200
23.6235980260206,1,15.8947199089255
31.83355764917,1,38.5395914023734
37.6994167788246,1,54.7189189858067
37.8631673396142,1,55.1705789910039
38.7694033198744,1,57.6701768279856
31.7572902646927,1,38.329229208172
31.8559892328398,1,38.601462635962
26.7012113055182,1,24.383453157289
21.8066397487663,1,10.8831499882444
0,1,200
12.6604856512141,0,6.2814070351758
16.7774834437086,0,26.1370411378929
20.5523178807947,0,44.3424750873008
19.1152317880795,0,37.4116344434035
0,1,200
21.6541049798116,1,10.4624255998416
55.5280394795873,1,200
0,1,200
11.5920529801324,0,1.12852397581118
11.6163355408389,0,1.24563495443321
14.2984547461369,0,14.1810748658547
16.2057395143488,0,23.3796099139766
16.6759381898455,0,25.6473043182012
18.5103752759382,0,34.4945064304574
17.0556291390728,0,27.478494165744
17.4198675496689,0,29.2351588450729
20.3470198675497,0,43.3523549953155
21.885651214128,0,50.7729324589048
20.6626931567329,0,44.8747977174006
19.0136865342163,0,36.9218976237118
24.3205298013245,0,62.515969678903
19.0467991169978,0,37.0815944127417
19.6649006622517,0,40.0626011412997
18.6980132450331,0,35.3994549016268
20.4088300220751,0,43.6504556681714
17.2432671081678,0,28.3834426369134
14.7973509933775,0,16.5871731539051
14.9496688741722,0,17.3217783834426
12.5633554083885,0,5.81296312068819
15.9540838852097,0,22.1659143173495
14.0799116997792,0,13.1270760582574
14.6715231788079,0,15.9803253555915
13.7112582781457,0,11.3491184737246
12.8613686534216,0,7.25023422195723
0,1,200
26.9614176760879,1,25.1011594669174
27.4279946164199,1,26.3880811255615
33.0919694930462,1,42.0105676066969
38.5607895917452,1,57.0947743556111
33.6639748766263,1,43.5882840632076
35.0390309555855,1,47.3809906821922
34.5029161058771,1,45.9022681994234
32.88111260655,1,41.4289780109636
28.3992821893226,1,29.0671055399502
25.4517720951099,1,20.937225446401
24.0094212651413,1,16.9589051266505
20.7142216240466,1,7.87002091247691
20.7568416330193,1,7.98757625629541
18.2534768954688,1,1.08274658780147
0,1,200
11.8083885209713,0,2.17187633080653
14.362472406181,0,14.4898219913126
19.9518763796909,0,41.4466399795588
28.9783664459161,0,84.9799846691083
21.0225165562914,0,46.6101694915254
25.5721854304636,0,68.5525083042331
22.6582781456954,0,54.4991908696022
20.1991169977925,0,42.639042670982
19.8326710816777,0,40.8717315390512
21.3359823399558,0,48.1219657610084
21.998233995585,0,51.3159015416064
17.7841059602649,0,30.9918235244016
18.1019867549669,0,32.5249126990887
16.6097130242826,0,25.3279107401414
15.4949227373068,0,19.9514521761349
13.166004415011,0,8.71944468103228
13.5434878587196,0,10.5399880759731
15.2211920529801,0,18.6312920534878
15.0158940397351,0,17.6411719615024
11.5545253863135,0,0.947534281577375
0,1,200
23.6348138178555,1,15.9256555257199
25.6424405563033,1,21.4631309319045
35.8129205921938,1,49.5155482410008
36.138178555406,1,50.4126811280363
29.7317182593091,1,32.7422568151164
30.669358456707,1,35.3284743791222
32.9327052489906,1,41.5712818482175
32.1318977119785,1,39.3624788091025
30.0861372812921,1,33.7198223058171
26.1179901301032,1,22.774801083984
26.7954239569314,1,24.6433123383614
19.2943023777479,1,3.95357182631509
0,1,200
14.1726269315673,0,13.574227067541
17.1218543046358,0,27.7978877438038
19.9275938189845,0,41.3295290009368
20.2719646799117,0,42.9903756068478
20.0799116997793,0,42.0641342304744
17.20353200883,0,28.1918064900774
12.5920529801325,0,5.95136700451413
26.1284768211921,0,71.2354143599353
21.8657836644592,0,50.6771143854868
20.1284768211921,0,42.2983561877183
20.9099337748344,0,46.0672004088237
21.2167770419426,0,47.5470573205008
19.4728476821192,0,39.1363597649263
14.6715231788079,0,15.9803253555915
14.9452538631347,0,17.3004854782387
16.6273730684327,0,25.4130823609573
15.2366445916115,0,18.7058172217017
0,1,200
24.2696276357111,1,17.6766114362788
26.842530282638,1,24.7732419288976
34.8864961866308,1,46.9602662937894
34.8326603858232,1,46.8117753331766
33.7581875280395,1,43.84814324428
29.3885150291611,1,31.79562694121
34.7249887842082,1,46.514793411951
31.716913414087,1,38.2178609877124
24.1126065500224,1,17.2435128011582
24.399730820996,1,18.035464591093
24.8797667115298,1,19.3595089898902
21.0148048452221,1,8.69909544256494
0,1,200
15.3558498896247,0,19.2807256622093
15.7156732891832,0,21.0160974363342
19.1373068432671,0,37.5180989694234
19.9165562913907,0,41.2762967379269
21.0026490066225,0,46.5143514181074
21.1527593818985,0,47.2383101950431
21.9364238410596,0,51.0178008687505
20.6825607064018,0,44.9706157908185
23.923178807947,0,60.5996082105442
17.8437086092715,0,31.2792777446555
22.5986754966887,0,54.2117366493484
21.6891832229581,0,49.8253981773273
19.5699779249448,0,39.604803679414
15.2962472406181,0,18.9932714419555
14.4728476821192,0,15.0221446214121
14.073289183223,0,13.0951367004514
16.0313465783664,0,22.5385401584192
16.9761589403974,0,27.0952218720722
15.0401766004415,0,17.7582829401244
13.5147902869757,0,10.4015841921472
0,1,200
19.3301929116196,1,4.05256580005692
23.3117990130103,1,15.0347097620432
26.7505607895917,1,24.5195698711841
29.7249887842082,1,32.7236954450398
33.6437864513235,1,43.5325999529779
37.645580978017,1,54.5704280251939
34.7900403768506,1,46.6942199893581
37.3091072229699,1,53.6423595213641
33.8524001794527,1,44.1080024253524
31.716913414087,1,38.2178609877124
23.7357559443697,1,16.2040760768688
20.9632122027815,1,8.55679160531103
0,1,200
13.2211920529801,0,8.98560599608206
11.998233995585,0,3.08747125457797
15.876821192053,0,21.7932884762798
21.2057395143488,0,47.4938250574908
21.9562913907285,0,51.1136189421685
21.9960264900662,0,51.3052550890043
21.5103752759382,0,48.9630355165659
23.044591611479,0,56.362320074951
22.717880794702,0,54.7866450898561
21.8039735099338,0,50.379013712631
19.4883002207506,0,39.2108849331403
19.680353200883,0,40.1371263095136
19.0578366445916,0,37.1348266757516
16.7995584988962,0,26.2435056639128
15.2123620309051,0,18.5887062430798
15.0578366445916,0,17.8434545609403
15.0556291390728,0,17.8328081083383
0,1,200
18.7312696276357,1,2.40060386323982
23.7604306864065,1,16.2721344338163
34.4176760879318,1,45.6671575117865
32.5222072678331,1,40.4390382735451
32.7218483624944,1,40.9896922524841
51.6899955136833,1,200
30.0502467474204,1,33.6208283320753
29.4378645132346,1,31.931743655105
30.0031404217138,1,33.4908987415391
24.2359802602064,1,17.5838045858958
22.304620906236,1,12.2566913739126
0,1,200
17.5832229580574,0,30.0229963376203
18.1041942604857,0,32.5355591516907
20.3735099337748,0,43.4801124265395
26.9408388520971,0,75.1533089174687
22.00706401766,0,51.3584873520143
24.5567328918322,0,63.6551401073162
23.2189845474614,0,57.2033898305084
21.3094922737307,0,47.9942083297845
20.1726269315673,0,42.5112852397581
23.8039735099338,0,60.0246997700366
19.8128035320088,0,40.7759134656333
12.5412803532009,0,5.70649859466827
12.5412803532009,0,5.70649859466824
12.5434878587196,0,5.71714504727026
19.5766004415011,0,39.63674303722
20.3602649006622,0,43.4162337109275
15.1880794701987,0,18.4715952644579
13.1284768211921,0,8.53845498679839
13.1262693156733,0,8.52780853419641
13.1262693156733,0,8.5278085341964
0,1,200
27.3562135486765,1,26.1900931780778
29.6823687752355,1,32.6061401012213
35.2947510094213,1,48.0863227451029
33.0291610587708,1,41.8373281526487
34.7833109017497,1,46.6756586192815
40.7388963660834,1,63.1024711370695
30.678331090175,1,35.3532228725577
29.1013907581875,1,31.0036751512752
29.4759982054733,1,32.0369247522057
25.9946164199193,1,22.4345092992464
23.6796769851951,1,16.0493979928971
0,1,200
11.6626931567329,0,1.46921045907502
16.5236203090508,0,24.9126990886637
21.0644591611479,0,46.8124520909633
22.2366445916115,0,52.4657184226216
19.5412803532009,0,39.466399795588
15.5280353200883,0,20.1111489651648
28.8172185430464,0,84.2027936291627
26.2300220750552,0,71.725151179627
24.4485651214128,0,63.1334639298186
26.8105960264901,0,74.5251682139511
22.5302428256071,0,53.8816966186867
18.5743929359823,0,34.8032535559152
17.764238410596,0,30.8960054509837
18.3668874172185,0,33.8024870113278
17.726710816777,0,30.7150157567499
16.7686534216336,0,26.0944553274849
14.1682119205298,0,13.5529341623371
13.1328918322296,0,8.55974789200238
13.9099337748344,0,12.3072992079039
12.9209713024283,0,7.53768844221105
0,1,200
21.95244504262,1,11.2853130065707
34.397487662629,1,45.6114734015567
36.3938986092418,1,51.118013190947
40.1915657245402,1,61.5928130375063
41.6339165545087,1,65.5711333572569
36.4365186182144,1,51.2355685347654
32.647824136384,1,40.7855171816416
30.209510991476,1,34.0601140905548
28.4777927321669,1,29.2836548575105
19.9627635711081,1,5.79733458725701
20.8017048003589,1,8.11131872347271
20.5818752803948,1,7.50498063430392
0,1,200
13.1549668874172,0,8.66621241802235
15.0423841059603,0,17.7689293927263
18.4573951434879,0,34.2389915680096
22.7355408388521,0,54.871816710672
26.0975717439294,0,71.0863640235074
24.1417218543046,0,61.6536070181416
22.6119205298013,0,54.2756153649604
22.2741721854305,0,52.6467081168554
23.4684326710817,0,58.4064389745337
21.59646799117,0,49.3782471680436
21.3867549668874,0,48.3668341708543
21.9849889624724,0,51.2520228259944
16.7399558498896,0,25.956051443659
14.8348785871965,0,16.768162848139
13.7664459161148,0,11.6152797887744
13.9452538631347,0,12.4776424495358
14.0225165562914,0,12.8502682906056
14.0225165562914,0,12.8502682906056
0,1,200
25.9991027366532,1,22.4468835459641
30.4674742036788,1,34.7716332768243
36.3961417676088,1,51.1242003143059
37.069089277703,1,52.9803373219655
37.3517272319426,1,53.7599148651826
39.6105877074921,1,59.9903480875602
33.9219380888291,1,44.2998032494772
31.7034544638851,1,38.1807382475592
25.3059668012562,1,20.5350624280747
23.9735307312696,1,16.8599111529086
0,1,200
11.8988962472406,0,2.60838088748826
14.2211920529801,0,13.808449024785
14.8635761589404,0,16.9065667319648
17.1704194260486,0,28.0321097010476
19.8194260485651,0,40.8078528234393
20.0556291390728,0,41.9470232518525
21.8834437086093,0,50.7622860063027
25.9540838852097,0,70.3943446043778
24.7841059602649,0,64.7517247253215
21.0931567328918,0,46.9508559747892
21.9452538631347,0,51.0603866791585
21.9739514348786,0,51.1987905629844
20.4485651214128,0,43.8420918150072
18.2653421633554,0,33.3127501916362
17.0026490066225,0,27.2229793032961
16.8128035320088,0,26.3073843795248
16.3028697571744,0,23.8480538284644
13.9452538631347,0,12.4776424495358
13.3139072847682,0,9.43275700536581
13.4772626931567,0,10.2205944979133
13.5368653421634,0,10.5080487181671
14.3094922737307,0,14.2343071288647
0,1,200
21.5397039030956,1,10.1468823085395
21.835800807537,1,10.9635825919097
23.0874831763123,1,14.4159974261567
49.8842530282638,1,200
45.1825930910722,1,200
36.3131449080305,1,50.8952767500278
39.507402422611,1,59.7057404130523
33.1233737101839,1,42.0971873337211
27.0892777030058,1,25.4538254983728
18.9712875729026,1,3.06262606263844
0,1,200
14.3757174392936,0,14.5537007069245
17.5412803532009,0,29.8207137381823
20.4,0,43.6078698577634
22.3205298013245,0,52.8702836214973
23.9496688741722,0,60.7273656417682
24.2984547461369,0,62.409505152883
21.9584988962472,0,51.1242653947705
22.7620309050773,0,54.9995741418959
23.4,0,58.0763989438719
22.0644591611479,0,51.6352951196661
15.0600441501104,0,17.8541010135423
15.0600441501104,0,17.8541010135423
16.4794701986755,0,24.6997700366238
19.0048565121413,0,36.8793118133038
15.4242825607064,0,19.6107656928711
12.1792494481236,0,3.96048036794142
0,1,200
21.9187976671153,1,11.1925061561877
29.2404665769403,1,31.3872767995248
35.3575594436967,1,48.2595621991511
38.343203230148,1,56.4946233898011
32.7554957379991,1,41.0824991028671
34.8797667115298,1,46.9417049237128
32.9730820995962,1,41.6826500686771
30.1220278151637,1,33.818816279559
28.1772095109915,1,28.4545803274226
24.5634813817856,1,18.4871245962902
20.1713772992373,1,6.37273705963148
18.2422611036339,1,1.05181097100716
0,1,200
13.79293598234,0,11.7430372199984
15.9739514348786,0,22.2617323907673
20.3668874172185,0,43.4481730687335
22.6450331125828,0,54.4353121539903
23.0644591611479,0,56.4581381483689
24.0423841059603,0,61.1745166510519
25.4662251655629,0,68.0414785793374
20.633995584989,0,44.7363938335746
19.7443708609272,0,40.4458734349715
20.605298013245,0,44.5979899497487
21.9298013245033,0,50.9858615109446
19.2565121412803,0,38.093007409931
17.3492273730684,0,28.8944723618091
15.8635761589404,0,21.7294097606677
16.7311258278146,0,25.913465633251
15.1461368653422,0,18.26931266502
14.3139072847682,0,14.2556000340686
14.923178807947,0,17.1940209522187
13.6649006622517,0,11.1255429690827
13.2609271523179,0,9.17724214291797
0,1,200
24.8730372364289,1,19.3409476198136
24.8752803947959,1,19.3471347431725
42.1610587707492,1,67.0251073465903
43.8636159712876,1,71.7211339759692
34.2718707940781,1,45.2649944934602
29.2068192014356,1,31.2944699491419
32.8227904890085,1,41.2681128036331
32.9394347240915,1,41.5898432182941
26.3333333333333,1,23.3687649264351
23.1301031852849,1,14.5335527699751
20.7411395244504,1,7.94426639278334
18.1278600269179,1,0.736267679704986
0,1,200
15.0026490066225,0,17.5772932458905
18.1041942604857,0,32.5355591516907
15.9364238410596,0,22.0807426965335
20.446357615894,0,43.8314453624052
24.4794701986755,0,63.2825142662465
20.5832229580574,0,44.4915254237289
22.4154525386313,0,53.328081083383
15.4044150110375,0,19.5149476194532
16.9496688741722,0,26.9674644408483
21.0710816777042,0,46.8443914487693
24.59646799117,0,63.8467762541522
22.1792494481236,0,52.1889106549697
17.7774834437086,0,30.9598841665957
19.5169977924945,0,39.3492888169662
18.9055187637969,0,36.4002214462141
14.8304635761589,0,16.746869942935
14.5324503311258,0,15.3095988416659
14.8724061810155,0,16.9491525423729
15.1792494481236,0,18.4290094540499
11.3911699779249,0,0.159696789029901
0,1,200
20.4674742036788,1,7.18943734300174
22.9080305069538,1,13.9210275574474
25.4113952445043,1,20.8258572259414
31.4522207267833,1,37.4877804313662
34.0924181247196,1,44.770024624751
35.6312247644684,1,49.0143912489327
20.2521310004486,1,6.59547350055064
44.280843427546,1,72.8719389207182
35.9991027366532,1,50.0290794797867
23.9084791386272,1,16.6804845755014
18.7402422611036,1,2.42535235667529
18.347689546882,1,1.34260576887382
0,1,200
12.353642384106,0,4.80155012349882
13.0953642384106,0,8.37875819776855
13.4706401766004,0,10.1886551401073
14.128476821192,0,13.3612980155012
16.4640176600441,0,24.6252448684099
16.4022075055188,0,24.3271441955541
18.5942604856512,0,34.8990716293331
18.7465783664459,0,35.6336768588706
21.4971302428256,0,48.899156800954
19.362472406181,0,38.6040371348267
19.4198675496689,0,38.8808449024785
24.1373068432671,0,61.6323141129376
19.9960264900662,0,41.6595690315987
20.8944812362031,0,45.9926752406098
15.7377483443709,0,21.1225619623541
15.8061810154525,0,21.4526019930159
16.8370860927152,0,26.4244953581467
15.3227373068433,0,19.1210288731795
13.9320088300221,0,12.4137637339239
14.0225165562914,0,12.8502682906056
15.8657836644592,0,21.7400562132697
11.885651214128,0,2.54450217187633
13.4397350993377,0,10.0396048036794
13.3889624724062,0,9.79473639383358
0,1,200
20.7680574248542,1,8.01851187308973
27.1117092866756,1,25.5156967319614
31.4454912516824,1,37.4692190612896
35.3956931359354,1,48.3647432962518
38.9443696724989,1,58.1527724499771
36.1493943472409,1,50.4436167448306
29.7205024674742,1,32.7113211983221
27.8295199641095,1,27.4955762067984
22.7622252131,1,13.5188645391212
23.6011664423508,1,15.8328486753369
25.9923732615523,1,22.4283221758875
24.509645580978,1,18.3386336356774
26.4163301929116,1,23.5976884907131
18.5877074921489,1,2.00462796827243
0,1,200
12.5059602649007,0,5.53615535303642
16.3558498896247,0,24.1035686909122
18.0887417218543,0,32.4610339834767
23.408830022075,0,58.1189847542798
23.9386313465784,0,60.6741333787583
21.2940397350993,0,47.9196831615706
23.5655629139073,0,58.8748828890214
19.7134657836645,0,40.2968230985435
19.605298013245,0,39.7751469210459
20.2675496688742,0,42.9690827016438
17.8282560706402,0,31.2047525764415
21.4132450331126,0,48.4945916020782
16.6163355408389,0,25.3598500979474
15.5324503311258,0,20.1324418703688
15.8039735099338,0,21.4419555404139
15.6825607064018,0,20.8564006473043
14.0048565121413,0,12.7650966697896
13.6075055187638,0,10.8487352014309
0,1,200
22.995513683266,1,14.1623253684432
31.8088829071332,1,38.4715330454259
31.7371018393899,1,38.2735450979422
33.6348138178555,1,43.5078514595424
32.5760430686407,1,40.5875292341579
36.6137281292059,1,51.7243512801158
34.1978465679677,1,45.0608194226176
30.9654553611485,1,36.1451746624924
25.9946164199193,1,22.4345092992464
27.650067294751,1,27.0006063380892
19.6958277254374,1,5.06106690755197
0,1,200
11.3779249448124,0,0.095818073417903
14.4441501103753,0,14.8837407375863
18.0931567328918,0,32.4823268886806
25.2653421633554,0,67.0726513925561
25.2278145695364,0,66.8916616983221
26.4618101545254,0,72.8430287028363
27.5236203090508,0,77.9639724043948
26.2984547461369,0,72.0551912102888
23.3823399558499,0,57.991227323056
18.5479028697572,0,34.6754961246912
17.3227373068433,0,28.7667149305851
17.6097130242826,0,30.1507537688442
15.8679911699779,0,21.7507026658717
14.6891832229581,0,16.0654969764074
14.1549668874172,0,13.4890554467252
13.3867549668874,0,9.78408994123159
13.3845474613687,0,9.77344348862959
13.3845474613687,0,9.77344348862959
12.1991169977925,0,4.05629844135934
0,1,200
27.8698968147151,1,27.606944427258
33.2893674293405,1,42.5550344622771
49.8954688200987,1,200
41.4297891431135,1,65.0081051316001
38.6460296096904,1,57.329885043248
29.8124719605204,1,32.9649932560355
32.9259757738896,1,41.5527204781409
26.0394795872589,1,22.5582517664237
19.861821444594,1,5.51891403610805
0,1,200
12.5766004415011,0,5.87684183630016
15.3139072847682,0,19.0784430627715
16.7885209713024,0,26.1902734009029
21.5103752759382,0,48.9630355165658
22.605298013245,0,54.2436760071544
22.00706401766,0,51.3584873520143
26.5346578366446,0,73.194361638702
23.5456953642384,0,58.7790648156034
21.7532008830022,0,50.1341453027852
21.0269315673289,0,46.6314623967294
21.1350993377484,0,47.1531385742271
22.2476821192053,0,52.5189506856315
18.3139072847682,0,33.54697214888
14.5788079470199,0,15.5331743463078
16.5368653421634,0,24.9765778042756
15.4573951434879,0,19.770462481901
13.5766004415011,0,10.699684865003
11.5037527593819,0,0.702665871731544
0,1,200
24.6061013907582,1,18.6046799401086
27.3270524899058,1,26.1096605744125
33.2826379542396,1,42.5364730922005
37.2597577388964,1,53.5062428074691
33.0471063257066,1,41.8868251395196
35.563930013459,1,48.8287775481668
35.8241363840287,1,49.5464838577951
35.554957379991,1,48.8040290547313
26.7079407806191,1,24.4020145273657
22.7868999551368,1,13.5869228960687
19.2449528936743,1,3.81745511242004
0,1,200
11.605298013245,0,1.19240269142318
13.9165562913907,0,12.3392385657099
14.5059602649007,0,15.181841410442
18.7576158940397,0,35.6869091218806
19.0843267108168,0,37.2625841069755
20.5103752759382,0,44.1401924878631
21.6273730684327,0,49.5272975044715
24.5611479028697,0,63.6764330125202
18.2211920529801,0,33.0998211395963
23.1130242825607,0,56.6923601056128
21.7509933774834,0,50.1234988501831
23.8900662251656,0,60.4399114215143
22.0909492273731,0,51.7630525508901
19.7774834437086,0,40.6055702240014
17.8260485651214,0,31.1941061238395
16.7774834437086,0,26.1370411378929
16.8701986754967,0,26.5841921471766
12.2896247240618,0,4.49280299804106
12.6715231788079,0,6.33463929818584
15.0401766004415,0,17.7582829401243
11.9960264900662,0,3.07682480197599
0,1,200
27.2575145805294,1,25.9178597502877
29.5388066397488,1,32.2101642062539
30.4921489457156,1,34.8396916337718
31.1987438313145,1,36.7886354918145
34.1103633916554,1,44.8195216116219
32.3517272319426,1,39.9688168982713
