20.5796321220278,1,7.49879351094502
20.5796321220278,1,7.49879351094502
20.5796321220278,1,7.49879351094502
20.5796321220278,1,7.49879351094502
20.5796321220278,1,7.49879351094502
12.7046357615894,0,6.49433608721573
12.7024282560706,0,6.48368963461375
20.9699416778825,1,8.57535297538763
30.9385374607447,1,36.070929182186
36.3153880663975,1,50.9014638733867
39.7541498429789,1,60.3863239825276
39.7698519515478,1,60.4296338460396
39.6083445491252,1,59.9841609642013
39.2135486765366,1,58.895227253041
32.9394347240915,1,41.5898432182941
20.4181247196052,1,7.05332062910669
14.1682119205298,0,13.5529341623371
20.6141280353201,0,44.6405757601567
26.4044150110375,0,72.5662209351844
28.6472406181015,0,83.3830167788093
30.4573951434879,0,92.1131079124436
23.362472406181,0,57.895409249638
20.4088300220751,0,43.6504556681714
20.8039735099338,0,45.5561706839281
16.2145695364238,0,23.4221957243847
14.0158940397351,0,12.8183289327996
12.7311258278146,0,6.62209351843964
15.4551876379691,0,19.759816029299
16.9761589403974,0,27.0952218720722
22.6276357110812,1,13.1476371375893
29.973979362943,1,33.4104661378738
27.3831314490803,1,26.2643386583842
30.557200538358,1,35.0191182111789
33.9084791386272,1,44.262680509324
31.8245850157021,1,38.5148429089379
33.2691790040377,1,42.4993503520474
32.0264692687304,1,39.0716840112358
33.5069537909376,1,43.1551854280871
31.8021534320323,1,38.4529716753493
27.4930462090624,1,26.5675077029686
26.1763122476447,1,22.9356662913145
25.8802153432032,1,22.1189660079443
18.5002243158367,1,1.76333015727674
16.1174392935982,0,22.953751809897
18.6141280353201,0,34.9948897027511
22.5479028697572,0,53.9668682395026
25.6273730684327,0,68.8186696192828
27.0004415011038,0,75.4407631377226
22.7598233995585,0,54.9889276892939
26.2344370860927,0,71.7464440848309
24.567770419426,0,63.7083723703262
28.8834437086093,0,84.5221872072226
22.5854304635762,0,54.1478579337365
17.5258278145695,0,29.7461885699685
17.1130242825607,0,27.7553019333958
17.885651214128,0,31.4815603440934
13.1262693156733,0,8.52780853419639
18.9847465231045,1,3.09974880279163
18.9802602063706,1,3.0873745560739
27.0331987438313,1,25.2991474144012
35.211754149843,1,47.8573991808249
38.4531179901301,1,56.7977924343855
36.252579632122,1,50.7282244193385
34.3840287124271,1,45.5743506614035
29.8842530282638,1,33.1629812035192
18.4441453566622,1,1.60865207330503
23.3757174392936,0,57.9592879652499
37.1461368653422,0,124.371859296482
27.7995584988962,0,79.294778979644
22.8282560706402,0,55.3189677199557
22.0666666666667,0,51.6459415722681
19.3050772626932,0,38.3272293671749
17.8657836644592,0,31.3857422706754
16.5037527593819,0,24.8168810152457
14.9938189845475,0,17.5347074354825
13.5081677704194,0,10.3696448343412
17.9439210408255,1,0.228923564278013
17.9439210408255,1,0.228923564278027
17.9439210408255,1,0.228923564278027
17.9439210408255,1,0.228923564278027
17.9416778824585,1,0.222736440919162
17.9439210408255,1,0.228923564278027
17.9439210408255,1,0.228923564278013
17.9439210408255,1,0.228923564278027
17.9439210408255,1,0.228923564278027
17.9439210408255,1,0.228923564278027
17.9439210408255,1,0.228923564278027
17.9439210408255,1,0.228923564278027
31.0529385374607,1,36.3864724734882
33.8389412292508,1,44.0708796851992
34.9560340960072,1,47.1520671179142
31.9726334679228,1,38.923193050623
24.5657245401525,1,18.493311719649
36.5509196949305,1,51.5511118260676
40.0165993719157,1,61.1102174155148
25.6289816061014,1,21.4260081917513
21.7819650067295,1,10.815091631297
20.1736204576043,1,6.37892418299033
14.8105960264901,0,16.651051869517
18.9805739514349,0,36.7622008346819
22.5434878587197,0,53.9455753342987
21.241059602649,0,47.6641682991227
22.2366445916115,0,52.4657184226217
24.0799116997792,0,61.3555063452857
20.6869757174393,0,44.9919086960225
21.8282560706402,0,50.4961246912528
23.1395143487859,0,56.8201175368367
23.0644591611479,0,56.458138148369
17.20353200883,0,28.1918064900775
14.1726269315673,0,13.5742270675411
14.5015452538631,0,15.160548505238
18.5069537909376,1,1.78189152735327
18.3992821893226,1,1.48490960612773
18.233288470166,1,1.02706247757167
17.88111260655,1,0.0556841102297974
11.4132450331126,0,0.266161315049867
14.2278145695364,0,13.8403883825909
14.8238410596026,0,16.714930585129
14.9496688741722,0,17.3217783834426
13.6494481236203,0,11.0510178008688
21.490354419022,1,10.0107655946444
29.2359802602064,1,31.3749025528071
38.4979811574697,1,56.9215349015629
38.3050695379094,1,56.3894422927004
34.982951996411,1,47.2263125982206
34.3548676536563,1,45.4939180577382
34.7563930013459,1,46.6014131389752
33.4149842978914,1,42.9015133703736
32.1722745625841,1,39.4738470295621
28.8299685957829,1,30.2550332248525
23.0538358008075,1,14.3231905757737
18.6684611933602,1,2.22736440919156
11.483885209713,0,0.606847798313701
11.483885209713,0,0.606847798313512
16.717880794702,0,25.8495869176391
18.5081677704194,0,34.4838599778554
18.5081677704194,0,34.4838599778553
19.3315673289183,0,38.4549867983988
22.8591611479029,0,55.4680180563836
24.3315673289183,0,62.5692019419129
23.7951434878587,0,59.9821139596287
23.8679911699779,0,60.3334468954944
26.8172185430463,0,74.557107571757
24.7995584988962,0,64.8262498935355
19.5832229580574,0,39.668682395026
21.755408388521,0,50.1447917553871
19.5721854304636,0,39.615450132016
17.4198675496689,0,29.2351588450728
15.0666666666667,0,17.8860403713483
20.7074921489457,1,7.85145954240036
30.4069089277703,1,34.6045809461349
30.4069089277703,1,34.6045809461349
30.4069089277703,1,34.6045809461349
30.4069089277703,1,34.6045809461349
30.4069089277703,1,34.6045809461349
30.4069089277703,1,34.6045809461349
30.4069089277703,1,34.6045809461349
30.4069089277703,1,34.6045809461349
30.4069089277703,1,34.6045809461349
18.8209959623149,1,2.64808879759443
29.7951434878587,0,88.9191721318456
20.6869757174393,0,44.9919086960225
21.7002207505519,0,49.8786304403373
19.7465783664459,0,40.4565198875734
17.2962472406181,0,28.6389574993612
15.6560706401766,0,20.7286432160803
13.6317880794702,0,10.9658461800529
15.3028697571744,0,19.0252107997615
15.8172185430464,0,21.5058342560259
13.8944812362031,0,12.2327740396899
15.287417218543,0,18.9506856315476
11.876821192053,0,2.50191636146839
21.2727680574249,1,9.41061462883446
27.2754598474652,1,25.9673567371587
29.516375056079,1,32.1482929726653
33.4284432480933,1,42.9386361105268
27.8317631224764,1,27.5017633301573
29.5679676985195,1,32.2905968099192
27.6343651861821,1,26.9572964745771
14.194701986755,0,13.680691593561
19.1439293598234,0,37.5500383272294
14.5942604856512,0,15.6076995145217
17.9080305069538,1,0.129929590536148
11.9275938189845,0,2.74678477131413
18.2893674293405,1,1.18174056154331
22.876626289816,1,13.8344078304233
31.140421713773,1,36.627770284484
33.2579632122028,1,42.468414735253
29.5903992821893,1,32.3524680435078
27.4908030506954,1,26.5613205796097
22.4055630327501,1,12.5351119250616
17.3381898454746,0,28.841240098799
27.1306843267108,0,76.0689038412402
28.7664459161148,0,83.9579252193169
30.6913907284768,0,93.2416318882548
22.9783664459161,0,56.0429264968912
25.2057395143488,0,66.7851971723022
22.1461368653422,0,52.0292138659399
19.1306843267108,0,37.4861596116173
15.353642384106,0,19.2700792096074
17.3337748344371,0,28.8199471935952
17.6317880794702,0,30.2572182948641
13.0026490066225,0,7.9316071884848
22.0264692687304,1,11.4894880774133
35.1063257065949,1,47.5666043829582
36.9367429340511,1,52.6152970437924
37.9461641991925,1,55.399502555282
39.3862718707941,1,59.3716357516736
39.1103633916554,1,58.6106195785331
30.7344100493495,1,35.5079009565293
19.726710816777,0,40.3607018141555
18.3448123620309,0,33.696022485308
38.2123620309051,0,129.514095903245
40.316114790287,0,139.660165232944
24.194701986755,0,61.9091218805894
17.9629139072848,0,31.8541861851631
17.0379690949227,0,27.393322544928
15.6582781456954,0,20.7392896686825
12.8944812362031,0,7.40993101098708
12.3823399558499,0,4.93995400732478
12.1527593818984,0,3.83272293671744
12.0600441501104,0,3.38557192743383
18.9960264900662,0,36.8367260028958
34.6097130242826,0,112.139085256792
15.3006622516556,0,19.0145643471596
34.9179004037685,1,47.0468860208135
32.6074472857784,1,40.674148961182
34.1417676087932,1,44.906141338646
30.5998205473306,1,35.1366735549973
21.7415881561238,1,10.7037234108374
21.7438313144908,1,10.7099105341962
21.7415881561238,1,10.7037234108374
29.2359802602064,1,31.3749025528071
25.6514131897712,1,21.48787942534
24.4602960969044,1,18.2025169217824
24.4419426048565,0,63.1015245720126
36.8635761589404,0,123.009113363427
32.5699779249448,0,102.301763052551
31.4353200883002,0,96.8294864151264
32.1439293598234,0,100.246997700366
17.2233995584989,0,28.2876245634954
14.9827814569536,0,17.4814751724725
15.4596026490066,0,19.781108934503
15.521412803532,0,20.0792096073588
22.2193808882907,1,12.0215806862757
30.8286227007627,1,35.7677601376016
38.8882907133244,1,57.9980943660055
36.8986092418125,1,52.5101159466917
34.5410497981157,1,46.0074492965241
39.1956034096007,1,58.8457302661701
40.088380439659,1,61.3082053629985
20.8039479587259,1,8.11750584683156
28.8900662251656,0,84.5541265650285
35.9055187637969,0,118.388552934162
34.6649006622516,0,112.405246571842
26.5147902869757,0,73.098543565284
16.9209713024283,0,26.8290605570224
14.3867549668874,0,14.6069329699344
19.2852097130243,0,38.2314112937569
20.7046357615894,0,45.0770803168384
18.1458052938537,1,0.785764666575904
13.7509933774834,0,11.5407546205604
14.9651214128035,0,17.3963035516566
14.1505518763797,0,13.4677625415212
20.8084342754599,1,8.12988009354932
28.8681022880215,1,30.3602143219531
33.6662180349933,1,43.5944711865665
35.0031404217138,1,47.2819967084504
32.8990578734859,1,41.4784749978345
31.6630776132795,1,38.0693700270996
28.0291610587708,1,28.0462301857375
22.652310453118,1,13.2156954945367
30.6141280353201,0,92.8690060471851
35.2719646799117,0,115.33302103739
25.4507726269316,0,67.9669534111234
21.3690949227373,0,48.2816625500383
14.3381898454746,0,14.3727110126905
19.2000897263347,1,3.69371264524271
13.4066225165563,0,9.87990801464952
15.8260485651214,0,21.5484200664339
12.7598233995585,0,6.76049740226555
11.9253863134658,0,2.73613831871221
14.1417218543046,0,13.4251767311132
14.755408388521,0,16.3848905544673
17.8415011037528,0,31.2686312920535
15.5169977924945,0,20.0579167021549
15.1704194260486,0,18.3864236436419
14.4220750551876,0,14.7772762115663
14.1130242825607,0,13.2867728472873
13.8591611479029,0,12.0624307980581
24.5814266487214,1,18.5366215831611
26.4140870345446,1,23.5915013673543
33.583221175415,1,43.3655476222885
35.5908479138627,1,48.9030230284731
43.7290264692687,1,71.3499065744373
37.2104082548228,1,53.3701260935741
35.4966352624495,1,48.6431638474008
35.9901301031853,1,50.0043309863512
27.4616419919246,1,26.4808879759445
20.9116195603409,1,8.41448776805707
11.4684326710817,0,0.532322630099639
25.0092715231788,0,65.8376628907247
23.801766004415,0,60.0140533174347
28.3359823399558,0,81.8818669619283
38.1174392935982,0,129.056298441359
22.8746136865342,0,55.5425432245976
18.2631346578366,0,33.3021037390341
18.0269315673289,0,32.1629333106209
17.2763796909492,0,28.5431394259433
13.9871964679912,0,12.6799250489737
14.7951434878587,0,16.5765267013031
18.1350993377483,0,32.6846094881186
13.1306843267108,0,8.54910143940042
14.9871964679912,0,17.5027680776765
13.7068432671082,0,11.3278255685206
16.6163355408389,0,25.3598500979474
20.7119784656797,1,7.86383378911809
33.6168685509197,1,43.4583544726715
38.4351727231943,1,56.7482954475146
37.5603409600718,1,54.3353173375571
39.7945266935846,1,60.4976922029872
41.2794975325258,1,64.5935678665562
38.0314042171377,1,55.6346132429188
21.1292059219381,1,9.01463873386706
21.1292059219381,1,9.01463873386711
16.2454746136865,0,23.5712460608125
29.8635761589404,0,89.2492121625075
43.4949227373068,0,154.991056979814
37.1969094922737,0,124.616727706328
22.2543046357616,0,52.5508900434375
17.9739514348786,0,31.9074184481731
18.0269315673289,0,32.1629333106209
14.3602649006623,0,14.4791755387105
13.7752759381898,0,11.6578655991824
19.0610139075819,1,3.31011099699306
17.5501103752759,0,29.8632995485904
16.4596026490066,0,24.6039519632059
12.2807947019868,0,4.45021718763309
12.9938189845475,0,7.88902137807681
16.9364238410596,0,26.9035857252364
13.8194260485651,0,11.8707946512222
12.232229580574,0,4.21599523038924
12.2278145695364,0,4.19470232518524
19.274113952445,1,3.89788771608528
23.6393001345895,1,15.9380297724376
24.6195603409601,1,18.6418026802618
42.1139524450426,1,66.8951777560541
39.2449528936743,1,58.9818469800651
41.3243606998654,1,64.7173103337334
40.8084342754598,1,63.2942719611943
35.4899057873486,1,48.6246024773242
22.5199641094661,1,12.8506552163637
21.3086585912965,1,9.5096086025763
13.4640176600441,0,10.1567157823013
24.8635761589404,0,65.1349970189933
33.5942604856512,0,107.241717059876
28.2101545253863,0,81.2750191636147
29.0953642384106,0,85.5442466570139
24.1527593818985,0,61.7068392811515
22.1615894039735,0,52.1037390341538
16.4794701986755,0,24.6997700366238
16.885651214128,0,26.6587173153905
14.7951434878587,0,16.5765267013031
17.8039735099338,0,31.0876415978196
12.6958057395143,0,6.45175027680777
11.9011037527594,0,2.6190273400903
14.2013245033113,0,13.712630951367
19.3593539703903,1,4.13299840372218
31.5621354867654,1,37.7909494759507
36.950201884253,1,52.6524197839457
37.069089277703,1,52.9803373219655
36.5441902198295,1,51.532550455991
33.1256168685509,1,42.1033744570799
31.2009869896815,1,36.7948226151733
26.6541049798116,1,24.2535235667529
21.0910722296994,1,8.90945763676631
15.3470198675497,0,19.2381398518014
20.4198675496689,0,43.7036879311813
29.5192052980133,0,87.5883655565966
29.3823399558499,0,86.9282854952729
27.8150110375276,0,79.369304147858
22.914348785872,0,55.7341793714334
18.8503311258278,0,36.1340601311643
18.9783664459161,0,36.7515543820799
19.324944812362,0,38.4230474405928
14.2830022075055,0,14.1065496976407
15.960706401766,0,22.1978536751555
15.128476821192,0,18.1841410442041
18.633995584989,0,35.090707776169
13.2830022075055,0,9.2837066689379
13.2233995584989,0,8.9962524486841
11.8966887417219,0,2.59773443488629
22.6612830865859,1,13.2404439879722
32.6321220278152,1,40.7422073181295
35.1220278151638,1,47.6099142464703
33.4531179901301,1,43.0066944674743
33.0515926424406,1,41.8991993862374
37.3405114401077,1,53.7289792483882
34.3548676536564,1,45.4939180577383
33.5181695827725,1,43.1861210448814
20.7792732166891,1,8.04944748988409
13.6980132450331,0,11.2852397581126
20.2631346578367,0,42.9477897964399
20.1770419426048,0,42.5325781449621
30.876821192053,0,94.1359339068222
33.6582781456954,0,107.550464185333
24.0843267108168,0,61.3767992504898
17.633995584989,0,30.2678647474661
19.8900662251656,0,41.148539306703
14.6229580573951,0,15.7461033983477
14.3867549668874,0,14.6069329699344
12.9077262693157,0,7.47380972659913
17.5390728476821,0,29.8100672855804
14.5501103752759,0,15.3947704624819
22.8317631224764,1,13.710665363246
32.3898609241812,1,40.073997995372
37.3337819650067,1,53.7104178783117
39.0610139075819,1,58.4745028646381
38.8546433378197,1,57.9052875156225
33.3566621803499,1,42.7406481630431
20.8981606101391,1,8.37736502790391
14.6141280353201,0,15.7035175879397
14.6759381898455,0,16.0016182607955
15.3580573951435,0,19.2913721148114
23.5479028697572,0,58.7897112682054
29.2167770419426,0,86.1298015501234
26.4662251655629,0,72.8643216080403
25.8812362030905,0,70.043011668512
23.2719646799117,0,57.4589046929563
16.194701986755,0,23.3263776509667
14.5854304635762,0,15.5651137041138
12.2454746136865,0,4.27987394600119
15.6825607064018,0,20.8564006473043
15.0953642384106,0,18.0244442551742
17.6251655629139,0,30.2252789370582
14.0269315673289,0,12.8715611958096
15.8348785871965,0,21.5910058768418
16.1306843267108,0,23.0176305255089
28.0269179004038,1,28.0400430623786
34.6958277254374,1,46.4343608082858
36.4432480933154,1,51.2541299048421
39.2853297442799,1,59.0932152005247
37.4751009421265,1,54.1002066499202
36.8806639748766,1,52.4606189598208
32.535666218035,1,40.4761610136983
19.8878587196468,0,41.137892854101
33.6847682119205,0,107.678221616557
33.3470198675497,0,106.049314368452
28.9783664459161,0,84.9799846691083
23.4242825607064,0,58.1935099224939
17.4596026490066,0,29.4267949919087
15.5942604856512,0,20.4305425432246
15.2101545253863,0,18.5780597904778
17.4816777041943,0,29.5332595179286
13.4485651214128,0,10.0821906140874
16.1748344370861,0,23.2305595775488
11.8326710816777,0,2.28898730942851
17.0158940397351,0,27.2868580189081
12.7002207505519,0,6.47304318201175
20.1175414984298,1,6.22424609901872
40.1803499327053,1,61.561877420712
38.6056527590848,1,57.2185168227884
43.6886496186631,1,71.2385383539777
40.3575594436967,1,62.0506601660624
38.1099147599821,1,55.8511625604791
32.3135935397039,1,39.8636358011706
15.6935982339956,0,20.9096329103143
37.9364238410596,0,128.183289327996
38.6251655629139,0,131.504982539818
27.9187637969095,0,79.8696874201516
21.5545253863135,0,49.1759645686057
16.9540838852097,0,26.9887573460523
12.0644591611479,0,3.40686483263772
14.2565121412804,0,13.9787922664169
18.3293598233996,0,33.6214973170939
14.5368653421634,0,15.33089174687
13.8966887417218,0,12.2434204922919
16.5655629139073,0,25.1149816881015
16.0114790286976,0,22.4427220850013
18.5921938088829,1,2.01700221499016
28.0583221175415,1,28.1266627894027
31.1897711978466,1,36.763886998379
32.535666218035,1,40.4761610136983
38.2422611036339,1,56.2162028386522
25.0524899057873,1,19.8359174885229
23.1615074024226,1,14.6201724969992
31.6787797218484,1,38.1126798906116
30.8600269179004,1,35.8543798646258
26.3183222958057,0,72.1510092837066
49.3271523178808,0,200
27.9386313465784,0,79.9655054935696
18.6649006622517,0,35.2397581125969
15.2763796909492,0,18.8974533685376
12.6317880794702,0,6.14300315134993
14.8348785871965,0,16.768162848139
12.0710816777042,0,3.43880419044374
12.0512141280353,0,3.34298611702579
14.2543046357616,0,13.9681458138148
15.9629139072848,0,22.2085001277574
11.755408388521,0,1.91636146835874
23.7514580529385,1,16.2473859403809
29.0273665320772,1,30.7995000804326
30.5729026469269,1,35.0624280746909
33.5966801256169,1,43.4026703624417
22.1408703454464,1,11.8050313687154
33.7402422611036,1,43.7986462574091
29.2270076267384,1,31.3501540593716
28.2669358456707,1,28.7020652617772
29.0026917900404,1,30.7314417234851
13.2543046357616,0,9.14530278511196
20.1417218543047,0,42.3622349033303
16.0865342163355,0,22.804701473469
32.9320088300221,0,104.047781279278
32.5059602649007,0,101.993015927093
23.9629139072848,0,60.7912443573801
19.726710816777,0,40.3607018141555
15.4905077262693,0,19.9301592709309
14.7355408388521,0,16.2890724810493
17.9099337748344,0,31.5986713227153
13.9408388520971,0,12.4563495443318
13.6141280353201,0,10.8806745592369
13.7995584988962,0,11.7749765778043
15.7134657836645,0,21.0054509837322
22.3427545984747,1,12.3618724710133
31.8133692238672,1,38.4839072921436
38.4912516823688,1,56.9029735314863
41.0798564378645,1,64.0429138876171
35.328398384926,1,48.1791295954859
41.956931359354,1,66.4620791209335
34.8124719605204,1,46.7560912229468
18.8972633467923,1,2.85845099179592
17.119646799117,0,27.7872412912018
24.7465783664459,0,64.5707350310877
30.0158940397351,0,89.983817392045
30.9320088300221,0,94.402095221872
27.2830022075055,0,76.8035090707777
20.1770419426048,0,42.5325781449621
14.9783664459161,0,17.4601822672686
18.9033112582781,0,36.3895749936121
14.839293598234,0,16.789455753343
13.3315673289183,0,9.51792862618175
12.3757174392936,0,4.90801464951878
16.9408388520971,0,26.9248786304404
13.3757174392936,0,9.73085767822161
31.719156572454,1,38.2240481110712
40.5729026469269,1,62.6446240085135
37.3225661731718,1,53.6794822615173
35.1332436069986,1,47.6408498632645
33.0628084342755,1,41.9301350030317
29.2696276357111,1,31.46770940319
27.0799116997793,0,75.8240354313943
35.1174392935982,0,114.587769355251
22.2940397350993,0,52.7425261902734
19.8105960264901,0,40.7652670130313
22.5434878587196,0,53.9455753342986
15.0865342163355,0,17.9818584447662
16.0777041942605,0,22.7621156630611
14.9916114790287,0,17.5240609828805
21.3116997792495,0,48.0048547823865
14.8591611479029,0,16.8852738267609
14.9253863134658,0,17.2046674048207
14.0777041942605,0,13.1164296056554
15.4816777041943,0,19.887573460523
27.7510094212651,1,27.2790268892381
33.3790937640197,1,42.8025193966317
32.8923283983849,1,41.4599136277579
33.5473306415433,1,43.2665536485466
30.6536563481382,1,35.2851645156101
31.9322566173172,1,38.8118248301635
30.3799910273665,1,34.5303354658285
19.7160161507402,1,5.11675101778179
32.8966887417219,0,103.877438037646
30.5545253863135,0,92.5815518269312
17.512582781457,0,29.6823098543565
24.9474613686534,0,65.539562217869
22.1836644591611,0,52.2102035601737
13.8105960264901,0,11.8282088408143
13.3646799116998,0,9.67762541521165
15.3558498896247,0,19.2807256622093
13.998233995585,0,12.7331573119837
13.4419426048565,0,10.0502512562814
15.3227373068433,0,19.1210288731795
22.1363840287124,1,11.7926571219977
27.7128757290265,1,27.1738457921374
31.0933153880664,1,36.4978406939477
30.6177658142665,1,35.1861705418683
20.8196500672947,1,8.16081571034363
23.9510991475998,1,16.7980399193199
12.2587196467991,0,4.34375266161315
20.0556291390728,0,41.9470232518525
20.6737306843267,0,44.9280299804105
20.4529801324503,0,43.8633847202112
15.4816777041943,0,19.8875734605229
12.4507726269316,0,5.26999403798655
11.717880794702,0,1.73537177412484
20.6295805739514,0,44.7151009283707
17.1704194260486,0,28.0321097010476
14.1130242825607,0,13.2867728472873
15.6693156732892,0,20.7925219316924
18.343203230148,1,1.33023152215608
28.4015253476895,1,29.0732926633091
33.7626738447734,1,43.8605174909977
35.6110363391656,1,48.9587071387029
37.5558546433378,1,54.3229430908393
33.3746074472858,1,42.790145149914
35.0614625392553,1,47.4428619157809
34.0385823239121,1,44.6215336641382
31.5352175863616,1,37.7167039956443
19.507402422611,1,4.54134854540727
19.1682119205298,0,37.6671493058513
26.9827814569536,0,75.3555915169065
27.1505518763797,0,76.1647219146581
29.3293598233996,0,86.6727706328251
21.7752759381898,0,50.240609828805
17.5192052980132,0,29.7142492121625
28.8679911699779,0,84.4476620390086
19.7399558498896,0,40.4245805297675
20.3028697571744,0,43.1394259432757
18.3867549668874,0,33.8983050847458
13.6229580573951,0,10.9232603696448
12.0865342163355,0,3.51332935865771
27.2350829968596,1,25.8559885166991
38.5630327501122,1,57.1009614789699
43.3768506056527,1,70.3785282070954
41.3131449080305,1,64.6863747169391
39.3436518618214,1,59.2540804078552
36.3512786002692,1,51.0004578471286
26.8851502916106,1,24.890797272716
19.0251233737102,1,3.21111702325125
13.2609271523179,0,9.17724214291806
22.0335540838852,0,51.4862447832382
28.8370860927152,0,84.2986117025806
27.3381898454746,0,77.0696703858275
20.969536423841,0,46.3546546290776
14.9629139072848,0,17.3856570990546
36.6759381898455,0,122.104164892258
25.3713024282561,0,67.5836811174516
21.5699779249448,0,49.2504897368197
17.3028697571744,0,28.6708968571672
14.4927152317881,0,15.1179626948301
15.558940397351,0,20.2601993015927
16.848123620309,0,26.4777276211566
14.3050772626932,0,14.2130142236607
21.8918797667115,1,11.1182606758814
26.8873934499776,1,24.8969843960749
36.9232839838493,1,52.5781743036393
37.5244504262001,1,54.2363233638152
41.5352175863616,1,65.2988999294668
37.8272768057425,1,55.071585017262
33.8277254374159,1,44.0399440684048
20.7994616419919,1,8.10513160011386
33.1704194260486,0,105.197598160293
41.7774834437086,0,146.708116855464
27.3955849889625,0,77.3464781534793
15.8039735099338,0,21.4419555404139
23.1395143487859,0,56.8201175368367
17.8194260485651,0,31.1621667660336
16.558940397351,0,25.0830423302955
16.8547461368653,0,26.5096669789626
14.6008830022075,0,15.6396388723277
13.8348785871965,0,11.9453198194362
16.1770419426049,0,23.2412060301507
15.0335540838852,0,17.7263435823184
18.0291610587708,1,0.464034251914918
26.2413638402871,1,23.1150928687216
31.7999102736653,1,38.4467845519904
34.9582772543742,1,47.1582542412731
36.2929564827277,1,50.839592639798
35.2678331090175,1,48.0120772647965
29.5769403319875,1,32.3153453033547
27.535666218035,1,26.685063046787
23.035761589404,0,56.3197342645431
32.5456953642384,0,102.184652073929
32.2587196467991,0,100.80061323567
18.8260485651214,0,36.0169491525424
18.9342163355408,0,36.53862533004
21.0026490066225,0,46.5143514181075
20.0092715231788,0,41.7234477472106
16.4198675496689,0,24.41231581637
14.2609271523179,0,14.0000851716208
14.8083885209713,0,16.6404054169151
17.2543046357616,0,28.4366748999233
15.4529801324503,0,19.749169576697
13.5810154525386,0,10.720977770207
12.9209713024283,0,7.53768844221105
21.4410049349484,1,9.87464888074938
32.8497083894123,1,41.3423582839395
36.4477344100493,1,51.2665041515598
34.3032750112158,1,45.3516142204843
34.0340960071781,1,44.6091594174205
35.3822341857335,1,48.3276205560986
35.0300583221176,1,47.3562421887568
31.5329744279946,1,37.7105168722854
24.1126065500224,1,17.2435128011583
19.5881561238223,1,4.76408498632645
17.0136865342164,0,27.2762115663062
26.5192052980132,0,73.119836470488
32.1814569536424,0,100.4279873946
26.8061810154525,0,74.5038753087472
23.7907284768212,0,59.9608210544246
22.7443708609272,0,54.91440252108
19.7333333333333,0,40.3926411719615
16.6671081677704,0,25.6047185077932
12.9584988962472,0,7.71867813644491
13.3977924944812,0,9.83732220424155
14.0313465783664,0,12.8928541010135
11.5567328918322,0,0.958180734179361
28.8793180798564,1,30.3911499387475
35.1354867653656,1,47.6470369866235
38.6235980260206,1,57.2680138096593
40.326155226559,1,61.9640404390383
41.6271870794078,1,65.5525719871803
37.6141767608793,1,54.4838082981699
21.1628532974428,1,9.10744558425004
11.4022075055188,0,0.212929052039837
25.0600441501104,0,66.0825313005707
45.6560706401766,0,200
40.7289183222958,0,141.651051869517
23.6008830022075,0,59.0452261306533
15.79293598234,0,21.388723277404
15.4860927152318,0,19.9088663657269
18.2830022075055,0,33.3979218124521
16.9121412803532,0,26.7864747466144
14.6273730684327,0,15.7673963035516
14.3359823399558,0,14.3620645600886
15.0379690949227,0,17.7476364875224
13.5523178807947,0,10.5825738863811
27.5020188425303,1,26.592256196404
34.7227456258412,1,46.5086062885922
25.8936742934051,1,22.1560887480974
11.7576158940397,0,1.92700792096074
21.6913907284768,0,49.8360446299293
16.2609271523179,0,23.6457712290265
16.8746136865342,0,26.6054850523805
16.6163355408389,0,25.3598500979474
18.2101545253863,0,33.0465888765863
17.4154525386313,0,29.2138659398688
15.6295805739514,0,20.6008857848565
15.9298013245033,0,22.0488033387275
15.8569536423841,0,21.6974704028618
13.0313465783664,0,8.0700110723107
13.8701986754967,0,12.1156630610681
11.5434878587196,0,0.894302018567409
22.1722745625841,1,11.8916510957395
30.792732166891,1,35.6687661638598
33.0358905338717,1,41.8558895227253
29.4647824136384,1,32.0059891354114
30.3620457604307,1,34.4808384789576
34.3234634365186,1,45.4072983307141
34.4849708389412,1,45.8527712125525
30.6469268730372,1,35.2666031455335
27.7554957379991,1,27.2914011359559
21.6339165545087,1,10.4067414896118
12.4309050772627,0,5.17417596456856
17.0379690949228,0,27.3933225449281
27.6737306843267,0,78.6879311813303
28.923178807947,0,84.7138233540584
27.241059602649,0,76.6012264713398
20.2587196467991,0,42.9264968912358
18.4397350993377,0,34.1538199471936
20.2697571743929,0,42.9797291542458
14.0490066225166,0,12.9780257218295
16.044591611479,0,22.6024188740312
16.8878587196468,0,26.6693637679925
14.6030905077263,0,15.6502853249297
13.7311258278146,0,11.4449365471425
14.7443708609272,0,16.3316582914573
15.3028697571744,0,19.0252107997615
14.7399558498896,0,16.3103653862533
11.8613686534216,0,2.4273911932544
18.5697622252131,1,1.9551309814015
24.1731718259309,1,17.4105651318476
29.9919246298789,1,33.4599631247448
32.1947061462539,1,39.5357182631507
25.8622700762674,1,22.0694690210733
30.5684163301929,1,35.0500538279732
35.788245850157,1,49.4474898840533
38.8344549125168,1,57.8496034053927
33.0560789591745,1,41.9115736329551
25.8622700762674,1,22.0694690210733
21.8716913414087,1,11.0625765656516
13.0092715231788,0,7.96354654629075
24.7730684326711,0,64.6984924623115
20.0092715231788,0,41.7234477472107
24.3735099337748,0,62.7714845413508
26.1328918322296,0,71.2567072651392
23.7620309050773,0,59.8224171705988
22.7796909492274,0,55.0847457627119
19.437527593819,0,38.9660165232944
18.0092715231788,0,32.077761689805
16.3293598233996,0,23.9758112596883
16.8260485651214,0,26.3712630951367
15.4573951434879,0,19.770462481901
15.4529801324503,0,19.7491695766971
14.3845474613687,0,14.5962865173324
13.1019867549669,0,8.41069755557448
13.605298013245,0,10.8380887488289
13.8437086092715,0,11.9879056298441
13.8944812362031,0,12.23277403969
11.6560706401766,0,1.43727110126905
21.842530282638,1,10.9821439619863
33.0515926424406,1,41.8991993862374
32.8698968147151,1,41.3980423941693
35.673844773441,1,49.1319465927512
36.6518618214446,1,51.8295323772165
37.9102736653208,1,55.3005085815401
31.135935397039,1,36.6153960377662
25.9430237774787,1,22.2922054619925
26.7595334230597,1,24.5443183646196
23.2736653207716,1,14.9295286649425
11.4949227373068,0,0.660080061323542
18.1839389860924,1,0.890945763676648
18.4845222072678,1,1.72002029376462
12.5788079470199,0,5.88748828890213
16.5655629139073,0,25.1149816881015
19.6185430463576,0,39.8390256366579
18.7576158940397,0,35.6869091218806
15.0379690949227,0,17.7476364875223
17.2211920529801,0,28.2769781108935
12.3293598233996,0,4.68443914487698
19.1283086585913,1,3.49572469775906
15.4772626931567,0,19.866280555319
23.6097130242826,0,59.0878119410612
25.2344370860927,0,66.9236010561281
22.0556291390729,0,51.5927093092582
20.6317880794702,0,44.7257473809726
20.4,0,43.6078698577634
16.8966887417219,0,26.7119495784005
17.6604856512141,0,30.3956221786901
16.7620309050773,0,26.0625159696789
13.8282560706402,0,11.9133804616302
13.6119205298013,0,10.8700281066349
12.4728476821192,0,5.37645856400648
12.4286975717439,0,5.16352951196661
18.7421633554084,0,35.6123839536666
14.3933774834437,0,14.6388723277404
23.9084791386272,1,16.6804845755015
37.7824136384029,1,54.9478425500848
39.2068192014356,1,58.8766658829643
38.8950201884253,1,58.0166557360821
35.7837595334231,1,49.4351156373356
33.818752803948,1,44.0151955749694
30.0816509645581,1,33.7074480590994
24.4131897711979,1,18.0725873312462
20.6805742485419,1,7.77721406209392
19.8281740690893,1,5.42610718572506
18.006729475101,1,0.402163018326311
13.521412803532,0,10.4335235499532
13.5456953642384,0,10.5506345285751
13.6075055187638,0,10.8487352014308
16.3315673289183,0,23.9864577122902
17.3470198675497,0,28.8838259092071
17.3470198675497,0,28.8838259092071
17.3470198675497,0,28.8838259092071
19.7730684326711,0,40.5842773187974
22.1991169977925,0,52.2847287283877
22.1991169977925,0,52.2847287283877
22.2013245033113,0,52.2953751809897
21.7377483443709,0,50.0596201345711
21.6494481236203,0,49.6337620304915
16.6362030905077,0,25.4556681713653
15.998233995585,0,22.3788433693893
17.0026490066225,0,27.2229793032961
15.7200883002208,0,21.0373903415382
15.1792494481236,0,18.4290094540499
13.6869757174393,0,11.2320074951026
18.5159264244056,1,1.80664002078873
21.8537460744729,1,11.0130795787806
30.6558995065052,1,35.291351638969
35.3844773441005,1,48.3338076794575
37.3091072229699,1,53.6423595213641
36.5419470614625,1,51.5263633326321
33.6819201435621,1,43.6377810500786
31.6227007626738,1,37.95800180664
28.9555854643338,1,30.6015121329489
26.5217586361597,1,23.8884832885798
21.5172723194258,1,10.0850110749508
11.960706401766,0,2.90648156034413
16.2145695364238,0,23.4221957243846
15.3183222958057,0,19.0997359679755
17.4397350993377,0,29.3309769184908
19.1417218543046,0,37.5393918746274
20.4596026490066,0,43.8953240780172
21.6295805739514,0,49.5379439570735
24.4220750551876,0,63.0057064985946
26.1704194260486,0,71.4376969593732
23.5037527593819,0,58.5767822161656
21.4044150110375,0,48.4520057916703
15.5699779249448,0,20.3134315646027
14.1130242825607,0,13.2867728472873
14.1130242825607,0,13.2867728472873
17.4066225165563,0,29.1712801294608
18.9916114790287,0,36.8154330976919
17.0512141280353,0,27.45720126054
16.3006622516556,0,23.8374073758624
12.6980132450331,0,6.46239672940976
21.7595334230597,1,10.7532203977083
23.7492148945716,1,16.241198817022
39.045311799013,1,58.431193001126
38.7110812023329,1,57.5093116206551
40.4024226110363,1,62.1744026332397
34.1058770749215,1,44.8071473649041
31.6159712875729,1,37.9394404365634
27.7622252131001,1,27.3099625060325
21.257065948856,1,9.3673047653224
19.0901749663526,1,3.39054360065832
19.043068640646,1,3.26061401012212
11.6913907284768,0,1.60761434290098
13.9849889624724,0,12.6692785963717
14.4971302428256,0,15.1392556000341
14.7796909492274,0,16.5020015330892
20.6008830022075,0,44.5766970445447
22.5412803532009,0,53.9349288816967
22.5390728476821,0,53.9242824290946
22.5412803532009,0,53.9349288816966
22.5390728476821,0,53.9242824290946
22.5412803532009,0,53.9349288816966
16.3867549668874,0,24.2526190273401
14.8459161147903,0,16.821395111149
21.5920529801324,0,49.3569542628396
20.4110375275938,0,43.6611021207734
14.8679911699779,0,16.9278596371689
18.2520971302428,0,33.2488714760242
15.9805739514349,0,22.2936717485734
15.9584988962472,0,22.1872072225534
17.7620309050773,0,30.8853589983817
13.20353200883,0,8.90043437526616
18.2243158366981,1,1.00231398413622
23.6235980260206,1,15.8947199089255
31.83355764917,1,38.5395914023734
37.7016599371916,1,54.7251061091656
37.8609241812472,1,55.1643918676451
38.7716464782414,1,57.6763639513445
31.7550471063257,1,38.3230420848131
31.8559892328398,1,38.601462635962
26.7012113055182,1,24.383453157289
21.8829071332436,1,11.0935121824459
11.4331125827815,0,0.36197938846777
12.6604856512141,0,6.2814070351759
16.7752759381898,0,26.1263946852909
20.5545253863135,0,44.3531215399029
19.1130242825607,0,37.4009879908015
23.8039735099338,0,60.0246997700366
16.0092715231788,0,22.4320756323993
23.8905338716913,1,16.6309875886305
23.8905338716913,1,16.6309875886305
23.8905338716914,1,16.6309875886306
23.8905338716913,1,16.6309875886305
23.8905338716913,1,16.6309875886305
23.8905338716914,1,16.6309875886306
23.8905338716913,1,16.6309875886305
23.8905338716913,1,16.6309875886305
23.8905338716914,1,16.6309875886306
22.4279946164199,1,12.5969831586502
18.816509645581,1,2.63571455087673
12.5324503311258,0,5.66391278426032
11.6185430463576,0,1.25628140703518
14.2984547461369,0,14.1810748658546
16.2057395143488,0,23.3796099139767
16.6759381898455,0,25.6473043182012
18.5103752759382,0,34.4945064304574
17.0534216335541,0,27.467847713142
17.4198675496689,0,29.2351588450728
20.3492273730684,0,43.3630014479176
21.885651214128,0,50.7729324589047
20.6626931567329,0,44.8747977174006
19.0136865342163,0,36.9218976237118
24.3183222958057,0,62.505323226301
19.0467991169978,0,37.0815944127417
19.6649006622517,0,40.0626011412997
18.7002207505519,0,35.4101013542288
20.4066225165563,0,43.6398092155694
17.2454746136865,0,28.3940890895154
22.0309555854643,1,11.501862324131
24.5298340062808,1,18.3943177459072
24.5298340062808,1,18.3943177459072
24.5298340062808,1,18.3943177459072
24.5298340062808,1,18.3943177459072
24.5298340062809,1,18.3943177459072
24.5298340062808,1,18.3943177459072
24.5298340062808,1,18.3943177459072
24.5298340062808,1,18.3943177459072
24.5298340062809,1,18.3943177459072
19.0512141280353,0,37.1028873179457
21.2101545253863,0,47.5151179626949
21.7112582781457,0,49.9318627033472
19.8591611479029,0,40.9994889702751
22.6737306843267,0,54.5737160378162
16.5920529801325,0,25.2427391193255
15.1218543046358,0,18.1522016863981
16.5854304635762,0,25.2107997615195
14.5699779249448,0,15.4905885358998
13.5766004415011,0,10.699684865003
11.5192052980132,0,0.777191039945487
18.8254822790489,1,2.66046304431217
27.1161956034096,1,25.5280709786792
27.3270524899058,1,26.1096605744125
36.259309107223,1,50.7467857894151
34.7743382682817,1,46.6509101258461
35.321668909825,1,48.1605682254093
34.8842530282638,1,46.9540791704305
36.6204576043069,1,51.7429126501924
33.1951547779273,1,42.2951752812048
25.7299237326155,1,21.7044287429002
21.1067743382683,1,8.95276750027844
18.8613728129206,1,2.75945701805402
17.9371915657245,1,0.210362194201432
12.7200883002208,0,6.5688612554297
13.6825607064018,0,11.2107145898987
15.5059602649007,0,20.0046844391449
19.6560706401766,0,40.0200153308917
19.7156732891832,0,40.3074695511455
19.5479028697572,0,39.4983391533941
23.9894039735099,0,60.919001788604
23.0622516556292,0,56.447491695767
18.1373068432671,0,32.6952559407205
24.4286975717439,0,63.0376458564006
21.1505518763797,0,47.227663742441
23.9629139072848,0,60.7912443573801
20.801766004415,0,45.5455242313261
20.0225165562914,0,41.7873264628226
16.7311258278146,0,25.913465633251
16.8724061810155,0,26.5948385997786
15.8194260485651,0,21.5164807086279
11.8635761589404,0,2.43803764585639
13.6097130242826,0,10.8593816540329
15.0379690949227,0,17.7476364875224
15.0401766004415,0,17.7582829401243
24.8281740690893,1,19.2172051526363
27.2575145805294,1,25.9178597502877
30.911619560341,1,35.9966837018797
29.9246298788694,1,33.2743494239788
32.9147599820547,1,41.5217848613466
32.9349484073576,1,41.5774689715763
32.9237326155227,1,41.546533354782
33.6393001345895,1,43.5202257062601
30.4697173620458,1,34.7778204001831
24.4311350381337,1,18.1220843181171
25.7635711081202,1,21.7972355932833
18.6684611933602,1,2.22736440919156
13.7730684326711,0,11.6472191465804
14.1505518763797,0,13.4677625415212
16.4883002207505,0,24.7423558470317
21.8922737306843,0,50.8048718167108
23.4507726269316,0,58.3212673537177
22.6097130242826,0,54.2649689123584
21.6825607064018,0,49.7934588195214
14.2807947019867,0,14.0959032450387
27.7973509933775,0,79.284132527042
21.2763796909492,0,47.8345115407546
18.4706401766004,0,34.3028702836215
18.5545253863135,0,34.7074354824972
17.512582781457,0,29.6823098543565
15.6671081677704,0,20.7818754790904
13.316114790287,0,9.44340345796779
15.0777041942605,0,17.9392726343582
15.0710816777042,0,17.9073332765523
18.5047106325707,1,1.7757044039944
19.4939434724092,1,4.5042258052541
27.9057873485868,1,27.7059384009998
30.4315836698071,1,34.6726393030824
41.4320323014805,1,65.014292254959
34.2651413189771,1,45.2464331233836
31.490354419022,1,37.5929615284669
33.6146253925527,1,43.4521673493126
38.3050695379094,1,56.3894422927005
28.4441453566622,1,29.1908480071276
23.2063705697622,1,14.7439149641765
20.9901301031853,1,8.63103708561741
18.5540601166442,1,1.91182111788944
15.8569536423841,0,21.6974704028618
18.4507726269316,0,34.2070522102035
19.4772626931567,0,39.1576526701303
20.8150110375276,0,45.6094029469381
25.5368653421633,0,68.3821650626011
26.5456953642384,0,73.247593901712
21.4927152317881,0,48.8778638957499
23.8569536423841,0,60.2802146324844
22.9761589403974,0,56.0322800442892
23.3116997792495,0,57.6505408397922
20.1130242825607,0,42.2238310195043
14.2476821192053,0,13.9362064560089
14.5302428256071,0,15.298952389064
16.7995584988962,0,26.2435056639128
15.324944812362,0,19.1316753257814
14.6472406181015,0,15.8632143769696
14.3448123620309,0,14.4046503704965
24.4019739793629,1,18.0416517144519
29.3436518618214,1,31.6718844740326
30.4495289367429,1,34.7221362899533
33.459847465231,1,43.0252558375509
33.3790937640197,1,42.8025193966317
32.4706146253926,1,40.2967344362912
33.6393001345895,1,43.5202257062601
32.8340062808434,1,41.2990484204274
31.7572902646927,1,38.3292292081719
25.0457604306864,1,19.8173561184463
23.1009421265141,1,14.4531201663099
22.0152534768955,1,11.458552460619
17.9910273665321,1,0.358853154814189
19.4419426048565,0,38.9873094284984
32.521412803532,0,102.067541095307
30.1991169977925,0,90.8674729580103
26.8415011037528,0,74.6742185503791
22.7487858719647,0,54.935695426284
24.2300220750552,0,62.0794651222213
22.6891832229581,0,54.6482412060301
24.8635761589404,0,65.1349970189933
19.2211920529801,0,37.9226641682991
15.4309050772627,0,19.6427050506771
13.9629139072848,0,12.5628140703518
14.7487858719647,0,16.3529511966613
