67.6841954614804,1,200
25.9046199686965,1,7.33361588565845
99.0188770810685,1,200
47.2294770002844,0,200
109.463770954264,1,200
36.3495138418925,1,30.073510104754
56.593074385954,0,200
46.1799759264395,0,200
56.9719186760249,0,200
38.9819344150936,0,48.6225811723812
47.8284605399911,0,200
31.0773994979402,0,5.57598407940133
29.8997918751939,1,16.0316254244623
56.2000346479014,1,200
67.7311974839098,1,200
73.5490033712805,1,200
90.9606414578961,1,200
72.0971631229057,1,200
65.1721984849784,1,200
36.5845239540378,1,30.58515772468
72.115451243991,0,200
77.7571594555866,0,200
79.1291901277335,0,200
79.8766396730105,0,200
66.0744206725915,0,200
47.869416679458,0,200
49.354076735141,0,200
45.1663114746286,0,200
41.0092633187159,0,59.6630296495963
44.9922478818932,0,81.35360771847
40.7520366094445,1,39.6583755181023
53.9961620406572,1,200
47.227870810826,1,200
55.7300144236075,1,200
88.1196303243878,1,200
91.9215716942317,1,200
59.4170619608473,1,200
86.1037658068597,1,200
65.7467715568535,0,200
76.4158458880385,0,200
71.5215872217175,0,200
83.6753216085851,0,200
70.4874447001734,0,200
62.2757387370165,0,200
54.1152279481933,0,200
41.9512545264599,0,64.7929350026475
44.6441206964226,0,79.4577731314724
44.4905351734209,0,78.6213755195625
42.1662742586621,0,65.9638916593213
31.6712635202135,0,8.81005484545506
36.3025118194631,1,29.971180580768
73.820570611983,1,200
40.6789223523322,1,39.4991962585689
54.4035129017116,1,200
105.938619272061,1,200
91.5664453025443,1,200
74.8859497870488,1,200
65.4751004072978,1,200
70.2724249679705,0,200
70.0266881311684,0,200
70.3748153166378,0,200
91.8972666066096,0,200
79.0779949533998,0,200
65.7570105917219,0,200
50.7977806513569,0,200
51.1151907322271,0,200
50.3779802218191,0,200
44.5826864872219,0,79.1232140867087
38.7873927526248,0,47.5631441972951
34.6508226664463,0,25.0361685165137
35.6542480833904,0,30.5006329143262
34.7775573139763,1,26.6511560247796
61.1718041315428,1,200
45.4522388523827,1,200
53.4216928776311,1,200
99.3896708135666,1,200
83.868558517999,1,200
58.5188010877501,1,200
33.8792964408809,1,24.6955251219361
89.3375078899132,0,200
82.2316176923698,0,200
74.6035367166189,0,200
71.101786792179,0,200
53.3575393680516,0,200
47.6543969472557,0,200
50.9923223138259,0,200
42.7294211763348,0,69.0306829029912
30.5654477546014,0,2.78799203970123
34.1183928533738,0,22.136656795225
37.4256011153433,0,40.1470853716912
36.0842875477952,0,32.842546227675
25.4711568729588,1,6.38991027556594
45.6193571543537,1,200
62.1222894740036,1,200
53.6932601183344,1,200
62.3102975637214,1,200
70.2275271196027,1,200
85.3308436602465,1,200
67.6894179084155,1,200
36.248112105664,0,33.7347036803812
80.6343282531511,0,200
87.904043008564,0,200
46.2004539961732,0,200
84.1872733519237,0,200
71.4601530125174,0,200
53.1834757753165,0,200
39.5962765071007,0,51.9681716200238
41.4393027831208,0,62.0049429629463
30.9340530098053,0,4.79534630828501
36.4221756983989,0,34.6826209738775
36.4528928029993,0,34.84990049626
34.661061701313,0,25.0919283573074
33.3570517472216,1,23.5585304109825
46.6116220723076,1,200
68.8592460222149,1,200
63.0309952409717,1,200
77.6538466634464,1,200
76.4004593986621,1,200
64.2008233547702,1,200
31.4971999274777,0,7.86213755195383
90.9655144337329,0,200
93.6071854293595,0,200
68.511310970886,0,200
62.1733483883486,0,200
50.9616052092255,0,200
47.0093377506485,0,200
36.9034103371377,0,37.3033334911975
23.9775370490917,1,3.138105402235
33.3299871686316,0,17.843149054085
37.8044454054141,0,42.21019948107
33.585963040301,0,19.237145073935
22.8808231924062,1,0.750416509230135
30.1251692553299,0,0.390318885558783
29.5342205896321,1,15.2357291267941
59.9288617606324,1,200
69.391935609748,1,200
68.5981236753863,1,200
79.5025928789995,1,200
69.7783966830565,1,200
74.3428153056438,1,200
62.7280933186477,1,200
61.1596839365368,0,200
97.3649112254693,0,200
90.2283039233223,0,200
83.5626922250507,0,200
60.2381707985275,0,200
56.9002454319573,0,200
51.6680986150331,0,200
46.3642785540415,0,200
37.6201427778123,0,41.2065223467788
35.4494673860549,0,29.3854360984462
25.5442711300713,1,6.54908953509983
35.490423525522,0,29.6084754616225
35.6952042228578,0,30.7236722775037
34.4537656039074,1,25.9462193039879
44.9404390525962,1,48.7770730999599
60.4406615604189,1,200
69.4441600791142,1,200
51.969852629257,1,200
54.6959699301604,1,200
98.2407324875156,1,200
71.1153430988248,1,200
286.756339156282,0,200
38.7873927526251,0,47.5631441972963
38.7873927526251,0,47.5631441972963
38.7873927526248,0,47.5631441972949
38.7873927526251,0,47.5631441972963
38.7873927526248,0,47.5631441972949
38.787392752625,0,47.5631441972962
38.7873927526251,0,47.5631441972963
38.7873927526248,0,47.563144197295
38.7873927526251,0,47.5631441972962
34.650822666446,0,25.0361685165125
56.9311772190251,1,200
73.2669912367037,1,200
89.1745646055811,1,200
69.454604972988,1,200
67.8147566348947,1,200
71.1257879926975,1,200
29.7013388916036,1,15.5995674343004
72.8117056149319,0,200
84.8425715833975,0,200
101.419569032713,0,200
70.0062100614348,0,200
65.2757759529826,0,200
50.8592148605577,0,200
39.24814932163,0,50.0723370330263
40.9785462141157,0,59.495750127215
33.3197481337649,0,17.7873892132912
36.0945265826621,0,32.89830606847
32.521103414156,0,13.4381216313575
30.1763644296638,0,0.669118089528758
23.2777291595876,1,1.61453248955573
25.9934015666187,1,7.52690498652086
41.8278606783837,1,42.0005846226691
69.9037354095345,1,200
91.2948780618401,1,200
72.7343016491714,1,200
71.6898122618502,1,200
41.2951710908521,1,40.8408500174983
35.8324915951675,1,28.9478853409048
51.3849385723576,1,200
31.0262043236063,0,5.29718487543124
128.041059686337,0,200
89.276073680714,0,200
100.528772999303,0,200
73.0472034168681,0,200
42.8727676644697,0,69.8113206741075
35.7873555366588,0,31.22551084465
41.2447611206518,0,60.9455059878588
38.7361975782912,0,47.2843449933263
24.0715410939505,1,3.34276445020689
25.8785077340134,1,7.27676615011046
25.8680628401403,1,7.2540262558915
35.6235937177054,1,28.4930874565267
74.3741499872626,1,200
115.809043982231,1,200
107.035333128747,1,200
98.2720671691336,1,200
49.00350276927,1,200
66.4532649626631,0,200
95.5321239843149,0,200
93.3614485925575,0,200
78.1667208502579,0,200
79.1394291626016,0,200
68.419159657084,0,200
36.9034103371375,0,37.3033334911963
39.8420133439033,0,53.30640779908
33.7395485633027,0,20.073542685845
32.6542108674244,0,14.1629995616813
36.1047656175286,0,32.9540659092625
40.5280286799775,0,57.0423171322788
38.3061581138864,0,44.9424316799775
26.7349890316156,1,9.14143747607658
39.0495189081134,1,35.9517727603896
49.5257474629294,1,200
71.209347143684,1,200
74.5099336076139,1,200
83.252309779478,1,200
93.1436242773959,1,200
32.7408030087052,1,22.2168766520605
30.860722111527,1,18.1236956926171
53.1605705308018,1,200
91.6720078395401,0,200
77.4090322701149,0,200
51.156146871694,0,200
64.1597211525049,0,200
103.119248820599,0,200
67.5488416934078,0,200
43.6509343143451,0,74.0490685744537
38.0194651376164,0,43.3811561377438
36.5143270122001,0,35.184459541025
32.6644499022909,0,14.2187594024737
35.213969584119,0,28.1029597601837
34.4255638993771,0,23.809452019045
23.4448474615586,1,1.97837079706103
30.3197109177984,0,1.44975586064371
31.5688731715457,0,8.252456437515
34.241261271775,0,22.8057748847525
34.7984471017228,1,26.6966358132181
43.3737049716168,1,45.3660889670955
79.7741601197049,1,200
74.4159295627552,1,200
75.4186393745809,1,200
61.882056914921,1,200
75.2724108603566,1,200
36.9341274417362,0,37.4706130135696
86.4296219877499,0,200
100.088494500031,0,200
89.0098587741769,0,200
66.5863724159303,0,200
46.7226447743789,0,200
41.2038049811849,0,60.7224666246838
39.5655594025,0,51.80089209764
33.7702656679033,0,20.2408222082288
41.3983466436537,0,61.78190359977
31.5586341366788,0,8.19669659671997
25.6591649626764,1,6.79922837150972
25.4398221913392,1,6.32169059290843
37.4767962896771,0,40.4258845756613
41.1907221521187,1,40.6134510753043
55.1764350483281,1,200
80.3381843888573,1,200
77.3091651656307,1,200
70.2484169073502,1,200
62.4774158656917,1,200
37.5976786597391,1,32.7909274639351
79.4875563480713,0,200
88.4671899262379,0,200
93.873400335897,0,200
75.9960454585004,0,200
37.6201427778123,0,41.2065223467788
41.4393027831206,0,62.004942962945
35.5313796649892,0,29.8315148247987
35.59281387419,0,30.1660738695638
46.1697368915727,0,200
32.2958446470868,0,12.2114051338887
29.0746452592113,1,14.2351737811536
29.8162327242082,1,15.8497062707093
32.4596692049554,0,13.1035625865937
23.2672842657145,1,1.59179259533673
33.471945579827,1,23.808669247393
60.4511064542922,1,200
82.6256161470873,1,200
74.8650599993025,1,200
69.663502850451,1,200
76.1184472640857,1,200
59.208164083382,1,200
26.724544137743,1,9.11869758185867
95.1430406593782,0,200
94.303439800301,0,200
92.1122863388111,0,200
62.9719931079573,0,200
67.3133438914718,0,200
35.4187502814545,0,29.2181565760638
44.3267106155526,0,77.7292180668588
32.0603468451511,0,10.9289287956275
33.7702656679031,0,20.2408222082275
33.5450069008341,0,19.01410571076
23.4761821431783,1,2.04659047971851
30.4118622315995,0,1.95159442779
32.5006253444226,0,13.32660194977
32.5945744944785,1,21.8985181329889
62.3625220330871,1,200
75.2933006481036,1,200
82.8345140245512,1,200
76.3064553538045,1,200
85.6337455825682,1,200
77.5180630430924,1,200
35.0911011657157,0,27.433841670645
98.1123607707438,0,200
99.14650329229,0,200
87.8118916947628,0,200
75.9141331795664,0,200
62.9207979336234,0,200
53.6647104140551,0,200
45.3096579627635,0,200
36.790780953603,0,36.6899752424625
32.0705858800178,0,10.9846886364212
31.2514630906753,0,6.52390137289875
25.1682549506359,1,5.7304533432117
34.8760814335152,0,26.2628850139812
30.6518242340639,1,17.6688978082369
56.8162833864201,1,200
67.9296504675005,1,200
94.6059094196431,1,200
64.6186191096965,1,200
71.4182450211489,1,200
81.0588820661082,1,200
51.3199714295636,0,200
91.9587008158095,0,200
78.4431747916598,0,200
86.4193829528817,0,200
72.3714271156607,0,200
63.5351400256302,0,200
50.8796929302912,0,200
39.6372326465678,0,52.1912109832
33.913612156038,0,21.0214599793437
32.8385134950263,0,15.1666766959725
31.9374784267497,0,10.2598107060988
34.6303445967126,0,24.924648834925
29.0328656837185,1,14.1442142042771
54.8108637627664,1,200
60.6495594378829,1,200
74.5308233953604,1,200
36.0936139419991,1,29.5163826963858
68.0863238755974,1,200
99.6194584787793,1,200
47.8127848677238,1,200
82.6616571567738,0,200
88.6002973795054,0,200
87.7811745901635,0,200
73.2007889398698,0,200
65.859400940389,0,200
50.2448727685509,0,200
39.3198225656976,0,50.462655918585
49.6100526068104,0,200
25.3667079342267,1,6.16251133337449
31.876044217549,0,9.92525166133496
31.773653868881,0,9.36765325339374
25.3980426158463,1,6.23073101603198
36.1047656175289,0,32.9540659092638
32.1558889518042,1,20.9434425757869
43.7601660449251,1,46.2074650532021
58.6023602387365,1,200
50.9775877113035,1,200
56.1791448601551,1,200
62.0700650046374,1,200
136.166142141091,1,200
58.5919153448636,1,200
69.0027846444908,0,200
91.0371876777992,0,200
87.5047206487609,0,200
72.2280806275258,0,200
62.7774514454885,0,200
56.6749866648883,0,200
49.3950328746082,0,200
37.7327721613468,0,41.8198805955125
32.4699082398221,0,13.1593224273875
33.913612156038,0,21.0214599793437
22.5988110578298,1,0.136439365314433
40.077511145839,0,54.5888841373412
37.5689476034784,0,40.9277231428088
30.1354082901964,0,0.446078726351229
23.998426836838,1,3.18358519067294
31.3026582650094,0,6.80270057687001
24.8444632405673,1,5.02551662242058
33.7190704935694,0,19.9620230042588
33.6495087756714,1,24.1952474491178
57.5996504269095,1,200
65.8197819051151,1,200
60.7226736949952,1,200
71.2929062946697,1,200
75.2619659664842,1,200
53.4321377715055,1,200
77.7673984904552,0,200
90.1566306792553,0,200
88.4671899262377,0,200
65.3884053365174,0,200
43.7533246630129,0,74.6066669823937
44.4393399990871,0,78.3425763155925
30.8828578354714,0,4.51654710431498
33.0637722620955,0,16.3933931934412
41.2652391903855,0,61.0570256694475
37.7839673356804,0,42.0986797994812
23.3508434166999,1,1.77371174908912
25.847173052394,1,7.20854646745351
32.3543419353949,1,21.3755005659497
32.8794696344934,0,15.3897160591488
41.9717325961933,0,64.904454684235
29.6804491038569,1,15.5540876458615
24.7400143018351,1,4.79811768022918
31.8350880780819,0,9.70221229815877
33.5347678659674,0,18.9583458699663
39.9751207971713,0,54.0312857294012
27.5705805414713,1,10.9606290136042
47.6456665657537,1,200
53.9752722529107,1,200
52.0638566741158,1,200
67.9818749368664,1,200
67.8565362103882,1,200
60.67044922563,1,200
40.5689848194463,0,57.2653564954639
82.927872063309,0,200
82.9790672376438,0,200
58.3337103133064,0,200
42.2072303981293,0,66.1869310224975
41.6645615501898,0,63.2316594604138
50.75682451189,0,200
35.2242086189857,0,28.1587196009775
34.3846077599099,0,23.5864126558688
31.138833707141,0,5.91054312416627
32.0296297405507,0,10.761649273245
32.2856056122201,0,12.155645293095
30.2173205691309,0,0.892157452705011
37.3744059410094,0,39.8682861677212
23.1001659637434,1,1.22795428783141
28.573290353298,1,13.1436588586371
34.2105441671748,0,22.6384953623712
39.1226331652259,1,36.1109520199235
37.2321073741776,1,31.9950311662675
62.7072035309026,1,200
64.5559497464581,1,200
67.8878708920079,1,200
68.807021552848,1,200
37.8483561126975,1,33.336684925197
56.9923967457588,0,200
93.8426832312968,0,200
64.5999996517752,0,200
55.1391314348714,0,200
60.4019953563958,0,200
46.057107508038,0,200
32.6132547279573,0,13.939960198505
34.3641296901762,0,23.47489297428
23.8417534287401,1,2.8424867773866
22.6197008455764,1,0.181919153752917
35.4699454557886,0,29.496955780035
36.3300243845978,0,34.1807824067312
32.848752529893,0,15.2224365367663
25.2518141016216,1,5.91237249696462
35.1849081750311,1,27.5380118993247
41.2533915153578,1,40.7498904406187
56.5447161457171,1,200
81.4975676087819,1,200
74.1025827465596,1,200
59.375282385353,1,200
36.0309445787602,1,29.3799433310719
42.9663541105625,1,44.4792330925515
62.2476282004811,1,200
88.5081460657039,0,200
47.0810109947161,0,200
38.7976317874918,0,47.6189040380898
43.7123685235465,0,74.3836276192215
74.9721419718226,0,200
66.4737430323958,0,200
55.1596095046049,0,200
59.8286094038562,0,200
42.9546799434043,0,70.2573994004612
28.5628454594248,1,13.1209189644182
27.4139071333734,1,10.6195306003179
27.2258990436556,1,10.2102125043735
34.6405836315793,0,24.9804086757187
42.2686646073299,0,66.5214900672612
54.7377495056539,1,200
103.672077301577,1,200
78.6670013691453,1,200
111.443078343236,1,200
85.1115008889085,1,200
42.8305704902106,1,44.1836144677026
70.2007517239043,0,200
93.1566678952229,0,200
83.9620145848545,0,200
69.9550148871007,0,200
78.3407844429929,0,200
65.4293614759845,0,200
45.7806535666352,0,200
55.5077366900753,0,200
42.2686646073299,0,66.5214900672612
38.3163971487532,0,44.9981915207713
30.5449696848677,0,2.67647235811248
31.1009546706115,1,18.6467132596585
38.4597436368881,0,45.7788292918875
35.2856428281865,0,28.4932786457425
28.886637169494,1,13.8258556852103
33.7395485633029,0,20.0735426858462
30.9135749400718,0,4.68382662669751
33.6371582146349,0,19.515944277905
34.2412612717752,0,22.8057748847538
32.1115420194847,0,11.2077279995962
45.4522388523827,1,200
73.6221176283923,1,200
84.2967991667987,1,200
85.5606313254543,1,200
99.0554342096266,1,200
105.134362443825,1,200
87.3989326471374,1,200
46.6816886349132,0,200
81.9756418206992,0,200
84.6685079906617,0,200
69.4737802483623,0,200
89.4194201688479,0,200
67.3747781006727,0,200
79.6104247664735,0,200
58.313232243573,0,200
62.4702803994852,0,200
50.6134780237551,0,200
35.6030529090565,0,30.2218337103562
38.5416559158221,0,46.2249080182387
32.439191135222,0,12.9920429050063
32.9306648088273,0,15.6685152631188
47.7083359289931,1,200
74.0294684894471,1,200
76.1184472640862,1,200
77.4762834676019,1,200
81.0902167477262,1,200
96.1830883944974,1,200
95.7966273211872,1,200
23.3403985228267,1,1.75097185487007
79.3646879296715,0,200
93.5150341155584,0,200
58.8661401263796,0,200
80.6445672880173,0,200
90.9450363639993,0,200
73.0574424517349,0,200
66.7194798691985,0,200
51.176624941428,0,200
42.2993817119301,0,66.6887695896425
38.9000221361595,0,48.17650244603
35.0399059913839,0,27.1550424666863
41.9410154915929,0,64.7371751618525
35.2057979627774,1,27.5834916877626
56.5238263579706,1,200
64.5037252770922,1,200
79.6383764993533,1,200
72.8387505879033,1,200
71.0526737355864,1,200
97.1753533124486,1,200
79.6801560748468,1,200
60.2484098333951,0,200
88.3238434381018,0,200
92.4194573848147,0,200
67.3133438914711,0,200
75.7298305519653,0,200
66.6887627645983,0,200
58.2620370692389,0,200
43.8966711511478,0,75.38730475351
56.3370985142846,0,200
43.4359145821427,0,72.8781119177788
33.9750463652386,0,21.3560190241075
36.9750835812051,0,37.693652376755
37.0569958601394,0,38.1397311031075
39.874665524096,1,37.7482244036982
56.4924916763511,1,200
65.5899942399045,1,200
68.8801358099614,1,200
76.2960104599316,1,200
66.185353190675,1,200
80.348629282731,1,200
30.7497503822032,0,3.79166917399244
84.6685079906617,0,200
79.3339708250704,0,200
80.7060014972199,0,200
68.3782035176166,0,200
53.5213639259202,0,200
56.7466599089556,0,200
47.7158311564566,0,200
34.2719783763752,0,22.9730544071337
41.0502194581832,0,59.8860690127738
39.1662370426957,0,49.6262583066737
31.558634136679,0,8.19669659672122
34.5074761783111,0,24.2555307453963
32.623493762824,0,13.9957200392987
37.096323753826,1,31.6994125414191
47.6978910351199,1,200
71.8569305638222,1,200
65.1513086972305,1,200
69.9037354095344,1,200
74.8755048931771,1,200
86.6051207127741,1,200
37.514119508753,1,32.6090083101811
80.8800650899531,0,200
82.5695058429728,0,200
69.6171267364977,0,200
70.7024644323756,0,200
57.8729537443015,0,200
52.784153415512,0,200
48.5144758760652,0,200
48.4223245622642,0,200
38.8693050315591,0,48.0092229236475
37.3334498015425,0,39.6452468045463
36.135482722129,0,33.121345431645
33.0023380528949,0,16.0588341486775
33.7600266330364,0,20.1850623674337
32.2036933332858,0,11.7095665667425
24.3535532285268,1,3.95674159412259
35.5400345667197,1,28.3111683027738
47.9590133819497,1,200
58.8843723733128,1,200
74.7606110605706,1,200
72.3373956819892,1,200
75.0948476645134,1,200
65.7884472234945,1,200
71.6444556401196,0,200
74.2246924265462,0,200
76.3544116788385,0,200
56.5930743859538,0,200
48.2073048300619,0,200
71.7775630933874,0,200
46.6407324954446,0,200
40.9990242838494,0,59.6072698088037
40.497311575377,0,56.8750376098962
32.3060836819538,0,12.2671649746837
34.2617393415084,0,22.91729456634
31.1797898466082,0,6.13358248734253
36.6474344654681,0,35.9093374713462
31.8350880780819,0,9.70221229815877
26.2545239134485,1,8.0954023419981
42.0785381313404,1,42.5463420839274
60.5242207114045,1,200
61.1195796621769,1,200
76.0975574763399,1,200
65.443765725681,1,200
64.399276338358,1,200
78.5103279610484,1,200
89.1327271925763,0,200
66.9242605665345,0,200
55.4258244111419,0,200
70.8355718856438,0,200
69.3713898996945,0,200
66.5249382067297,0,200
49.0776227937382,0,200
41.0604584930497,0,59.9418288535662
34.661061701313,0,25.0919283573075
32.9101867390939,0,15.5569955815313
32.6542108674242,0,14.16299956168
37.3846449758761,0,39.924046008515
35.7873555366586,0,31.2255108446487
27.1318949987968,1,10.0055534564016
27.5288009659785,1,10.8696694367277
44.2510760569653,1,47.2762400814996
50.6433511073612,1,200
70.5408739357994,1,200
89.1745646055811,1,200
59.6781843076747,1,200
70.9586696907276,1,200
40.8147059726855,1,39.7948148834208
59.0197256493805,0,200
83.5114970507179,0,200
78.5353261054613,0,200
68.1017495762137,0,200
65.9413132193233,0,200
61.0777716576032,0,200
37.9682699632827,0,43.102356933775
37.0672348950061,0,38.1954909439012
38.7566756480246,0,47.3958646749138
32.3163227168205,0,12.3229248154775
36.278829210264,0,33.9019832027613
31.3026582650094,0,6.80270057686998
23.08972106987,1,1.2052143936119
22.5465865884639,1,0.0227398942189989
23.2150597963485,1,1.47809312424129
26.2231892318289,1,8.02718265934059
39.0808535897331,1,36.0199924430471
58.1950093776819,1,200
58.3307929980335,1,200
48.8677191489179,1,200
44.668871811893,1,48.1858358502631
72.1702773800182,1,200
89.3834624830445,1,200
53.9104472508564,0,200
79.1906243369367,0,200
71.1222648619137,0,200
41.0092633187159,0,59.6630296495962
33.6781143541023,0,19.7389836410825
24.4997817427516,1,4.27510011318994
32.9101867390936,0,15.55699558153
49.8762675133468,0,200
52.139094218905,0,200
40.507550610244,0,56.9307974506912
22.8390436169134,1,0.659456932353676
36.7600638490026,0,36.5226957200801
51.1254297670938,0,200
39.115041868362,0,49.347459102705
35.9921362339941,0,32.3407076605287
29.5864450589978,1,15.349428597889
58.8948172671862,1,200
34.3493166651752,1,25.7188203617965
64.221713142516,1,200
81.7900246372317,1,200
94.6790236767556,1,200
90.1772744174079,1,200
42.0024497007931,0,65.0717342066137
85.0985474550681,0,200
73.4772428812717,0,200
43.0161141526068,0,70.5919584452352
43.0263531874704,0,70.6477182860125
95.6549924027165,0,200
68.4805938662846,0,200
66.9037824968006,0,200
43.47687072161,0,73.1011512809562
35.5620967695894,0,29.99879434718
33.2071187502304,0,17.1740309645575
37.9682699632825,0,43.1023569337737
30.073974080996,0,0.111519681588807
29.0537554714651,1,14.1896939927156
42.0158687681012,1,42.4099027186129
66.4464755375067,1,200
64.9215210320201,1,200
67.7625321655294,1,200
67.4491853493327,1,200
47.6978910351197,1,200
75.8259902356366,1,200
42.1307626007085,1,42.6600415550276
83.0097843422454,0,200
66.309918474526,0,200
60.514624739932,0,200
47.5622456334542,0,200
60.2893659728613,0,200
61.4463769128074,0,200
53.8899691811244,0,200
46.3540395191746,0,200
52.9172608687804,0,200
37.0262787555389,0,37.972451580725
32.4596692049554,0,13.1035625865937
22.7868191475474,1,0.545757461258219
23.7164147022619,1,2.56960804675776
77.9045241164028,1,200
72.2329467432573,1,200
81.3826737761781,1,200
71.052673735584,1,200
76.8704796229584,1,200
75.000843619653,1,200
39.1150418683622,0,49.3474591027062
80.265722997947,0,200
68.2450960643477,0,200
48.6783004339348,0,200
68.1836618551478,0,200
66.8833044270669,0,200
59.0299646842475,0,200
44.3574277201527,0,77.89649758924
61.2415962154718,0,200
52.4872214043754,0,200
47.3881820407196,0,200
37.1491471739402,0,38.6415696702525
33.6985924238358,0,19.85050332267
31.3231363347428,0,6.91422025845748
51.0820366500352,1,200
75.5439781010605,1,200
78.8445645649904,1,200
68.577233887639,1,200
76.2124513089445,1,200
70.0290741360124,1,200
65.3079821053279,1,200
60.9344251694674,0,200
60.8115567510676,0,200
57.0845480595589,0,200
61.0880106924706,0,200
57.995822162703,0,200
46.8352741579118,0,200
51.7295328242346,0,200
62.1016751442811,0,200
56.7057037694885,0,200
47.9922850978595,0,200
41.9614935613266,0,64.8486948434413
44.5212522780214,0,78.788655041945
52.7022411365776,0,200
37.6610989172794,0,41.429561709955
36.4278505459416,1,30.2440593113974
61.1613592376695,1,200
71.846485669949,1,200
77.2464958023904,1,200
53.4739173469986,1,200
68.8383562344686,1,200
74.9486191502872,1,200
46.329609937731,1,200
74.7264051350188,0,200
55.0879362605373,0,200
62.8081685500892,0,200
63.0846224914923,0,200
49.2414473516063,0,200
46.6100153908444,0,200
60.9241861346016,0,200
59.3268966953838,0,200
42.729421176335,0,69.0306829029925
48.4325635971309,0,200
37.0262787555389,0,37.9724515807249
51.2790152900955,0,200
44.449579033954,0,78.3983361563875
48.8626030615356,0,200
32.887031522928,1,22.5352351711236
50.4135634421508,1,200
57.0042914761376,1,200
63.6159092978705,1,200
73.4445544325481,1,200
73.8101257181104,1,200
75.8364351295093,1,200
29.1477595163236,1,14.394353040687
54.893394598069,0,200
72.996008242534,0,200
38.4495046020202,0,45.7230694510873
34.3436516204435,0,23.3633732926964
43.7840417676138,0,74.7739465047788
53.7978178673226,0,200
66.4737430323958,0,200
50.8796929302912,0,200
42.7089431066013,0,68.9191632214037
43.712368523546,0,74.3836276192188
44.7157939404899,0,79.84809201703
53.3575393680519,0,200
37.3641669061426,0,39.8125263269275
24.7609040895814,1,4.84359746866714
35.2057979627776,1,27.5834916877631
56.4507121008581,1,200
66.5822591578583,1,200
64.5977293219509,1,200
68.3265564346817,1,200
69.6530579565773,1,200
35.7698222319316,1,28.8114459755972
69.8014293640991,0,200
60.3815172866635,0,200
47.1526842387822,0,200
45.166311474629,0,200
50.2960679428848,0,200
51.6680986150333,0,200
45.8216097061023,0,200
23.8417534287403,1,2.84248677738715
46.6919276697785,0,200
50.5622828494209,0,200
44.8284233240249,0,80.4614502657662
50.091287245549,0,200
41.1628488417177,0,60.4994272615075
32.1217810543517,0,11.2634878403912
37.1491471739404,0,38.6415696702537
22.8181538291671,1,0.613977143915702
35.8324915951692,1,28.9478853409085
48.126131683921,1,200
60.064645380984,1,200
63.960590795686,1,200
85.4770721744699,1,200
70.0812986053782,1,200
62.7489831063954,1,200
43.9888224649484,0,75.8891433206537
70.8765280251103,0,200
50.2141556639512,0,200
46.6202544257109,0,200
41.2242830509183,0,60.8339863062712
41.3983466436537,0,61.78190359977
42.1150790843283,0,65.6850924553513
50.2141556639505,0,200
50.3984582915525,0,200
50.1424824198829,0,200
44.7874671845577,0,80.2384109025901
38.4085484625542,0,45.5000300879174
43.4563926518761,0,72.9896315993662
53.070846391782,0,200
39.6474716814343,0,52.2469708239924
38.9512173104934,0,48.45530165
31.3202974419485,1,19.1242510382592
48.4917029694828,1,200
65.1408638033571,1,200
63.5636848285045,1,200
73.4967789019143,1,200
72.5567384533269,1,200
76.7451408964768,1,200
22.9017129801532,1,0.79589629766966
66.0846597074589,0,200
45.0434430562271,0,200
45.0434430562271,0,200
54.0845108435922,0,200
52.2210064978395,0,200
53.9309253205912,0,200
58.6920765336439,0,200
45.094638230561,0,200
43.0161141526046,0,70.5919584452237
49.0673837588712,0,200
40.1184672853064,0,54.8119235005188
49.5076622581427,0,200
47.6134408077888,0,200
36.6781515700683,0,36.0766169937275
28.792633124635,1,13.6211966372379
55.6986797419881,1,200
66.8642712924346,1,200
63.8770316447003,1,200
81.0693269599806,1,200
75.2828557542317,1,200
81.1111065354739,1,200
47.2069810230781,1,200
71.3168065243806,0,200
72.2895148367269,0,200
40.1184672853073,0,54.8119235005237
40.1082282504388,0,54.7561636597199
47.5724846683224,0,200
76.0165235282332,0,200
68.1119886110805,0,200
49.3950328746084,0,200
49.3643157700077,0,200
55.3439121322069,0,200
51.2278201157616,0,200
36.2993072799977,0,34.01350288435
40.1594234247733,0,55.0349628636937
32.5825376233569,0,13.7726806761225
42.6112277188734,1,43.7060766891013
66.6344836272243,1,200
66.6658183088439,1,200
30.1400244342774,1,16.5546429915015
30.129579540404,1,16.531903097282
34.3284268774291,1,25.673340573359
75.7842106601431,1,200
102.126233008346,1,200
81.9153633637099,1,200
87.9040430085664,0,200
76.190587120969,0,200
70.139317514702,0,200
50.2858289080185,0,200
52.9377389385136,0,200
48.4939978063317,0,200
61.6306795404092,0,200
52.1595722886387,0,200
42.2891426770633,0,66.6330097488487
39.1662370426959,0,49.6262583066751
41.3471514693198,0,61.5031043958
36.0740485129284,0,32.7867863868812
36.0740485129284,0,32.7867863868812
36.0740485129284,0,32.7867863868813
36.0740485129284,0,32.7867863868812
36.0740485129287,0,32.7867863868825
36.0740485129284,0,32.7867863868812
36.0740485129284,0,32.7867863868812
36.0740485129284,0,32.7867863868812
36.0740485129284,0,32.7867863868812
36.7293467444024,0,36.3554161976988
33.1149674364294,0,16.6721923974112
30.1866034645305,0,0.72487793032251
39.5926533895199,1,37.134247259783
39.5822084956465,1,37.1115073655635
49.9748778994768,1,200
63.4592358897726,1,200
74.2070316852913,1,200
97.3946960837868,1,200
74.2279214730373,1,200
40.4178000055026,1,38.9306989030921
63.9856575597677,0,200
75.422659505962,0,200
54.6988529355997,0,200
46.9581425763149,0,200
60.6989273675324,0,200
37.4972743594108,0,40.53740425725
37.4972743594108,0,40.53740425725
37.4870353245439,0,40.4816444164549
47.2038794131176,0,200
54.0845108435929,0,200
53.8899691811244,0,200
44.5314913128881,0,78.8444148827387
48.0537193070601,0,200
43.3642413380753,0,72.4877930322212
27.4974662843588,1,10.8014497540703
34.6417736936249,1,26.3555373999317
56.1373652846623,1,200
76.3169002476769,1,200
93.7389832281678,1,200
85.5919660070754,1,200
89.2267890749473,1,200
47.0398627211082,1,200
53.1220415661168,0,200
76.1291529117668,0,200
60.7808396464688,0,200
50.6237170586204,0,200
79.5592295921398,0,200
59.9309997525242,0,200
46.2414101356401,0,200
43.2413729196739,0,71.8186749426926
44.449579033954,0,78.3983361563875
49.5281403278763,0,200
44.2243202668846,0,77.1716196589175
34.5279542480448,0,24.367050426985
44.9000965680922,0,80.8517691513237
39.5450813327665,0,51.6893724160525
35.3265989676537,0,28.7163180089188
25.1264753751434,1,5.63949376633578
40.0208940383207,1,38.0665829227655
60.7957879521077,1,200
77.6642915573193,1,200
78.5103279610481,1,200
74.6979416973308,1,200
73.7265665671254,1,200
36.166728199112,1,29.6755619559207
75.2895520526936,0,200
70.7638986415767,0,200
60.2484098333939,0,200
73.7946529621429,0,200
52.1390942189052,0,200
52.0367038702372,0,200
43.1799387104733,0,71.4841158979288
54.1561840876605,0,200
54.7910042494008,0,200
32.9306648088273,0,15.6685152631188
36.3402634194648,0,34.2365422475262
31.5586341366788,0,8.19669659672003
32.3675178911544,0,12.6017240194475
45.7908926015019,0,200
37.865879614615,0,42.544758525835
30.0739740809958,0,0.111519681587474
33.5659496246857,1,24.0133282953649
47.9276787003301,1,200
60.764453270488,1,200
65.4855453011728,1,200
72.6925220736778,1,200
47.1234218720941,1,200
47.1129769782204,1,200
46.0058182276615,1,200
62.500997504085,0,200
79.1189510928676,0,200
63.1870128401598,0,200
50.5622828494212,0,200
43.2004167802067,0,71.5956355795162
53.7773397975896,0,200
50.3267850474852,0,200
39.5655594025002,0,51.8008920976412
33.4733336567665,0,18.6237868252012
36.0330923734613,0,32.563747023705
38.920500205893,0,48.2880221276175
43.2311338848071,0,71.7629151018988
32.2446494727532,0,11.93260592992
30.3811451269993,0,1.78431490540875
31.4869608926114,0,7.80637771116252
26.9334420152063,1,9.57349546623937
30.811184591404,0,4.1262282187575
35.6235309787902,0,30.333353391945
39.8851104179694,1,37.7709642979177
52.7741094574931,1,200
63.2398931184356,1,200
64.9424108197664,1,200
68.2952217530624,1,200
62.8012075757618,1,200
33.7330679266563,1,24.3771666028691
72.1154512439913,0,200
86.4808171620823,0,200
53.0606073569151,0,200
50.0298530363486,0,200
59.2142673118494,0,200
32.7770792858254,0,14.8321176512075
40.0365550063721,0,54.3658447741663
41.1628488417177,0,60.4994272615075
48.7499736780012,0,200
32.6439718325575,0,14.1072397208863
30.944292044672,0,4.85110614907873
30.811184591404,0,4.1262282187575
22.6510355271958,1,0.250138836409868
34.7532130151138,0,25.5937669244525
31.3333753696098,0,6.96998009925251
24.677344938596,1,4.66167831491474
26.1918545502092,1,7.95896297668313
32.4596692049554,0,13.1035625865937
26.5678707296443,1,8.77759916857074
67.5014098186996,1,200
69.2457070955232,1,200
74.2801459424038,1,200
88.4956465038229,1,200
46.329609937731,1,200
46.3922793009718,1,200
53.2449099845167,0,200
63.3610764328953,0,200
92.3068280012806,0,200
71.2348942454481,0,200
74.8390345185544,0,200
47.8182215051243,0,200
37.8761186494815,0,42.6005183666275
37.9989870678831,0,43.2696364561575
31.3436144044763,0,7.02573994004493
40.6611361332457,0,57.7671950626013
35.8487897458592,0,31.5600698894125
22.6823702088155,1,0.318358519067339
27.1527847865433,1,10.0510332448401
26.5887605173906,1,8.82307895700873
23.6119657635299,1,2.34220910456686
37.2515375226079,0,39.1991680781925
30.3299499526654,0,1.50551570143877
23.0374966005041,1,1.09151492251647
23.3821780983195,1,1.8419314317466
23.6015208696568,1,2.31946921034789
29.2626533489289,1,14.6444918770974
40.1462327647992,1,38.3394616533949
62.6131994860438,1,200
69.4441600791139,1,200
82.7091752980727,1,200
74.3637050933901,1,200
61.579154992597,1,200
53.8490130416565,0,200
74.8595125882891,0,200
56.6135524556875,0,200
98.7983761068177,0,200
86.3784268134146,0,200
47.2141184479843,0,200
37.6201427778123,0,41.2065223467788
33.9033731211713,0,20.96570013855
36.7191077095354,0,36.2996563569037
33.9852854001056,0,21.4117788649025
34.4153248645103,0,23.7536921782513
22.9330476617721,1,0.864115980325581
33.401660412699,0,18.2334679396425
32.8282744601595,0,15.1109168551788
32.428952100355,0,12.9362830642112
32.6132547279573,0,13.939960198505
23.5806310819105,1,2.27398942190991
36.563634166293,1,30.5396779362452
55.9911367704375,1,200
77.0793775004201,1,200
84.1819053341936,1,200
65.2035331665965,1,200
37.5454541903724,1,32.677227992838
85.4770721744711,1,200
29.5342205896314,1,15.2357291267925
87.7606965204294,0,200
94.620849881172,0,200
65.0300391161802,0,200
66.6990017994651,0,200
67.6921881815425,0,200
49.3131205956741,0,200
37.8863576843484,0,42.6562782074225
34.8351252940481,0,26.039845650805
32.0091516708172,0,10.6501295916575
23.3612883105732,1,1.79645164330864
35.4878100973538,1,28.1974688316783
54.7168597179076,1,200
71.6166980047389,1,200
87.1169205125615,1,200
75.3141904358504,1,200
90.3443927193777,1,200
79.0952420179488,1,200
48.7946048918047,1,200
39.7191449255021,0,52.6372897095525
96.7812862380619,0,200
95.5935581935148,0,200
75.5967230986971,0,200
76.6411046551077,0,200
68.9106333306893,0,200
56.173273956416,0,200
58.4872958363081,0,200
44.5724474523552,0,79.067454245915
35.4392283511882,0,29.3296762576525
32.1832152635523,0,11.598046885155
50.3300042911651,1,200
64.221713142516,1,200
79.1892460628057,1,200
83.4507627630694,1,200
82.2913795431451,1,200
78.8027849894973,1,200
71.971824396429,1,200
68.4293986919521,0,200
55.4463024808752,0,200
54.2688134711943,0,200
86.6651197896832,0,200
88.2828872986365,0,200
83.4295847717823,0,200
67.579558798008,0,200
54.8114823191344,0,200
47.2653136223179,0,200
36.5757612214007,0,35.5190185857887
34.5996274921124,0,24.7573693125437
37.7327721613466,0,41.8198805955113
35.9682752155208,1,29.2435039657568
50.8940285603178,1,200
73.5176686896604,1,200
76.108002370213,1,200
75.4708638439473,1,200
80.7246454621661,1,200
91.9424614819794,1,200
33.5859630403027,0,19.2371450739439
78.8936923257977,0,200
73.7434577878109,0,200
69.3406727950931,0,200
56.6237914905544,0,200
56.7876160484225,0,200
62.572670748153,0,200
55.8149077360788,0,200
53.7363836581225,0,200
48.3813684227973,0,200
40.9478291095152,0,59.3284706048325
35.9511800945272,0,32.1176682973538
36.7498248141358,0,36.4669358792862
25.7949485830278,1,7.09484699635756
50.632906213488,1,200
69.1621479445378,1,200
76.2124513089449,1,200
75.0739578767676,1,200
72.0867182290306,1,200
75.5648678888081,1,200
35.8283116761262,0,31.4485502078276
76.5079972018395,0,200
58.333710313306,0,200
65.2860149878498,0,200
68.8901552609559,0,200
48.4530416668644,0,200
51.4530788828308,0,200
51.258537220362,0,200
55.4463024808747,0,200
41.388107608787,0,61.7261437589763
38.3163971487532,0,44.9981915207713
45.1765505094951,0,200
35.2856428281865,0,28.4932786457425
33.913612156038,0,21.0214599793437
29.8057878303351,1,15.8269663764903
62.0491752168911,1,200
66.2793572355357,1,200
81.3095595190646,1,200
59.6259598383097,1,200
68.8801358099622,1,200
73.2878810244495,1,200
27.8317028883006,1,11.5291263690804
38.9819344150939,0,48.6225811723827
75.6069621335617,0,200
78.1667208502586,0,200
64.8662145583116,0,200
55.4053463414076,0,200
51.1766249414277,0,200
53.0913244615155,0,200
54.4838332033975,0,200
49.3847938397414,0,200
41.1730878765847,0,60.5551871023025
42.1662742586619,0,65.96389165932
36.0330923734615,0,32.5637470237062
33.6678753192353,0,19.6832238002875
34.0467196093062,0,21.7463379096663
42.5798930372539,1,43.6378570064444
56.1895897540282,1,200
70.1021883931252,1,200
68.1489932388377,1,200
70.5408739357987,1,200
65.2453127420895,1,200
42.2038768578195,1,42.8192208145583
44.0707347438831,0,76.3352220470087
67.487407484207,0,200
76.2520213301703,0,200
70.3440982120382,0,200
45.2379847186959,0,200
44.6031645569557,0,79.2347337682975
52.5384165787093,0,200
57.248372617428,0,200
44.6134035918221,0,79.2904936090899
37.0979519996065,0,38.3627704662838
37.8965967192152,0,42.7120380482163
34.2515003066417,0,22.8615347255462
35.4904235255221,0,29.6084754616225
33.8316998771039,0,20.5753812529925
22.8494885107867,1,0.682196826573184
22.9017129801525,1,0.79589629766811
33.1272640820115,1,23.0582527381628
51.7505098579198,1,200
56.0120265581841,1,200
58.0801155450766,1,200
68.6816828263707,1,200
77.7687404960515,1,200
70.6348779806582,1,200
53.9616424251924,0,200
56.2142300958822,0,200
61.1289668319376,0,200
50.7261074072895,0,200
48.9342763056033,0,200
62.5317146086858,0,200
55.4770195854751,0,200
45.975195229104,0,200
46.6304934605777,0,200
42.2277084678627,0,66.298450704085
46.0980636475054,0,200
35.173013444652,0,27.8799203970088
33.0125770877614,0,16.11459398947
31.230985020942,0,6.41238169131253
22.6823702088155,1,0.31835851906735
24.1968798204289,1,3.61564318083625
30.5859258243348,0,2.89951172128876
45.786475456325,1,200
80.5993067356874,1,200
67.6476383329241,1,200
71.7524816250902,1,200
65.0155250768799,1,200
56.6178304028291,1,200
37.4767962896785,0,40.4258845756688
66.6785237297302,0,200
51.4121227433644,0,200
57.6988901515662,0,200
57.3098068266286,0,200
51.2790152900955,0,200
44.2243202668848,0,77.1716196589188
50.5008486402203,0,200
36.0023752688611,0,32.3964675013237
56.4702059675525,0,200
58.5077739060415,0,200
35.1422963400516,0,27.7126408746262
32.7054060417581,0,14.44179876565
31.7429367642811,0,9.20037373101379
30.5859258243348,0,2.89951172128876
23.9566472613454,1,3.09262561379701
33.148153869758,1,23.1037325266013
66.6553734149706,1,200
71.8673754576953,1,200
51.1969304826407,1,200
32.2185583150433,1,21.0798819411013
32.2081134211702,1,21.0571420468823
64.3574967628676,1,200
48.3663642430038,1,200
26.7558788193633,1,9.18691726451768
59.9915311238703,1,200
37.312971731809,0,39.5337271229588
83.9005803756546,0,200
83.7674729223848,0,200
76.528475271573,0,200
68.511310970885,0,200
60.1869756241933,0,200
45.2584627884296,0,200
33.2378358548306,0,17.3413104869387
22.8912680862793,1,0.773156403449111
31.4971999274782,0,7.86213755195621
23.8521983226134,1,2.86522667160611
39.33153104269,1,36.5657499043058
58.4039072551458,1,200
63.542795040758,1,200
77.914969010276,1,200
66.0182348887068,1,200
64.8170720932862,1,200
78.8863441404835,1,200
33.9750463652393,0,21.3560190241115
82.5387887383717,0,200
79.7742493243419,0,200
93.5662292898934,0,200
62.0095238304803,0,200
35.8385507109925,0,31.5043100486188
65.8286838357888,0,200
52.4974604392424,0,200
51.3199714295626,0,200
22.8077089352939,1,0.591237249696726
32.2753665773533,0,12.0998854523012
31.9067613221495,0,10.0925311837175
24.2386593959217,1,3.7066027577127
30.3593672056144,1,17.0321807701022
43.0394683676745,1,44.6384123520844
64.8379618810345,1,200
76.7242511087317,1,200
72.4418446207212,1,200
76.5675777006347,1,200
65.3288718930732,1,200
50.8104694093322,1,200
67.2314316125364,0,200
82.1394663785688,0,200
46.896708367114,0,200
71.1632210013808,0,200
77.3271199911818,0,200
50.4189363612862,0,200
50.6544341632219,0,200
51.7807279985678,0,200
43.8761930814141,0,75.2757850719213
35.4187502814547,0,29.218156576065
48.197065795195,0,200
35.5109015952555,0,29.71999514321
34.4562810039775,0,23.9767315414275
28.1032701290043,1,12.1203636187781
29.5237756957587,1,15.2129892325746
50.0584370504622,1,200
69.5277192300996,1,200
78.499883067175,1,200
84.3385787422922,1,200
61.5582652048492,1,200
64.3470518689948,1,200
59.3473747651173,0,200
79.4158831040051,0,200
73.1598328004022,0,200
61.415659808207,0,200
66.1563329515258,0,200
48.9752324450702,0,200
43.702129488679,0,74.3278677784237
38.8385879269589,0,47.8419434012663
47.8898947491915,0,200
44.3164715806858,0,77.673458226065
42.7396602112018,0,69.0864427437862
31.9784345662168,0,10.482850069275
24.0506513062042,1,3.2972846617689
31.2821801952759,0,6.69118089528251
38.5826120552893,0,46.447947381415
38.2140068000852,0,44.44059311283
31.2054036093432,1,18.8741122018488
28.6150699287908,1,13.2346184355136
32.5722985884899,0,13.7169208353275
34.425563899377,0,23.809452019045
41.480258922588,0,62.2279823261225
25.6487200688033,1,6.77648847729073
34.4642104977805,1,25.9689591982069
40.240236809658,1,38.5441207013668
60.1482045319694,1,200
56.3567080559995,1,200
67.6998628022901,1,200
44.9091043709766,1,48.7088534173024
40.3342408545168,1,38.7487797493388
41.1698323643724,1,40.5679712868664
103.835981261273,0,200
79.1189510928681,0,200
66.7297189040655,0,200
46.3233224145744,0,200
39.9546427274378,0,53.9197660478137
24.0610962000773,1,3.32002455598789
40.5997019240448,0,57.4326360178362
25.7740587952815,1,7.04936720791958
26.1500749747164,1,7.86800339980667
23.0583863882506,1,1.13699471095496
23.8626432164866,1,2.88796656582511
31.2105069512084,0,6.30086200972375
32.623493762824,0,13.9957200392988
24.5206715304981,1,4.32057990162842
23.7999738532475,1,2.75152720051067
23.7686391716278,1,2.68330751785319
33.2378358548306,0,17.3413104869387
30.3606670572658,0,1.67279522382127
36.4836099075997,0,35.0171800186425
29.9937959200526,1,16.2362844724341
39.1748576345922,1,36.2246514910195
59.3857272792262,1,200
50.2360002463064,1,200
55.0093167463571,1,200
60.9211266785861,1,200
37.3948840107431,0,39.9798058493099
50.8796929302912,0,200
66.8013921481328,0,200
50.3575021520854,0,200
37.5279914640112,0,40.7046837796324
34.0569586441729,0,21.80209775046
44.8386623588914,0,80.5172101065587
42.6167917928006,0,68.4173246542588
35.2651647584528,0,28.3817589641537
43.5199334858415,1,45.6844474861629
38.4019354879753,1,34.5418993188058
34.1508636815847,1,25.2867623716343
34.0777494244722,1,25.1275831121003
33.1168191881384,1,23.0355128439439
59.378091869718,0,200
64.1904382571042,0,200
39.575798437367,0,51.856651938435
46.4027241948437,1,200
40.5953632013466,1,39.3172771048159
53.6828152244612,1,200
74.3323704117695,1,200
75.0217334074007,1,200
82.0929265595543,1,200
67.5014098187003,1,200
60.7091664024002,0,200
78.5148480357274,0,200
76.7434950037759,0,200
68.2553350992156,0,200
70.3952933863721,0,200
68.6137013195528,0,200
49.0673837588712,0,200
44.777228149691,0,80.1826510617962
35.3880331768543,0,29.0508770536825
35.9716581642607,0,32.2291879789413
35.6542480833904,0,30.5006329143262
32.9613819134277,0,15.8357947855013
31.1636240338506,1,18.7831526249729
55.479336970651,1,200
82.1347061350472,1,200
86.1037658068614,1,200
87.7122794633349,1,200
