40.7319675700187,1,39.6146826056456
31.1580087380416,1,18.7709273947067
47.9124366940014,1,200
26.3710293220531,1,8.34904978923733
50.3059264019959,1,200
33.5514984460359,1,23.9818661974414
54.4512590066405,0,200
43.6573113455659,0,74.083796676295
41.9574105361466,0,64.8264594631584
34.2490939421469,0,22.8484301211699
31.3554986646584,0,7.09045936568707
31.3224685088496,0,6.91058340537809
34.7460825655967,0,25.5549358495477
26.982213863881,1,9.67967813244904
51.8007622984823,1,200
61.1254466154638,1,200
64.5364004668775,1,200
78.7733911689981,1,200
69.253593709585,1,200
32.5112031530086,1,21.7170078650106
77.2174859336914,0,200
94.7841518219017,0,200
77.4069100365406,0,200
65.2547316428787,0,200
42.013484986706,0,65.1318302794984
35.3567563764815,0,28.8805495343385
36.3929814970899,0,34.5236348938144
30.7540425716736,0,3.8150436233076
34.5297230522142,1,26.1115885610258
57.8241949324854,1,200
66.9851095837317,1,200
75.0333308122796,1,200
71.9726403129409,1,200
49.2016044934875,1,200
51.9455760241159,0,200
88.9700762563827,0,200
87.8946758346985,0,200
73.9912846686403,0,200
46.6092855030884,0,200
38.6689896752684,0,46.9183435076972
35.113254995286,0,27.5544872222905
34.1515397610371,0,22.3171685639774
26.095977060309,1,7.750225194874
47.6994683728454,1,200
60.2345082903875,1,200
79.3336558149344,1,200
72.3965608352508,1,200
58.4244225112085,1,200
36.2018975339325,1,29.75213017799
61.5473655034392,0,200
97.7499525562747,0,200
89.4693693093074,0,200
57.231169096694,0,200
45.7666324583831,0,200
39.5684853136915,0,51.8168260547303
35.373655525965,0,28.9725790954269
30.9261066391431,0,4.75207188166415
33.4264326725242,1,23.7095817209678
57.619678747046,1,200
79.0930946312946,1,200
77.4170022149902,1,200
58.0247931833382,1,200
55.5251509168533,1,200
40.3235700383458,0,55.9288741706448
99.1863802623808,0,200
100.402350882043,0,200
65.0132274338949,0,200
47.6247707584216,0,200
43.579728886573,0,73.6612973276609
33.6614644260124,0,19.6483112924088
30.961441224427,0,4.94449732757663
31.3812708181276,1,19.2569980188725
51.533559159651,1,200
74.1212356404337,1,200
72.3581650762982,1,200
62.3188494906542,1,200
60.6968245716503,1,200
24.3383916045955,1,3.92373276429883
86.2278051810887,0,200
102.185211152563,0,200
72.493405509866,0,200
53.8490347704974,0,200
46.1291960291225,0,200
33.2220865394385,0,17.2555427041054
30.2770256703412,0,1.21730010349083
27.7180019793133,1,11.2815846827429
52.3194968377968,1,200
73.2851483995749,1,200
69.2363547974031,1,200
62.6409037137027,1,200
61.9583995086537,1,200
32.2996346853112,1,21.2563957578946
85.1063161699026,0,200
92.6141473995751,0,200
76.9220580749925,0,200
59.5030293018174,0,200
49.3592380099664,0,200
33.9541269693421,0,21.2420959639876
31.8202252754575,0,9.62127229562239
32.7734909349648,0,14.812576173392
32.5660542372264,1,21.8364258187073
65.3270396665273,1,200
70.7886404807594,1,200
64.07565135945,1,200
74.1823554199902,1,200
58.8553953157764,1,200
49.241712106741,0,200
92.1271446371835,0,200
87.8616456788897,0,200
72.0340559011753,0,200
58.1882754719927,0,200
38.2265392160612,0,44.5088422719238
33.6691458575957,0,19.6901429110846
35.6970437956288,0,30.7336902417137
30.0942075986546,0,0.221707578985972
32.6624354280658,1,22.0462602230589
56.6143367320299,1,200
59.0418890021149,1,200
71.6106231571051,1,200
65.8637967049418,1,200
43.2463439212985,1,45.0888073740959
55.3638130787553,0,200
87.7986579399054,0,200
76.5664846069944,0,200
65.9069619986302,0,200
41.4312324726797,0,61.9609935838095
36.2163085706703,0,33.5615076642521
36.4452152318576,0,34.8080899008165
30.7686372916821,0,3.89452369879252
22.5902091918909,1,0.117711982928962
31.9854163314378,1,20.5723014802959
51.5069172044598,1,200
65.8731997479505,1,200
64.2112118961592,1,200
54.2236130470627,1,200
57.9856138374687,1,200
23.0298014525484,1,1.07476158326404
80.8615570768846,0,200
87.9568954305246,0,200
65.8297636112163,0,200
50.5076120316936,0,200
45.2919199865256,0,200
34.6884718287208,0,25.2411987094733
32.3095324673238,0,12.2859464053231
31.0574591192201,0,5.46739256103346
35.25997033853,0,28.3534711390138
22.6317392985127,1,0.208128433584499
34.7185674993061,1,26.5227275158939
49.2909334020711,1,200
55.6669017902097,1,200
63.9362512468459,1,200
57.3148634361798,1,200
51.6620674141036,1,200
41.8672309466862,1,42.086298824024
66.885960453942,0,200
87.4852555313001,0,200
80.2470425502081,0,200
51.4040350974829,0,200
42.0257752772396,0,65.198760869381
38.810328016404,0,47.688045291347
32.358693629458,0,12.553668764854
31.3493535193916,0,7.0569940707457
22.5949107133952,1,0.127947807531379
33.6537829944289,0,19.6064796737318
29.0297264790299,1,14.1373797468458
53.2919282022819,1,200
56.0736617590285,1,200
61.9678025516618,1,200
66.764138073027,1,200
56.0893334973762,1,200
24.8163796242056,1,4.96437493222191
76.3709921731955,0,200
79.7016609077825,0,200
69.1719544931788,0,200
57.0030305786652,0,200
40.41421093103,0,56.4224872710255
35.057948687885,0,27.2532995678183
37.050512040634,0,38.1044214525338
22.8566287438047,1,0.697742043738534
30.6103998010631,0,3.0327923540556
24.534288333944,1,4.35022545607074
42.907050786067,1,44.3501220319472
61.8280106455989,1,200
61.0568044015002,1,200
51.7764711040431,1,200
65.9108119199854,1,200
60.6106300107365,1,200
49.5873765279951,0,200
93.5620360569737,0,200
75.1926605682931,0,200
66.9451074771344,0,200
56.6396988647675,0,200
36.60191643616,0,35.661454921819
33.673754716546,0,19.7152418822915
31.983071625027,0,10.5081026115676
34.5087263296678,0,24.2623388324397
23.0062938450268,1,1.02358246025199
25.4354132889464,1,6.31209183822015
42.1258146294258,1,42.649269177162
59.8004011381517,1,200
62.2835880793712,1,200
56.1206769740723,1,200
51.5907610046209,1,200
51.3564685163203,1,200
45.7005721467656,0,200
91.3290438956623,0,200
73.9309854307102,0,200
61.4724715455,0,200
45.334936003393,0,200
44.5952141419059,0,79.1914373167093
32.7496784970561,0,14.6828981554943
30.8293206011915,0,4.22499348633821
35.2115773195542,0,28.0899319413508
22.9381217832135,1,0.875163003515295
23.5689092517152,1,2.24846947101989
42.9195881767456,1,44.3774175642212
51.6244552420687,1,200
62.1864233016146,1,200
62.7506058821379,1,200
48.979849395866,1,200
49.6247414288808,1,200
26.2111643371659,1,8.00100289763582
85.8168485913733,0,200
85.1101568856952,0,200
60.6086945639402,0,200
48.6210524347963,0,200
39.3288246482874,0,50.5116795520189
40.0293712086987,0,54.3267231753264
30.9130482054512,0,4.68095812991363
22.6873739696477,1,0.329252358047773
33.0223693182689,0,16.1679206185147
44.5525833125933,1,47.9326606428292
60.9491395590505,1,200
63.1329962978257,1,200
56.3306782679337,1,200
65.6702507363456,1,200
53.754244483544,1,200
58.344208533137,0,200
88.5982949677433,0,200
78.8211384053707,0,200
62.4294242921673,0,200
52.7006607487705,0,200
35.6786083598285,0,30.6332943568897
32.6044994401286,0,13.8922805625054
33.4525294869423,0,18.5104912644042
33.6591599965373,0,19.6357618068053
23.5696928386326,1,2.25017544178704
41.078158920871,1,40.3683862615678
56.4936643467513,1,200
66.1192460400122,1,200
66.9028329574055,1,200
53.9579770820663,1,200
48.6295860437913,1,200
35.4689052776,0,29.4912911670172
92.4105894626133,0,200
91.7428426150634,0,200
59.6633407789641,0,200
46.463338303003,0,200
40.1276935329672,0,54.8621678943881
35.7354509535458,0,30.9428483350949
31.1381141508466,0,5.90662455713885
22.6748365789691,1,0.301956825773816
34.6185708013111,0,24.8605309795148
29.9316350209497,1,16.1009520997623
52.8852465921549,1,200
52.6688198855706,1,200
60.8497807379248,1,200
64.8521859945871,1,200
55.4522773335354,1,200
40.8015527390311,1,39.7661785807862
57.9217297960467,0,200
81.5982063657384,0,200
82.9205648128306,0,200
61.6913923456286,0,200
42.4013972816703,0,67.2443270226662
37.8071330516046,0,42.2248358921814
38.3540509803466,0,45.2032471419552
30.2455318008489,0,1.04579046691625
23.1927875313664,1,1.4296035028186
31.3739341004587,0,7.19085525051112
40.9112549074663,1,40.0050144881785
58.0859129628947,1,200
58.2191227388518,1,200
51.6479628495905,1,200
50.3432906321307,1,200
53.550227081901,0,200
82.1768101997623,0,200
64.8409713306358,0,200
45.2481358264998,0,200
38.1574063318102,0,44.1323577038346
39.1821093050434,0,49.7126956352955
30.3776524240842,0,1.76529430815338
23.5540211002846,1,2.21605602644499
37.5716074655354,1,32.7341670788556
54.7956314967599,1,200
71.534615226118,1,200
68.2592219114133,1,200
57.4041923447626,1,200
51.6228880682341,1,200
48.9728620013187,0,200
86.5642518844436,0,200
80.3061895734005,0,200
60.9866209978465,0,200
51.111372554153,0,200
47.1423768549808,0,200
33.0108471708935,0,16.1051731904986
31.3616438099251,0,7.1239246606284
25.0216793965627,1,5.41133927319858
41.6431250883114,1,41.5983911846366
63.2313364559588,1,200
71.091496824332,1,200
75.1281448292839,1,200
69.2222502328911,1,200
35.1753986721445,1,27.5173084731011
83.416401221542,0,200
84.1069619208956,0,200
75.1341280596269,0,200
62.0683201934289,0,200
53.6954061388285,0,200
35.7331465240709,0,30.9302988494927
33.3204088637067,0,17.7909874231658
34.0094332767431,0,21.5432836184598
32.3940282147419,0,12.7460942107664
32.9406087837403,1,22.6518798453742
57.1753849648837,1,200
62.3196330775716,1,200
75.4486318784981,1,200
73.4896645850144,1,200
51.8031130592334,1,200
44.8863403989181,0,80.7768556645485
80.735581598916,0,200
88.726574875187,0,200
78.7553085367006,0,200
48.9382955591929,0,200
39.401030105172,0,50.9048967675794
36.1702199811696,0,33.3105179521926
36.90379669739,0,37.3054375358105
23.5939840330718,1,2.30306053556674
36.7801846789682,1,31.0111366040984
52.0475921774612,1,200
73.5116050187015,1,200
72.9505567858478,1,200
59.0262172637669,1,200
54.8826096445905,1,200
48.2354445693065,0,200
84.6592568517463,0,200
93.0293287766607,0,200
60.217325624763,0,200
50.2656469368146,0,200
41.1324247840833,0,60.3337436172894
40.2567415835692,0,55.5649390881552
31.4430669847098,0,7.56733981860034
24.3799217112176,1,4.01414921495487
36.8804838043944,1,31.2295008622853
66.6129057979698,1,200
69.1203839336288,1,200
63.4393787825266,1,200
55.8934367680282,1,200
51.4896782922772,1,200
63.598307736222,0,200
93.3269842505199,0,200
76.8215081355652,0,200
60.7358222566464,0,200
47.6201618994716,0,200
41.9067130876959,0,64.5503707798932
32.1274825387959,0,11.2945370426874
30.677228255839,0,3.39672743654138
31.3455128035999,0,7.03607826140781
52.6384167131759,1,200
68.9268379650325,1,200
64.1641966811156,1,200
61.1983201987815,1,200
63.2356461840043,1,200
48.1202545474861,1,200
58.1291284488008,0,200
85.5318674796269,0,200
81.9584655070023,0,200
69.8310213230396,0,200
56.2663812898116,0,200
37.6919115778527,0,41.5973616120314
33.9564313988172,0,21.2546454495911
35.4973265744587,0,29.6460681561205
30.3622895609172,0,1.68163107079936
26.6327340987233,1,8.91881517032787
53.2417786395689,1,200
56.2637599451881,1,200
72.1061635236647,1,200
69.435385874421,1,200
51.8736358817999,1,200
47.9870447715297,1,200
66.4250745589355,0,200
94.8317766977191,0,200
87.4214996491577,0,200
55.534340859908,0,200
43.7832868235345,0,74.7698352225908
41.8360439171281,0,64.1655198880683
33.2144051078552,0,17.2137110854297
22.7633819006347,1,0.494731522454972
32.1742607785297,1,20.9834404351639
50.3824699780002,1,200
69.3805347902035,1,200
74.9157927746704,1,200
62.7028070801769,1,200
61.441232143173,1,200
27.6216207884753,1,11.0717502783944
88.6628189930453,0,200
96.324278854385,0,200
67.5411865680108,0,200
55.4314096766898,0,200
46.1514721807144,0,200
40.6822928932928,0,57.8824107628402
31.8317474228327,0,9.68401972363728
22.9592786299832,1,0.921224214226908
27.7344573045785,1,11.3174100688516
60.6521601173583,1,200
65.2941290159966,1,200
64.3992727563336,1,200
57.9816959028815,1,200
63.5882602968313,1,200
34.2037508945778,1,25.4019047219162
72.4934055098651,0,200
77.1675566284,0,200
74.9122883154967,0,200
64.016177614362,0,200
58.2159286256931,0,200
38.6267418015596,0,46.6882696049769
33.4363984806168,0,18.4226448651823
33.7413513144805,0,20.0833601266464
22.6090152779083,1,0.158655281339117
47.1486067699177,1,200
58.7890255038719,1,200
58.5370239512384,1,200
70.5896094037412,1,200
67.2162677243628,1,200
47.0075611247877,1,200
62.2463757775343,0,200
84.3881023168501,0,200
81.1772639149648,0,200
70.4870155802668,0,200
46.5777916335964,0,200
38.270323376087,0,44.7472824983811
33.6176802659866,0,19.4098710659515
36.6449324530275,0,35.8957119864085
25.5576528480598,1,6.57822327788582
49.2407838393581,1,200
52.8272611602676,1,200
68.6094852634883,1,200
74.3837372577604,1,200
64.6461026353124,1,200
38.6545245853734,1,35.0918186789696
61.6933127035246,0,200
85.9412877830253,0,200
82.98954406845,0,200
68.1301219275143,0,200
44.8855722557609,0,80.7726725026871
38.1197673170511,0,43.9273827723186
38.5460867699331,0,46.2490376088715
31.5536795995115,0,8.16971512754337
22.8127478764306,1,0.60220768078154
35.445736158647,1,28.1058683877496
45.9011363974275,1,200
72.7476077742429,1,200
68.5648208091967,1,200
51.6573658925993,1,200
59.458757242168,1,200
63.4472146517016,1,200
42.7761917708616,1,44.0652249138423
94.0321396698813,0,200
92.9644206797806,0,200
75.9139469939796,0,200
70.3379958075478,0,200
52.3895627696405,0,200
39.7804928253946,0,52.9713787302037
34.8059977319477,0,25.8812224752255
36.6380191646022,0,35.8580635295988
23.0627121030791,1,1.14641235548222
30.5812103610459,0,2.87383220308401
22.8965916765917,1,0.784746552859764
31.69313841125,1,19.9359743841726
61.5564194200304,1,200
69.6696783627216,1,200
56.4012010904988,1,200
68.297617670366,1,200
60.1248061219523,1,200
45.8234750521009,0,200
94.513765430164,0,200
76.2219724004763,0,200
62.7687131252086,0,200
54.8576067374054,0,200
45.3587484413017,0,200
34.4741598875422,0,24.0740965483951
22.8143150502654,1,0.605619622315841
35.4010717043557,1,28.008628054026
69.4309977876836,1,200
80.25248983427,1,200
71.9303266194016,1,200
57.4292671261192,1,200
55.8464215529844,1,200
67.6233778859537,0,200
95.0629877883813,0,200
72.5840464025507,0,200
59.7806362392435,0,200
60.9044296799033,0,200
40.0501110739742,0,54.439668545754
39.1882544503102,0,49.7461609302369
27.9256525124225,1,11.7336669360206
64.9846121836266,1,200
63.8233363720493,1,200
77.966296644083,1,200
63.384527698309,1,200
35.6916667935202,0,30.704408108639
100.645852263238,0,200
79.829172672068,0,200
61.661050690874,0,200
49.0427630287278,0,200
38.3732545593055,0,45.3078261886484
32.8234202402572,0,15.0844816947893
23.615924466759,1,2.35082771704549
36.9541409746293,1,31.3898621143911
69.8636944834684,1,200
67.2040437684514,1,200
63.286579333635,1,200
62.2718342756103,1,200
41.4127505345979,1,41.0968357791135
77.9702662288712,0,200
99.3999240604014,0,200
68.1656869557459,0,200
54.2546143581042,0,200
41.6524577022834,0,63.1657442016969
41.2299789651931,0,60.8650051744819
31.469951995252,0,7.71375048396923
25.2935840568983,1,6.00331112937771
40.8203588250483,1,39.8071218791958
62.5312015452676,1,200
68.6541497177798,1,200
59.4979365880378,1,200
50.5062767109486,1,200
30.0507402323932,1,16.3602596563589
79.5779898592888,0,200
79.7554309288667,0,200
71.3519447765643,0,200
46.1706757596731,0,200
38.723527839511,0,47.2153480003015
37.5812989630507,0,40.9949863030871
34.5809317865523,0,24.6555560480003
30.4321905883268,0,2.06229880075772
30.0972801712879,0,0.238440226456
34.7729675761388,0,25.7013465149162
30.9377606228829,1,18.2914185647015
48.8599605975048,1,200
55.7480813948516,1,200
58.6301140770247,1,200
69.4314679398339,1,200
66.9874603444839,1,200
43.7635112867781,1,46.2147480803729
77.0715387336065,0,200
84.6316036980458,0,200
75.2153976057802,0,200
64.1470692085441,0,200
43.7733009624761,0,74.7154541183116
35.9282548862907,0,31.992821963879
32.8794946908165,0,15.3898525111293
35.9436177494575,0,32.0764852012317
23.2625267670144,1,1.58143490108908
22.5980450610649,1,0.134771690599993
32.5464645642915,1,21.79377654953
48.9923867865443,1,200
63.6594099889306,1,200
63.7529702668674,1,200
53.6218182945048,1,200
53.8404390444574,1,200
34.9011432510586,1,26.9202187046247
77.7728534371765,0,200
93.6150379348996,0,200
63.2372804517994,0,200
48.1048602323878,0,200
43.1764537284413,0,71.4651373471378
39.06765597445,0,49.0894045170146
32.0560452250697,0,10.9055029889946
31.1519407276966,0,5.98192147075593
35.0226141026012,0,27.0608741219063
24.162084548182,1,3.53988934170444
39.3190062913228,1,36.5384818894587
55.0847750692781,1,200
51.1605717869718,1,200
64.4886016649165,1,200
57.7387839584895,1,200
46.2553176840893,1,200
35.9589855895397,1,29.2232792401914
77.6591682497412,0,200
82.9831684802358,0,200
75.1458038356337,0,200
48.3068818830328,0,200
40.7560346364939,0,58.2839943021351
37.0881510553928,0,38.3093963840485
35.6793765029869,0,30.6374775187575
23.1849516621924,1,1.41254379514758
42.117978760252,1,42.6322094694915
53.1790916861774,1,200
66.505554390287,1,200
66.9459302378621,1,200
58.0012855758164,1,200
37.9022811446755,1,33.4540867425661
70.1121617189941,0,200
86.9222065962328,0,200
75.939295718205,0,200
51.1981727310462,0,200
40.3020620299115,0,55.8117456383468
35.3129722164559,0,28.6421093078825
37.2801868449793,0,39.3551868509647
30.4291180156933,0,2.04556615328638
27.3896790609256,1,10.5667829313339
44.9200855768509,1,48.7327609325928
64.1665474418676,1,200
69.483184676382,1,200
61.5446656162693,1,200
49.4445164378803,1,200
35.4574899624081,1,28.1314579492563
77.625369950774,0,200
93.8431764529282,0,200
68.8854370951159,0,200
49.3891955931419,0,200
40.6538715964338,0,57.7276337737357
39.8311902738456,0,53.2474674134701
30.6626335358306,0,3.31724736105644
30.2363140829486,0,0.995592524503609
31.0444006855283,0,5.39627880928367
33.0254418909021,0,16.1846532659844
38.9350487018,1,35.7025562135861
55.7335850368798,1,200
50.6793710610005,1,200
58.0914764300084,1,200
60.6082792499842,1,200
50.6018743148705,1,200
36.7056157625366,0,36.2261817739529
76.3771373184622,0,200
78.7023066587748,0,200
68.2463419873721,0,200
44.6420708745652,0,79.4466101906378
38.7995740121872,0,47.6294810252
34.3435755506234,0,23.3629590308924
37.4130756113731,0,40.0788738540697
30.4667570304523,0,2.2505410848022
23.2687954623535,1,1.59508266722585
23.3079748082232,1,1.68038120558018
51.6072163298861,1,200
55.967093938263,1,200
57.4339686476235,1,200
50.2845216133262,1,200
56.7083671621173,1,200
47.0937556857001,1,200
70.7220673867206,0,200
80.5251103735293,0,200
66.2906495062238,0,200
53.7660753093963,0,200
48.6886490327306,0,200
34.8359553151229,0,26.0443657880632
32.1920065640969,0,11.6459226395709
32.8887124087166,0,15.4400504535411
30.4010035844682,1,17.1228285892469
57.1722506172142,1,200
58.2124622500538,1,200
54.5092304784526,1,200
65.5895412838542,1,200
60.9710799927375,1,200
31.7119444972673,1,19.9769176825824
88.8079980499716,0,200
78.1753604521495,0,200
69.5122419123261,0,200
59.7537512287013,0,200
41.2468781146769,0,60.9570347355716
35.3844095301818,0,29.0311433615739
32.331808618916,0,12.4072580994864
36.3246167559971,0,34.1513334875926
22.6936426649868,1,0.342900124184382
29.4708859135225,1,15.0978412887157
45.6057241295699,1,200
57.2372883313578,1,200
66.8550341554445,1,200
63.2191908587391,1,200
53.7675654611398,1,200
50.8471370200146,1,200
62.338552956535,0,200
96.9311119494782,0,200
83.2858168846239,0,200
54.0579697095676,0,200
42.233173929993,0,66.3282145736501
41.3613314452703,0,61.5803258538524
32.1067426735205,0,11.1815916722604
23.5579390348717,1,2.22458588028076
45.8251284664403,1,200
54.6679068292247,1,200
66.6795106859483,1,200
68.6525825439449,1,200
55.5055612439184,1,200
51.3721402546683,1,200
52.5216833928761,0,200
89.9732712211823,0,200
90.0316501012163,0,200
58.4986053079646,0,200
46.8850488969348,0,200
39.9003231580967,0,53.6239519815594
37.0435987522087,0,38.0667729957241
30.3469266977504,0,1.59796783344689
32.3341125096778,1,21.3314584716493
53.2206217927992,1,200
69.8702766135744,1,200
69.5254983699213,1,200
61.7820924522396,1,200
53.6523781842829,1,200
30.0765403060129,0,0.125494856031083
87.5904911439934,0,200
92.2807732688529,0,200
66.650908647488,0,200
53.1500244964029,0,200
40.7114823333099,0,58.0413709138113
40.7291496259518,0,58.1375836367667
31.4522847026099,0,7.6175377610125
30.3361726935336,0,1.53940356729972
33.7290610239468,0,20.0164295367628
39.4099023737404,1,36.7363744984406
57.5577753805716,1,200
59.3435699653114,1,200
55.3112316884047,1,200
66.4679422182523,1,200
57.9934497066424,1,200
37.7426090263036,0,41.8734502952978
72.1684809538855,0,200
76.7850213355439,0,200
70.8395932899474,0,200
61.5496699329139,0,200
40.023226063432,0,54.2932578803851
36.3384433328475,0,34.2266304012113
35.0118600983842,0,27.002309855758
34.9673077952002,0,26.759686467434
22.622336255504,1,0.187656784379479
36.0820087355706,1,29.4911166506242
48.1641354148595,1,200
61.2982275307492,1,200
65.2553414635857,1,200
57.6713954835938,1,200
49.6247414288808,1,200
31.9391847033117,1,20.471649205038
72.7023404489359,0,200
93.0289447050817,0,200
64.1290946586389,0,200
51.450891830142,0,200
42.4275141490544,0,67.3865545261685
41.9351343845546,0,64.7051477689959
31.8747634397001,0,9.9182767882266
30.3162009714166,0,1.43064135874051
33.0469498993358,0,16.3017817982789
42.2268973417697,1,42.8693394061166
62.3784020963758,1,200
66.2877172272518,1,200
66.4389495023085,1,200
69.5059086969863,1,200
55.9091085063748,1,200
52.9979321510493,0,200
99.2532087171574,0,200
85.7365776313261,0,200
63.6048369530678,0,200
56.0797225023336,0,200
35.777698827255,0,31.1729222378179
33.6253616975701,0,19.451702684628
33.3810921732162,0,18.1214572107118
33.9541269693421,0,21.2420959639879
36.7535427237767,1,30.9531335980173
60.0237234096086,1,200
58.6399089134921,1,200
71.4954358802482,1,200
70.2087861618882,1,200
50.0870577101431,1,200
30.8600463275256,0,4.39231996104638
78.0317176815389,0,200
89.779699145279,0,200
79.6110200150978,0,200
51.5423008659852,0,200
40.7260770533184,0,58.1208509892962
38.0490981464833,0,43.5425318804937
36.6933254720031,0,36.1592511840706
22.5533806067734,1,0.0375313568758831
37.5026518168047,1,32.5840416513518
52.6650586683674,1,200
71.8629381445057,1,200
73.2193270985136,1,200
62.5844854556503,1,200
54.5456672701115,1,200
31.7971809807071,0,9.49577743959247
87.9407644241994,0,200
97.6961825351905,0,200
64.5193113830783,0,200
53.1669236458864,0,200
43.6665290634662,0,74.1339946187077
41.4773210621805,0,62.2119832958691
31.6089859069125,0,8.47090278201566
30.550484634712,0,2.70650572837737
30.9009320377654,1,18.2112379386484
65.8927894208854,1,200
73.5210080617101,1,200
68.8688525331455,1,200
60.041745908709,1,200
61.7233234334347,1,200
33.441007339566,0,18.4477438363831
90.8136198364134,0,200
88.539916087709,0,200
72.7061811647276,0,200
56.502201239424,0,200
50.075915576703,0,200
36.2524112991127,0,33.7581162720326
32.5345984127192,0,13.5116128325485
33.8988206619412,0,20.9409083095161
25.4205251375158,1,6.27967839364537
47.924357818137,1,200
65.2024493466618,1,200
62.5484404574504,1,200
71.7038700002748,1,200
65.0614037015311,1,200
39.5948288862451,1,37.1389835994726
68.7755926234723,0,200
87.0036297710176,0,200
78.8209847767391,0,200
68.7006986655338,0,200
43.7118495098085,0,74.3808011688993
38.5560726309916,0,46.3034187131507
34.2859648137474,0,23.0492218908175
36.9283772784569,0,37.4392987155752
30.2993018219329,0,1.33861179765174
25.1454861295107,1,5.68088265439798
38.9334815279651,1,35.6991442720519
60.5048457768882,1,200
69.0475103503114,1,200
62.6260155622721,1,200
54.6005183543291,1,200
58.9650974842101,1,200
35.6916667935201,0,30.7044081086388
88.9232195237236,0,200
89.1976002598846,0,200
63.9115565161954,0,200
53.441150753416,0,200
48.1939648387557,0,200
33.6660732849626,0,19.673410263615
32.1651215535548,0,11.4995119742029
31.7756729722735,0,9.3786489072983
24.9652611385103,1,5.28850937796815
52.7825967059763,1,200
67.2079381954308,1,200
63.4124469001759,1,200
72.18029084605,1,200
67.1614166401452,1,200
42.956416761864,1,44.4575981902764
77.6553275339505,0,200
90.3296896466546,0,200
78.6169659538827,0,200
68.5851699345185,0,200
45.1144789169477,0,200
38.6705259615852,0,46.9267098314329
34.4219261527747,0,23.789641541394
37.3385657250136,0,39.6731071529066
30.11494746393,0,0.334652949413002
22.9436068916353,1,0.887104798885013
32.5582183680524,1,21.8193661110362
61.0933195518506,1,200
63.4221398703442,1,200
63.2999003112305,1,200
57.3462069128755,1,200
60.046447430213,1,200
33.0362063876625,1,22.8600082789592
90.0646802570255,0,200
81.50910175937,0,200
72.3543715982055,0,200
54.7961552847377,0,200
50.2840823726147,0,200
34.8136791635311,0,25.9230540939022
32.2373270104393,0,11.8927291897631
35.5080805786756,0,29.704632422268
30.0765403060127,0,0.125494856029863
30.1369347933067,1,16.5479164407389
53.3702868940213,1,200
52.3978555295361,1,200
65.7540945365067,1,200
64.3937876479119,1,200
51.3635207985766,1,200
64.2699809149636,1,200
24.0171209684644,1,3.22428474979368
91.2130542787522,0,200
97.0209846990047,0,200
67.9137359998085,0,200
53.1984175153785,0,200
47.2744974782161,0,200
37.2886364197211,0,39.4012016315088
32.5207718358689,0,13.4363159189305
22.6340900592649,1,0.213246345885812
27.095833966903,1,9.92704389367631
60.8684301065587,1,200
72.2100671489112,1,200
65.5746531324236,1,200
74.4479913849866,1,200
61.5430984424347,1,200
38.9485937849064,0,48.441014427527
87.7794543609467,0,200
84.8282483465823,0,200
74.1280141508257,0,200
61.5089583455216,0,200
45.7167031530908,0,200
36.1963368485534,0,33.4527454556932
33.0131516003686,0,16.1177226761018
36.2623971601712,0,33.8124973763123
23.695850332333,1,2.52483673528806
38.7885179482474,1,35.383539680141
52.0601295681395,1,200
63.6253239580239,1,200
68.7377584418657,1,200
57.1644147480402,1,200
34.8776356435368,1,26.8690395816121
55.9575877401565,0,200
67.2131894393972,0,200
71.2305781575455,0,200
55.6818243463104,0,200
45.7505014520582,0,200
42.0349929951396,0,65.2489588117924
41.9919769782721,0,65.0147017472028
31.3908332499423,0,7.28288481159962
30.9560642223186,0,4.91521519450296
30.1925299229229,0,0.757152298046815
47.987828358446,1,200
56.5688886908212,1,200
56.6464637956431,1,200
53.3209209182257,1,200
59.5136083263856,1,200
52.1243836953657,1,200
31.3516579488667,0,7.06954355634915
64.4340474925021,0,200
65.9764789544603,0,200
53.5717350903348,0,200
56.1980165487187,0,200
44.8510058136352,0,80.5844302186413
36.2616290170129,0,33.808314214445
41.1815859462175,0,60.6014659768201
30.5020916157363,0,2.44296653071477
26.689152356776,1,9.04164506555881
43.9633259507133,1,46.6497706259797
43.0550703547628,1,44.6723799098502
52.3054706319753,1,200
52.0084128315917,1,200
45.0956090463468,1,200
45.6597916268703,1,200
36.275455593863,0,33.8836111280622
67.1647964204214,0,200
72.5456392446335,0,200
56.7898708522241,0,200
50.426572928488,0,200
50.6205290759702,0,200
34.7445462792799,0,25.546569525812
32.4731469600516,0,13.1769598831361
31.403891683634,0,7.35399856334876
31.7236983010282,1,20.0025072440887
57.7685602613506,1,200
58.5121842459569,1,200
50.4600450828222,1,200
61.671606696887,1,200
54.5456672701116,1,200
45.7620235994334,0,200
84.336636725241,0,200
67.7908330944732,0,200
64.7912340611328,0,200
60.1800706815833,0,200
38.539173481508,0,46.2113891520623
35.7807713998886,0,31.1896548852892
35.3014500690805,0,28.5793618798665
35.289159778547,0,28.5124312899843
31.7315341702024,1,20.01956695176
57.1510937704445,1,200
53.4633770198076,1,200
61.1036628991604,1,200
65.3395770572056,1,200
48.5253689837779,1,200
37.2519040032391,1,32.0381310058847
59.888176281412,0,200
80.1901999564906,0,200
77.8604217572278,0,200
55.0473380975169,0,200
46.8658453179761,0,200
43.5490031602391,0,73.4939708529542
37.1895459522944,0,38.86157375058
32.3341130483909,0,12.4198075850886
31.0597635486953,0,5.47994204663733
30.7064176958562,0,3.5556875875127
49.7172046851332,1,200
58.1940479574952,1,200
52.3022579256142,1,200
63.2975495504785,1,200
62.3972081823933,1,200
46.7176339653513,1,200
55.0027857943329,0,200
74.048895405516,0,200
76.4181408002548,0,200
70.287774607855,0,200
46.6016040715052,0,200
39.7758839664446,0,52.946279758998
35.7085659430039,0,30.7964376697283
37.4315110471734,0,40.1792697388938
30.199443211348,0,0.794800754855867
32.8951607425316,1,22.5529335408834
45.242923386817,1,200
61.854966035557,1,200
64.8404321908262,1,200
57.6087085302023,1,200
52.4589753090926,1,200
40.7623733931616,1,39.6808800424322
64.9118325369934,0,200
86.9667588994167,0,200
65.0355035854869,0,200
56.4760843720401,0,200
52.0139407652095,0,200
40.8197905186365,0,58.6311967371506
34.3812145653824,0,23.5679339624078
31.9047210228756,0,10.0814201010655
35.9605168989413,0,32.168514762321
24.401078557987,1,4.06021042566585
47.1368529661568,1,200
48.9477223322527,1,200
57.2590720476613,1,200
61.128737680517,1,200
56.5720230384909,1,200
43.1201864275981,1,44.814146080595
36.6328703384981,1,30.6904140998859
69.5283729186513,0,200
87.8109482304388,0,200
64.4440333535608,0,200
52.1621923947701,0,200
45.4555344792534,0,200
44.777264070434,0,80.1828466793456
32.647515456996,0,14.1265376270946
31.2825250646156,0,6.6930589882593
35.5380381618511,0,29.8677757351069
33.4123281080112,1,23.6788742471605
53.548944711187,1,200
52.4997218287973,1,200
47.3719290413748,1,200
64.0403899481673,1,200
63.4009830235744,1,200
46.8273361337863,1,200
51.515415855443,0,200
82.9977632002443,0,200
75.949588836527,0,200
67.015469390439,0,200
46.2544033639329,0,200
40.6154644385166,0,57.5184756803528
40.0286030655404,0,54.322540013459
30.9752678012772,0,5.01979424119446
22.6380079938519,1,0.221776199721266
24.0641361835078,1,3.32664299581864
49.2791795983104,1,200
65.0441647893482,1,200
59.1523747574672,1,200
58.1015847012427,1,200
64.8467008861654,1,200
53.4251379782389,1,200
43.8800728614862,0,75.2969136179169
83.0799545181875,0,200
82.8011185517076,0,200
69.7303945692963,0,200
60.2653345721596,0,200
39.9371940296973,0,53.8247437512075
35.4927177155087,0,29.620969184915
35.8353095641309,0,31.4866593778921
32.2427040125478,0,11.9220113228369
33.4452387585417,1,23.7505250193781
59.6852138612947,1,200
51.8277960471326,1,200
67.0779646334428,1,200
65.1742402176357,1,200
49.3818294844888,1,200
44.1317971379531,1,47.0165543409038
61.6549055456072,0,200
86.2239644652966,0,200
85.1969570625882,0,200
56.7656743427363,0,200
46.9334419159106,0,200
45.3587484413017,0,200
34.2106867842296,0,22.6392720277869
32.1505268335463,0,11.4200318987174
22.5596493021125,1,0.0511791230126015
35.7454368146044,0,30.9972294393756
38.8723617484085,1,35.5660785522191
57.7137091771331,1,200
52.7014171013341,1,200
60.9370723205225,1,200
64.7534540429954,1,200
55.7124281901104,1,200
39.2657223809399,1,36.4224758772965
52.8596663825481,0,200
87.0835166594855,0,200
86.2124423179214,0,200
59.9642224540882,0,200
46.3826832713766,0,200
40.0140083455319,0,54.2430599379736
39.6875475032349,0,52.4652161442172
31.5974637595373,0,8.40815535400078
22.5518134329386,1,0.0341194153417324
27.6451283959957,1,11.1229294014039
54.8504825809774,1,200
64.570799932551,1,200
63.5616967003317,1,200
54.2173443517235,1,200
57.4919540795108,1,200
54.1617096805885,1,200
54.8107500047463,0,200
92.6533227006506,0,200
76.3735270456178,0,200
63.1195241056251,0,200
58.0162114045232,0,200
38.2680189466121,0,44.7347330127784
34.873594329882,0,26.2493407195794
33.7751496134475,0,20.2674192488224
34.4242305822497,0,23.802191026997
31.0333582268048,1,18.4995469982859
60.1851423145917,1,200
61.828324080366,1,200
72.058834873854,1,200
69.7198279254349,1,200
57.2255345275967,1,200
55.9874671981153,1,200
61.1556124926823,0,200
96.4602401934122,0,200
91.3534708480978,0,200
65.8521933914402,0,200
53.6516219788027,0,200
46.9572543538193,0,200
35.3728873828068,0,28.9683959335596
32.4731469600515,0,13.1769598831354
30.11494746393,0,0.334652949413002
28.7742771439596,1,13.5812332767756
61.7123532165916,1,200
66.1020071278293,1,200
61.2233949801381,1,200
72.7272345143906,1,200
66.1740971242295,1,200
38.8974365297645,1,35.6206696167646
75.105092248241,0,200
79.7823159394087,0,200
82.5943344134812,0,200
74.8264099103937,0,200
49.1011419087623,0,200
40.536345693207,0,57.0876100079836
37.3124488576298,0,39.5308796494062
37.6965204368027,0,41.6224605832372
30.4606118851856,0,2.21707578986085
23.7820448932462,1,2.71249351966749
41.7363719314815,1,41.8014017059205
62.1754530847709,1,200
67.9943695333346,1,200
65.2925618421618,1,200
59.2330842099588,1,200
62.5069103508286,1,200
30.0919031691797,0,0.209158093383777
88.0022158768669,0,200
87.5720557081933,0,200
75.1527171240589,0,200
55.3545953608552,0,200
52.623846432936,0,200
34.9826706583671,0,26.8433497047873
32.5038726863853,0,13.3442863578419
35.4381795512661,0,29.3239646923108
25.9682523927738,1,7.47215195983882
53.0678223439075,1,200
63.4856104106527,1,200
56.7326583565565,1,200
67.4928739062027,1,200
61.8667198393181,1,200
45.3541927290869,1,200
44.2411001459087,0,77.2629996957183
83.9080128428841,0,200
83.852322463904,0,200
74.7406083196065,0,200
49.3369618583742,0,200
40.487184531073,0,56.8198876484539
40.6001015753497,0,57.4348124429997
31.55905660162,0,8.19899726061753
30.4990190431029,0,2.4262338832441
32.63109195137,1,21.9780213923753
54.0096938186143,1,200
68.7768594290435,1,200
65.2411585403811,1,200
57.100160620814,1,200
59.4117420271244,1,200
49.0762305867054,1,200
63.1066961148806,0,200
88.7780404667963,0,200
76.051675062271,0,200
67.7898345083672,0,200
56.8547789491046,0,200
39.5784711747497,0,51.8712071590086
36.3829956360314,0,34.4692537895351
33.556228813319,0,19.0752181165388
34.7545321403384,0,25.6009506300917
28.2719979299105,1,12.4877060150731
56.4756418476514,1,200
55.674032431158,1,200
68.1706765897479,1,200
67.4035449976199,1,200
51.9990097885828,1,200
51.379976123842,1,200
46.3150866734421,0,200
85.4504443048423,0,200
90.3262701805711,0,200
61.6437302916823,0,200
52.4617682265249,0,200
46.3235362481841,0,200
39.3311290777625,0,50.5242290376221
32.3195183283823,0,12.3403275096029
30.8293206011916,0,4.22499348633871
33.1337500762288,0,16.7744790893247
54.2823820658673,1,200
62.2397072119971,1,200
54.3051060864718,1,200
56.3142229426682,1,200
64.1344203782547,1,200
54.6240259618509,1,200
26.0387752153392,1,7.62568932887647
69.7050458450709,0,200
75.8847575539624,0,200
80.9214722432358,0,200
65.7537174385401,0,200
45.25274468545,0,200
39.5400640168325,0,51.6620490656258
41.2299789651932,0,60.8650051744825
30.1226288955134,0,0.376484568089625
30.6219219484382,0,3.09553978206997
31.8890351405984,1,20.3624670759444
49.8496308741726,1,200
62.7929195756771,1,200
63.5153867135139,1,200
55.184290607787,1,200
59.9524170001259,1,200
58.1109877442516,1,200
46.0539179996046,0,200
98.2515500386746,0,200
79.9344082847614,0,200
65.6861208406058,0,200
56.3716169025049,0,200
41.5564398074902,0,62.6428489682391
35.3421616564729,0,28.8010694588531
32.3502440547161,0,12.5076539843094
36.0373312147759,0,32.5868309490873
26.0074317386435,1,7.55745049819316
54.4994356419852,1,200
53.5223027559957,1,200
64.1352039651719,1,200
68.5773581998753,1,200
61.7781745176525,1,200
45.7224785802618,1,200
38.8948237638221,0,48.1481930967903
86.9214384530746,0,200
92.431636585152,0,200
61.8474022210884,0,200
53.1116173384857,0,200
41.8375802034446,0,64.1738862118026
43.3431407938024,0,72.3728834724208
31.5283308752862,0,8.03167078591117
30.2532132324322,0,1.08762208559212
30.7755505801073,0,3.93217215560233
55.0785063739391,1,200
66.0941712586553,1,200
64.8153574094694,1,200
61.4702248591171,1,200
64.31621254309,1,200
52.6650586683671,1,200
59.1661217125668,0,200
80.5773441082968,0,200
78.6562180692741,0,200
69.5767659376272,0,200
60.624057427107,0,200
41.7861146118356,0,63.8936143666703
36.482086103458,0,35.0088816704634
37.5958936830594,0,41.0744663785735
31.7510923912064,0,9.24478772753303
26.7283317026455,1,9.12694360391274
55.0119014859605,1,200
52.0577788073873,1,200
67.8023907385732,1,200
68.0531385521391,1,200
51.8532626219476,1,200
42.35305483547,1,43.1440006996174
68.7755926234725,0,200
84.1407602198627,0,200
78.935822178912,0,200
54.0579697095673,0,200
46.5340074735709,0,200
44.8824996831274,0,80.7559398552156
31.6665966437884,0,8.78463992209016
31.843269570208,0,9.74676715165265
30.2608946640157,0,1.12945370426874
33.9694584062779,1,24.891819462559
62.25694612418,1,200
65.2721885823097,1,200
56.9434432373353,1,200
63.1565039053475,1,200
54.5143237934157,1,200
23.7898807624201,1,2.72955322733822
81.9761327996443,0,200
79.1754828443158,0,200
66.2268936240812,0,200
63.4800136898367,0,200
42.8569061745694,0,69.7249420101901
37.6888390052194,0,41.5806289645612
33.3334672973987,0,17.8621011749169
36.8822886889562,0,37.1883090035154
22.9357710224613,1,0.870045091214098
33.230535943176,1,23.2830890291965
45.006280137764,1,200
59.0638294358018,1,200
60.4202183898099,1,200
60.7093619623279,1,200
52.1768840188313,1,200
44.0456025770397,1,46.8288975565241
61.2616162485343,0,200
85.8660097535073,0,200
72.6063225541429,0,200
55.8677149906302,0,200
46.8335833053254,0,200
44.4753838092041,0,78.5388640653549
32.2734297388816,0,12.0893377975431
31.1826664540306,0,6.14924794546332
32.5345984127191,0,13.5116128325484
31.3823836752005,0,7.2368700310553
45.7420682531966,1,200
53.4980115615565,1,200
49.4296282864497,1,200
61.8604511439789,1,200
61.3182089971427,1,200
50.120751947591,1,200
47.5210714320453,0,200
73.9912846686401,0,200
73.0311057207079,0,200
68.883132665641,0,200
47.8744172848841,0,200
39.7082873685102,0,52.5781615146438
35.3237262206726,0,28.7006735740293
38.1574063318101,0,44.1323577038343
0,1,200
24.4245861655088,1,4.1113895486784
37.6358615927617,1,32.8740566817567
53.7134979638396,1,200
64.4503038543289,1,200
60.7727345542721,1,200
52.7927833359023,1,200
51.7498291488518,1,200
33.1567943709794,0,16.8999739453555
87.1111698131858,0,200
82.1528057260641,0,200
56.065127782325,0,200
49.8877205029083,0,200
47.3989366698682,0,200
33.6637688554874,0,19.6608607780115
30.9599049381103,0,4.9361310038412
38.0425432028889,1,33.7594555098746
46.0092713920275,1,200
64.4874262845404,1,200
64.8423911581194,1,200
54.8442138856383,1,200
52.513042806393,1,200
32.0199424966276,0,10.7088943812156
80.2708549881169,0,200
85.5464621996354,0,200
59.1369322725497,0,200
48.4505246536436,0,200
46.9050206190517,0,200
38.1358983233765,0,44.0152291715399
32.5038726863853,0,13.3442863578419
31.5436937384531,0,8.11533402326429
35.2999137827639,0,28.5709955561317
23.5234612105064,1,2.14952316652902
37.2558219378259,1,32.0466608597197
53.0670387569901,1,200
45.1253853492078,1,200
58.2285257818605,1,200
58.4706541393351,1,200
42.4071223327702,1,43.2617126825465
35.1957719319986,1,27.5616637130492
69.5091693396926,0,200
73.8592408597205,0,200
66.1922503676398,0,200
44.1873301248245,0,76.9701783649817
42.3660626963864,0,67.0519015767537
39.6330093389924,0,52.1682116516135
39.3173025009123,0,50.4489321240041
31.0751264118622,0,5.56360528399057
30.1533546218472,0,0.543811042795992
35.0080193825925,0,26.9813940464201
23.7820448932462,1,2.71249351966749
39.2986330314705,1,36.4941266495142
48.0027165098764,1,200
38.4844862242989,1,34.7216230225118
50.9048873758265,1,200
53.0813783975783,1,200
47.0639793828392,1,200
39.6872921424976,1,37.340288149989
43.6035413244817,0,73.7909753455585
71.1683585617194,0,200
68.332374021107,0,200
47.3597613687923,0,200
42.6502756649747,0,68.5996714677902
40.1599555456175,0,55.0378606928292
43.91540744677,0,75.4893390638289
32.8572185392244,0,15.2685408169665
31.3670208120335,0,7.15320679370192
34.2552390874137,0,22.8818954161114
30.7217805590231,0,3.63935082486595
38.5401208954337,1,34.8427469469745
40.9237922981445,1,40.0323100204518
47.5082731650012,1,200
60.0206674206309,1,200
59.269050849467,1,200
56.8321738950656,1,200
37.4619052971003,1,32.4953311714633
41.6263408348996,0,63.0235166981958
68.6488490023454,0,200
76.5945218322741,0,200
59.228341308393,0,200
48.0380317776117,0,200
42.0480514288315,0,65.320072563543
43.4506808359708,0,72.9585261338931
32.6114127285537,0,13.9299290193146
31.1673035908637,0,6.06558470810994
31.2441179066983,0,6.48390089487618
26.7204958334715,1,9.10988389624187
49.9765719547904,1,200
52.2238992338748,1,200
50.782020947179,1,200
61.0001510673729,1,200
59.6734600575337,1,200
38.7767641444866,1,35.3579501186348
62.7533502620418,0,200
68.5858612633608,0,200
60.6701460166079,0,200
59.9012347151039,0,200
48.1793701187473,0,200
38.9831602270319,0,48.6292567115714
37.7349275947199,0,41.8316186766199
39.9010913012551,0,53.6281351434273
31.021356390778,0,5.27078395325407
25.239516559598,1,5.88559914644838
37.871721254897,1,33.3875538826495
41.4817061833286,1,41.2469612066174
55.941235569989,1,200
52.9980831082595,1,200
46.8469258067212,1,200
56.0587736075981,1,200
42.5638397162489,1,43.6029068359638
56.4507356478146,0,200
79.4643046718538,0,200
62.0996604342893,0,200
53.3804674439066,0,200
52.6760801677034,0,200
41.913626376121,0,64.5880192367018
34.9250599214912,0,26.5296125647126
33.371874455316,0,18.0712592682999
37.1588202259607,0,38.6942472758738
23.3275644811581,1,1.72303047475738
30.3171597843072,1,16.9402897171688
42.7330944904057,1,43.9713965216542
43.9570572553743,1,46.6361228598435
56.7154194443739,1,200
49.442165677128,1,200
45.2977744710345,1,200
49.3105230750062,1,200
36.7778212194212,0,36.6193989895135
69.1012853226112,0,200
72.5010869414493,0,200
52.2144261295378,0,200
47.6816133521394,0,200
47.3428622193087,0,200
36.728660057287,0,36.3516766299831
33.3641930237326,0,18.0294276496233
31.7587738227899,0,9.28661934620973
31.7510923912065,0,9.24478772753308
44.8879585132377,1,48.6628161311421
54.8920126875993,1,200
53.9446561044708,1,200
52.716775404915,1,200
61.5023519227303,1,200
54.4876818382243,1,200
32.6575013180545,0,14.1809187313742
73.3160868324542,0,200
72.4715134298531,0,200
