40.7319675700187,1,39.6146826056456
31.1580087380416,1,18.7709273947067
47.9124366940014,1,200
26.3710293220531,1,8.34904978923733
50.3059264019959,1,200
33.5514984460359,1,23.9818661974414
54.4512590066405,0,200
43.6573113455659,0,74.083796676295
41.9574105361466,0,64.8264594631584
34.2490939421469,0,22.8484301211699
31.3554986646584,0,7.09045936568707
31.3224685088496,0,6.91058340537809
34.7460825655967,0,25.5549358495477
26.982213863881,1,9.67967813244904
51.8007622984823,1,200
61.1254466154638,1,200
64.5364004668775,1,200
78.7733911689981,1,200
69.253593709585,1,200
32.5112031530086,1,21.7170078650106
77.2174859336914,0,200
94.7841518219017,0,200
77.4069100365406,0,200
65.2547316428787,0,200
42.013484986706,0,65.1318302794984
35.3567563764815,0,28.8805495343385
36.3929814970899,0,34.5236348938144
30.7540425716736,0,3.8150436233076
34.5297230522142,1,26.1115885610258
57.8241949324854,1,200
66.9851095837317,1,200
75.0333308122796,1,200
71.9726403129409,1,200
49.2016044934875,1,200
51.9455760241159,0,200
88.9700762563827,0,200
87.8946758346985,0,200
73.9912846686403,0,200
46.6092855030884,0,200
38.6689896752684,0,46.9183435076972
35.113254995286,0,27.5544872222905
34.1515397610371,0,22.3171685639774
26.095977060309,1,7.750225194874
47.6994683728454,1,200
60.2345082903875,1,200
79.3336558149344,1,200
72.3965608352508,1,200
58.4244225112085,1,200
36.2018975339325,1,29.75213017799
61.5473655034392,0,200
97.7499525562747,0,200
89.4693693093074,0,200
57.231169096694,0,200
45.7666324583831,0,200
39.5684853136915,0,51.8168260547303
35.373655525965,0,28.9725790954269
30.9261066391431,0,4.75207188166415
33.4264326725242,1,23.7095817209678
57.619678747046,1,200
79.0930946312946,1,200
77.4170022149902,1,200
58.0247931833382,1,200
55.5251509168533,1,200
40.3235700383458,0,55.9288741706448
99.1863802623808,0,200
100.402350882043,0,200
65.0132274338949,0,200
47.6247707584216,0,200
43.579728886573,0,73.6612973276609
33.6614644260124,0,19.6483112924088
30.961441224427,0,4.94449732757663
31.3812708181276,1,19.2569980188725
51.533559159651,1,200
74.1212356404337,1,200
72.3581650762982,1,200
62.3188494906542,1,200
60.6968245716503,1,200
24.3383916045955,1,3.92373276429883
86.2278051810887,0,200
102.185211152563,0,200
72.493405509866,0,200
53.8490347704974,0,200
46.1291960291225,0,200
33.2220865394385,0,17.2555427041054
30.2770256703412,0,1.21730010349083
27.7180019793133,1,11.2815846827429
52.3194968377968,1,200
73.2851483995749,1,200
69.2363547974031,1,200
62.6409037137027,1,200
61.9583995086537,1,200
32.2996346853112,1,21.2563957578946
85.1063161699026,0,200
92.6141473995751,0,200
76.9220580749925,0,200
59.5030293018174,0,200
49.3592380099664,0,200
33.9541269693421,0,21.2420959639876
31.8202252754575,0,9.62127229562239
32.7734909349648,0,14.812576173392
32.5660542372264,1,21.8364258187073
65.3270396665273,1,200
70.7886404807594,1,200
64.07565135945,1,200
74.1823554199902,1,200
58.8553953157764,1,200
49.241712106741,0,200
92.1271446371835,0,200
87.8616456788897,0,200
72.0340559011753,0,200
58.1882754719927,0,200
38.2265392160612,0,44.5088422719238
33.6691458575957,0,19.6901429110846
35.6970437956288,0,30.7336902417137
30.0942075986546,0,0.221707578985972
32.6624354280658,1,22.0462602230589
56.6143367320299,1,200
59.0418890021149,1,200
71.6106231571051,1,200
65.8637967049418,1,200
43.2463439212985,1,45.0888073740959
55.3638130787553,0,200
87.7986579399054,0,200
76.5664846069944,0,200
65.9069619986302,0,200
41.4312324726797,0,61.9609935838095
36.2163085706703,0,33.5615076642521
36.4452152318576,0,34.8080899008165
30.7686372916821,0,3.89452369879252
22.5902091918909,1,0.117711982928962
31.9854163314378,1,20.5723014802959
51.5069172044598,1,200
65.8731997479505,1,200
64.2112118961592,1,200
54.2236130470627,1,200
57.9856138374687,1,200
23.0298014525484,1,1.07476158326404
80.8615570768846,0,200
87.9568954305246,0,200
65.8297636112163,0,200
50.5076120316936,0,200
45.2919199865256,0,200
34.6884718287208,0,25.2411987094733
32.3095324673238,0,12.2859464053231
31.0574591192201,0,5.46739256103346
35.25997033853,0,28.3534711390138
22.6317392985127,1,0.208128433584499
34.7185674993061,1,26.5227275158939
49.2909334020711,1,200
55.6669017902097,1,200
63.9362512468459,1,200
57.3148634361798,1,200
51.6620674141036,1,200
41.8672309466862,1,42.086298824024
66.885960453942,0,200
87.4852555313001,0,200
80.2470425502081,0,200
51.4040350974829,0,200
42.0257752772396,0,65.198760869381
38.810328016404,0,47.688045291347
32.358693629458,0,12.553668764854
31.3493535193916,0,7.0569940707457
22.5949107133952,1,0.127947807531379
33.6537829944289,0,19.6064796737318
29.0297264790299,1,14.1373797468458
53.2919282022819,1,200
56.0736617590285,1,200
61.9678025516618,1,200
66.764138073027,1,200
56.0893334973762,1,200
24.8163796242056,1,4.96437493222191
76.3709921731955,0,200
79.7016609077825,0,200
69.1719544931788,0,200
57.0030305786652,0,200
40.41421093103,0,56.4224872710255
35.057948687885,0,27.2532995678183
37.050512040634,0,38.1044214525338
22.8566287438047,1,0.697742043738534
30.6103998010631,0,3.0327923540556
24.534288333944,1,4.35022545607074
42.907050786067,1,44.3501220319472
61.8280106455989,1,200
61.0568044015002,1,200
51.7764711040431,1,200
65.9108119199854,1,200
60.6106300107365,1,200
49.5873765279951,0,200
93.5620360569737,0,200
75.1926605682931,0,200
66.9451074771344,0,200
56.6396988647675,0,200
36.60191643616,0,35.661454921819
33.673754716546,0,19.7152418822915
31.983071625027,0,10.5081026115676
34.5087263296678,0,24.2623388324397
23.0062938450268,1,1.02358246025199
25.4354132889464,1,6.31209183822015
42.1258146294258,1,42.649269177162
59.8004011381517,1,200
62.2835880793712,1,200
56.1206769740723,1,200
51.5907610046209,1,200
51.3564685163203,1,200
45.7005721467656,0,200
91.3290438956623,0,200
73.9309854307102,0,200
61.4724715455,0,200
45.334936003393,0,200
44.5952141419059,0,79.1914373167093
32.7496784970561,0,14.6828981554943
30.8293206011915,0,4.22499348633821
35.2115773195542,0,28.0899319413508
22.9381217832135,1,0.875163003515295
23.5689092517152,1,2.24846947101989
42.9195881767456,1,44.3774175642212
51.6244552420687,1,200
62.1864233016146,1,200
62.7506058821379,1,200
48.979849395866,1,200
49.6247414288808,1,200
26.2111643371659,1,8.00100289763582
85.8168485913733,0,200
85.1101568856952,0,200
60.6086945639402,0,200
48.6210524347963,0,200
39.3288246482874,0,50.5116795520189
40.0293712086987,0,54.3267231753264
30.9130482054512,0,4.68095812991363
22.6873739696477,1,0.329252358047773
33.0223693182689,0,16.1679206185147
44.5525833125933,1,47.9326606428292
60.9491395590505,1,200
63.1329962978257,1,200
56.3306782679337,1,200
65.6702507363456,1,200
53.754244483544,1,200
58.344208533137,0,200
88.5982949677433,0,200
78.8211384053707,0,200
62.4294242921673,0,200
52.7006607487705,0,200
35.6786083598285,0,30.6332943568897
32.6044994401286,0,13.8922805625054
33.4525294869423,0,18.5104912644042
33.6591599965373,0,19.6357618068053
23.5696928386326,1,2.25017544178704
41.078158920871,1,40.3683862615678
56.4936643467513,1,200
66.1192460400122,1,200
66.9028329574055,1,200
53.9579770820663,1,200
48.6295860437913,1,200
35.4689052776,0,29.4912911670172
92.4105894626133,0,200
91.7428426150634,0,200
59.6633407789641,0,200
46.463338303003,0,200
40.1276935329672,0,54.8621678943881
35.7354509535458,0,30.9428483350949
31.1381141508466,0,5.90662455713885
22.6748365789691,1,0.301956825773816
34.6185708013111,0,24.8605309795148
29.9316350209497,1,16.1009520997623
52.8852465921549,1,200
52.6688198855706,1,200
60.8497807379248,1,200
64.8521859945871,1,200
55.4522773335354,1,200
40.8015527390311,1,39.7661785807862
57.9217297960467,0,200
81.5982063657384,0,200
82.9205648128306,0,200
61.6913923456286,0,200
42.4013972816703,0,67.2443270226662
37.8071330516046,0,42.2248358921814
38.3540509803466,0,45.2032471419552
30.2455318008489,0,1.04579046691625
23.1927875313664,1,1.4296035028186
31.3739341004587,0,7.19085525051112
40.9112549074663,1,40.0050144881785
58.0859129628947,1,200
58.2191227388518,1,200
51.6479628495905,1,200
50.3432906321307,1,200
53.550227081901,0,200
82.1768101997623,0,200
64.8409713306358,0,200
45.2481358264998,0,200
38.1574063318102,0,44.1323577038346
39.1821093050434,0,49.7126956352955
30.3776524240842,0,1.76529430815338
23.5540211002846,1,2.21605602644499
37.5716074655354,1,32.7341670788556
54.7956314967599,1,200
71.534615226118,1,200
68.2592219114133,1,200
57.4041923447626,1,200
51.6228880682341,1,200
48.9728620013187,0,200
86.5642518844436,0,200
80.3061895734005,0,200
60.9866209978465,0,200
51.111372554153,0,200
47.1423768549808,0,200
33.0108471708935,0,16.1051731904986
31.3616438099251,0,7.1239246606284
25.0216793965627,1,5.41133927319858
41.6431250883114,1,41.5983911846366
63.2313364559588,1,200
71.091496824332,1,200
75.1281448292839,1,200
69.2222502328911,1,200
35.1753986721445,1,27.5173084731011
83.416401221542,0,200
84.1069619208956,0,200
75.1341280596269,0,200
62.0683201934289,0,200
53.6954061388285,0,200
35.7331465240709,0,30.9302988494927
33.3204088637067,0,17.7909874231658
34.0094332767431,0,21.5432836184598
32.3940282147419,0,12.7460942107664
32.9406087837403,1,22.6518798453742
57.1753849648837,1,200
62.3196330775716,1,200
75.4486318784981,1,200
73.4896645850144,1,200
51.8031130592334,1,200
44.8863403989181,0,80.7768556645485
80.735581598916,0,200
88.726574875187,0,200
78.7553085367006,0,200
48.9382955591929,0,200
39.401030105172,0,50.9048967675794
36.1702199811696,0,33.3105179521926
36.90379669739,0,37.3054375358105
23.5939840330718,1,2.30306053556674
36.7801846789682,1,31.0111366040984
52.0475921774612,1,200
73.5116050187015,1,200
72.9505567858478,1,200
59.0262172637669,1,200
54.8826096445905,1,200
48.2354445693065,0,200
84.6592568517463,0,200
93.0293287766607,0,200
60.217325624763,0,200
50.2656469368146,0,200
41.1324247840833,0,60.3337436172894
40.2567415835692,0,55.5649390881552
31.4430669847098,0,7.56733981860034
24.3799217112176,1,4.01414921495487
36.8804838043944,1,31.2295008622853
66.6129057979698,1,200
69.1203839336288,1,200
63.4393787825266,1,200
55.8934367680282,1,200
51.4896782922772,1,200
63.598307736222,0,200
93.3269842505199,0,200
76.8215081355652,0,200
60.7358222566464,0,200
47.6201618994716,0,200
41.9067130876959,0,64.5503707798932
32.1274825387959,0,11.2945370426874
30.677228255839,0,3.39672743654138
31.3455128035999,0,7.03607826140781
52.6384167131759,1,200
68.9268379650325,1,200
64.1641966811156,1,200
61.1983201987815,1,200
63.2356461840043,1,200
48.1202545474861,1,200
58.1291284488008,0,200
85.5318674796269,0,200
81.9584655070023,0,200
69.8310213230396,0,200
56.2663812898116,0,200
37.6919115778527,0,41.5973616120314
33.9564313988172,0,21.2546454495911
35.4973265744587,0,29.6460681561205
30.3622895609172,0,1.68163107079936
26.6327340987233,1,8.91881517032787
53.2417786395689,1,200
56.2637599451881,1,200
72.1061635236647,1,200
69.435385874421,1,200
51.8736358817999,1,200
47.9870447715297,1,200
66.4250745589355,0,200
94.8317766977191,0,200
87.4214996491577,0,200
55.534340859908,0,200
43.7832868235345,0,74.7698352225908
41.8360439171281,0,64.1655198880683
33.2144051078552,0,17.2137110854297
22.7633819006347,1,0.494731522454972
32.1742607785297,1,20.9834404351639
50.3824699780002,1,200
69.3805347902035,1,200
74.9157927746704,1,200
62.7028070801769,1,200
61.441232143173,1,200
27.6216207884753,1,11.0717502783944
88.6628189930453,0,200
96.324278854385,0,200
67.5411865680108,0,200
55.4314096766898,0,200
46.1514721807144,0,200
40.6822928932928,0,57.8824107628402
31.8317474228327,0,9.68401972363728
22.9592786299832,1,0.921224214226908
27.7344573045785,1,11.3174100688516
60.6521601173583,1,200
65.2941290159966,1,200
64.3992727563336,1,200
57.9816959028815,1,200
63.5882602968313,1,200
34.2037508945778,1,25.4019047219162
72.4934055098651,0,200
77.1675566284,0,200
74.9122883154967,0,200
64.016177614362,0,200
58.2159286256931,0,200
38.6267418015596,0,46.6882696049769
33.4363984806168,0,18.4226448651823
33.7413513144805,0,20.0833601266464
22.6090152779083,1,0.158655281339117
47.1486067699177,1,200
58.7890255038719,1,200
58.5370239512384,1,200
70.5896094037412,1,200
67.2162677243628,1,200
47.0075611247877,1,200
62.2463757775343,0,200
84.3881023168501,0,200
81.1772639149648,0,200
70.4870155802668,0,200
46.5777916335964,0,200
38.270323376087,0,44.7472824983811
33.6176802659866,0,19.4098710659515
36.6449324530275,0,35.8957119864085
25.5576528480598,1,6.57822327788582
49.2407838393581,1,200
52.8272611602676,1,200
68.6094852634883,1,200
74.3837372577604,1,200
64.6461026353124,1,200
38.6545245853734,1,35.0918186789696
61.6933127035246,0,200
85.9412877830253,0,200
82.98954406845,0,200
68.1301219275143,0,200
44.8855722557609,0,80.7726725026871
38.1197673170511,0,43.9273827723186
38.5460867699331,0,46.2490376088715
31.5536795995115,0,8.16971512754337
22.8127478764306,1,0.60220768078154
35.445736158647,1,28.1058683877496
45.9011363974275,1,200
72.7476077742429,1,200
68.5648208091967,1,200
51.6573658925993,1,200
59.458757242168,1,200
63.4472146517016,1,200
42.7761917708616,1,44.0652249138423
94.0321396698813,0,200
92.9644206797806,0,200
75.9139469939796,0,200
70.3379958075478,0,200
52.3895627696405,0,200
39.7804928253946,0,52.9713787302037
34.8059977319477,0,25.8812224752255
36.6380191646022,0,35.8580635295988
23.0627121030791,1,1.14641235548222
30.5812103610459,0,2.87383220308401
22.8965916765917,1,0.784746552859764
31.69313841125,1,19.9359743841726
61.5564194200304,1,200
69.6696783627216,1,200
56.4012010904988,1,200
68.297617670366,1,200
60.1248061219523,1,200
45.8234750521009,0,200
94.513765430164,0,200
76.2219724004763,0,200
62.7687131252086,0,200
54.8576067374054,0,200
45.3587484413017,0,200
34.4741598875422,0,24.0740965483951
22.8143150502654,1,0.605619622315841
35.4010717043557,1,28.008628054026
69.4309977876836,1,200
80.25248983427,1,200
71.9303266194016,1,200
57.4292671261192,1,200
55.8464215529844,1,200
67.6233778859537,0,200
95.0629877883813,0,200
72.5840464025507,0,200
59.7806362392435,0,200
60.9044296799033,0,200
40.0501110739742,0,54.439668545754
39.1882544503102,0,49.7461609302369
27.9256525124225,1,11.7336669360206
64.9846121836266,1,200
63.8233363720493,1,200
77.966296644083,1,200
63.384527698309,1,200
35.6916667935202,0,30.704408108639
100.645852263238,0,200
79.829172672068,0,200
61.661050690874,0,200
49.0427630287278,0,200
38.3732545593055,0,45.3078261886484
32.8234202402572,0,15.0844816947893
23.615924466759,1,2.35082771704549
36.9541409746293,1,31.3898621143911
69.8636944834684,1,200
67.2040437684514,1,200
63.286579333635,1,200
62.2718342756103,1,200
41.4127505345979,1,41.0968357791135
77.9702662288712,0,200
99.3999240604014,0,200
68.1656869557459,0,200
54.2546143581042,0,200
41.6524577022834,0,63.1657442016969
41.2299789651931,0,60.8650051744819
31.469951995252,0,7.71375048396923
25.2935840568983,1,6.00331112937771
40.8203588250483,1,39.8071218791958
62.5312015452676,1,200
68.6541497177798,1,200
59.4979365880378,1,200
50.5062767109486,1,200
30.0507402323932,1,16.3602596563589
79.5779898592888,0,200
79.7554309288667,0,200
71.3519447765643,0,200
46.1706757596731,0,200
38.723527839511,0,47.2153480003015
37.5812989630507,0,40.9949863030871
34.5809317865523,0,24.6555560480003
30.4321905883268,0,2.06229880075772
30.0972801712879,0,0.238440226456
34.7729675761388,0,25.7013465149162
30.9377606228829,1,18.2914185647015
48.8599605975048,1,200
55.7480813948516,1,200
58.6301140770247,1,200
69.4314679398339,1,200
66.9874603444839,1,200
43.7635112867781,1,46.2147480803729
77.0715387336065,0,200
84.6316036980458,0,200
75.2153976057802,0,200
64.1470692085441,0,200
43.7733009624761,0,74.7154541183116
35.9282548862907,0,31.992821963879
32.8794946908165,0,15.3898525111293
35.9436177494575,0,32.0764852012317
23.2625267670144,1,1.58143490108908
22.5980450610649,1,0.134771690599993
32.5464645642915,1,21.79377654953
48.9923867865443,1,200
63.6594099889306,1,200
63.7529702668674,1,200
53.6218182945048,1,200
53.8404390444574,1,200
34.9011432510586,1,26.9202187046247
77.7728534371765,0,200
93.6150379348996,0,200
63.2372804517994,0,200
48.1048602323878,0,200
43.1764537284413,0,71.4651373471378
39.06765597445,0,49.0894045170146
32.0560452250697,0,10.9055029889946
31.1519407276966,0,5.98192147075593
35.0226141026012,0,27.0608741219063
24.162084548182,1,3.53988934170444
39.3190062913228,1,36.5384818894587
55.0847750692781,1,200
51.1605717869718,1,200
64.4886016649165,1,200
57.7387839584895,1,200
46.2553176840893,1,200
35.9589855895397,1,29.2232792401914
77.6591682497412,0,200
82.9831684802358,0,200
75.1458038356337,0,200
48.3068818830328,0,200
40.7560346364939,0,58.2839943021351
37.0881510553928,0,38.3093963840485
35.6793765029869,0,30.6374775187575
23.1849516621924,1,1.41254379514758
42.117978760252,1,42.6322094694915
53.1790916861774,1,200
66.505554390287,1,200
66.9459302378621,1,200
58.0012855758164,1,200
37.9022811446755,1,33.4540867425661
70.1121617189941,0,200
86.9222065962328,0,200
75.939295718205,0,200
51.1981727310462,0,200
40.3020620299115,0,55.8117456383468
35.3129722164559,0,28.6421093078825
37.2801868449793,0,39.3551868509647
30.4291180156933,0,2.04556615328638
27.3896790609256,1,10.5667829313339
44.9200855768509,1,48.7327609325928
64.1665474418676,1,200
69.483184676382,1,200
61.5446656162693,1,200
49.4445164378803,1,200
35.4574899624081,1,28.1314579492563
77.625369950774,0,200
93.8431764529282,0,200
68.8854370951159,0,200
49.3891955931419,0,200
40.6538715964338,0,57.7276337737357
39.8311902738456,0,53.2474674134701
30.6626335358306,0,3.31724736105644
30.2363140829486,0,0.995592524503609
31.0444006855283,0,5.39627880928367
33.0254418909021,0,16.1846532659844
38.9350487018,1,35.7025562135861
55.7335850368798,1,200
50.6793710610005,1,200
58.0914764300084,1,200
60.6082792499842,1,200
50.6018743148705,1,200
36.7056157625366,0,36.2261817739529
76.3771373184622,0,200
78.7023066587748,0,200
68.2463419873721,0,200
44.6420708745652,0,79.4466101906378
38.7995740121872,0,47.6294810252
34.3435755506234,0,23.3629590308924
37.4130756113731,0,40.0788738540697
30.4667570304523,0,2.2505410848022
23.2687954623535,1,1.59508266722585
23.3079748082232,1,1.68038120558018
51.6072163298861,1,200
55.967093938263,1,200
57.4339686476235,1,200
50.2845216133262,1,200
56.7083671621173,1,200
47.0937556857001,1,200
70.7220673867206,0,200
80.5251103735293,0,200
66.2906495062238,0,200
53.7660753093963,0,200
48.6886490327306,0,200
34.8359553151229,0,26.0443657880632
32.1920065640969,0,11.6459226395709
32.8887124087166,0,15.4400504535411
30.4010035844682,1,17.1228285892469
57.1722506172142,1,200
58.2124622500538,1,200
54.5092304784526,1,200
65.5895412838542,1,200
60.9710799927375,1,200
31.7119444972673,1,19.9769176825824
88.8079980499716,0,200
78.1753604521495,0,200
69.5122419123261,0,200
59.7537512287013,0,200
41.2468781146769,0,60.9570347355716
35.3844095301818,0,29.0311433615739
32.331808618916,0,12.4072580994864
36.3246167559971,0,34.1513334875926
22.6936426649868,1,0.342900124184382
29.4708859135225,1,15.0978412887157
45.6057241295699,1,200
57.2372883313578,1,200
66.8550341554445,1,200
63.2191908587391,1,200
53.7675654611398,1,200
50.8471370200146,1,200
62.338552956535,0,200
96.9311119494782,0,200
83.2858168846239,0,200
54.0579697095676,0,200
42.233173929993,0,66.3282145736501
41.3613314452703,0,61.5803258538524
32.1067426735205,0,11.1815916722604
23.5579390348717,1,2.22458588028076
45.8251284664403,1,200
54.6679068292247,1,200
66.6795106859483,1,200
68.6525825439449,1,200
55.5055612439184,1,200
51.3721402546683,1,200
52.5216833928761,0,200
89.9732712211823,0,200
90.0316501012163,0,200
58.4986053079646,0,200
46.8850488969348,0,200
39.9003231580967,0,53.6239519815594
37.0435987522087,0,38.0667729957241
30.3469266977504,0,1.59796783344689
32.3341125096778,1,21.3314584716493
53.2206217927992,1,200
69.8702766135744,1,200
69.5254983699213,1,200
61.7820924522396,1,200
53.6523781842829,1,200
30.0765403060129,0,0.125494856031083
87.5904911439934,0,200
92.2807732688529,0,200
66.650908647488,0,200
53.1500244964029,0,200
40.7114823333099,0,58.0413709138113
40.7291496259518,0,58.1375836367667
31.4522847026099,0,7.6175377610125
30.3361726935336,0,1.53940356729972
33.7290610239468,0,20.0164295367628
39.4099023737404,1,36.7363744984406
57.5577753805716,1,200
59.3435699653114,1,200
55.3112316884047,1,200
66.4679422182523,1,200
57.9934497066424,1,200
37.7426090263036,0,41.8734502952978
72.1684809538855,0,200
76.7850213355439,0,200
70.8395932899474,0,200
61.5496699329139,0,200
40.023226063432,0,54.2932578803851
36.3384433328475,0,34.2266304012113
35.0118600983842,0,27.002309855758
34.9673077952002,0,26.759686467434
22.622336255504,1,0.187656784379479
36.0820087355706,1,29.4911166506242
48.1641354148595,1,200
61.2982275307492,1,200
65.2553414635857,1,200
57.6713954835938,1,200
49.6247414288808,1,200
31.9391847033117,1,20.471649205038
72.7023404489359,0,200
93.0289447050817,0,200
64.1290946586389,0,200
51.450891830142,0,200
42.4275141490544,0,67.3865545261685
41.9351343845546,0,64.7051477689959
31.8747634397001,0,9.9182767882266
30.3162009714166,0,1.43064135874051
33.0469498993358,0,16.3017817982789
42.2268973417697,1,42.8693394061166
62.3784020963758,1,200
66.2877172272518,1,200
66.4389495023085,1,200
69.5059086969863,1,200
55.9091085063748,1,200
52.9979321510493,0,200
99.2532087171574,0,200
85.7365776313261,0,200
63.6048369530678,0,200
56.0797225023336,0,200
35.777698827255,0,31.1729222378179
33.6253616975701,0,19.451702684628
33.3810921732162,0,18.1214572107118
33.9541269693421,0,21.2420959639879
36.7535427237767,1,30.9531335980173
60.0237234096086,1,200
58.6399089134921,1,200
71.4954358802482,1,200
70.2087861618882,1,200
50.0870577101431,1,200
30.8600463275256,0,4.39231996104638
78.0317176815389,0,200
89.779699145279,0,200
79.6110200150978,0,200
51.5423008659852,0,200
40.7260770533184,0,58.1208509892962
38.0490981464833,0,43.5425318804937
36.6933254720031,0,36.1592511840706
22.5533806067734,1,0.0375313568758831
37.5026518168047,1,32.5840416513518
52.6650586683674,1,200
71.8629381445057,1,200
73.2193270985136,1,200
62.5844854556503,1,200
54.5456672701115,1,200
31.7971809807071,0,9.49577743959247
87.9407644241994,0,200
97.6961825351905,0,200
64.5193113830783,0,200
53.1669236458864,0,200
43.6665290634662,0,74.1339946187077
41.4773210621805,0,62.2119832958691
31.6089859069125,0,8.47090278201566
30.550484634712,0,2.70650572837737
30.9009320377654,1,18.2112379386484
65.8927894208854,1,200
73.5210080617101,1,200
68.8688525331455,1,200
60.041745908709,1,200
61.7233234334347,1,200
33.441007339566,0,18.4477438363831
90.8136198364134,0,200
88.539916087709,0,200
72.7061811647276,0,200
56.502201239424,0,200
50.075915576703,0,200
36.2524112991127,0,33.7581162720326
32.5345984127192,0,13.5116128325485
33.8988206619412,0,20.9409083095161
25.4205251375158,1,6.27967839364537
47.924357818137,1,200
65.2024493466618,1,200
62.5484404574504,1,200
71.7038700002748,1,200
65.0614037015311,1,200
39.5948288862451,1,37.1389835994726
68.7755926234723,0,200
87.0036297710176,0,200
78.8209847767391,0,200
68.7006986655338,0,200
43.7118495098085,0,74.3808011688993
38.5560726309916,0,46.3034187131507
34.2859648137474,0,23.0492218908175
36.9283772784569,0,37.4392987155752
30.2993018219329,0,1.33861179765174
25.1454861295107,1,5.68088265439798
38.9334815279651,1,35.6991442720519
60.5048457768882,1,200
69.0475103503114,1,200
62.6260155622721,1,200
54.6005183543291,1,200
58.9650974842101,1,200
35.6916667935201,0,30.7044081086388
88.9232195237236,0,200
89.1976002598846,0,200
63.9115565161954,0,200
53.441150753416,0,200
48.1939648387557,0,200
33.6660732849626,0,19.673410263615
32.1651215535548,0,11.4995119742029
31.7756729722735,0,9.3786489072983
24.9652611385103,1,5.28850937796815
52.7825967059763,1,200
67.2079381954308,1,200
63.4124469001759,1,200
72.18029084605,1,200
67.1614166401452,1,200
42.956416761864,1,44.4575981902764
77.6553275339505,0,200
90.3296896466546,0,200
78.6169659538827,0,200
68.5851699345185,0,200
45.1144789169477,0,200
38.6705259615852,0,46.9267098314329
34.4219261527747,0,23.789641541394
37.3385657250136,0,39.6731071529066
30.11494746393,0,0.334652949413002
22.9436068916353,1,0.887104798885013
32.5582183680524,1,21.8193661110362
61.0933195518506,1,200
63.4221398703442,1,200
63.2999003112305,1,200
57.3462069128755,1,200
60.046447430213,1,200
33.0362063876625,1,22.8600082789592
90.0646802570255,0,200
81.50910175937,0,200
72.3543715982055,0,200
54.7961552847377,0,200
50.2840823726147,0,200
34.8136791635311,0,25.9230540939022
32.2373270104393,0,11.8927291897631
35.5080805786756,0,29.704632422268
30.0765403060127,0,0.125494856029863
30.1369347933067,1,16.5479164407389
53.3702868940213,1,200
52.3978555295361,1,200
65.7540945365067,1,200
64.3937876479119,1,200
51.3635207985766,1,200
64.2699809149636,1,200
24.0171209684644,1,3.22428474979368
91.2130542787522,0,200
97.0209846990047,0,200
67.9137359998085,0,200
53.1984175153785,0,200
47.2744974782161,0,200
37.2886364197211,0,39.4012016315088
32.5207718358689,0,13.4363159189305
22.6340900592649,1,0.213246345885812
27.095833966903,1,9.92704389367631
60.8684301065587,1,200
72.2100671489112,1,200
65.5746531324236,1,200
74.4479913849866,1,200
61.5430984424347,1,200
38.9485937849064,0,48.441014427527
87.7794543609467,0,200
84.8282483465823,0,200
74.1280141508257,0,200
61.5089583455216,0,200
45.7167031530908,0,200
36.1963368485534,0,33.4527454556932
33.0131516003686,0,16.1177226761018
36.2623971601712,0,33.8124973763123
23.695850332333,1,2.52483673528806
38.7885179482474,1,35.383539680141
52.0601295681395,1,200
63.6253239580239,1,200
68.7377584418657,1,200
57.1644147480402,1,200
34.8776356435368,1,26.8690395816121
55.9575877401565,0,200
67.2131894393972,0,200
71.2305781575455,0,200
55.6818243463104,0,200
45.7505014520582,0,200
42.0349929951396,0,65.2489588117924
41.9919769782721,0,65.0147017472028
31.3908332499423,0,7.28288481159962
30.9560642223186,0,4.91521519450296
30.1925299229229,0,0.757152298046815
47.987828358446,1,200
56.5688886908212,1,200
56.6464637956431,1,200
53.3209209182257,1,200
59.5136083263856,1,200
52.1243836953657,1,200
31.3516579488667,0,7.06954355634915
64.4340474925021,0,200
65.9764789544603,0,200
53.5717350903348,0,200
56.1980165487187,0,200
44.8510058136352,0,80.5844302186413
36.2616290170129,0,33.808314214445
41.1815859462175,0,60.6014659768201
30.5020916157363,0,2.44296653071477
26.689152356776,1,9.04164506555881
43.9633259507133,1,46.6497706259797
43.0550703547628,1,44.6723799098502
52.3054706319753,1,200
52.0084128315917,1,200
45.0956090463468,1,200
45.6597916268703,1,200
36.275455593863,0,33.8836111280622
67.1647964204214,0,200
72.5456392446335,0,200
56.7898708522241,0,200
50.426572928488,0,200
50.6205290759702,0,200
34.7445462792799,0,25.546569525812
32.4731469600516,0,13.1769598831361
31.403891683634,0,7.35399856334876
31.7236983010282,1,20.0025072440887
57.7685602613506,1,200
58.5121842459569,1,200
50.4600450828222,1,200
61.671606696887,1,200
54.5456672701116,1,200
45.7620235994334,0,200
84.336636725241,0,200
67.7908330944732,0,200
64.7912340611328,0,200
60.1800706815833,0,200
38.539173481508,0,46.2113891520623
35.7807713998886,0,31.1896548852892
35.3014500690805,0,28.5793618798665
35.289159778547,0,28.5124312899843
31.7315341702024,1,20.01956695176
57.1510937704445,1,200
53.4633770198076,1,200
61.1036628991604,1,200
65.3395770572056,1,200
48.5253689837779,1,200
37.2519040032391,1,32.0381310058847
59.888176281412,0,200
80.1901999564906,0,200
77.8604217572278,0,200
55.0473380975169,0,200
46.8658453179761,0,200
43.5490031602391,0,73.4939708529542
37.1895459522944,0,38.86157375058
32.3341130483909,0,12.4198075850886
31.0597635486953,0,5.47994204663733
30.7064176958562,0,3.5556875875127
49.7172046851332,1,200
58.1940479574952,1,200
52.3022579256142,1,200
63.2975495504785,1,200
