32.6707403561099,1,40.8487251478958
32.6707403561099,1,40.8487251478957
32.6707403561099,1,40.8487251478958
32.6707403561099,1,40.8487251478958
32.6707403561101,1,40.8487251478964
25.9324857632536,0,70.2901802524689
25.9324857632534,0,70.2901802524678
25.9324857632534,0,70.2901802524678
25.9324857632534,0,70.2901802524677
25.9324857632534,0,70.290180252468
32.6707403561099,1,40.8487251478958
32.6707403561099,1,40.8487251478957
32.6707403561099,1,40.8487251478958
32.6707403561099,1,40.8487251478958
32.6707403561101,1,40.8487251478964
32.6707403561099,1,40.8487251478958
34.312420725453,0,110.705291165895
24.157055398411,0,61.7275582944404
22.557722672198,0,54.0142276052476
15.305438936298,0,19.0376015473874
12.5830320769921,0,5.90786060469084
12.5519560231163,0,5.75798567489673
15.7730251422898,0,21.2926964212727
22.0277455189087,1,11.4930082556612
45.287479785343,1,200
54.026495280262,1,200
57.2232124608825,1,200
70.5660000682086,1,200
61.6441261818407,1,200
27.2094676476604,1,25.7853357586465
55.7317715340823,0,200
72.2591733035199,0,200
55.9099890895664,0,200
44.476747519194,0,159.726243784547
22.6104796938943,0,54.2686664395505
16.3475707895285,0,24.0636398907291
17.3224916425159,0,28.7655301300965
12.0171588168815,0,3.17874269703709
29.101207472443,1,31.0031696089435
50.9325900466406,1,200
59.518121992111,1,200
67.0608470465913,1,200
64.1923937253179,1,200
42.8515710125148,1,68.9296917412984
31.9549768244552,0,99.3357092824099
66.789065122451,0,200
65.7772866241689,0,200
52.6964360392373,0,200
26.9343873761949,0,75.1221944618889
19.4638485642371,0,39.0929584319841
16.1184752295605,0,22.9587479664307
15.2136561725254,0,18.5949476849715
21.1971718613663,1,9.20210371968062
41.4437817096788,1,65.0466997028622
53.1915153964197,1,200
71.0910753689538,1,200
64.5896884633643,1,200
51.4951182709352,1,200
30.6683552931292,1,35.3257074336864
40.98871341626,0,142.904002827334
75.0495138619962,0,200
67.2588194252247,0,200
36.9278681435121,0,123.319183513021
26.1415866528982,0,71.2986410203869
20.3101290081574,0,43.1744361712727
16.36347016593,0,24.140320087368
12.1790433766066,0,3.95948651736224
28.0672130340525,1,28.1511858895264
50.7409192025926,1,200
70.8656234566059,1,200
69.2948037806705,1,200
51.120589035439,1,200
48.7779453859607,1,200
21.0205420537373,0,46.6006467756473
76.4009608561296,0,200
77.5449932581161,0,200
44.2495309764371,0,158.630414065305
27.8897953581442,0,79.7299771871998
24.0840628067492,0,61.3755264825973
14.7525742568797,0,16.3712219824387
12.2122875272645,0,4.11981783760755
26.1505045935704,1,22.8644831141877
45.0370592572952,1,200
66.2060391443993,1,200
64.5537042819143,1,200
55.1449423894018,1,200
53.6247943159163,1,200
19.5499775962315,1,4.65878022347891
64.2090299518323,0,200
79.2223774684823,0,200
51.2871731309159,0,200
33.745824766415,0,107.972687794758
26.4827005466049,0,72.9437797846435
14.3391904704386,0,14.3775368698226
11.5683627830009,0,1.01426987372668
22.7173199348522,1,13.3950059208116
45.7736334204385,1,200
65.4224652340565,1,200
61.6279700187416,1,200
55.4467688909489,1,200
54.8071317064053,1,200
27.0111874641611,1,25.2384354715393
63.1538895179084,0,200
70.2175488337724,0,200
55.4538215266265,0,200
39.0653224910256,0,133.627790312096
29.5216495360876,0,87.6001537331541
15.0279225481978,0,17.6991835696874
13.0202649280353,0,8.01656601226471
13.9171342968698,0,12.342026195405
27.2608736211602,1,25.9271247219705
57.9641928503255,1,200
63.0827590687782,1,200
56.7914022834863,1,200
66.2633200862985,1,200
51.8990223484329,1,200
29.4110766002053,0,87.0668778201708
69.7593577138357,0,200
65.7462105702931,0,200
50.854999172364,0,200
37.828351006983,0,127.662071013577
19.0475739820867,0,37.0853314654342
14.759801246153,0,16.4060766172739
16.6677264143422,0,25.6077002139618
11.3963604382927,0,0.184729564630357
27.3512012603093,1,26.1762681860957
49.7987211454511,1,200
52.0738026583302,1,200
63.853114300221,1,200
58.4672370195709,1,200
37.2703510325673,1,53.5354614376307
35.1709870511379,0,114.846021784404
65.686949258251,0,200
55.1192841931589,0,200
45.0903911784022,0,200
22.0626739069671,0,51.6266851189858
17.1562708892267,0,27.96387352887
17.3716351695755,0,29.0025416469817
12.0308900965009,0,3.24496650322481
17.9115957836967,1,0.139763406704364
26.7167046731151,1,24.4261872673623
45.0120906415956,1,200
58.4760494721707,1,200
56.9184484751352,1,200
47.5581550719219,1,200
51.0838704829395,1,200
18.3235779427427,1,1.27610066990893
59.1602552454044,0,200
65.8358252372839,0,200
45.017759936204,0,200
30.6020844324675,0,92.8109216411273
25.6949587157996,0,69.1446245875266
15.7188227227391,0,21.0312866600034
13.4806241447536,0,10.2368062513138
12.3026248931823,0,4.55550077305596
16.2565107246832,0,23.6244714917969
17.9505174493463,1,0.247117907506216
29.2781908954915,1,31.4913287540996
42.9352893122147,1,69.1606051958552
48.9107931089044,1,200
56.6607576736927,1,200
50.4552488641451,1,200
45.1574961094942,1,200
35.9778579845794,1,49.9704817883601
46.0114709613026,0,200
65.3920880958943,0,200
58.5820961035291,0,200
31.4454740806781,0,96.8784575264798
22.6220428767318,0,54.3244338552881
19.5968251668684,0,39.7342837129652
13.5268768761038,0,10.4598759142641
12.5772504855733,0,5.87997689682204
17.9160020099966,1,0.151916746417667
14.7453472676062,0,16.3363673476024
23.9466570725408,1,16.7857877008569
46.68498789348,1,200
49.2920051209558,1,200
54.8159441590047,1,200
59.3110293560132,1,200
49.3066925419556,1,200
19.9979439367275,1,5.89436976101069
54.9353573161499,0,200
58.0689798651146,0,200
48.162222969079,0,200
36.7132265620907,0,122.284000858393
21.1058205271634,0,47.0119314667085
16.0664409067916,0,22.7077945956115
17.9411219243227,0,31.7490868720531
18.1612819406945,1,0.828452657131895
11.8820141174682,0,2.52696102560578
19.7335703587299,1,5.16516937820523
36.9523683679201,1,52.658395421645
54.684932363686,1,200
53.9621643762826,1,200
45.2647142827932,1,200
58.5112992825705,1,200
53.5440135004165,1,200
29.7362911175088,0,88.635336387781
71.1093593101152,0,200
53.8267371616038,0,200
46.0671187787079,0,200
36.3713899694567,0,120.635376630652
17.5190657507536,0,29.7135761976344
14.7641374397172,0,16.4269893981763
13.1734771006325,0,8.7554842707872
15.5497111737404,0,20.215688204842
18.3015468112432,1,1.21533397134247
20.5780970662221,1,7.49455948994469
36.2202004310769,1,50.6389154725979
52.7846738347236,1,200
55.1118956921519,1,200
49.3360673839556,1,200
45.0906683439448,1,200
44.8710913999969,1,74.4999724432864
26.0794345451468,0,70.9988911607988
69.0084735283252,0,200
52.6397041734408,0,200
40.9182502708435,0,142.564170137681
25.7354298557309,0,69.3398105426081
25.0394707886982,0,65.9833092079071
13.8947306301221,0,12.2339768274135
12.0879833117611,0,3.52031811842902
16.2109806922605,0,23.4048872923303
18.2376565298937,1,1.03911054549763
18.8288252251382,1,2.66968362371525
36.9641183047203,1,52.6908043275482
45.1222462990944,1,200
55.0208336819529,1,200
55.549580837948,1,200
42.6437440053674,1,68.3564592181506
43.2481313795119,1,70.0234923155086
21.3051244057154,1,9.49986054265962
63.8223860257027,0,200
63.1575030125459,0,200
40.1055753270448,0,138.64476645038
28.8271358669099,0,84.2506233254216
20.0846469428258,0,42.0869715643908
20.7437483645638,0,45.2657142614279
12.1667574948417,0,3.90023363814092
18.0026577938959,1,0.390932427448553
14.1512887493294,0,13.4713163640895
38.494547572906,1,56.9120643213437
53.8612617940137,1,200
55.9079539103445,1,200
49.5328788253538,1,200
58.2858473702225,1,200
47.118266812976,1,200
37.975058889234,0,128.369620100747
66.4392788416163,0,200
57.2405500846998,0,200
41.8185885945291,0,146.906360545542
32.6653898700353,0,102.761919886786
16.6503816400859,0,25.5240490903554
13.7581405328539,0,11.5752242290137
14.5560001486419,0,15.4231759149008
14.7504061600976,0,16.3607655919875
18.8295595961882,1,2.67170918033423
35.2383463372362,1,47.9307462731238
49.6856280037521,1,200
58.7066419818688,1,200
59.4410130318618,1,200
47.3092032859742,1,200
42.3154801460206,1,67.4510354095009
16.4530848329208,0,24.5725175593338
70.026033618026,0,200
69.3977914404856,0,200
39.2161497571622,0,134.355206541122
26.7970745799998,0,74.4599564000075
20.836253827264,0,45.7118535873286
16.703861360709,0,25.7819733881398
12.3785082805536,0,4.92147443883401
17.9909078570958,1,0.35852352154541
15.6530571203505,0,20.7141094829954
24.791918151083,1,19.1172033692153
46.3038493185336,1,200
46.1010160345254,1,200
53.7681435448744,1,200
57.5191639940298,1,200
48.7096488783111,1,200
34.9791133565886,1,47.2157247866507
37.5775744791945,0,126.45261518477
59.8533235167278,0,200
61.097449720151,0,200
41.1242194651366,0,143.557527230505
22.9754426522029,0,56.0288254987639
18.652980367757,0,35.182268403393
19.1675420040258,0,37.6639184037103
11.5387321269797,0,0.871365870898979
18.4763271211415,1,1.69741644664163
12.6003768512483,0,5.99151172829722
35.0819253035877,1,47.4993027132974
51.1778699773383,1,200
51.3027130558374,1,200
45.1442774305942,1,200
43.9215496323558,1,71.8809277350439
33.4646948836781,0,106.61684249964
60.3976964837499,0,200
44.0874657419801,0,157.84879887911
25.6537648769408,0,68.9459531689614
18.9825310786258,0,36.771639751911
19.9466114477031,0,41.4212480390246
11.6630363424828,0,1.47086559007644
18.8148721751882,1,2.63119804795577
31.9520358885166,1,38.8663804035285
48.094245938417,1,200
63.7818803083717,1,200
60.7122093193999,1,200
50.5389671638443,1,200
45.1207775569946,1,200
29.1581319756336,0,85.8469656009073
64.5255720820086,0,200
58.6377439209344,0,200
40.4611431992984,0,140.359614484309
31.1701257893598,0,95.5504959392301
27.4359404317722,0,77.5411061195043
14.140448265419,0,13.4190344118346
12.5888136684108,0,5.93574431255962
20.1903491518257,1,6.42506559516352
35.7678278642811,1,49.3911725953528
56.0001174771189,1,200
63.3665934796005,1,200
67.1497059436402,1,200
61.6147513398428,1,200
29.7063292176357,1,32.6722282629156
61.563951877751,0,200
62.2136582134342,0,200
53.7716675033399,0,200
41.4788478287846,0,145.267844161905
33.6012849809464,0,107.27559509804
16.7016932639272,0,25.7715169976897
14.4316959331386,0,14.8236761957223
15.0799568709667,0,17.9501369405065
13.5601210267616,0,10.6202072345094
27.6119029830568,1,26.8953407858061
50.3245308172463,1,200
55.1456767604518,1,200
67.4500637030877,1,200
65.6141360781045,1,200
45.2896828984919,1,200
25.3133736821609,0,67.3042998681851
59.0417326213201,0,200
66.5599695624828,0,200
57.1786147866265,0,200
29.1256105239029,0,85.6901197441444
20.1525806419962,0,42.4146051318489
17.1129089535861,0,27.7547457198546
17.8030864292,0,31.0833633466868
18.852325098738,1,2.73450143552027
31.2103211280236,1,36.8205682184358
45.5188066660909,1,200
65.6346984675045,1,200
65.1088887957093,1,200
52.0591152373302,1,200
48.1757611249661,1,200
28.4643410053828,0,82.5009206566563
62.7332787421949,0,200
70.6081676040018,0,200
39.7373602235629,0,136.868922805489
30.3744342703541,0,91.7130006437952
21.7815440242302,0,50.2708398238683
20.9576672470578,0,46.2974114525722
12.6654197547093,0,6.30520344182033
19.5888992618813,1,4.76613472428136
31.3043206224226,1,37.0798394656553
59.1692957433643,1,200
61.5192831033425,1,200
56.1950929908919,1,200
49.1230997794576,1,200
44.9959344784958,1,74.8443170685002
42.9183195522689,0,152.210190328526
70.8882134383479,0,200
55.3592202370373,0,200
40.2251819995203,0,139.221610656915
27.8854591645801,0,79.7090644062985
22.5100245429934,0,53.7841870153309
13.3093444989731,0,9.41075140570222
11.944888924147,0,2.83019634867773
12.5736369909366,0,5.86254957940442
46.0725224377858,1,200
61.3378934539942,1,200
56.8743862121357,1,200
54.0947917879114,1,200
56.0041565178937,1,200
41.8381389635256,1,66.1344236072147
37.7727031895781,0,127.393690325344
63.5542647236578,0,200
60.1922693136521,0,200
48.7822986487406,0,200
36.0201582907675,0,118.941441377627
18.5445755286552,0,34.6594488808534
15.0300906449799,0,17.7096399601386
16.4798246932325,0,24.7014797082265
11.6485823639358,0,1.40115632040392
21.7002160306115,1,10.5896100036294
46.6379881462806,1,200
49.4701635376842,1,200
64.3175305522367,1,200
61.8145002654399,1,200
45.3557762929924,1,200
41.7132958850271,1,65.7900789820022
45.5778516048969,0,200
72.3039806370152,0,200
65.3321040849249,0,200
35.3314262130084,0,115.619794677762
24.2755780224954,0,62.2991743057491
22.4435362416777,0,53.4635243748403
14.3319634811653,0,14.3426822349874
18.0738917857452,1,0.587411419482008
26.8936880961635,1,24.9143464125184
43.9582681848553,1,71.9822055659888
61.7630942919403,1,200
66.9506913890922,1,200
55.5047842038984,1,200
54.3224468134089,1,200
22.6269922957043,1,13.1458624566901
66.4999855515141,0,200
73.7081846528452,0,200
46.6279331463271,0,200
35.2345845567444,0,115.152742570961
26.5036588154978,0,73.0448582256675
21.3580424528066,0,48.2283582224832
13.0311054119455,0,8.06884796451858
18.2574845482436,1,1.09380057420836
22.732741726902,1,13.4375426098084
53.5829351660662,1,200
57.9333492662257,1,200
57.0946975271337,1,200
51.0801986276893,1,200
56.3346234903905,1,200
28.7957091156451,1,30.1605380554775
51.287173130915,0,200
55.684796103806,0,200
53.562952053123,0,200
43.3114677687441,0,154.106282463601
37.8543681683673,0,127.787547698986
19.4241001232333,0,38.9012579403873
14.5408234711676,0,15.3499811817445
14.8277349453236,0,16.733710184733
17.9292206888966,1,0.188376765558152
40.9275188615334,1,63.6227333997723
51.8368211204973,1,200
51.6006473908197,1,200
62.8962288220796,1,200
59.7347614518591,1,200
40.7953320725355,1,63.2581332083718
41.6463694401437,0,146.075774597406
62.4781660208421,0,200
59.4572845045431,0,200
49.3994835326925,0,200
26.904756720174,0,74.9792904590623
19.0887678209455,0,37.2840028839995
14.711380418021,0,16.1725505638734
17.559536890685,0,29.9087621527159
20.6926589500211,1,7.81054632249391
42.8882895650152,1,69.0309695722458
46.249505860834,1,200
61.040473178747,1,200
66.4520534461469,1,200
57.3260244078814,1,200
32.9669366796074,1,41.6656996508544
41.1260262124552,0,143.566240889215
63.9394632519324,0,200
61.1623480838265,0,200
47.1820264139218,0,200
25.3126509832347,0,67.3008144047068
18.9471188311859,0,36.6008520412145
19.348216735862,0,38.5352842746093
12.7694884002468,0,6.80711018345753
18.1201571618948,1,0.715021486473096
29.9596872298849,1,33.3710452964418
39.7584001499444,1,60.3980472624776
64.9186866937611,1,200
60.9986140288973,1,200
45.1530898831943,1,200
52.4644880569264,1,200
56.2024367013928,1,200
36.8297284025706,1,52.3201274662863
71.5516510536499,0,200
70.5470995446413,0,200
54.5053514543799,0,200
49.2592799407878,0,200
32.3726968044609,0,101.350307175931
20.5095939121042,0,44.1364240927434
15.8293956586227,0,21.5645625729932
17.5530326003388,0,29.877392981363
18.3544215268427,1,1.36117404790356
11.8545515582291,0,2.39451341322886
18.1987348642441,1,0.93175604469578
26.4427842714676,1,23.6706546485111
54.4303993577584,1,200
62.0340772093878,1,200
49.5989722198528,1,200
60.7481935008499,1,200
53.0887034494206,1,200
26.1950663735219,0,71.5565653181735
72.0047832810947,0,200
54.795153724245,0,200
42.1378047107371,0,148.445889766245
34.6947284580181,0,112.549101348716
25.7578335224786,0,69.4478599105996
15.5171897220099,0,20.0588423480804
18.1216259039948,1,0.719072599711056
29.9178280800354,1,33.2555885691646
61.8103877875599,1,200
71.9521988621759,1,200
64.1527376886182,1,200
50.5624670374442,1,200
49.0790375164578,1,200
46.705261931553,0,200
72.5215130141459,0,200
51.3724516043424,0,200
39.3265058833678,0,134.887436815067
40.3838144140724,0,139.986669891564
20.7632612356022,0,45.3598217754855
19.9523930391219,0,41.4491317468934
22.9119282631003,1,13.9317784248209
57.6432727014787,1,200
56.5549348053885,1,200
69.8095978867158,1,200
56.1436870173924,1,200
16.6626675218506,0,25.5833019695757
77.7740888180843,0,200
58.1889478870539,0,200
41.0956728575066,0,143.419851422904
29.2238975780216,0,86.1641427779129
19.1856094772097,0,37.7510549908015
13.964109727147,0,12.568581321838
18.872887488138,1,2.79121702084998
31.3733515011218,1,37.2702417878318
62.2159074813663,1,200
59.7233052634791,1,200
56.0518906361433,1,200
55.100880126402,1,200
35.5519227755832,1,48.7956589493955
56.4400164828806,0,200
76.6018711579318,0,200
47.215487374258,0,200
34.127409800053,0,109.813012514096
22.2708111980424,0,52.6304986022613
21.8733267880029,0,50.7134936862842
12.6907142171664,0,6.4271946637467
20.4451759061734,1,7.12793374192333
34.9967382617882,1,47.2643381455038
55.3439569439498,1,200
61.0823323285967,1,200
52.5012066094262,1,200
44.0742988107544,1,72.302243511776
24.9035425506817,1,19.4250879752879
57.9526253378121,0,200
58.1195687900287,0,200
50.2132425248823,0,200
26.5217262886814,0,73.1319948127576
19.5151601880786,0,39.3404263393195
18.4405068831174,0,34.1575421392152
15.6176448729108,0,20.5433217723001
11.7143479663243,0,1.71833349741185
11.399251234002,0,0.198671418564214
15.798319604747,0,21.4146876431987
25.7348505792743,1,21.718018067888
42.5313852347185,1,68.0465490554583
48.9868739496837,1,200
51.6878906715588,1,200
61.8108284101898,1,200
59.5203251052611,1,200
37.7550359255628,1,54.8723288061072
55.5944587378876,0,200
62.7072615808104,0,200
53.8481290498532,0,200
43.4346156659636,0,154.700205441205
24.26618293644,0,62.2538632804627
16.8852587914726,0,26.6568247225226
14.0168667488433,0,12.8230201561409
16.8997127700194,0,26.726533992194
18.5416861445908,1,1.87769098572382
17.9189394941967,1,0.1600189728936
27.2425143449103,1,25.8764858064977
42.6554939421673,1,68.388868124053
56.4013043817299,1,200
56.4889882850991,1,200
46.9941581055274,1,200
47.1990476284753,1,200
29.4492993501397,1,31.9632834463038
56.2542828585532,0,200
71.159225536102,0,200
42.578651056417,0,150.572022491237
28.3414821877344,0,81.9083918644462
23.7046458698934,0,59.5456581537103
19.8389293075289,0,40.9019139799698
13.24213349873,0,9.0866033017279
12.3915168612457,0,4.98421278153799
16.0331967561338,0,22.5474632753666
19.3847441099831,1,4.20302998422562
33.5896833300015,1,43.3833716636845
48.3652288558645,1,200
44.6874986374984,1,73.99358328856
57.1784158268329,1,200
50.8525436021914,1,200
40.0903358645413,1,61.3135988542221
30.4407002676305,1,34.697784881824
56.1473234173062,0,200
61.1563496827296,0,200
53.7826525270355,0,200
28.5315520056261,0,82.8250687606316
21.4274215498316,0,48.5629627169076
17.9765341717625,0,31.9198745827485
16.6511043390132,0,25.5275345538391
18.4689834106415,1,1.67716088045241
36.2128567205772,1,50.6186599064092
46.5792384622811,1,200
59.0686869095153,1,200
59.4814034396115,1,200
51.0985579039392,1,200
32.2619404716137,1,39.721165296706
49.0468064561486,0,200
64.862349782151,0,200
54.5292005189823,0,200
31.2517907681499,0,95.9443533128769
21.0003064837711,0,46.5030537981039
16.30637695067,0,23.8649684721649
18.1572089035987,0,32.7912404536475
11.7114571706148,0,1.70439164347691
22.4096184649051,1,12.5462976974911
38.8389675953528,1,57.8620503756097
56.8765893252856,1,200
61.8592968994894,1,200
54.4193837920083,1,200
43.0792260380135,1,69.5576142931608
29.970702795635,1,33.4014286457259
56.1155246645031,0,200
71.3738671175232,0,200
47.8926562691797,0,200
29.5498347942541,0,87.7360868090143
21.3313025924947,0,48.0993960735894
20.5572920413091,0,44.3664646826612
11.9311576445276,0,2.76397254248998
11.5300597398514,0,0.82954030909528
12.2903390114176,0,4.49624789383526
14.1541795450386,0,13.4852582180231
33.2298415155048,1,42.3908489204214
48.9732880852589,1,200
44.2365213756976,1,72.7496889688912
51.1830840117934,1,200
53.5418103872665,1,200
44.1638920788535,1,72.5493614192822
17.616630105945,0,30.1841137679191
54.9411389075687,0,200
57.1287485606397,0,200
47.2913707616291,0,200
25.0835554232664,0,66.1959224804073
19.5867073818856,0,39.6854872241951
15.3943309043614,0,19.4663135558694
18.2822358180291,0,33.3942256363087
11.7468694180547,0,1.8751793541733
18.5475611129908,1,1.89389543867515
18.5842796654905,1,1.99517326962035
45.1060901359947,1,200
49.1921306581568,1,200
50.5668732637441,1,200
43.8664718036063,1,71.7290109886262
49.8868456714504,1,200
40.8761128880339,1,63.4809444364489
49.6206294044598,0,200
58.8437131152278,0,200
45.4513792926106,0,200
33.667773282262,0,107.596257738531
28.8907333725161,0,84.5573441119773
15.857580916789,0,21.7004956488523
13.37005120887,0,9.70353033832403
14.0255391359714,0,12.8648457179438
25.2318064100288,1,20.3305117839384
50.3215933330464,1,200
51.2964709019123,1,200
47.8258333196445,1,200
58.2102071520733,1,200
53.8818241834134,1,200
26.4604091766673,1,23.7192680073644
66.6365756487812,0,200
56.6329770964815,0,200
48.4823785938927,0,200
39.3012114209106,0,134.76544559314
21.8892261644046,0,50.7901738829242
16.3735879509128,0,24.1891165761381
13.5015824136468,0,10.3378846923388
17.2581714379823,0,28.4553238800567
18.0085327622958,1,0.407136880399686
24.3601079736871,1,17.9261760773
39.4815422640967,1,59.6344124171501
50.3825461301958,1,200
59.3962163978123,1,200
55.9887347258439,1,200
47.130751120826,1,200
44.3937502175013,1,73.1833606409989
41.7330933114243,0,146.494030215433
74.2791168054473,0,200
61.4410930601031,0,200
33.9423988746528,0,108.920733862296
22.8171715871148,0,55.2655089958586
21.9969083045788,0,51.3095079419789
13.2898316279347,0,9.31664389164509
18.8185440304383,1,2.64132583105069
39.687166158095,1,60.2015682704437
47.9745434572681,1,200
59.2317172826137,1,200
61.0808635864966,1,200
48.7595861097108,1,200
44.8857788209969,1,74.5404835756648
32.4970010199642,0,101.949806895109
67.7329099215627,0,200
67.7878350400406,0,200
38.1203213736302,0,129.07019826095
27.1938362911117,0,76.3734758524998
20.62233494477,0,44.6801563961843
17.9346176339765,0,31.7177177007001
11.634128385389,0,1.33144705073269
27.043499790362,1,25.3275599627744
46.6181601279307,1,200
62.2220761981862,1,200
61.8989529361891,1,200
54.6418982201564,1,200
47.0227985764769,1,200
11.379738362964,0,0.104563904508822
65.4910978489404,0,200
69.9038974993049,0,200
45.7903250895351,0,200
33.0881687425318,0,104.800916024688
21.3855050120457,0,48.3608058348597
21.4021270873745,0,48.4409714949817
12.6740921418374,0,6.34702900362363
11.6240106004062,0,1.28265056196247
14.8161717624859,0,16.6779427689947
33.6748703718007,1,43.6183362314772
50.6829038896429,1,200
52.3565355125776,1,200
48.5774620893125,1,200
59.0334370991158,1,200
51.0912141934392,1,200
18.59227365786,0,34.8894894707712
50.981471484649,0,200
55.3248920379885,0,200
49.7312023403435,0,200
40.9908815130417,0,142.914459217783
20.737966773145,0,45.2378305535591
17.2711800186746,0,28.5180622227621
16.0230789711508,0,22.4986667865954
15.9811624333649,0,22.2965099045473
17.9417049967464,1,0.22281122807939
30.5559965224796,1,35.0157972709922
41.8792637423246,1,66.2478547778718
54.1884240967856,1,200
57.896997899251,1,200
50.7893876918921,1,200
43.2481313795119,1,70.0234923155086
26.6733767811656,1,24.3066794268472
51.4837472391534,0,200
70.6078062545382,0,200
43.4177045110638,0,154.618645595689
31.4895587152461,0,97.091070798979
23.0000144157329,0,56.1473312572076
22.536764403305,0,53.9131491642232
13.0715765518768,0,8.26403391960001
11.6052204282953,0,1.19202851138904
14.1744151150042,0,13.5828511955636
36.3149342965262,1,50.900212276437
55.200754589201,1,200
58.8645317576173,1,200
59.0062653702658,1,200
61.8805936599392,1,200
49.1377872004563,1,200
32.9450743549165,0,104.110794254931
76.4638356628091,0,200
63.7468639877951,0,200
42.9244624931512,0,152.239816768136
35.844542451423,0,118.094473751114
16.7436098017132,0,25.9736738797388
14.7186074072944,0,16.2074051987092
14.488789148399,0,15.0990278109268
15.0279225481978,0,17.6991835696876
31.1853525123237,1,36.7516992933928
52.9939695839715,1,200
51.6970703096837,1,200
63.7451617558719,1,200
62.5393244917831,1,200
43.6814102990081,1,71.2185707206626
12.1168912688552,0,3.65973665777417
56.4978323970682,0,200
67.5507897918717,0,200
57.9837013916881,0,200
31.5755598876002,0,97.5058409535272
21.3992362916651,0,48.4270296410474
18.8806305298702,0,36.280189400724
17.6050669231076,0,30.1283463521818
17.877080344347,1,0.0445622456158629
31.8874112361171,1,38.6881314210648
46.0974910534856,1,200
64.0895817783188,1,200
65.3607780658569,1,200
55.3938941753492,1,200
47.8599815734693,1,200
12.998583960215,0,7.91200210775686
65.8206485598097,0,200
74.9989249370821,0,200
43.7848355661545,0,156.389261045354
33.1040681189333,0,104.877596221327
24.1657277855393,0,61.7693838562441
22.1060358426077,0,51.8358129280013
12.8215227230157,0,7.05806355427678
11.8256436011353,0,2.255094873885
25.7003351399246,1,21.6228169067996
58.4944087484206,1,200
65.6435109201043,1,200
61.2835499962947,1,200
53.0108601181216,1,200
54.5868203914065,1,200
14.5451596647307,0,15.3708939626418
68.5235425480781,0,200
66.3843537231382,0,200
51.4873607337901,0,200
36.2420268614625,0,120.011478667091
30.1959276352998,0,90.8520911633464
17.190237738812,0,28.1276903125992
13.6923749304656,0,11.258047052007
14.975888225429,0,17.4482301988688
20.5641440162721,1,7.45607391418534
41.6545462010266,1,65.628034452487
57.8474278533766,1,200
55.3601131070498,1,200
63.94050445517,1,200
57.715241064378,1,200
33.8481819395989,1,44.0963675935381
47.7893103225693,0,200
64.9389558684497,0,200
57.2404055449143,0,200
47.7188471771534,0,200
24.2083670222525,0,61.9750262017758
19.3576118219174,0,38.5805952998957
15.3401284848105,0,19.2049037945997
17.8262127948749,0,31.1948981781615
11.5893210518936,0,1.11534831474981
20.3063797777245,1,6.74510354095004
33.2283727734048,1,42.3867978071835
53.4448734086673,1,200
61.4509865956934,1,200
55.4328158409989,1,200
47.9113875469688,1,200
52.0018342954307,1,200
16.6626675218505,0,25.5833019695755
66.744980487883,0,200
67.0031285447302,0,200
43.2130361748399,0,153.631562337136
33.3620716359954,0,106.12190668497
28.4253152633062,0,82.3127056285421
14.7569104504438,0,16.3921347633404
13.344756746413,0,9.58153911639841
12.9783483902494,0,7.81440913021655
20.1374744362261,1,6.27922551860221
46.2076467109845,1,200
59.7269550875976,1,200
56.1698526579038,1,200
64.387002053566,1,200
59.6833554783596,1,200
36.9986337440709,1,52.7860054886392
56.1437099226704,0,200
68.0682422238503,0,200
57.0484567098119,0,200
47.6101532584808,0,200
25.528015263583,0,68.3394825228164
19.4652939620918,0,39.0999293589515
15.4680461949505,0,19.821830831196
18.2121340220768,0,33.0561356784003
11.415873309331,0,0.278837078687509
18.2427971272437,1,1.05328944183009
27.2535299106601,1,25.9068691557812
53.9963860672122,1,200
56.1789368277923,1,200
56.064374943993,1,200
50.4846237061449,1,200
53.0152663444213,1,200
27.7014962511561,1,27.1424586933129
67.8189110939168,0,200
59.7694904411556,0,200
51.1563646250667,0,200
34.6369125438305,0,112.270264270028
30.3917790446101,0,91.7966517674005
15.8366226478962,0,21.5994172078291
13.4126904455833,0,9.90917268385614
16.4899424782153,0,24.7502761969971
11.3797383629638,0,0.104563904507806
24.9843233661812,1,19.647899203368
46.7584249984794,1,200
45.8470705254379,1,200
58.3644250725718,1,200
57.0895569297838,1,200
44.8777007394466,1,74.518202452856
56.9735263038847,1,200
19.2488854657344,1,3.82830200972867
68.8993459902962,0,200
74.3636725799466,0,200
46.9784421260892,0,200
33.1336987749543,0,105.020500224154
27.5602446472753,0,78.1406058386818
18.1651585917994,0,32.8295805519668
13.6793663497734,0,11.1953087093022
17.9527205624963,1,0.253194577362991
22.1342293211576,1,11.786713965402
53.7856215758642,1,200
64.4149081534659,1,200
58.1962541021234,1,200
66.5122718722463,1,200
54.4179150499085,1,200
19.7269109737905,0,40.3616671400127
65.6688817850673,0,200
62.8922725062106,0,200
52.8250764483044,0,200
40.9525784698925,0,142.729729653152
26.094611222621,0,71.0720858939539
17.1374807171158,0,27.8732514782968
14.1426163622011,0,13.4294908022856
17.1996328248674,0,28.1730013378859
18.9477933352372,1,2.99782379597788
33.0925141291561,1,42.0120698326864
45.5305566028908,1,200
56.3693592410552,1,200
61.160689719631,1,200
50.3142496225464,1,200
29.42726821864,1,31.9025167477367
35.729633321975,0,117.540285057221
46.3193407043512,0,200
50.0990560943618,0,200
35.4701844070585,0,116.289003666612
26.1264099754243,0,71.2254462872328
22.6307152638598,0,54.3662594170908
22.5902441239285,0,54.1710734620091
12.6162762276499,0,6.06819192493623
12.207228634773,0,4.09541959322237
11.4888659009928,0,0.630868890530404
41.7140302560761,1,65.7921045386183
49.7561276245516,1,200
49.8288303585009,1,200
46.71215962233,1,200
52.515894030426,1,200
45.5907750289901,1,200
12.5794185823554,0,5.8904332872732
43.7046159852194,0,156.002374598676
45.1557954313267,0,200
33.4849304536439,0,106.714435477181
35.9558380862338,0,118.631235127586
25.280129531504,0,67.1439685479442
17.1989101259402,0,28.1695158744027
21.8277967555804,0,50.4939094868186
11.7801135687126,0,2.0355106744187
21.7530907462113,1,10.7354500801913
37.9423005433109,1,55.3888457439273
37.091091059264,1,53.0410230669564
45.7604881786436,1,200
45.4820881135913,1,200
39.0034667105511,1,58.3157750582437
39.5322138665464,1,59.7741758238551
17.2119187066322,0,28.2322542171068
46.2738106719285,0,200
51.3363166579753,0,200
36.5126776097525,0,121.316784741695
30.5258396956327,0,92.4432052436079
30.708321174787,0,93.3232847732146
15.7715797444351,0,21.2857254943052
13.6345590162781,0,10.97920997332
12.6285621094146,0,6.12744480415638
26.4714247424172,1,23.7496513566481
50.8804497020913,1,200
51.5773678285348,1,200
44.0309709188046,1,72.1827356712602
54.5383519021072,1,200
47.8599815734693,1,200
26.1372504593345,0,71.2777282394867
62.4297451927102,0,200
46.8628102977141,0,200
44.0406709864344,0,157.623115118546
39.7023093255868,0,136.699877826535
19.3417124455159,0,38.5039151032568
16.7465005974227,0,25.9876157336737
16.2955364667596,0,23.81268651991
16.2839732839222,0,23.7569191041729
26.4787684529174,1,23.7699069228377
50.3017653146965,1,200
46.8456682792185,1,200
54.0060797650722,1,200
57.9759427871254,1,200
42.2178087963715,1,67.1816363791865
31.6524125001196,1,38.0399533030162
39.427683733196,0,135.37540170277
58.5286163829057,0,200
56.3366705362704,0,200
34.8732350930722,0,113.410010829164
27.175768817928,0,76.2863392654097
24.0551548496554,0,61.2361079432533
18.0719304301719,0,32.3799557625829
13.5037505104287,0,10.3483410827889
12.3047929899645,0,4.56595716350748
11.9723514833861,0,2.96264396105442
43.334787163411,1,70.2625079965392
51.2792131822375,1,200
45.7574772573387,1,200
56.0621718308432,1,200
55.2183794944009,1,200
40.5236147840372,1,62.5086772593753
34.8313185552863,0,113.207853947116
52.7506384587879,0,200
54.9797165763104,0,200
49.2120298849179,0,200
26.9271603869216,0,75.0873398270537
20.5052577185402,0,44.1155113118421
16.6785668982523,0,25.6599821662154
18.2995805922855,0,33.4778767599151
11.4953701913389,0,0.662238061882824
27.5693094621572,1,26.7778585019099
39.14152846795,1,58.6965797025981
54.7101947278055,1,200
57.5081484282799,1,200
50.7306380078926,1,200
45.9043514673371,1,200
34.9423948040891,1,47.1144469557058
44.1541347180278,0,158.170332885472
64.9042663199369,0,200
44.27048924533,0,158.731492506329
36.2174550979327,0,119.892972908648
32.0192970289896,0,99.6459155324536
21.4874055608011,0,48.8522561860455
15.4297431518012,0,19.6371012665655
13.0997618100432,0,8.39996699546025
16.9156121464211,0,26.8032141888337
19.608727280231,1,4.82082475299135
40.9165032957836,1,63.5923500504889
42.6136347923176,1,68.2734113967753
50.4029616453856,1,200
54.029579638672,1,200
49.7590651087517,1,200
37.1521172935184,1,53.2093468219872
31.0722593706247,1,36.4397635740815
48.4975552713669,0,200
65.6985124410883,0,200
43.7140110712751,0,156.047685623963
32.1587779219669,0,100.318609984786
25.8488935873241,0,69.8870283095329
25.2107504344789,0,66.8093640535192
13.7986116727852,0,11.7704101840951
12.5143756788944,0,5.57674157374957
16.5181277363818,0,24.8862092728573
28.0539943551527,1,28.1147258703865
46.9258615978778,1,200
45.942538761937,1,200
41.1368146107815,1,64.20001703616
56.7583555862366,1,200
56.1591088094423,1,200
40.6264267310361,1,62.7922551860215
31.5502654251431,0,97.3838497316009
61.170080962349,0,200
54.5388846846088,0,200
46.1333180004528,0,200
26.600500471762,0,73.5119103324696
21.2951676461275,0,47.9251228994098
20.7430256656365,0,45.2622287979445
12.2252961079566,0,4.18255618031216
17.9563924177463,1,0.263322360457537
19.2929477287339,1,3.94983540686263
42.9242737464649,1,69.1302218465721
57.6990849012779,1,200
52.1773489763791,1,200
51.1925573983383,1,200
57.5140233966799,1,200
46.8098309719789,1,200
24.3666380873409,0,62.7383427046824
61.247409747575,0,200
60.9850700369488,0,200
48.6876250892585,0,200
39.7825289065219,0,137.086764273214
20.6570244932826,0,44.8474586433971
16.4754884996685,0,24.6805669273254
16.797812221264,0,26.2350836410079
13.4177493380747,0,9.93357092824142
28.0848379392524,1,28.1997992483805
52.6767212903745,1,200
45.312815586568,1,200
59.6051449615352,1,200
57.8209904955769,1,200
43.0204763540139,1,69.3955697636482
38.1001903190597,1,55.8243404169924
41.0898912660879,0,143.391967715035
64.2054164571951,0,200
63.2391679913358,0,200
36.4899125935413,0,121.206992641962
27.2393663235344,0,76.5930600519664
25.7578335224785,0,69.4478599105994
15.2693039899308,0,18.8633283732078
13.3310254667934,0,9.51531531021016
17.882955312747,1,0.0607666985671258
16.7132564467647,0,25.8272844134274
33.1710918315053,1,42.228804390909
50.8290437285917,1,200
46.131565870205,1,200
53.8499524798437,1,200
57.4266332417306,1,200
48.9534600669092,1,200
33.5397460986018,1,43.2456338135987
32.8149885479956,0,103.483410827889
65.0141165568934,0,200
64.194575973285,0,200
39.4992309270031,0,135.720462587646
26.7211911926285,0,74.0939827342294
20.729294386017,0,45.1960049917564
20.4221473418957,0,43.7146830112291
12.8106822391055,0,7.00578160202293
17.8756116022471,1,0.0405111323780816
22.6490234272028,1,13.2066291552536
48.1456519119165,1,200
57.2554513499771,1,200
56.3097283117959,1,200
47.552280103522,1,200
50.6212167214437,1,200
47.5001397589724,1,200
34.6506438234501,0,112.336488076217
70.2544064790669,0,200
54.9377422226099,0,200
42.4678613108552,0,150.037700939202
37.6664664472578,0,126.881327193252
19.0865997241635,0,37.2735464935489
15.892993164229,0,21.871283359549
14.8595336981266,0,16.8870705780102
15.4702142917325,0,19.8322872216468
25.8244438473734,1,21.9651359753941
53.1452500202701,1,200
54.6852261121061,1,200
64.273174540817,1,200
62.0810769565875,1,200
50.3715305644457,1,200
49.2112243054567,1,200
40.6201369633139,0,141.126416450698
73.8361023629852,0,200
69.0314553542148,0,200
45.0388627448826,0,200
33.5600911420876,0,107.076923679475
27.261769990282,0,76.7011094199575
16.3627474670027,0,24.1368346238847
13.634559016278,0,10.9792099733193
11.415873309331,0,0.278837078687509
23.707252110243,1,16.1254562430942
54.576539196707,1,200
58.6904858187687,1,200
54.1182916615112,1,200
64.8995930464612,1,200
58.7580479553681,1,200
33.1945917051045,1,42.2936222027124
53.7443494838859,0,200
58.1448632524856,0,200
60.7905194857079,0,200
53.4821543130459,0,200
29.2788226965,0,86.4290380026669
21.2207296566111,0,47.5661201605997
18.1875622585471,0,32.9376299199582
18.5489117222192,0,34.6803616617549
11.741087826636,0,1.84729564630451
19.0285741507364,1,3.22063502405721
35.8552180192305,1,49.6322138330032
55.0105524872528,1,200
60.4639919045025,1,200
57.9318805241256,1,200
52.2529891945285,1,200
55.3211914414002,1,200
11.3941923415108,0,0.174273174180235
65.8784644739971,0,200
65.4737530746843,0,200
53.7891568173817,0,200
35.1623146640099,0,114.804196222601
32.593119977301,0,102.413373538427
15.9956164119118,0,22.3662191742192
13.6634669733718,0,11.1186285126631
16.424176875827,0,24.4330990199901
21.0774693802174,1,8.87193799079919
46.474957773182,1,200
56.2384208828414,1,200
49.9096111740002,1,200
59.9939944325067,1,200
54.7212102935556,1,200
39.2458091570492,1,58.9842087424827
24.7063065831927,0,64.3765105419716
62.0264791912521,0,200
61.9740835190196,0,200
53.4014288428616,0,200
29.5006912671945,0,87.4990752921291
21.1744769252611,0,47.3430504976503
21.2807136675807,0,47.8554136297381
12.7745472927383,0,6.83150842784313
11.7772227730032,0,2.02156882048431
27.3218264183095,1,26.0952459213393
47.3576717752738,1,200
61.1973348350256,1,200
57.8837057832463,1,200
50.2540311964471,1,200
52.4204257939269,1,200
42.7340716445166,1,68.6056026822758
42.4557922387684,0,149.979493699026
66.608390390615,0,200
54.6349313720527,0,200
46.8618707891084,0,200
36.5737456691135,0,121.61130640606
20.3195240942126,0,43.2197471965583
17.3130965564605,0,28.7202191048101
14.6535645038335,0,15.8937134851861
15.7809748304906,0,21.331036519592
23.2365202671974,1,14.8270744503767
49.6687374696024,1,200
48.9174758854594,1,200
60.6292253907508,1,200
59.9102761328075,1,200
45.4732756609912,1,200
44.8931225314966,1,74.5607391418534
26.6575936870221,0,73.7872619476727
63.4776586373594,0,200
68.0650250573055,0,200
41.0793771530132,0,143.34125979809
32.4406305036311,0,101.677940743387
26.6655433752231,0,73.8256020459934
20.0868150396079,0,42.0974279548418
13.4900192308091,0,10.2821172766006
12.0879833117612,0,3.52031811842944
14.2560800937941,0,13.9767085692097
47.6132329006715,1,200
55.0707709133522,1,200
47.6345296611214,1,200
49.5174570333037,1,200
56.846480112236,1,200
47.9334186784686,1,200
21.1435627747167,1,9.05423808650038
48.6637760246561,0,200
54.4778888951408,0,200
59.2166257617375,0,200
44.9462127423969,0,161.990400863489
25.6581010705051,0,68.9668659498637
20.2833891478455,0,43.045474022379
21.873326788003,0,50.7134936862847
11.4231002986045,0,0.313691713523446
11.8928546013783,0,2.57924297785921
26.626377033966,1,24.1770438032373
43.4588958708598,1,70.6048270651338
55.5892368746476,1,200
56.2663269827414,1,200
48.4584939792136,1,200
52.9271418184222,1,200
51.2013698509383,1,200
26.4118760517252,0,72.6022043632517
75.5214362615521,0,200
58.2879576401,0,200
44.8826152367907,0,161.683680076933
36.1191680438137,0,119.418949874879
22.1804738321243,0,52.1948156668121
16.333839509909,0,23.9974160845409
13.5189271879029,0,10.4215358159443
16.9878820391556,0,27.1517605371931
21.114187932717,1,8.9732158217444
47.8166536815196,1,200
46.9008929821781,1,200
56.8472144832858,1,200
61.0103639656974,1,200
54.6382263649062,1,200
39.590963550546,1,59.9362203533676
19.6763220488764,0,40.1176846961609
64.8616270832238,0,200
70.0458355686353,0,200
41.2709996172801,0,144.265424864022
33.0520337961647,0,104.626642850509
22.4449816395322,0,53.4704953018067
23.8614715371271,0,60.3020037296504
12.7456393356445,0,6.69208988849949
11.545959116253,0,0.90622050573429
12.0373943868471,0,3.27633567457786
48.3593538874646,1,200
58.6831421082687,1,200
57.4846485546799,1,200
54.3496185422591,1,200
57.0168541958344,1,200
46.0974910534854,1,200
38.7483467414922,0,132.099066028192
58.8928566422872,0,200
57.0853866249991,0,200
48.5430853037896,0,200
40.1200293055916,0,138.714475720052
22.3965608114003,0,53.2369692484068
17.4063247180879,0,29.1698438941935
18.4542381627371,0,34.2237659454041
12.9552220245744,0,7.70287429874148
21.7898092987108,1,10.836727911136
48.2969323482151,1,200
45.5283534897407,1,200
60.2840709972542,1,200
60.5190697332519,1,200
45.3366826456925,1,200
36.4331680355751,1,51.2263268920804
47.7893103225695,0,200
62.2454569662373,0,200
57.3484490345525,0,200
33.9423988746525,0,108.920733862295
26.8635628813155,0,74.780619040498
25.3097601875251,0,67.2868725507717
12.8757251425665,0,7.31947331554616
13.0419458958557,0,8.12112991677285
11.5531861055264,0,0.941075140570227
28.5761321716979,1,29.5548966264272
55.0869270764522,1,200
57.9127868768259,1,200
50.1071569864484,1,200
55.9299850418443,1,200
47.8306067314695,1,200
19.0359178612362,1,3.24089059024609
60.208891388981,0,200
57.5739310998839,0,200
45.3913952816411,0,200
42.8070239174578,0,151.673428952053
23.4040031161181,0,58.0957053445352
18.5416847329459,0,34.6455070269194
14.4439818149036,0,14.8829290749441
17.7828508592343,0,30.9857703691457
18.2354534167437,1,1.03303387564099
27.8836202715543,1,27.6447967348008
38.9197484108519,1,58.0848616036887
52.0943650477299,1,200
53.3655613352683,1,200
53.6365442527156,1,200
45.6399778893398,1,200
38.0194095035603,1,55.6015291889127
40.7198694152876,0,141.607410411435
63.8686387570525,0,200
51.3934098732355,0,200
35.6450775474759,0,117.132485829642
27.1454154629795,0,76.1399497990983
24.9267297560327,0,65.4395769044674
13.4466572951685,0,10.072989467585
12.4204248183396,0,5.12363132088249
13.6923749304656,0,11.2580470520069
12.6083265394491,0,6.02985182661666
39.6093228267957,1,59.98685926884
46.8781274796283,1,200
43.0652729880635,1,69.5191287174013
54.7153353251557,1,200
54.2071505585604,1,200
43.7129882541577,1,71.3056696552752
27.792231002953,0,79.2594396169162
52.6964360392371,0,200
51.7930623800567,0,200
47.8904881723978,0,200
28.1246725095311,0,80.862752819368
20.4416602129339,0,43.8087905252859
16.3164947356527,0,23.9137649609348
18.9825310786258,0,36.7716397519108
0,1,200
19.6307584117308,1,4.88159145155841
32.0122543146161,1,39.0324760462787
47.0800795183764,1,200
57.1425234417645,1,200
53.6959365113838,1,200
46.2171935346344,1,200
45.2397456670935,1,200
14.2777610616146,0,14.0812724737183
65.0401337182777,0,200
60.3751121422704,0,200
35.8308111718033,0,118.028249944925
30.0188663981004,0,89.9981526098661
27.6773218735051,0,78.7052509230242
14.7547423536617,0,16.3816783728892
12.2108421294098,0,4.11284691064028
32.3933928895625,1,40.0837399314899
39.8597433548432,1,60.6775740758857
57.177314270258,1,200
57.5099843559047,1,200
48.1397769435166,1,200
45.9550230697869,1,200
13.208166649145,0,8.92278651799992
58.6044997702768,0,200
63.5679960032773,0,200
38.7208841822532,0,131.966618415815
28.6666967050395,0,83.4768504320639
27.2126264632226,0,76.4640979030729
18.9622955086602,0,36.6740467743704
13.6634669733718,0,11.1186285126631
12.7600933141914,0,6.76179915817126
16.294091068905,0,23.8057155929433
18.7862317042386,1,2.55220133981899
31.6560843553693,1,38.0500810861102
46.474223402132,1,200
39.0313728104509,1,58.392746209762
51.3115255084372,1,200
51.5384461628852,1,200
36.4838396380247,1,51.3660902987848
29.7254228649372,1,32.7248927350117
48.4794877981832,0,200
52.5722040936267,0,200
45.3588015600179,0,200
24.6557176582786,0,64.1325280981198
22.942198501545,0,55.8684941785187
20.3708357180543,0,43.4672151038943
20.0738064589157,0,42.0346896121371
12.3192469685114,0,4.63566643317935
11.4520082556982,0,0.453110252867089
16.0194654765142,0,22.4812394691778
19.0285741507364,1,3.22063502405721
33.5705896827016,1,43.3307071915928
41.7279833060259,1,65.8305901143773
32.8075781617589,1,41.2261538645521
44.4478733638858,1,73.3326441638121
46.4876623923468,1,200
40.8482067881341,1,63.4039732849307
33.9348377234982,1,44.3353832745691
24.1064664734969,0,61.4835758505887
50.0405174812468,0,200
47.3723130414918,0,200
27.6404642282104,0,78.5274922853601
23.2095971046627,0,57.1581156674495
20.8666071822124,0,45.858243053639
24.3998822379986,0,62.8986740249274
13.9959084799502,0,12.7219417151162
12.5938725609022,0,5.96014255694468
15.3112205277168,0,19.0654852552563
11.986805461933,0,3.03235323072629
32.8597185063082,1,41.3699683844938
35.0936752403876,1,47.5317116191998
41.2645951734803,1,64.5524638878491
52.9911055368766,1,200
52.286696825723,1,200
50.0028762973495,1,200
31.8492239415175,1,38.5828024768818
22.2462394345126,0,52.5119928438187
47.6700649995576,0,200
55.1456627040071,0,200
38.8068853546073,0,132.381388570363
28.2786073810554,0,81.6051565413732
22.6430011456247,0,54.4255122963121
23.9626493869553,0,60.7899686173531
13.7646448232,0,11.6065934003662
12.4059708397927,0,5.05392205121051
12.4782407325272,0,5.40246839956988
21.7824655882109,1,10.816472344947
43.5778639809588,1,70.9329672373965
45.6840401523394,1,200
44.3327239832468,1,73.0150368859676
53.9090693493683,1,200
52.6657057246245,1,200
33.0814985634062,1,41.981686483403
42.1233507321903,0,148.376180496574
47.6108036875152,0,200
40.1633912412325,0,138.923603529068
39.4399696149609,0,135.434654581992
28.4115839836868,0,82.2464818223544
19.759432425521,0,40.5185129967741
18.5850466685864,0,34.8546348359342
20.6230576436974,0,44.6836418596681
12.2686580435973,0,4.39168398932768
20.3945043037237,1,6.98817033521853
32.2333000006639,1,39.6421685885685
35.6165474279827,1,48.9739079318593
49.167896413507,1,200
46.4095987497326,1,200
40.644786007286,1,62.8428941014942
49.2780520710061,1,200
36.6307138480233,1,51.7712016225657
36.1936060333303,0,119.777952613689
57.8456658965653,0,200
41.5083339450201,0,145.410051072035
33.3049784207351,0,105.846555069766
32.6422635043603,0,102.65038505531
22.5165288333394,0,53.815556186683
15.941413992361,0,22.1048094129497
14.4801167612708,0,15.0572022491237
18.0430224730782,0,32.2405372232395
18.6026389417403,1,2.045812185093
25.1532287076796,1,20.113777225716
36.7893379948217,1,52.2087218522485
37.9364255749112,1,55.3726412909767
49.8934550109004,1,200
43.0770229248634,1,69.5515376233038
39.1929344414495,1,58.8383686659213
42.9536485884648,1,69.2112441113286
17.6845638051155,0,30.5117473353772
48.0957346677636,0,200
51.2944001201892,0,200
32.2079214490265,0,100.555621501672
27.9432750787678,0,79.9879014849864
27.6245648518088,0,78.4508120887209
17.6383110737654,0,30.2886776724272
14.4728897719974,0,15.0223476142878
12.9624490138478,0,7.73772893357749
12.9552220245744,0,7.70287429874153
38.8088583823031,1,57.7790025542345
48.1845735775662,1,200
47.2967189781245,1,200
46.1459595427849,1,200
54.3797277553089,1,200
47.8056381157696,1,200
13.8080067588406,0,11.8157212093817
52.0611836821015,0,200
51.2665762114865,0,200
