56.9315555094541,1,200
56.9315555094541,1,200
56.9315555094541,1,200
56.9315555094543,1,200
56.9315555094541,1,200
56.9315555094541,1,200
56.9315555094541,1,200
56.9315555094548,1,200
56.9315555094526,1,200
56.9315555094548,1,200
57.9059826761975,0,200
57.9059826761953,0,200
57.9059826761975,0,200
57.9059826761968,0,200
57.9059826761968,0,200
57.9059826761968,0,200
57.905982676197,0,200
57.9059826761968,0,200
57.9059826761968,0,200
57.9059826761968,0,200
56.9315555094541,1,200
56.9315555094541,1,200
56.9315555094541,1,200
56.9315555094543,1,200
56.9315555094541,1,200
56.9315555094541,1,200
56.9315555094541,1,200
56.9315555094548,1,200
56.9315555094526,1,200
56.9315555094548,1,200
56.9315555094548,1,200
52.7813373293789,0,200
42.5034541900805,0,82.3770810491171
40.8848265650268,0,72.0834345013141
33.5450487894169,0,25.4061895364365
30.7897978795308,0,7.88419832740846
30.7583469134741,0,7.68418621643024
34.0182761158579,0,28.4156740897376
32.9188141673981,1,9.26870488606029
55.9001739545789,1,200
64.534600168309,1,200
67.6930587656494,1,200
80.8761587553347,1,200
72.061062614949,1,200
38.0385210047141,1,20.7949617905376
74.4590985365036,0,200
91.185892552491,0,200
74.6394661697341,0,200
63.0682900495867,0,200
40.9382200655362,0,72.4229899454981
34.5997532789477,0,32.1135724202862
35.5864359116622,0,38.3883709711153
30.2170977302212,0,4.24211733013647
39.9076203262744,1,25.0029603429667
61.4777230558356,1,200
69.9605026242974,1,200
77.412955703391,1,200
74.5788322755917,1,200
53.4934183452549,1,200
50.3954524161706,0,200
85.6497911091823,0,200
84.6258061678932,0,200
71.3871437126319,0,200
45.3142928539254,0,200
37.7536268981211,0,52.1706008496227
34.3678938315259,0,30.6390645325007
33.4521587268856,0,24.8154560924371
32.0981808860749,1,7.4211713601263
52.1024775846077,1,200
63.7096133947784,1,200
81.3949499101928,1,200
74.9713721564008,1,200
62.0335188944659,1,200
41.4560123884685,1,28.4889342990574
59.538175106269,0,200
94.0098967370062,0,200
86.1252126890684,0,200
55.4283384026162,0,200
44.5119275106412,0,95.1499474839521
38.6101171597297,0,57.6174422899705
34.6158444708802,0,32.2159041979739
30.3809353208289,0,5.28404088491552
38.8860008213209,1,22.7029362894623
61.2883461447606,1,200
81.1721962255208,1,200
79.6201762531538,1,200
61.6634720567354,1,200
59.3488653658267,1,200
39.32910087208,0,62.1898121754259
95.3776480514455,0,200
96.5354824529177,0,200
62.8383322884853,0,200
46.28122720563,0,200
42.429580990744,0,81.9072851605786
32.9855141607819,0,21.8478345391075
30.4145805403284,0,5.49800732919881
36.9922317105785,1,18.4393973834681
55.6527504807247,1,200
76.5683782149224,1,200
74.9358186366955,1,200
65.6396616072606,1,200
64.1377067952903,1,200
30.4707003820922,1,3.75714156466897
83.0386295088919,0,200
98.2331032020152,0,200
69.9608789729781,0,200
52.2079057622565,0,200
44.8571567194191,0,97.345429260077
32.5671431704848,0,19.187208318898
29.7628872669772,0,1.35357033231042
33.600135698043,1,10.8025987683284
56.3805092615935,1,200
75.7941821838253,1,200
72.045099810184,1,200
65.9378758235483,1,200
65.3058938712678,1,200
37.8426138553258,1,20.353906041639
81.9707594986886,0,200
89.1196372245264,0,200
74.1777952447766,0,200
57.5915797328753,0,200
47.932768632366,0,200
33.264184348378,0,23.6200348711196
31.2323056577301,0,10.6983222141708
32.1399951664031,0,16.4707647653838
38.0893117471476,1,20.9093095772879
68.42517103873,1,200
73.4824778210572,1,200
67.2664165292088,1,200
76.6249736136348,1,200
62.4325890135882,1,200
47.8208617066421,0,200
88.6559183296872,0,200
84.5943552018364,0,200
69.5234911194839,0,200
56.3396850003664,0,200
37.3323302365617,0,49.4913688516403
32.9928283389343,0,21.8943489835189
34.9237713710835,0,34.1741623076167
29.5888098269594,0,0.246526555375743
38.1785583374247,1,21.1102349740087
60.3574243941534,1,200
62.6052775378635,1,200
74.2436133755275,1,200
68.9221947325465,1,200
47.978994881024,1,200
53.6502616938449,0,200
84.534378940992,0,200
73.8392219381166,0,200
63.689336916479,0,200
40.3838053616086,0,68.8971950592615
35.4182098141644,0,37.3185387496981
35.6361723230943,0,38.7046691930863
30.2309946687109,0,4.33049477451938
28.8519268625266,1,0.112714246940044
37.5516554593839,1,19.6988565775374
55.6280806915426,1,200
68.9309017169614,1,200
67.3919422212234,1,200
58.1436736060771,1,200
61.6271929549978,1,200
29.2589783840315,1,1.02913008075825
77.9289446518521,0,200
84.6850510109227,0,200
63.6158294260523,0,200
49.0262382661014,0,200
44.0599113008445,0,92.2753548194591
33.963419779714,0,28.0668157566459
31.6982188060188,0,13.6612923230611
30.5060077672274,0,6.07943788430443
34.5075946342314,0,31.5274904207265
28.8903827103701,1,0.19929185691051
40.0824855966533,1,25.3966434373518
53.5761346972186,1,200
59.4801231559175,1,200
67.1373354852216,1,200
61.0060947332358,1,200
55.7717459344238,1,200
46.7019704998359,1,200
64.6215289219616,0,200
84.2359604723861,0,200
77.343810399685,0,200
49.8798028564499,0,200
40.9499227505809,0,72.497413056562
37.8882077761193,0,53.0264666267564
31.7450295461908,0,13.9589847672735
30.7839465370085,0,7.84698677187661
28.8562803547363,1,0.122515485806816
32.9781999826318,0,21.8013200947104
34.8147600242442,1,13.5371444114853
57.2809565667398,1,200
59.856772790164,1,200
65.3146008556848,1,200
69.755888490492,1,200
59.8712844308599,1,200
30.9133054233001,1,4.7536008492115
73.6530761041466,0,200
76.8245037508869,0,200
66.7982283400201,0,200
55.2111073114991,0,200
39.4154081742739,0,62.7386826194535
34.3152317488293,0,30.3041605327423
36.212529561479,0,42.3700074125571
29.0986247543462,1,0.668117782583943
30.0803225987779,0,3.3722972196836
30.6520958907846,1,4.16552651735162
47.6648178599712,1,200
65.1851570206804,1,200
64.4710391820634,1,200
55.8776809115004,1,200
68.9657296546321,1,200
64.0578927714673,1,200
48.1499997234853,0,200
90.0222068084942,0,200
72.5310811756189,0,200
64.677848093731,0,200
54.8651466849062,0,200
35.7853815573994,0,39.6535638590567
32.9972168458267,0,21.9222576501714
31.3873662345531,0,11.6844284356448
33.7922680109562,0,26.9783777574701
29.2372109229876,1,0.980123886434585
31.4865152307646,1,6.04409729968114
46.9414125713098,1,200
63.3076409475155,1,200
65.607010415696,1,200
59.9003077122496,1,200
55.705717969262,1,200
55.4887689408643,1,200
44.4490255785322,0,94.7499232620234
87.8959752196872,0,200
71.3297274141376,0,200
59.4668618692851,0,200
44.1008706984942,0,92.5358357081397
43.3965153424508,0,88.0564947115212
32.1173212141309,0,16.3265699877102
30.2887766761126,0,4.69795888535585
34.4615153118722,0,31.2344494209399
29.1740852859641,1,0.838005922904241
29.7581788239495,1,2.15300547053336
47.6764271725288,1,200
55.7369179967553,1,200
65.5170382433843,1,200
66.0394573084153,1,200
53.2880786294171,1,200
53.8852326440293,1,200
32.2048414451862,1,7.66130171230424
82.6473209777547,0,200
81.9744165877659,0,200
58.6443825360836,0,200
47.2298761119526,0,200
38.3819148013852,0,56.1661916243981
39.0489678488561,0,60.4083089545487
30.3685012179692,0,5.20496632941191
28.9418990348382,1,0.315273183471186
32.37697453853,0,17.9778327642471
49.1885401329809,1,200
64.3713442104854,1,200
66.393541341383,1,200
60.0947636975687,1,200
68.7429759699578,1,200
57.709049967254,1,200
56.4881628168521,0,200
85.2957848866242,0,200
75.9860795093141,0,200
60.3780621834696,0,200
51.114436128521,0,200
34.9062173435188,0,34.0625276410356
31.9790832470577,0,15.447446988378
32.7865685150469,0,20.58264165118
32.9833199073369,0,21.8338802057883
29.7589044059862,1,2.1546390103486
45.9713093908245,1,200
60.2456847607978,1,200
69.1587344758799,1,200
69.8843165106472,1,200
57.8977012962943,1,200
52.9637434598759,1,200
34.7065402799665,0,32.7926833086543
88.9258115034986,0,200
88.2899899967382,0,200
57.7442266309093,0,200
45.1753234690349,0,200
39.1425893292002,0,61.0036938429733
34.9603422618432,0,34.4067345296594
30.5828066378262,0,6.56783955061576
28.9302897222806,1,0.289136546496467
33.8968607585322,0,27.6435343125328
35.6499049462611,1,15.41734873363
56.9043794906959,1,200
56.703973732695,1,200
64.2793404084774,1,200
67.9854683256605,1,200
59.2813862365935,1,200
45.7151789325532,1,200
56.0858830184897,0,200
78.6303743366332,0,200
79.8895101055161,0,200
59.6753159466175,0,200
41.3075860622163,0,74.7719693881761
36.9329761094593,0,46.9516801868916
37.4537455938874,0,50.2635086288451
29.732899136555,0,1.16286111023977
29.4098994472629,1,1.36890636138874
30.8073519070934,0,7.99583299397575
45.816760417418,1,200
61.7200674554455,1,200
61.8434164013586,1,200
55.7586854577992,1,200
54.5505913699113,1,200
51.9233842321403,0,200
79.1813148059406,0,200
62.6743118434249,0,200
44.0182204853753,0,92.0102224863107
37.2665026331948,0,49.0727388519669
38.2422139986796,0,55.2777657361722
29.8587030007708,0,1.96290955408272
29.7443927652904,1,2.12196821413288
42.7243297852416,1,31.3443618882058
58.6733484914583,1,200
74.1732319181561,1,200
71.1402990128302,1,200
61.0888110851973,1,200
55.7354668326884,1,200
47.5648654713182,0,200
83.3589905119526,0,200
77.4001295714567,0,200
59.0042401011662,0,200
49.6011326688562,0,200
45.8218968176787,0,200
32.3660032713003,0,17.9080610976231
30.7956492220532,0,7.92140988294056
31.1034079164096,1,5.18158827962264
46.4944540378923,1,200
66.4846018867442,1,200
73.7629152774956,1,200
77.5007511295989,1,200
72.0320393335594,1,200
40.5054999229211,1,26.3489971470014
80.3616403052301,0,200
81.0191849211037,0,200
72.4753471380988,0,200
60.0342226685411,0,200
52.0616221992158,0,200
34.9581480083981,0,34.3927801963402
32.6607646508311,0,19.782593207337
33.3168464310724,0,23.9549388708636
31.7786747656904,0,14.1729512115568
38.4361399597673,1,21.6901416068169
60.8769411310461,1,200
65.6403871892952,1,200
77.7975141818174,1,200
75.9835590949003,1,200
55.9023507006826,1,200
43.6737226944125,0,89.8193921546257
77.8089921301564,0,200
85.4179316617627,0,200
75.9233970025492,0,200
47.5319516696336,0,200
38.4506680760166,0,56.6034274018586
35.3743247452502,0,37.0394520832301
36.0728287587757,0,41.4815815243456
29.7813974490647,1,2.20527874448271
41.9914919301241,1,29.6944866793671
56.1287322955319,1,200
76.0038753918728,1,200
75.4843586549801,1,200
62.5907658971675,1,200
58.7538880973183,1,200
46.8627043687176,0,200
81.5450743302368,0,200
89.5149685536483,0,200
58.2717251592359,0,200
48.7958416543141,0,200
40.0992838314924,0,67.0877831717317
39.2654675221559,0,61.7851365090576
30.8731795104625,0,8.41446299366328
30.5091562299335,1,3.84371917463438
42.0843664305763,1,29.9035797751444
69.6158511577837,1,200
71.9377136690381,1,200
66.677243916977,1,200
59.6898889221675,1,200
55.6121178867753,1,200
61.4910606728731,0,200
89.7983929570398,0,200
74.0820526527659,0,200
58.7654321845018,0,200
46.2768386987377,0,200
40.8365529892203,0,71.7764391681939
31.5248727838137,0,12.5588999905517
30.143955948702,0,3.77697288605217
30.7802894479312,0,7.82372954966396
56.6758211497451,1,200
71.7584949064495,1,200
67.3484072991356,1,200
64.6020792975421,1,200
66.4885925879366,1,200
52.4921151372784,1,200
56.2833658285947,0,200
82.3759649683132,0,200
78.973409291966,0,200
67.4257848254692,0,200
54.5096776267136,0,200
36.8232634371783,0,46.2539635207508
33.266378601823,0,23.6339892044385
34.7336027391287,0,32.9647867529661
29.8440746444661,0,1.86988066526016
32.5952045798892,1,8.54014613047059
57.234519316516,1,200
60.0327989917996,1,200
74.7024714543152,1,200
72.2293976470147,1,200
55.967653083812,1,200
52.3687661913674,1,200
64.1826782328373,0,200
91.231240457033,0,200
84.1752527937243,0,200
53.8126364488226,0,200
42.6234067117739,0,83.139917937428
40.7692625502234,0,71.3485062796415
32.5598289923324,0,19.1406938744866
29.0122804922096,1,0.473726545109301
37.7265207297651,1,20.0925396719275
54.5868704716489,1,200
72.1786069045811,1,200
77.304118398176,1,200
65.9951968042952,1,200
64.82700972832,1,200
33.5108891077682,1,10.6016733716127
85.357223983101,0,200
92.6523852719817,0,200
65.2454283183333,0,200
53.714626461584,0,200
44.8783678360612,0,97.4803211488713
39.6706729917806,0,64.3620367293382
31.2432769249575,0,10.7680938807807
29.193676000902,1,0.88211149779204
33.6153729207713,1,10.8369031043495
64.0963486193107,1,200
68.3946965932691,1,200
67.5660819095656,1,200
61.6235650448227,1,200
66.8151045035816,1,200
39.6057781998116,1,24.3234077817057
69.9608789729781,0,200
74.4115563785165,0,200
72.2641136730652,0,200
61.8889519643454,0,200
56.3660160417136,0,200
37.7133989182842,0,51.9147714053677
32.7712087409272,0,20.4849613179178
33.0615816135657,0,22.3315847609791
28.8693408313608,1,0.151919202397027
51.5923934141667,1,200
62.3711322152416,1,200
62.1377850328635,1,200
73.2981799842265,1,200
70.1745493245545,1,200
51.4617886479077,1,200
60.2037653181077,0,200
81.28688384147,0,200
78.2295573739008,0,200
68.0504156396537,0,200
45.2843047235009,0,200
37.3740210520286,0,49.7565011847746
32.9438233453172,0,21.5827022059873
35.8263409550492,0,39.9140447477375
31.5997060281893,1,6.29892951015658
53.5296974469947,1,200
56.8506864201241,1,200
71.4646341823692,1,200
76.8114481965692,1,200
67.7946402505186,1,200
43.7270841572894,1,33.6019139066278
59.6771444911573,0,200
82.7658106638204,0,200
79.9551914253194,0,200
65.8062063572543,0,200
43.6729912765974,0,89.8147407101855
37.230663160248,0,48.8448180743505
37.6366000476899,0,51.4263697390846
30.9785036758512,0,9.08427099315182
29.0579921603989,1,0.576639553182662
40.755825724918,1,26.9125683817068
50.437266814816,1,200
75.2964329079765,1,200
71.4232760063874,1,200
55.7673924422163,1,200
62.991287180359,1,200
66.684499737325,1,200
47.543645660164,1,200
90.4698345114008,0,200
89.453163748264,0,200
73.2178825040974,0,200
67.9085205835053,0,200
50.8182119133624,0,200
38.811988476727,0,58.9012409556712
34.0753267054424,0,28.77848675612
35.8197581947118,0,39.8721817477657
29.2894528294902,1,1.09773875280544
30.0525287218007,0,3.19554233093216
29.1356294381206,1,0.751428312933776
37.2810133604189,1,19.0895462281439
64.9336702874291,1,200
72.44634667541,1,200
60.1600660806981,1,200
71.1758525325333,1,200
63.6080319099091,1,200
44.5660524289656,0,95.4941543725757
90.9284334815371,0,200
73.511181047996,0,200
60.7011294324486,0,200
53.1682573536238,0,200
44.1235446507663,0,92.6800304858133
33.7593542092717,0,26.7690627576262
29.0594433244681,1,0.579906632803294
40.7144675489361,1,26.8194566124951
72.2253343876197,1,200
82.2457674041622,1,200
74.5396508457137,1,200
61.1120297103125,1,200
59.646354000082,1,200
65.3236900245599,0,200
91.4513972194124,0,200
70.047186275172,0,200
57.8559141312891,0,200
58.9259783949397,0,200
39.0687161298659,0,60.5338979544491
38.248065341202,0,55.3149772917041
33.7924149372562,1,11.2354868181705
68.1080916895368,1,200
67.0327791140115,1,200
80.1288092595257,1,200
66.6264531745434,1,200
34.9186514463785,0,34.1416021965389
96.7673419003395,0,200
76.9459191082104,0,200
59.64642494292,0,200
47.6314244925,0,200
37.4720310392672,0,50.3797947398662
32.1875373243923,0,16.77310865405
29.8017137460372,1,2.25101785918078
42.152571141844,1,30.0571325173517
72.6260007872185,1,200
70.1632302448116,1,200
66.5357554201973,1,200
65.5961266851728,1,200
46.2811329196698,1,200
75.1758879954088,0,200
95.5809822040729,0,200
65.8400710020978,0,200
52.5940943686863,0,200
40.5944536923883,0,70.2368110582527
40.1921738940259,0,67.6785166157452
30.8987791339947,0,8.57726354909576
31.3551848824734,1,5.7484265939435
45.7325929013852,1,200
65.8362943386813,1,200
71.5059923583533,1,200
63.0275662820966,1,200
54.7015124331427,1,200
35.7601934155452,1,15.6656467848592
76.7067454826385,0,200
76.8757029979513,0,200
68.87399209958,0,200
44.8966532814388,0,97.5966072598782
37.8055575630027,0,52.5008534049415
36.7179392717873,0,45.5841555212481
33.8610212855875,0,27.4156135349301
29.9106336656502,0,2.29316210938734
29.5917354982194,0,0.26513233313435
34.0438757393879,0,28.578474645156
36.5815522789007,1,17.5148138505986
53.1770645780984,1,200
59.5552934547185,1,200
62.2239841785927,1,200
72.2257697368417,1,200
69.9626793704011,1,200
48.4578790239717,1,200
74.3201291516153,0,200
81.5187432888897,0,200
72.5527311429491,0,200
62.0135855600558,0,200
42.6138982801788,0,83.079449159712
35.1439281334607,0,35.5742470843386
32.2409308249017,0,17.1126640982339
35.1585564897654,0,35.6672759731611
29.4744762483577,1,1.5142914045446
28.8591826828746,1,0.129049645047992
38.0711721962788,1,20.8684710820207
53.2996879419725,1,200
66.8809873523382,1,200
66.9676218472917,1,200
57.5864266033776,1,200
57.7888639910772,1,200
40.2515462107535,1,25.7772582132495
74.987913616899,0,200
90.0726746377458,0,200
61.1472942997229,0,200
46.7383633401341,0,200
42.0455866377614,0,79.4652768290921
38.1332327442136,0,54.584700514471
31.4568509269995,0,12.1263156575449
30.5959721585009,0,6.65156555055927
34.2815865293297,0,30.0901940884587
30.3074444242686,1,3.38959510725348
44.3423777227726,1,34.9871556661245
58.9410882622873,1,200
55.3073734321742,1,200
67.6487982615292,1,200
61.3986346140448,1,200
50.7652298945323,1,200
41.2310819576884,1,27.9825369577274
74.879663780248,0,200
79.9491206574553,0,200
72.4864646888896,0,200
46.930726225534,0,200
39.7408891020397,0,64.8085753956636
36.2483690344258,0,42.5979281901737
34.9069487613338,0,34.0671790854752
29.4026436269149,1,1.3525709632808
46.9341567509619,1,200
57.1764727537345,1,200
69.5164464190204,1,200
69.9242235225576,1,200
61.6417045956915,1,200
43.030525403914,1,32.0337156883336
67.6934837458356,0,200
83.6998312138382,0,200
73.2420192919995,0,200
49.683782881975,0,200
39.3086211732529,0,62.0595717310715
34.5580624634808,0,31.8484400871516
36.4312234882261,0,43.7607893003993
29.9077079943878,0,2.2745563316141
33.2961168254743,1,10.1181455876316
49.5288381072894,1,200
67.3505840452394,1,200
72.2736581511348,1,200
64.9227865569104,1,200
53.7183487760329,1,200
40.7667094554388,1,26.9370714788661
74.8474813963807,0,200
90.2899057288606,0,200
66.5254094949464,0,200
47.9612939271604,0,200
39.6436105326184,0,64.1899332850261
38.8602620525313,0,59.2082362887773
30.1300590102122,0,3.68859544166901
29.7241221227726,0,1.10704377694906
30.49357366437,0,6.00036332881521
32.3799002097922,0,17.9964385420201
43.9868425257358,1,34.1867211588669
59.5418701870767,1,200
54.8617935046232,1,200
61.7252190878923,1,200
64.0557160253634,1,200
54.7900334413853,1,200
35.8841229624531,0,40.2815088585884
73.6589274466667,0,200
75.872929173302,0,200
65.9168698726944,0,200
43.4411318291778,0,88.3402328224146
37.8779679267069,0,52.9613464045864
33.6350131806859,0,25.9783172026625
36.5577587702592,0,44.5654891886961
29.9435474673324,0,2.50247710921659
29.4802809046343,1,1.52735972302695
29.5165600063719,1,1.60903671356146
55.7209551919925,1,200
59.7580936334353,1,200
61.11638320252,1,200
54.496172717305,1,200
60.4444942383267,1,200
51.5416026717309,1,200
68.2742294911081,0,200
77.6085836487891,0,200
64.0546801151765,0,200
52.1289126382149,0,200
47.2942408796895,0,200
34.1038520002368,0,28.9598930893255
31.5863118802904,0,12.9496213235866
32.2497078386841,0,17.1684814315246
36.0845285850864,1,16.3958390802543
60.8740388029078,1,200
61.8372489540603,1,200
58.4081482577527,1,200
68.6682410203768,1,200
64.3916605074601,1,200
37.2984273292509,1,19.1287511835959
85.4954619501742,0,200
75.3711765520688,0,200
67.1222464321559,0,200
57.8303145077592,0,200
40.2082650859585,0,67.7808483934332
34.6260843202949,0,32.2810244201581
31.7194299226564,0,13.7961842118269
35.5213397261081,0,37.9743924158674
28.9477036911148,1,0.32834150195345
35.2232627098183,1,14.456827324924
50.1637223877083,1,200
60.934262111793,1,200
69.840056006527,1,200
66.4733553652062,1,200
57.721384861844,1,200
55.0171406182668,1,200
60.2915354559316,0,200
93.2302053459942,0,200
80.2372992766466,0,200
52.4068514079938,0,200
41.1474055606859,0,73.75330305561
40.3172463404245,0,68.4739136151344
31.5051245028016,0,12.4333109906369
29.7480206754632,1,2.13013591318424
50.3668853574446,1,200
58.5550786197917,1,200
69.677525630738,1,200
71.5045411942819,1,200
59.3307258149578,1,200
55.5032805815626,1,200
50.9440157775782,0,200
86.6050227758445,0,200
86.660610529799,0,200
56.63517779771,0,200
45.5768718495822,0,200
38.9260896559003,0,59.6268662884643
36.2059468011439,0,42.3281444125997
29.8294462881613,0,1.7768517764376
37.8745394648582,1,20.4257817933168
57.2149286015758,1,200
72.6320956763099,1,200
72.3128395810151,1,200
65.1426379134419,1,200
57.614724302735,1,200
29.5719872172096,0,0.139543333233972
84.3361647130697,0,200
88.8022018927278,0,200
64.3977150705094,0,200
51.5423155504155,0,200
39.6984668687601,0,64.538791618104
39.7152894785098,0,64.6457748402455
30.8819565242449,0,8.47028032695399
29.8192064387489,0,1.71173155426733
33.049878928521,0,22.2571616499154
44.4265452388032,1,35.1766462841632
61.2310251640137,1,200
62.8846266212478,1,200
59.1507814703369,1,200
69.4816184813519,1,200
61.6344487753435,1,200
36.8715370129826,0,46.5609588538566
69.6514892371448,0,200
74.0473103065416,0,200
68.3861364168365,0,200
59.540369359714,0,200
39.0431165063338,0,60.3710973990168
35.5345052467806,0,38.0581184157965
34.2713466799196,0,30.0250738663028
34.2289244466354,0,29.7552900887147
28.881675725953,1,0.179689379182018
41.3449983371476,1,28.2390027080129
52.5327477312234,1,200
64.6945910069748,1,200
68.3587802825487,1,200
61.3362345590559,1,200
53.8852326440293,1,200
37.5088461193351,1,19.6024777287101
70.1598246187153,0,200
89.5146028447386,0,200
61.9964703831814,0,200
49.9244193431792,0,200
41.3324542679334,0,74.9301184991689
40.8636154483847,0,71.9485426125201
31.2842363226095,0,11.0285747694757
29.800189575554,0,1.59079399880635
32.4003799086171,0,18.1266789863604
47.0350126537943,1,200
65.6948058418994,1,200
69.3147346133555,1,200
69.454771946066,1,200
72.2947000301441,1,200
59.7044005628613,1,200
51.3974948230049,0,200
95.4412814013695,0,200
82.5708878160657,0,200
61.4972777243007,0,200
54.3319430976206,0,200
35.0005702416801,0,34.6625639739142
32.9511375234674,0,21.6292166503843
32.7185466582328,0,20.1500573181735
33.264184348378,0,23.6200348711193
41.9668221409441,1,29.6389463258072
63.5144318274269,1,200
62.233053954027,1,200
74.1369528164162,1,200
72.9455471153302,1,200
54.3133260445434,1,200
30.3180333887198,0,4.8840166629866
75.2344014206256,0,200
86.4207054864119,0,200
76.7381964486931,0,200
50.0114580631881,0,200
39.7123638072475,0,64.6271690624723
37.1633727212489,0,48.4168851857837
35.8724202774084,0,40.2070857475241
28.8178245068927,1,0.0359378758363505
42.6604785661813,1,31.2006103848603
56.7004909389273,1,200
74.4772507907225,1,200
75.7332332929056,1,200
65.8856339170457,1,200
58.4418878223692,1,200
31.2103631232752,0,10.5587788809512
84.6696912368052,0,200
93.9586974899419,0,200
62.3680306333065,0,200
51.5584067423526,0,200
42.5122312038628,0,82.4328983824076
40.4276904305206,0,69.1762817257151
31.0311657585478,0,9.41917499291022
30.0232720091935,0,3.00948455330117
36.5474499232691,1,17.4380374794998
68.9490412678325,1,200
76.0125823762899,1,200
71.7048018358777,1,200
63.5311202142265,1,200
65.0882192608355,1,200
32.7755972478172,0,20.5128699845559
87.4051938656814,0,200
85.2401971326675,0,200
70.1634817077905,0,200
54.734222895983,0,200
48.6151814539567,0,200
35.452586451479,0,37.5371566384213
31.9125242258735,0,15.0241655442505
33.2115222656814,0,23.2851308713611
31.4727291721055,1,6.01306004328066
52.310719628586,1,200
68.3098034952017,1,200
65.8522571434464,1,200
74.329957637664,1,200
68.1791987289451,1,200
44.5977825990093,1,35.5621616794968
66.4208167473726,0,200
83.7773615022498,0,200
75.9859332257529,0,200
66.3495035103888,0,200
42.5553848549598,0,82.7073336044215
37.6461084792873,0,51.486838516815
33.5801568445465,0,25.6294588695993
36.0962341288628,0,41.6304277464586
29.7840983836171,0,1.48846222109035
31.2180498779011,1,5.43968756971349
43.9853913616667,1,34.1834540792464
63.9599391967731,1,200
71.870234539805,1,200
65.924089764887,1,200
58.4926785648027,1,200
62.5341704984552,1,200
34.9186514463762,0,34.1416021965248
85.6051746224552,0,200
85.8664370660478,0,200
61.7893328579156,0,200
51.8195229023793,0,200
46.823207806698,0,200
32.9899026676742,0,21.8757432057598
31.5607122567583,0,12.7868207681544
31.1898834244482,0,10.4285384365968
31.0511660099047,1,5.06397341324664
56.8093282441423,1,200
70.1668363875244,1,200
66.6523056624424,1,200
74.7711115148049,1,200
70.1237585821188,1,200
47.7105295281627,1,200
74.8760066911752,0,200
86.9444006421001,0,200
75.7916686540326,0,200
66.2394982709808,0,200
43.8909537855317,0,91.2008711536025
37.7550897337511,0,52.179903738502
33.7096177978396,0,26.4527645356549
36.4868112421828,0,44.1142990779166
29.6085581079692,0,0.372115555276121
29.1791643602083,1,0.849440701581196
38.0820559267997,1,20.89297417918
64.5048513048825,1,200
66.6612811122119,1,200
66.5480903147873,1,200
61.0351180146254,1,200
63.5354737064362,1,200
38.5246609680076,1,21.8894334637225
86.6920614958535,0,200
78.5455298700715,0,200
69.8284923484249,0,200
53.109743928407,0,200
48.8133956818789,0,200
34.0826408835947,0,28.8250012005312
31.6294655313874,0,13.2240565456006
34.7438425885411,0,33.0299069751361
29.5719872172096,0,0.139543333233972
35.8400074393684,1,15.8453361640363
57.3535147702194,1,200
56.4530674650709,1,200
68.8206132476773,1,200
67.5610028353236,1,200
55.4952991791778,1,200
67.4463608738298,1,200
30.1732117478369,1,3.08739024226979
87.7855311295889,0,200
93.3157812303754,0,200
65.6001659587087,0,200
51.5883948727748,0,200
45.9477006818945,0,200
36.4392690841935,0,43.8119551892504
31.8993587051988,0,14.9404395443075
28.8925594564716,1,0.204192476336362
33.0240235624379,1,9.50556815861246
64.2966092609065,1,200
74.7986836321254,1,200
68.6544549617154,1,200
76.8709459234221,1,200
64.9213353928391,1,200
38.0198629828575,0,53.8637266261314
84.5160934956121,0,200
81.7059862495823,0,200
71.5173360837399,0,200
59.5016042155071,0,200
44.4643853526542,0,94.8476035953
35.3991929509674,0,37.197601194223
32.3681975247476,0,17.9220154309564
35.4620948830764,0,37.5976254161517
29.8757231135838,1,2.41763891987549
43.8511586852327,1,33.8812492142575
56.1403416080873,1,200
66.8494245338276,1,200
71.5834119614605,1,200
60.8667829825599,1,200
40.2297787497119,1,25.7282520189309
54.2156476650022,0,200
64.93311291124,0,200
68.7584280847766,0,200
53.9530686693409,0,200
44.4965677365215,0,95.0522671506899
40.9586997643632,0,72.5532303898525
40.9177403667114,0,72.292749501158
30.8234430990282,0,8.09816477167787
30.4094606156211,0,5.46544721810661
29.6824313073056,0,0.841911443814457
52.369491773402,1,200
60.315340636137,1,200
60.3871732575798,1,200
57.3078031020257,1,200
63.0420779227926,1,200
56.1998393349379,1,200
30.7861407904535,0,7.86094110519556
62.2868432558177,0,200
63.7555302287556,0,200
51.9438639309674,0,200
54.4445814411617,0,200
43.6400774749129,0,89.6054257103421
35.4613634652614,0,37.5929739717117
40.1460945716667,0,67.3854756159585
29.9771926868342,0,2.71644355351427
32.6474464863941,1,8.6577609968465
48.6429024428369,1,200
47.8018803063386,1,200
56.3675213431715,1,200
56.0924531937921,1,200
49.6913684830762,1,200
50.2137875481095,1,200
35.4745289859361,0,37.676699971655
64.887033588883,0,200
70.0106153844102,0,200
55.0081388677793,0,200
48.9490736865996,0,200
49.1337566849374,0,200
34.0168132802256,0,28.4063712008439
31.8540108006568,0,14.6520499889747
30.8358772018878,0,8.17723932718122
37.3093110597717,1,19.1532542807553
61.4262067313674,1,200
62.1147840823582,1,200
54.658703093094,1,200
65.0403308465404,1,200
58.4418878223692,1,200
44.5075390037511,0,95.1220388173137
81.2378788478508,0,200
65.4831391082752,0,200
62.6269525398905,0,200
58.2362513951988,0,200
37.6300172873503,0,51.384506739099
35.0034959129424,0,34.6811697516872
34.5470911962511,0,31.7786684205278
34.5353885112087,0,31.7042453094782
37.3165668801219,1,19.1695896788682
60.8544480879699,1,200
57.4397139159464,1,200
64.5144289877416,1,200
68.4367803512877,1,200
52.8672410492509,1,200
42.4282923150554,1,30.6778776454272
57.9583126254177,0,200
77.2896854813606,0,200
75.0712952478329,0,200
53.3489175539812,0,200
45.5585864042024,0,200
42.4003242781367,0,81.7212273829476
36.3449161860322,0,43.2119188563715
31.7216241761037,0,13.8101385451602
30.5082020206747,0,6.09339221763777
30.1717498256792,0,3.95372777480361
53.9708513241334,1,200
61.8201977762433,1,200
56.3645464568307,1,200
66.5459135686835,1,200
65.7122198107358,1,200
51.1933232950421,1,200
53.306495320697,0,200
71.4420000487735,0,200
73.6979705296448,0,200
67.8607004867471,0,200
45.3069786757708,0,200
38.8075999698369,0,58.8733322890328
34.934742638311,0,34.2439339742269
36.5753127978239,0,44.6771238552775
29.6890140676407,0,0.883774443771828
38.3940562017509,1,21.595396297795
49.8277779056117,1,200
65.2101170426773,1,200
67.9745845951396,1,200
61.2781879962722,1,200
56.5096628637833,1,200
45.6788998308134,1,200
62.7417851368789,0,200
83.7422534471202,0,200
62.8595434051273,0,200
54.7093546902659,0,200
50.4605486017247,0,200
39.8015967807038,0,65.1946452842733
33.6708526536327,0,26.2062379802791
31.3127616174039,0,11.2099811026812
35.1746476816979,0,35.7696077508489
30.5287469448714,1,3.88782474952218
51.5815096836459,1,200
53.2583297659907,1,200
60.9544332923604,1,200
64.5376476128546,1,200
60.3182429642753,1,200
47.8621761734287,1,200
41.8550825075886,1,29.3873811949524
67.1376062062757,0,200
84.5460816260344,0,200
62.2963516874151,0,200
50.6017122400603,0,200
44.2157032954825,0,93.2661124853727
43.5698613646537,0,89.1588870440164
32.0200426447096,0,15.7079278770727
30.7203131870844,0,7.44231110550829
34.7723678833356,0,33.2113133083416
38.8729403446964,1,22.673532572872
57.5189474741445,1,200
56.5473931295922,1,200
51.7991842940736,1,200
67.2337653376418,1,200
66.6416903972739,1,200
51.2949047799114,1,200
49.9858584396559,0,200
79.9630175959428,0,200
73.2518202907239,0,200
64.7448459656054,0,200
44.9763778232976,0,98.1036147039484
39.6070396418588,0,63.957361062984
39.0482364310411,0,60.403657510109
30.4277460610009,0,5.58173332912768
28.8961873666467,1,0.212360175392773
30.2167466699247,1,3.18540263091721
53.5652509666977,1,200
68.16323592418,1,200
62.7075846047651,1,200
61.7345790961414,1,200
67.9803892514184,1,200
57.4043055126508,1,200
42.7155653564924,0,83.725999937002
80.0412793021693,0,200
79.7757746352503,0,200
67.3299690916756,0,200
58.3174387726854,0,200
38.9611977110299,0,59.8501356216274
34.7292142322386,0,32.9368780863277
35.0554265778217,0,35.0114223069918
31.6345854560947,0,13.2566166566928
38.9034147901574,1,22.7421412449242
63.2009803884065,1,200
55.9252065347784,1,200
70.0464840954167,1,200
68.2836825419526,1,200
53.6603022132513,1,200
48.7989025803125,1,200
59.6405736003976,0,200
83.0349724198146,0,200
82.0570668008825,0,200
54.9850992066019,0,200
45.6229511719415,0,200
44.123544650764,0,92.6800304857989
33.5084778986573,0,25.1736173143943
31.5468153182707,0,12.6984433237854
28.8236291631715,1,0.0490061943236659
34.9698506934406,0,34.4672033073895
43.9287959629543,1,34.0560379740087
61.3754159889317,1,200
56.7341579453391,1,200
64.3601702471521,1,200
67.8940449892797,1,200
59.5222794721366,1,200
44.2930381444082,1,34.8760749589947
51.265839616269,0,200
83.8534289550336,0,200
83.0240011525871,0,200
58.0307229891242,0,200
45.0985245984383,0,200
39.0343394925514,0,60.3152800657261
38.7234869210858,0,58.3384161783101
31.0201944913204,0,9.3494033263003
28.8163733428236,1,0.0326707962158068
33.5326565688098,1,10.6506795659313
58.7241392338919,1,200
67.724911816977,1,200
66.790507272602,1,200
58.1378689498005,1,200
61.170076273094,1,200
58.0863526253325,1,200
53.1236408668968,0,200
89.1569395331032,0,200
73.6554897829379,0,200
61.0351679486528,0,200
56.1758474097587,0,200
37.3718267985836,0,49.7425468514557
34.1396914731814,0,29.187813866928
33.093763997433,0,22.536248316369
33.7118120512846,0,26.4667188689741
36.6700732871432,1,17.714105707509
63.6639017265891,1,200
65.1854472534951,1,200
74.6586462994149,1,200
72.4927839256338,1,200
60.9233783812722,1,200
59.7769587663408,1,200
59.1651520205116,0,200
92.7818462252748,0,200
87.9192343062087,0,200
63.6371868262556,0,200
52.0199313837466,0,200
45.6456251242136,0,200
34.6151130530652,0,32.2112527535343
31.8540108006568,0,14.6520499889747
29.6085581079692,0,0.372115555276121
34.5782202809087,1,13.0046104331855
65.0780611123493,1,200
69.1427716711148,1,200
64.6252979226552,1,200
75.2775677750709,1,200
69.2095252183135,1,200
43.9520145880674,1,34.108311247953
72.4476995446828,0,200
76.9013026214835,0,200
79.5788769593968,0,200
72.182341161327,0,200
47.6870122464567,0,200
39.5317036068923,0,63.4782622855661
36.4619430364656,0,43.956149966924
36.8276519440684,0,46.2818721873889
29.9376961248123,0,2.46526555369913
29.9555371374069,1,2.59732829905245
46.5807983000288,1,200
65.5068800948958,1,200
70.8950522850776,1,200
68.3932454292021,1,200
62.782319554344,1,200
65.813801295605,1,200
29.5866155735143,0,0.232572222056283
84.7282046620197,0,200
84.3186106855072,0,200
72.4930474492248,0,200
53.6414846800648,0,200
51.0412943469995,0,200
34.2435528029401,0,29.8483189775373
31.8832675132663,0,14.8381077666198
34.677283567357,0,32.6066255310089
31.9799110144083,1,7.15490437097895
57.0734401047961,1,200
66.7200532570279,1,200
60.4669872814029,1,200
70.4306797828281,1,200
65.2210007731981,1,200
49.9308105545478,1,200
43.059331729638,0,85.912178824233
80.8297477069638,0,200
80.7767199153619,0,200
72.1006417913673,0,200
47.9115575157283,0,200
39.4848928667181,0,63.1805698413395
39.592411285554,0,63.8643321741612
30.9836236005585,0,9.11683110424402
29.9742670155742,0,2.69783777575541
38.149535056035,1,21.044893381582
57.9455897105873,1,200
71.6196185049956,1,200
68.3456472477194,1,200
60.8072852557092,1,200
62.9477522582735,1,200
53.3773252196919,1,200
61.0229532711394,0,200
85.4669366553798,0,200
73.3490257183646,0,200
65.4821882651162,0,200
55.0699436731657,0,200
38.6196255913271,0,57.6779110677011
35.5769274800648,0,38.3279021933849
32.8853099200983,0,21.2105866506967
34.026321711823,0,28.4668399785743
34.1131221966223,1,11.957511414509
60.2289963740004,1,200
59.4867259524335,1,200
71.0583082428989,1,200
70.3479634308643,1,200
56.0837462093751,1,200
55.5105364019082,1,200
45.0341598306993,0,200
82.2984346799017,0,200
86.9411446625536,0,200
59.6299326414544,0,200
50.8869651879915,0,200
45.0422054266666,0,200
38.3841090548302,0,56.1801459577173
31.7077272376161,0,13.7217611007912
30.2887766761126,0,4.69795888535585
32.4830301217359,0,18.6522922081894
58.1980922586879,1,200
65.5663778217465,1,200
58.2191341376951,1,200
60.0795264748382,1,200
67.3208351818151,1,200
58.5144460258444,1,200
32.0452133975377,1,7.30192295394516
67.3058323037735,0,200
73.1900886271202,0,200
77.9859952414365,0,200
63.5434190623459,0,200
44.0226089922676,0,92.0381311529629
38.5830547005675,0,57.4453388456589
40.1921738940237,0,67.6785166157311
29.6158722861215,0,0.418629999687277
30.0912938660076,0,3.4420688863079
37.4624088691091,1,19.4979311808216
54.0934746880097,1,200
66.0786387382934,1,200
66.7476253743484,1,200
59.0332371807026,1,200
63.4484038622628,1,200
61.7432860805585,1,200
44.7854777735277,0,96.8895877048578
94.4875125703373,0,200
77.0461233488963,0,200
63.4790542946068,0,200
54.6098818673995,0,200
40.503026465487,0,69.6553805031327
34.585856340458,0,32.0251949759033
31.7369839502234,0,13.9078188784224
35.2477894632194,0,36.2347521949478
32.0161901161459,1,7.23658136151355
58.3990784823183,1,200
57.4942776849601,1,200
67.3215607638497,1,200
71.434885318945,1,200
65.1390100032691,1,200
50.271834110891,1,200
37.9686637357931,0,53.5381255152665
83.6990997960255,0,200
88.9458523516331,0,200
59.8238669048883,0,200
51.5057446596582,0,200
40.7707253858534,0,71.3578091685208
42.2043043036618,0,80.4746402727792
30.9543668879513,0,8.93077332661277
29.7402133147051,0,1.20937555463679
30.2375774290483,0,4.37235777449114
58.9352836060106,1,200
69.1355158507669,1,200
67.9513659700266,1,200
64.8538562636059,1,200
67.4891702138808,1,200
56.7004909389273,1,200
57.2707798791242,0,200
77.6583200602234,0,200
75.8290441043901,0,200
67.1836855286327,0,200
58.6590108923883,0,200
40.7217203922364,0,71.0461623909894
35.6712803782238,0,38.9279385262492
36.7318362102771,0,45.672532965631
31.166478054361,0,10.2796922144835
32.6837255881316,1,8.73943798738101
58.8736091330541,1,200
56.1381648619836,1,200
70.7172846865581,1,200
70.9494709376861,1,200
55.9487879509087,1,200
47.1518313613897,1,200
66.4208167473727,0,200
81.0513673049709,0,200
76.0952801891264,0,200
52.4068514079915,0,200
45.2426139080339,0,200
43.6700656053374,0,89.7961349324269
31.0860220946895,0,9.76803332598783
31.254248192185,0,10.8378655473906
29.7475274928597,0,1.25588999906233
39.3888291714162,1,23.8349793782989
65.5823406265138,1,200
68.3743802962965,1,200
60.6621688487544,1,200
66.4153088024269,1,200
58.4128645409774,1,200
29.9627929577549,1,2.61366369716031
78.990231901718,0,200
76.3234825474688,0,200
63.9939724365125,0,200
61.378422329332,0,200
41.7413168266332,0,77.530275941648
36.8203377659182,0,46.2353577429919
32.6731987536886,0,19.8616677628262
36.0523490599486,0,41.3513410799909
29.1719085398582,1,0.833105303468374
38.7046053126307,1,22.2945513367845
49.6086521311126,1,200
62.625593834836,1,200
63.8815763370168,1,200
64.149316107848,1,200
56.2484533312677,1,200
48.7190885564872,1,200
59.2660876790102,0,200
82.694131717929,0,200
70.0683973918141,0,200
54.1300717806233,0,200
45.5278668559629,0,200
43.2824141632775,0,87.3308693787278
31.663842168702,0,13.4426744343237
30.6252288711081,0,6.83762332819002
31.9125242258736,0,15.0241655442508
30.815397503063,0,8.04699888284094
50.2899736617597,1,200
57.4717846418839,1,200
53.7045627173737,1,200
65.2151961169193,1,200
64.7130933488608,1,200
54.3445260720391,1,200
46.1824858005764,0,200
71.3871437126319,0,200
70.4728714436238,0,200
66.5232152415013,0,200
46.518937995572,0,200
38.7432352020978,0,58.4640051782248
34.5683023128909,0,31.9135603093075
37.2665026331948,0,49.0727388519672
0,1,200
30.5505144059175,1,3.9368309438509
42.7838275120922,1,31.4783121526847
57.6713197014451,1,200
67.6133354395789,1,200
64.2079975549092,1,200
56.818760810594,1,200
55.8530111223205,1,200
32.504972656193,0,18.7918355414234
83.8797599963807,0,200
79.1584579992136,0,200
54.3180461591309,0,200
48.4359840892315,0,200
46.0661903679558,0,200
32.9877084142292,0,21.8617888724408
30.4131177046984,0,5.48870444031925
43.1604045881361,1,32.3261193144507
50.5373971356139,1,200
67.6477098884774,1,200
67.9763985502283,1,200
58.718334577613,1,200
56.5597280241822,1,200
31.4224742896828,0,11.9076977688081
77.3664843519571,0,200
82.3898619068007,0,200
57.242986002147,0,200
47.0675013569772,0,200
45.5958887127793,0,200
37.2460229343678,0,48.9424984076127
31.883267513264,0,14.8381077666054
30.968995244256,0,9.02380221543559
34.5456283606211,0,31.7693655316482
29.7160950659353,1,2.05826016151641
42.4319202252283,1,30.6860453444787
57.0727145227637,1,200
49.7189406003967,1,200
61.8521233857735,1,200
62.0763282345169,1,200
47.2018965217908,1,200
40.5243650558267,1,26.3914691820841
67.1193207608959,0,200
71.2614129901988,0,200
63.9609854930474,0,200
43.0081324825737,0,85.5865777133683
41.2739408427167,0,74.5580029438926
38.6715562562087,0,58.0081636230198
38.3709435341577,0,56.0964199577882
30.5228303769772,0,6.1864211064462
29.645128998731,0,0.604687777332404
34.2676895908423,0,30.0018166440904
29.9555371374092,1,2.59732829905751
44.323512589867,1,34.9446836310419
52.3832778320612,1,200
43.5696328557447,1,33.2474357676997
55.0706160142309,1,200
57.0859926739983,1,200
51.5140305544104,1,200
44.6834012791135,1,35.7549193771663
42.4522549430161,0,82.0514799382524
68.6991832417448,0,200
65.9987886679982,0,200
46.0288880593811,0,200
41.5445654343454,0,76.2790373870538
39.1733088774397,0,61.199054509498
42.7492105759897,0,83.9399663812709
32.2197197082618,0,16.977772209454
30.800769146756,0,7.95396999400424
33.5509001319392,0,25.4434010919683
30.1863781819839,0,4.04675666362618
43.621149180215,1,33.3634170942653
45.8283697299734,1,200
51.925435568125,1,200
63.5116020574889,1,200
62.8156237697429,1,200
60.5591361998183,1,200
42.6227483003746,1,31.1156663147052
40.5695854866733,0,70.0786619472741
66.3001328078619,0,200
73.8659186883713,0,200
57.3300247221559,0,200
46.6747299902123,0,200
40.9711338672207,0,72.632304945342
42.3067027977882,0,81.1258424944944
31.985666007395,0,15.4893099883495
30.6106005148034,0,6.74459443936745
30.6837422963248,0,7.20973888346614
32.6764697677859,1,8.72310258927812
54.2110189776397,1,200
56.2919882533533,1,200
54.9568447511769,1,200
64.4185796009508,1,200
63.1900966578835,1,200
43.840274954714,1,33.856746117103
60.6865010761438,0,200
66.2401565470174,0,200
58.7028959613003,0,200
57.9707467282775,0,200
46.8093108682083,0,200
38.052776784542,0,54.0730416259748
36.8642228348302,0,46.5144444094455
38.9268210737154,0,59.6315177329045
30.4716311299151,0,5.86081999559537
31.3051197220745,1,5.63571234700345
43.0022277045567,1,31.9700076357122
46.3449841387301,1,200
59.7341494262899,1,200
57.0088633037012,1,200
51.3130443307802,1,200
59.8429867315049,1,200
47.3470129287434,1,200
54.685217902366,0,200
76.5984956459874,0,200
60.0640645154021,0,200
51.7617408949799,0,200
51.0910307584339,0,200
40.8431357495599,0,71.8183021681798
34.1886964668007,0,29.4994606444738
32.7097696444481,0,20.0942399848684
36.315659473425,0,43.0258610787408
29.5346995572429,1,1.64987520883376
36.006891307367,1,16.2210503205082
47.5037386482513,1,200
48.6370977865603,1,200
60.4510244766378,1,200
53.7161720299291,1,200
49.8785686480452,1,200
53.5942742480896,1,200
35.95287623708,0,40.7187446360201
66.730937901021,0,200
69.9681931511305,0,200
50.6514486514946,0,200
46.3353521239544,0,200
