0 0
0.2 0
0.4 -0.1518
0.6 -0.3032
0.8 -0.4096
1 -0.4805
1.2 -0.4861
1.4 -0.4861
1.6 -0.4516
1.8 -0.4165
2 -0.0126
2.2 0.3695
2.4 0.6619
2.6 0.9061
2.8 1.3074
3 1.7003
3.2 2.1798
3.4 2.5163
3.6 2.5163
3.8 2.2424
4 2.0039
4.2 1.7801
4.4 1.7128
4.6 1.4369
4.8 1.3192
5 1.1847
5.2 1.0083
5.4 0.7962
5.6 0.6934
5.8 0.5154
6 0.3475
6.2 0.307
6.4 0.1032
6.6 0.0242
6.8 -0.0882
7 -0.2157
7.2 -0.3273
7.4 -0.3273
7.6 -0.304
7.8 -0.0571
8 0.15
8.2 0.3419
8.4 0.5037
8.6 0.6342
8.8 0.8718
9 1.181
9.2 1.5561
9.4 1.9228
9.6 2.2583
9.8 2.4871
10 2.4871
10.2 2.3882
10.4 2.1938
10.6 1.9918
10.8 1.7897
11 1.6772
11.2 1.5974
11.4 1.4041
11.6 1.2077
11.8 0.9406
12 0.7391
12.2 0.5765
12.4 0.486
12.6 0.3842
12.8 0.2666
13 0.1695
13.2 0.033
13.4 -0.1302
13.6 -0.1654
13.8 -0.2998
14 -0.3887
14.2 -0.4088
14.4 -0.412
14.6 -0.463
14.8 -0.5079
15 -0.5079
15.2 -0.3862
15.4 -0.2711
15.6 -0.1118
15.8 0.1613
16 0.5145
16.2 0.7257
16.4 0.9249
16.6 1.0646
16.8 1.2266
17 1.3749
17.2 1.4905
17.4 1.6105
17.6 1.6105
17.8 1.4358
18 1.3045
18.2 1.1556
18.4 1.0933
18.6 0.9412
18.8 0.824
19 0.7641
19.2 0.6821
19.4 0.6036
19.6 0.4876
19.8 0.3864
20 0.2874
20.2 0.1577
20.4 0.0915
20.6 0.0573
20.8 -0.022
21 -0.191
21.2 -0.2813
21.4 -0.3758
21.6 -0.4794
21.8 -0.4927
22 -0.4946
22.2 -0.4946
22.4 -0.4915
22.6 -0.2228
22.8 -0.0026
23 0.2444
23.2 0.6041
23.4 0.7854
23.6 0.9583
23.8 1.2853
24 1.4561
24.2 1.4561
24.4 1.3272
24.6 1.2959
24.8 1.199
25 1.1241
25.2 0.9448
25.4 0.8605
25.6 0.6507
25.8 0.406
26 0.2059
26.2 0.0646
26.4 -0.0344
26.6 -0.0781
26.8 -0.1761
27 -0.2358
27.2 -0.3367
27.4 -0.3604
27.6 -0.4215
27.8 -0.4461
28 -0.4461
28.2 -0.3633
28.4 -0.1688
28.6 0.0561
28.8 0.2472
29 0.4784
29.2 0.7058
29.4 1.0458
29.6 1.2458
29.8 1.4763
30 1.7311
30.2 1.9158
30.4 1.9158
30.6 1.9021
30.8 1.6962
31 1.5521
31.2 1.435
31.4 1.3158
31.6 1.1485
31.8 1.0443
32 0.8548
32.2 0.5898
32.4 0.4559
32.6 0.234
32.8 0.0772
33 -0.1035
33.2 -0.2697
33.4 -0.3354
33.6 -0.3354
33.8 0.3963
34 1.9467
34.2 2.0835
34.4 2.183
34.6 2.183
34.8 2.0975
35 1.7634
35.2 1.4419
35.4 1.2355
35.6 0.999
35.8 0.8839
36 0.8485
36.2 0.8485
36.4 0.8485
36.6 0.7372
36.8 0.5921
37 0.4737
37.2 0.4322
37.4 0.3329
37.6 0.1465
37.8 -0.0214
38 -0.1122
38.2 -0.1122
38.4 -0.0536
38.6 0.1185
38.8 0.449
39 0.7131
39.2 0.9461
39.4 1.0973
39.6 1.3509
39.8 1.4822
40 1.6307
40.2 1.7754
40.4 1.8569
40.6 1.8678
40.8 1.8678
41 1.8678
41.2 1.7513
41.4 1.5296
41.6 1.343
41.8 1.1564
42 1.0252
42.2 0.9066
42.4 0.782
42.6 0.6463
42.8 0.4729
43 0.3124
43.2 0.2296
43.4 0.1572
43.6 0.1572
43.8 0.174
44 0.2408
44.2 0.4124
44.4 0.5776
44.6 0.7161
44.8 0.9435
45 1.2336
45.2 1.3637
45.4 1.513
45.6 1.7268
45.8 1.8544
46 1.8544
46.2 1.8381
46.4 1.7221
46.6 1.5058
46.8 1.3294
47 1.1658
47.2 0.966
47.4 0.811
47.6 0.1579
47.8 0.1579
48 0.2189
48.2 0.3643
48.4 0.5215
48.6 0.6809
48.8 0.875
49 1.0809
49.2 1.2542
49.4 1.4242
49.6 1.4266
49.8 1.4289
50 1.4313
50.2 1.4337
50.4 1.436
50.6 1.4384
50.8 1.4407
51 1.4431
51.2 1.4455
51.4 1.4478
51.6 1.4502
51.8 1.4525
52 1.4549
52.2 1.4573
52.4 1.4596
52.6 1.462
52.8 1.4644
53 1.4667
53.2 1.4691
53.4 1.4714
53.6 1.4738
53.8 1.4762
54 1.4785
54.2 1.4809
54.4 1.6139
54.6 1.6772
54.8 1.7712
55 1.96
55.2 2.1005
55.4 2.1005
55.6 1.9711
55.8 1.7221
56 1.6336
56.2 1.6027
56.4 1.5718
56.6 1.5408
56.8 1.5099
57 1.4789
57.2 1.448
57.4 1.417
57.6 1.3861
57.8 1.3552
58 1.3242
58.2 1.2933
58.4 1.2623
58.6 1.2314
58.8 1.2005
59 1.1695
59.2 1.1386
59.4 1.1076
59.6 1.1076
59.8 1.1692
60 1.3011
60.2 1.3497
60.4 1.5558
60.6 1.677
60.8 1.772
61 1.8259
61.2 1.8259
61.4 1.6041
61.6 1.3818
61.8 1.2411
62 1.1634
62.2 1.1605
62.4 1.1576
62.6 1.1547
62.8 1.1518
63 1.1489
63.2 1.146
63.4 1.1431
63.6 1.1402
63.8 1.1373
64 1.1344
64.2 1.1315
64.4 1.1286
64.6 1.1257
64.8 1.1228
65 1.1198
65.2 1.1169
65.4 1.114
65.6 1.1111
65.8 1.1082
66 1.1053
66.2 1.08
66.4 1.0503
66.6 1.0185
66.8 0.7816
67 0.5448
67.2 0.3112
67.4 0.1113
67.6 -0.0662
67.8 -0.1874
68 -0.1874
68.2 -0.1658
68.4 -0.1101
68.6 0.1022
68.8 0.3862
69 0.5693
69.2 0.7449
69.4 0.9371
69.6 1.1252
69.8 1.3269
70 1.4207
70.2 1.4207
70.4 1.4124
70.6 1.4042
70.8 1.396
71 1.3877
71.2 1.3795
71.4 1.3712
71.6 1.363
71.8 1.3547
72 1.3465
72.2 1.3383
72.4 1.33
72.6 1.3218
72.8 1.3135
73 1.3053
73.2 1.297
73.4 1.2888
73.6 1.2806
73.8 1.2806
74 1.3827
74.2 1.6068
74.4 2.0009
74.6 2.0413
74.8 2.1196
75 2.1196
75.2 2.0639
75.4 1.7813
75.6 1.5685
75.8 1.416
76 1.1494
76.2 0.9291
76.4 0.7972
76.6 0.5472
76.8 0.5472
77 0.6031
77.2 0.7557
77.4 0.9084
77.6 1.061
77.8 1.2136
78 1.3663
78.2 1.5189
78.4 1.6715
78.6 1.8242
78.8 1.9768
79 2.0418
79.2 2.0418
79.4 1.8861
79.6 1.6251
79.8 1.4016
80 1.1999
80.2 1.0097
80.4 0.8194
80.6 0.6292
80.8 0.439
81 0.2488
81.2 0.2488
81.4 0.2735
81.6 0.4758
81.8 0.7543
82 0.9657
82.2 1.1987
82.4 1.4738
82.6 1.6836
82.8 1.8753
83 1.8753
83.2 1.8208
83.4 1.6117
83.6 1.3951
83.8 1.2552
84 1.0639
84.2 0.8586
84.4 0.693
84.6 0.5279
84.8 0.3083
85 0.1469
85.2 0.0964
85.4 0.0964
85.6 0.2013
85.8 0.2655
86 0.3894
86.2 0.5134
86.4 0.7029
86.6 1.008
86.8 1.3599
87 1.4567
87.2 1.4567
87.4 1.3365
87.6 1.1275
87.8 0.9606
88 0.7938
88.2 0.5174
88.4 0.3568
88.6 0.1749
88.8 0.0402
89 -0.1174
89.2 -0.1174
89.4 -0.0516
89.6 0.0758
89.8 0.2317
90 0.4288
90.2 0.6069
90.4 0.7541
90.6 1.0613
90.8 1.3434
91 1.6521
91.2 1.834
91.4 1.8681
91.6 1.8681
91.8 1.8045
92 1.5912
92.2 1.3115
92.4 1.0031
92.6 0.8221
92.8 0.6198
93 0.4476
93.2 0.1953
93.4 0.0113
93.6 -0.0644
93.8 -0.0644
94 0.0248
94.2 0.2948
94.4 0.5698
94.6 0.7704
94.8 1.0105
95 1.3416
95.2 1.5888
95.4 1.8047
95.6 1.8047
95.8 1.5937
96 1.3808
96.2 1.1862
96.4 0.9969
96.6 0.8015
96.8 0.682
97 0.4783
97.2 0.2343
97.4 0.1333
97.6 0.0337
97.8 0.0337
98 0.0869
98.2 0.2066
98.4 0.436
98.6 0.6318
98.8 0.8006
99 1.0208
99.2 1.3178
99.4 1.579
99.6 1.579
99.8 1.3911
100 1.2824
100.2 1.1314
100.4 0.932
100.6 0.8135
100.8 0.6949
101 0.5268
101.2 0.3302
101.4 0.1934
101.6 0.1063
101.8 -0.0482
102 -0.0488
102.2 -0.0488
102.4 0.1557
102.6 0.3993
102.8 0.6101
103 0.8298
103.2 0.9568
103.4 1.2278
103.6 1.5286
103.8 1.6759
104 1.6759
104.2 1.5563
104.4 1.3357
104.6 1.265
104.8 1.033
105 0.8766
105.2 0.6903
105.4 0.4789
105.6 0.39
105.8 0.2536
106 0.0378
106.2 -0.0195
106.4 -0.0791
106.6 -0.0791
106.8 -0.0534
107 0.1942
107.2 0.3745
107.4 0.6067
107.6 0.8911
107.8 1.154
108 1.3173
108.2 1.6312
108.4 1.7111
108.6 1.7111
108.8 1.4525
109 1.2997
109.2 1.1512
109.4 1.0121
109.6 0.8813
109.8 0.7218
110 0.4789
110.2 0.3321
110.4 0.2167
110.6 0.0095
110.8 -0.1677
111 -0.2114
111.2 -0.3028
111.4 -0.3028
111.6 -0.1813
111.8 -0.0643
112 0.0833
112.2 0.2779
112.4 0.4641
112.6 0.6959
112.8 0.8944
113 1.1196
113.2 1.4028
113.4 1.5786
113.6 1.7403
113.8 1.7403
114 1.7401
114.2 1.4929
114.4 1.3184
114.6 1.2817
114.8 1.2654
115 1.0371
115.2 0.7478
115.4 0.5685
115.6 0.3734
115.8 0.2324
116 0.1481
116.2 0.0005
116.4 -0.1163
116.6 -0.1163
116.8 -0.0122
117 0.0905
117.2 0.2994
117.4 0.4644
117.6 0.7148
117.8 0.9233
118 1.0748
118.2 1.3566
118.4 1.5414
118.6 1.665
118.8 1.665
119 1.4838
119.2 1.1857
119.4 1.088
119.6 0.8634
119.8 0.7507
120 0.682
120.2 0.5117
120.4 0.2739
120.6 0.1293
120.8 0.0076
121 -0.0277
121.2 -0.0753
121.4 -0.0753
121.6 -0.0581
121.8 0.0687
122 0.2336
122.2 0.3631
122.4 0.472
122.6 0.6417
122.8 0.7773
123 1.1568
123.2 1.4208
123.4 1.7337
123.6 1.7823
123.8 1.7823
124 1.507
124.2 1.3353
124.4 1.1773
124.6 0.9269
124.8 0.7874
125 0.6632
125.2 0.5194
125.4 0.3638
125.6 0.2632
125.8 0.1273
126 -0.088
126.2 -0.204
126.4 -0.2306
126.6 -0.2333
126.8 -0.2333
127 -0.1555
127.2 -0.0499
127.4 0.1665
127.6 0.4188
127.8 0.6095
128 0.7231
128.2 0.9371
128.4 1.2322
128.6 1.4035
128.8 1.5946
129 1.6191
129.2 1.6191
129.4 1.4173
129.6 1.3362
129.8 1.1789
130 0.9857
130.2 0.8397
130.4 0.6876
130.6 0.5639
130.8 0.5006
131 0.3342
131.2 0.1886
131.4 0.0116
131.6 -0.0237
131.8 -0.0237
132 -0.023
132.2 0.015
132.4 0.2225
132.6 0.3971
132.8 0.5246
133 0.7611
133.2 1.0578
133.4 1.264
133.6 1.4396
133.8 1.7026
134 1.7969
134.2 1.7969
134.4 1.7043
134.6 1.5305
134.8 1.3288
135 1.1004
135.2 0.9311
135.4 0.7586
135.6 0.5695
135.8 0.5344
136 0.4154
136.2 0.1211
136.4 0.0387
136.6 0.0387
136.8 0.0446
137 0.1901
137.2 0.3869
137.4 0.598
137.6 0.6937
137.8 0.9455
138 1.1825
138.2 1.3787
138.4 1.6437
138.6 1.7714
138.8 1.7714
139 1.7369
139.2 1.653
139.4 1.5241
139.6 1.3385
139.8 1.1755
140 1.0284
140.2 0.8408
140.4 0.6479
140.6 0.5882
140.8 0.4452
141 0.2786
141.2 0.0508
141.4 -0.0082
141.6 -0.0671
141.8 -0.089
142 -0.089
142.2 0.0663
142.4 0.2693
142.6 0.4681
142.8 0.6088
143 0.9312
143.2 1.1544
143.4 1.5159
143.6 1.7187
143.8 1.7187
144 1.5864
144.2 1.5003
144.4 1.2462
144.6 1.1206
144.8 0.9086
145 0.76
145.2 0.61
145.4 0.4499
145.6 0.3438
145.8 0.0602
146 -0.0127
146.2 -0.0753
146.4 -0.0753
146.6 -0.0305
146.8 0.3687
147 0.5039
147.2 0.5917
147.4 0.5917
147.6 0.5049
147.8 0.3039
148 0.186
148.2 0.0659
148.4 0.0659
148.6 0.0736
148.8 0.0868
149 0.1957
149.2 0.4102
149.4 0.5978
149.6 0.7971
149.8 1.0624
150 1.1678
150.2 1.3942
150.4 1.3942
150.6 1.352
150.8 1.191
151 0.9618
151.2 0.7718
151.4 0.6318
151.6 0.4182
151.8 0.1893
152 0.0721
152.2 -0.0192
152.4 -0.0192
152.6 0.0751
152.8 0.3344
153 0.5913
153.2 0.8453
153.4 1.1245
153.6 1.4407
153.8 1.6879
154 1.9429
154.2 2.0481
154.4 2.0481
154.6 1.9727
154.8 1.8959
155 1.6137
155.2 1.4011
155.4 1.2898
155.6 1.0754
155.8 0.8387
156 0.7423
156.2 0.5734
156.4 0.3482
156.6 0.1511
156.8 0.1511
157 0.2785
157.2 0.4739
157.4 0.64
157.6 0.9176
157.8 1.0156
158 1.0759
158.2 1.1406
158.4 1.5566
158.6 1.9163
158.8 1.9767
159 1.9767
159.2 1.9694
159.4 1.8805
159.6 1.8315
159.8 1.5852
160 1.2133
160.2 1.0186
160.4 0.8628
160.6 0.6529
160.8 0.5282
161 0.3496
161.2 0.1601
161.4 0.0348
161.6 0.0348
161.8 0.0476
162 0.1317
162.2 0.419
162.4 0.5835
162.6 0.6972
162.8 0.9614
163 1.051
163.2 1.051
163.4 0.9184
163.6 0.8225
163.8 0.7407
164 0.5134
164.2 0.3375
164.4 0.1899
164.6 0.0896
164.8 0.0062
165 -0.1237
165.2 -0.168
165.4 -0.1715
165.6 -0.1715
165.8 -0.0946
166 0.1306
166.2 0.3452
166.4 0.5144
166.6 0.7249
166.8 0.932
167 1.1267
167.2 1.5604
167.4 1.7438
167.6 1.8297
167.8 1.9148
168 1.9148
168.2 1.7748
168.4 1.5519
168.6 1.5028
168.8 1.3437
169 1.1205
169.2 0.8659
169.4 0.6415
169.6 0.4633
169.8 0.2511
170 0.0948
170.2 0.0445
170.4 0.0445
170.6 0.204
170.8 0.3148
171 0.443
171.2 0.6603
171.4 0.8192
171.6 0.9091
171.8 1.0259
172 1.0259
172.2 0.9582
172.4 0.8096
172.6 0.67
172.8 0.5138
173 0.2995
173.2 0.1468
173.4 0.0239
173.6 -0.0374
173.8 -0.0889
174 -0.0889
174.2 0.0501
174.4 0.2113
174.6 0.4265
174.8 0.6683
175 0.8946
175.2 1.1015
175.4 1.2937
175.6 1.4654
175.8 1.6513
176 1.8218
176.2 1.902
176.4 1.902
176.6 1.8133
176.8 1.6568
177 1.4543
177.2 1.2143
177.4 0.9712
177.6 0.844
177.8 0.6753
178 0.4342
178.2 0.2906
178.4 0.2906
178.6 0.4698
178.8 0.7214
179 1.0346
179.2 1.3125
179.4 1.7595
179.6 2.0244
179.8 2.0983
180 2.0983
180.2 2.0382
180.4 1.8481
180.6 1.6533
180.8 1.4961
181 1.3953
181.2 1.1315
181.4 0.9353
181.6 0.8238
181.8 0.7201
182 0.6146
182.2 0.506
182.4 0.3298
182.6 0.2161
182.8 0.0618
183 0.0618
183.2 0.0703
183.4 0.1646
183.6 0.3217
183.8 0.5591
184 0.7566
184.2 0.9433
184.4 1.1989
184.6 1.3761
184.8 1.5426
185 1.6619
185.2 1.7595
185.4 1.7595
185.6 1.6472
185.8 1.5037
186 1.3426
186.2 1.1505
186.4 1.0752
186.6 0.9785
186.8 0.6968
187 0.4162
187.2 0.3061
187.4 0.15
187.6 0.0235
187.8 -0.0459
188 -0.0459
188.2 -0.0192
188.4 0.164
188.6 0.3837
188.8 0.6016
189 0.8033
189.2 1.0895
189.4 1.3003
189.6 1.4797
189.8 1.6603
190 1.6603
190.2 1.5972
190.4 1.4995
190.6 1.3116
190.8 1.1483
191 0.9238
191.2 0.7447
191.4 0.7072
191.6 0.6312
191.8 0.3266
192 0.1846
192.2 0.0889
192.4 0.0889
192.6 0.1521
192.8 0.2153
193 0.2784
193.2 0.3416
193.4 0.4047
193.6 0.4679
193.8 0.5784
194 0.7897
194.2 0.9806
194.4 1.0491
194.6 1.1744
194.8 1.1744
195 1.1198
195.2 0.9529
195.4 0.7809
195.6 0.6927
195.8 0.595
196 0.4143
196.2 0.2401
196.4 0.0904
196.6 -0.0699
196.8 -0.1312
197 -0.1312
197.2 -0.1011
197.4 0.0071
197.6 0.2609
197.8 0.4564
198 0.6588
198.2 0.8794
198.4 1.1683
198.6 1.2259
198.8 1.3274
199 1.3274
199.2 1.2541
199.4 1.114
199.6 0.8082
199.8 0.6932
200 0.6221
200.2 0.6165
200.4 0.4283
200.6 0.1986
200.8 -0.0469
201 -0.1179
201.2 -0.1797
201.4 -0.2431
201.6 -0.2523
201.8 -0.253
202 -0.253
202.2 -0.1442
202.4 0.0524
202.6 0.2936
202.8 0.5512
203 0.6765
203.2 0.7206
203.4 1.2025
203.6 1.4295
203.8 1.6517
204 1.7548
204.2 1.7548
204.4 1.4808
204.6 1.2941
204.8 1.2302
205 0.9865
205.2 0.8014
205.4 0.7394
205.6 0.6294
205.8 0.4058
206 0.2583
206.2 0.1158
206.4 -0.0051
206.6 -0.0714
206.8 -0.0714
207 0.0414
207.2 0.2494
207.4 0.488
207.6 0.6735
207.8 0.9155
208 1.1314
208.2 1.3308
208.4 1.5504
208.6 1.5504
208.8 1.5472
209 1.3948
209.2 1.2801
209.4 1.1533
209.6 0.9332
209.8 0.7558
210 0.6201
210.2 0.5295
210.4 0.4736
210.6 0.3971
210.8 0.2161
211 -0.1154
211.2 -0.1154
211.4 0.0049
211.6 0.1569
211.8 0.3585
212 0.5439
212.2 0.6655
212.4 0.8675
212.6 1.001
212.8 1.001
213 0.9249
213.2 0.7168
213.4 0.6303
213.6 0.4023
213.8 0.3178
214 0.1148
214.2 -0.1417
214.4 -0.2726
214.6 -0.2726
214.8 -0.2251
215 -0.0927
215.2 0.1517
215.4 0.3514
215.6 0.4272
215.8 0.4835
216 0.6875
216.2 1.0215
216.4 1.4091
216.6 1.4091
216.8 1.3017
217 1.1052
217.2 0.956
217.4 0.7388
217.6 0.5544
217.8 0.361
218 0.2114
218.2 -0.0032
218.4 -0.0868
218.6 -0.2209
218.8 -0.2209
219 -0.1148
219.2 0.1495
219.4 0.2994
219.6 0.5627
219.8 0.8292
220 0.9907
220.2 1.3326
220.4 1.4232
220.6 1.7726
220.8 1.7726
221 1.6572
221.2 1.3645
221.4 1.2048
221.6 0.9737
221.8 0.7812
222 0.5303
222.2 0.4178
222.4 0.2277
222.6 -0.0061
222.8 -0.0061
223 0.1047
223.2 0.231
223.4 0.3959
223.6 0.7324
223.8 0.9257
224 1.0859
224.2 1.3105
224.4 1.5478
224.6 1.5611
224.8 1.5611
225 1.4314
225.2 1.2848
225.4 1.0866
225.6 0.8788
225.8 0.7189
226 0.5393
226.2 0.3438
226.4 0.2193
226.6 0.0789
226.8 0.0756
227 0.0756
227.2 0.1514
227.4 0.3588
227.6 0.4702
227.8 0.5738
228 0.6087
228.2 0.7811
228.4 1.0665
228.6 1.3264
228.8 1.3264
229 1.0985
229.2 1.0399
229.4 0.8479
229.6 0.6148
229.8 0.4694
230 0.3697
230.2 0.1416
230.4 0.0052
230.6 -0.1682
230.8 -0.2588
231 -0.2588
231.2 -0.2286
231.4 -0.1252
231.6 0.1543
231.8 0.2884
232 0.4269
232.2 0.5976
232.4 0.8338
232.6 1.0671
232.8 1.2348
233 1.3843
233.2 1.5323
233.4 1.5323
233.6 1.457
233.8 1.2314
234 1.1331
234.2 0.8437
234.4 0.6631
234.6 0.5383
234.8 0.4583
235 0.3467
235.2 0.2411
235.4 0.2411
235.6 0.3746
235.8 0.5659
236 0.8946
236.2 1.0831
236.4 1.2256
236.6 1.5211
236.8 1.6229
237 1.6229
237.2 1.5689
237.4 1.3544
237.6 1.1808
237.8 0.966
238 0.8218
238.2 0.6474
238.4 0.442
238.6 0.4079
238.8 0.2884
239 0.1964
239.2 0.1964
239.4 0.3321
239.6 0.4511
239.8 0.7345
240 0.9939
240.2 1.1752
240.4 1.3374
240.6 1.3374
240.8 1.1729
241 -0.0919
241.2 -0.0919
241.4 0.0341
241.6 0.1287
241.8 0.3587
242 0.553
242.2 0.7732
242.4 1.0219
242.6 1.1957
242.8 1.4102
243 1.5404
243.2 1.5689
243.4 1.5689
243.6 1.3059
243.8 1.1293
244 0.9451
244.2 0.6198
244.4 0.5439
244.6 0.406
244.8 0.3359
245 0.269
245.2 0.0857
245.4 -0.0954
245.6 -0.0954
245.8 0.066
246 0.3118
246.2 0.5934
246.4 0.8376
246.6 1.0836
246.8 1.2453
247 1.5053
247.2 1.7088
247.4 1.8999
247.6 1.9343
247.8 1.9343
248 1.8525
248.2 1.7057
248.4 1.4853
248.6 1.329
248.8 1.1095
249 0.8216
249.2 0.5776
249.4 0.3327
249.6 0.2242
249.8 0.11
250 0.11
250.2 0.1926
250.4 0.3234
250.6 0.6008
250.8 0.7146
251 1.1064
251.2 1.4376
251.4 1.6493
251.6 1.9028
251.8 1.9028
252 1.7899
252.2 1.6438
252.4 1.4584
252.6 1.1539
252.8 0.9947
253 0.7859
253.2 0.531
253.4 0.3099
253.6 0.1929
253.8 0.0664
254 0.0571
254.2 0.0571
254.4 0.1744
254.6 0.3677
254.8 0.5842
255 0.7713
255.2 1.0194
255.4 1.1871
255.6 1.4154
255.8 1.4154
256 1.2126
256.2 1.0631
256.4 0.8975
256.6 0.7645
256.8 0.5552
257 0.3625
257.2 0.2216
257.4 0.1429
257.6 -0.0918
257.8 -0.1087
258 -0.1087
258.2 -0.1055
258.4 0.0893
258.6 0.2173
258.8 0.3292
259 0.655
259.2 0.8743
259.4 0.9604
259.6 1.0912
259.8 1.4351
260 1.4351
260.2 1.3181
260.4 1.0558
260.6 0.9246
260.8 0.7391
261 0.5497
261.2 0.3988
261.4 0.2711
261.6 0.1249
261.8 0.0284
262 0.0065
262.2 0.0065
262.4 0.1327
262.6 0.3822
262.8 0.6207
263 0.7245
263.2 1.0333
263.4 1.2143
263.6 1.452
263.8 1.7004
264 1.7416
264.2 1.7416
264.4 1.6558
264.6 1.4561
264.8 1.2162
265 1.0271
265.2 0.8082
265.4 0.5958
265.6 0.5065
265.8 0.3336
266 0.1005
266.2 -0.0004
266.4 -0.027
266.6 -0.027
266.8 0.0785
267 0.2779
267.2 0.4477
267.4 0.7451
267.6 0.9364
267.8 1.2116
268 1.4274
268.2 1.624
268.4 1.6411
268.6 1.6411
268.8 1.4872
269 1.1681
269.2 0.9259
269.4 0.6772
269.6 0.4449
269.8 0.295
270 0.1212
270.2 -0.0134
270.4 -0.0482
270.6 -0.0482
270.8 -0.0419
271 0.0896
271.2 0.2567
271.4 0.5268
271.6 0.8292
271.8 1.0979
272 1.3098
272.2 1.5044
272.4 1.5044
272.6 1.398
272.8 1.1385
273 0.9824
273.2 0.7766
273.4 0.6669
273.6 0.5935
273.8 0.3842
274 0.182
274.2 -0.0163
274.4 -0.1121
274.6 -0.1461
274.8 -0.1461
275 -0.0288
275.2 0.0801
275.4 0.2132
275.6 0.3986
275.8 0.7088
276 0.9508
276.2 1.1508
276.4 1.2799
276.6 1.2799
276.8 1.1166
277 1.0291
277.2 0.8443
277.4 0.6484
277.6 0.5896
277.8 0.4231
278 0.1986
278.2 0.0748
278.4 -0.0442
278.6 -0.1612
278.8 -0.1612
279 0.0056
279.2 0.1635
279.4 0.3733
279.6 0.6055
279.8 0.8784
280 1.0538
280.2 1.2868
280.4 1.5208
280.6 1.5738
280.8 1.5738
281 1.3261
281.2 1.1697
281.4 0.9137
281.6 0.6463
281.8 0.5256
282 0.3796
282.2 0.2336
282.4 0.0927
282.6 -0.0063
282.8 -0.0063
283 0.0199
283.2 0.1291
283.4 0.2759
283.6 0.3907
283.8 0.6456
284 0.882
284.2 1.0818
284.4 1.318
284.6 1.5542
284.8 1.5542
285 1.4387
285.2 1.208
285.4 1.099
285.6 0.9647
285.8 0.7232
286 0.5499
286.2 0.3829
286.4 0.2055
286.6 0.1017
286.8 0.0165
287 0.0165
287.2 0.0224
287.4 0.1185
287.6 0.3088
287.8 0.4549
288 0.6351
288.2 0.6351
288.4 0.3263
288.6 0.1081
288.8 0.0259
289 0.0259
289.2 0.1222
289.4 0.3616
289.6 0.7879
289.8 1.1605
290 1.4608
290.2 1.6329
290.4 1.8049
290.6 1.8049
290.8 1.6988
291 1.4691
291.2 1.2273
291.4 1.0666
291.6 0.832
291.8 0.5798
292 0.3483
292.2 0.1987
292.4 0.0815
292.6 0.0756
292.8 0.0756
293 0.1643
293.2 0.3678
293.4 0.4423
293.6 0.5168
293.8 0.8929
294 1.2276
294.2 1.4767
294.4 1.6697
294.6 1.8628
294.8 1.8645
295 1.8645
295.2 1.6726
295.4 1.3643
295.6 1.1635
295.8 0.8978
296 0.6274
296.2 0.423
296.4 0.3431
296.6 0.1377
296.8 0.0111
297 -0.0126
297.2 -0.0126
297.4 0.0768
297.6 0.2617
297.8 0.4749
298 0.671
298.2 0.8408
298.4 1.1301
298.6 1.4378
298.8 1.5338
299 1.5369
299.2 1.5369
299.4 1.3523
299.6 1.1319
299.8 0.9719
300 0.8612
300.2 0.5787
