Time(s) x(mm) y(mm) z(mm) rx(deg) ry(deg) rz(deg)
0 0 0 0 0 2.48480834489337E-17 -1.93349149337016E-16
0 0 0 0 0 2.48480834489337E-17 -1.93349149337016E-16
0.05600000000004 0.212858939028195 0.185579526767867 -0.0158528016572177 0 2.48480834489337E-17 -1.93349149337016E-16
0.104000000000042 0.75060022712654 0.818226774411926 0.73287396233809 0 2.48480834489337E-17 -1.93349149337016E-16
0.152000000000044 1.0693601160321 1.13124311360468 1.10759106179211 0 2.48480834489337E-17 -1.93349149337016E-16
0.183999999999969 1.27543594534981 1.22608006999047 1.19999617136131 0 2.48480834489337E-17 -1.93349149337016E-16
0.384000000000015 2.55073976079046 2.46082190224121 2.49961641820749 0 2.48480834489337E-17 -1.93349149337016E-16
0.408000000000129 2.55739074059176 2.5602262348836 2.49098258246607 0 2.48480834489337E-17 -1.93349149337016E-16
0.449000000000069 2.56390959048386 2.66829232978614 2.58197282220965 0 2.48480834489337E-17 -1.93349149337016E-16
0.497000000000071 2.98231583919303 2.98335586198073 3.05702143206145 0 2.48480834489337E-17 -1.93349149337016E-16
0.576000000000022 3.72626508651828 3.70217830375032 3.7985292301409 0 2.48480834489337E-17 -1.93349149337016E-16
0.624000000000024 3.72626508651828 3.70217830375032 3.7985292301409 0 2.48480834489337E-17 -1.93349149337016E-16
0.672000000000025 3.94537861562023 4.0131474499413 4.07291481919719 0 2.48480834489337E-17 -1.93349149337016E-16
0.73700000000008 4.68932786294545 4.73196989171083 4.81442261727665 0 2.48480834489337E-17 -1.93349149337016E-16
0.768000000000029 4.90205467206448 4.92621118073902 4.89819389110443 0 2.48480834489337E-17 -1.93349149337016E-16
0.816000000000031 5.00835201166942 5.02766270638313 4.98989156576079 0 2.48480834489337E-17 -1.93349149337016E-16
0.864000000000033 4.79575733245957 4.82475965509474 4.80649621644807 0 2.48480834489337E-17 -1.93349149337016E-16
0.895999999999958 4.47699744355401 4.51174331590198 4.43177911699399 0 2.48480834489337E-17 -1.93349149337016E-16
0.935999999999922 4.04542136515141 3.98920935616241 3.87437410314004 0 2.48480834489337E-17 -1.93349149337016E-16
0.969000000000051 3.83269455603238 3.79496806713428 3.79060282931226 0 2.48480834489337E-17 -1.93349149337016E-16
1.01700000000005 3.82604357623109 3.69556373449194 3.79923666505368 0 2.48480834489337E-17 -1.93349149337016E-16
1.06500000000005 3.51393466712682 3.48195172794146 3.4158857298583 0 2.48480834489337E-17 -1.93349149337016E-16
1.096 3.19504264831207 3.17759715100891 3.14079270588917 0 2.48480834489337E-17 -1.93349149337016E-16
1.14400000000001 2.76985328989238 2.77179104843219 2.77400200726379 0 2.48480834489337E-17 -1.93349149337016E-16
1.19200000000001 2.45761225087895 2.56684080414198 2.49027514755323 0 2.48480834489337E-17 -1.93349149337016E-16
1.22399999999993 2.55073976079046 2.46082190224121 2.49961641820749 0 2.48480834489337E-17 -1.93349149337016E-16
1.27199999999993 2.23184774197571 2.15646732530865 2.22452339423842 0 2.48480834489337E-17 -1.93349149337016E-16
1.31999999999994 1.7071441536616 1.73995226746985 1.65777710973026 0 2.48480834489337E-17 -1.93349149337016E-16
1.35300000000007 1.38825213484685 1.43559769053724 1.38268408576118 0 2.48480834489337E-17 -1.93349149337016E-16
1.40100000000007 1.17565745563701 1.23269463924885 1.19928873644847 0 2.48480834489337E-17 -1.93349149337016E-16
1.44900000000007 1.16913860574491 1.12462854434625 1.10829849670489 0 2.48480834489337E-17 -1.93349149337016E-16
1.48000000000002 0.956543926535062 0.92172549305792 0.924903147392172 0 2.48480834489337E-17 -1.93349149337016E-16
1.52800000000002 0.325410868706854 0.412420671835093 0.366083263712596 0 2.48480834489337E-17 -1.93349149337016E-16
1.57600000000002 0 0 0 0 2.48480834489337E-17 -1.93349149337016E-16
1.60799999999995 0 0 0 0 2.48480834489337E-17 -1.93349149337016E-16
1.64800000000014 0 0 0 0 2.48480834489337E-17 -1.93349149337016E-16
1.69600000000014 0 0 0 0 2.48480834489337E-17 -1.93349149337016E-16
1.72900000000004 0.00665097980129303 0.0994043326423366 -0.00863383574142063 0 2.48480834489337E-17 -1.93349149337016E-16
1.77700000000004 0.00665097980129303 0.0994043326423366 -0.00863383574142063 0 2.48480834489337E-17 -1.93349149337016E-16
1.82500000000005 0.00665097980129303 0.0994043326423366 -0.00863383574142063 0 2.48480834489337E-17 -1.93349149337016E-16
1.92100000000005 0.0131698296933962 0.207470427544934 0.0823564040020983 0 2.48480834489337E-17 -1.93349149337016E-16
1.952 0.0199529394038791 0.298212997927067 -0.0259015072242619 0 2.48480834489337E-17 -1.93349149337016E-16
2 0.0199529394038791 0.298212997927067 -0.0259015072242619 0 2.48480834489337E-17 -1.93349149337016E-16
2.03199999999993 0.0133019596025861 0.198808665284673 -0.0172676714828413 0 2.48480834489337E-17 -1.93349149337016E-16
2.096 0.0133019596025861 0.198808665284673 -0.0172676714828413 -0.0112963582019339 0.0371317179942105 0.0340217025411855
2.23199999999997 0.0199529394038791 0.298212997927067 -0.0259015072242619 -0.0112963582019339 0.0371317179942105 0.0340217025411855
2.26400000000012 0.0199529394038791 0.298212997927067 -0.0259015072242619 0.0253909564154347 0.0703476987455794 0.0198525476787511
2.29600000000005 0.0199529394038791 0.298212997927067 -0.0259015072242619 -0.0456179830884634 0.050611425270831 -0.00137563139557259
2.34400000000005 0.0199529394038791 0.298212997927067 -0.0259015072242619 -0.0456179830884634 0.050611425270831 -0.00137563139557259
2.44100000000003 0.0198208094946892 0.306874760187327 0.0737225682606777 -0.00894889291242729 0.0838335781558343 -0.0155518907962592
2.47199999999998 0.0130376997842063 0.216132189805137 0.181980479487038 -0.0545984953497095 0.134426386685377 -0.0169824098623954
2.50400000000013 -0.100042749531212 0.0239380937788951 0.198540716057039 -0.134661534441064 0.198394574861234 -0.0539438454771433
2.56799999999998 -0.120127818844281 -0.265613141887968 0.324066298766354 -0.297138780773298 0.2794941744148 -0.0785126906142309
2.61599999999999 -0.226689418267597 -0.34974114301167 0.431616775079874 -0.262710957566589 0.266197747800374 -0.0429776726841312
2.66399999999999 -0.226689418267597 -0.34974114301167 0.431616775079874 -0.262710957566589 0.266197747800374 -0.0429776726841312
2.69600000000014 -0.226689418267597 -0.34974114301167 0.431616775079874 -0.297138780773298 0.2794941744148 -0.0785126906142309
2.74400000000014 -0.220038438466304 -0.25033681036939 0.422982939338453 -0.297138780773298 0.2794941744148 -0.0785126906142309
2.79200000000014 -0.220038438466304 -0.25033681036939 0.422982939338453 -0.297138780773298 0.2794941744148 -0.0785126906142309
2.83300000000008 -0.220038438466304 -0.25033681036939 0.422982939338453 -0.297138780773298 0.2794941744148 -0.0785126906142309
2.88100000000009 -0.220038438466304 -0.25033681036939 0.422982939338453 -0.297138780773298 0.2794941744148 -0.0785126906142309
2.91200000000003 -0.220038438466304 -0.25033681036939 0.422982939338453 -0.297138780773298 0.2794941744148 -0.0785126906142309
2.97600000000011 -0.213387458665011 -0.150932477726997 0.414349103597033 -0.297138780773298 0.2794941744148 -0.0785126906142309
3.02400000000011 -0.213387458665011 -0.150932477726997 0.414349103597033 -0.26055126833046 0.312729978981363 -0.0926932032910634
3.07200000000012 -0.213387458665011 -0.150932477726997 0.414349103597033 -0.22610516070702 0.299427408697743 -0.0571509286343964
3.12000000000012 -0.206736478863718 -0.0515281450846032 0.405715267855612 -0.214798296145654 0.262251977499963 -0.0910316927874075
3.16800000000012 -0.213387458665011 -0.150932477726997 0.414349103597033 -0.143766529262502 0.282155564690007 -0.0696856583914024
3.21600000000012 -0.213387458665011 -0.150932477726997 0.414349103597033 -0.143766529262502 0.282155564690007 -0.0696856583914024
3.24800000000005 -0.213387458665011 -0.150932477726997 0.414349103597033 -0.109334527439374 0.26878380689309 -0.0341758134910964
3.27999999999997 -0.113608968952178 -0.157547046985314 0.415056538509873 -0.098043797195802 0.231629229814645 -0.0681133852379659
3.32799999999997 -0.206604348954528 -0.0601899073448635 0.306091192370673 0.00741065286529955 0.238022032993088 -0.0113091293287969
3.36000000000013 -0.106825859241695 -0.0668044766032381 0.306798627283513 0.0186853485661258 0.200888416212295 -0.0453034773087537
3.39200000000005 -0.106825859241695 -0.0668044766032381 0.306798627283513 0.0186853485661258 0.200888416212295 -0.0453034773087537
3.42399999999998 -0.106825859241695 -0.0668044766032381 0.306798627283513 0.0186853485661258 0.200888416212295 -0.0453034773087537
3.47199999999998 -0.106825859241695 -0.0668044766032381 0.306798627283513 0.100994576880333 0.183534202134477 -0.0580280939128223
3.51999999999998 -0.0932596398207295 0.114680664161028 0.0902828048306787 0.18103115073344 0.119388554146766 -0.0212663779257887
3.55200000000013 -0.0932596398207295 0.114680664161028 0.0902828048306787 0.226652819872762 0.068728491211097 -0.0199880646910926
3.59300000000007 -0.0866086600194365 0.214084996803365 0.0816489690892581 0.226652819872762 0.068728491211097 -0.0199880646910926
3.64800000000014 0.0131698296933962 0.207470427544934 0.0823564040020983 0.226652819872762 0.068728491211097 -0.0199880646910926
3.67200000000003 -0.0800898101273333 0.322151091705962 0.172639208832777 0.226652819872762 0.068728491211097 -0.0199880646910926
3.70399999999995 0.0331227690972753 0.505683425472057 0.0564548967778364 0.226652819872762 0.068728491211097 -0.0199880646910926
3.73700000000008 0.0464247286998614 0.70449209075673 0.0391872252949952 0.226652819872762 0.068728491211097 -0.0199880646910926
3.79999999999995 0.152722068304797 0.805943616400896 0.130884899951297 0.272254224492401 0.0180496982909964 -0.0187673267898873
3.83300000000008 0.152722068304797 0.805943616400896 0.130884899951297 0.272254224492401 0.0180496982909964 -0.0187673267898873
3.86400000000003 0.152722068304797 0.805943616400896 0.130884899951297 0.272254224492401 0.0180496982909964 -0.0187673267898873
3.91200000000003 0.15937304810609 0.905347949043232 0.122251064209877 0.272254224492401 0.0180496982909964 -0.0187673267898873
3.96000000000004 0.15937304810609 0.905347949043232 0.122251064209877 0.272254224492401 0.0180496982909964 -0.0187673267898873
3.99199999999996 0.166024027907383 1.00475228168563 0.113617228468456 0.272254224492401 0.0180496982909964 -0.0187673267898873
4.03999999999996 0.166024027907383 1.00475228168563 0.113617228468456 0.272254224492401 0.0180496982909964 -0.0187673267898873
4.08799999999997 0.166024027907383 1.00475228168563 0.113617228468456 0.235565331604214 -0.0151824914367374 -0.00461657989103735
4.12000000000012 0.166024027907383 1.00475228168563 0.113617228468456 0.281135441900522 -0.0658796809857602 -0.00345072751910173
4.15200000000004 0.166024027907383 1.00475228168563 0.113617228468456 0.281135441900522 -0.0658796809857602 -0.00345072751910173
4.20900000000006 0.166024027907383 1.00475228168563 0.113617228468456 0.281135441900522 -0.0658796809857602 -0.00345072751910173
4.24000000000001 0.166024027907383 1.00475228168563 0.113617228468456 0.281135441900522 -0.0658796809857602 -0.00345072751910173
4.27199999999993 0.166024027907383 1.00475228168563 0.113617228468456 0.281135441900522 -0.0658796809857602 -0.00345072751910173
4.30500000000006 0.166024027907383 1.00475228168563 0.113617228468456 0.292412529112124 -0.102954599372557 -0.0376145851444582
4.36799999999994 0.166024027907383 1.00475228168563 0.113617228468456 0.363396581716744 -0.0833638269999102 -0.0164985560443982
4.40100000000007 0.166024027907383 1.00475228168563 0.113617228468456 0.363396581716744 -0.0833638269999102 -0.0164985560443982
4.44900000000007 0.166024027907383 1.00475228168563 0.113617228468456 0.363396581716744 -0.0833638269999102 -0.0164985560443982
4.48000000000002 0.172542877799486 1.11281837658822 0.204607468212032 0.408937705234353 -0.134098434255095 -0.0154505130163012
4.49700000000007 0.172542877799486 1.11281837658822 0.204607468212032 0.408937705234353 -0.134098434255095 -0.0154505130163012
4.55999999999995 0.278972347313612 1.20560813997218 0.196681067383452 0.408937705234353 -0.134098434255095 -0.0154505130163012
4.59300000000007 0.179193857600779 1.21222270923056 0.195973632470611 0.408937705234353 -0.134098434255095 -0.0154505130163012
4.64100000000008 0.278972347313612 1.20560813997218 0.196681067383452 0.408937705234353 -0.134098434255095 -0.0154505130163012
4.67200000000003 0.278972347313612 1.20560813997218 0.196681067383452 0.408937705234353 -0.134098434255095 -0.0154505130163012
4.73700000000008 0.285491197205715 1.31367423487484 0.287671307126914 0.408937705234353 -0.134098434255095 -0.0154505130163012
4.76800000000003 0.285491197205715 1.31367423487484 0.287671307126914 0.408937705234353 -0.134098434255095 -0.0154505130163012
4.79999999999995 0.285491197205715 1.31367423487484 0.287671307126914 0.408937705234353 -0.134098434255095 -0.0154505130163012
4.84799999999996 0.285491197205715 1.31367423487484 0.287671307126914 0.445649230701732 -0.100861322266281 -0.0296005527785606
4.88100000000009 0.285491197205715 1.31367423487484 0.287671307126914 0.411360532781438 -0.0871796896556227 -0.0648573665216576
4.904 0.285491197205715 1.31367423487484 0.287671307126914 0.411360532781438 -0.0871796896556227 -0.0648573665216576
4.952 0.385269686918519 1.30705966561641 0.288378742039754 0.448043232565518 -0.0539307188497116 -0.0790055738727774
5 0.285623327114905 1.30501247261458 0.188047231641974 0.448043232565518 -0.0539307188497116 -0.0790055738727774
5.03199999999993 0.285491197205715 1.31367423487484 0.287671307126914 0.448043232565518 -0.0539307188497116 -0.0790055738727774
5.06500000000005 0.285623327114905 1.30501247261458 0.188047231641974 0.37706019211227 -0.0735320362821221 -0.100124858276204
5.11300000000006 0.285623327114905 1.30501247261458 0.188047231641974 0.365787727999325 -0.0364732489082582 -0.065932052866506
5.16100000000006 0.285623327114905 1.30501247261458 0.188047231641974 0.37706019211227 -0.0735320362821221 -0.100124858276204
5.19200000000001 0.285623327114905 1.30501247261458 0.188047231641974 0.365787727999325 -0.0364732489082582 -0.065932052866506
5.22399999999993 0.285623327114905 1.30501247261458 0.188047231641974 0.365787727999325 -0.0364732489082582 -0.065932052866506
5.28800000000001 0.272321367512291 1.10620380732985 0.205314903124872 0.237921814507985 0.0316398065001447 -0.0541051603825358
5.31999999999994 0.258755148091325 0.924718666565582 0.421830725577649 0.192299723895002 0.0822900640145153 -0.0553552291862414
5.35300000000007 0.152325678577228 0.83192890318162 0.42975712640623 0.0756417606771029 0.113175359892335 -0.0779102568135383
5.40100000000007 0.145674698775935 0.732524570539226 0.438390962147651 0.0643573765264565 0.150294973222693 -0.0438781132203103
5.43200000000002 0.139023718974613 0.63312023789689 0.447024797889128 0.0299694512708046 0.163759065443429 -0.0793073456305394
5.46399999999994 0.0258111397500329 0.449587904130851 0.563209109944069 -0.0523416918586148 0.181083809802127 -0.0665986566363501
5.51199999999994 -0.120656338481041 -0.230966092847041 0.722562600706226 -0.271858098961948 0.349915024931317 -0.0588407636054258
5.55999999999995 -0.260604966820011 -0.803453994922336 0.972906331211902 -0.528188026219502 0.485214527865565 -0.0378445578472129
5.58500000000004 -0.37368541613543 -0.995648090948634 0.989466567781903 -0.574023313347472 0.535604258354005 -0.0398268340791913
5.63300000000004 -0.380336395936723 -1.09505242359097 0.998100403523324 -0.585335530832345 0.57285269185364 -0.00614513675211975
5.66399999999999 -0.393770485448499 -1.28519932661544 1.1149921504911 -0.629232368397964 0.669551985698343 -0.0581267597597648
5.71199999999999 -0.733011833394698 -1.86178161469434 1.16467286020122 -0.705372631787461 0.924238485306528 -0.059474522380965
5.75999999999999 -0.866177352023215 -2.34352694638756 1.30675867948042 -0.818283863136836 1.14557042681022 -0.0473254363775069
5.79200000000014 -0.87961144153499 -2.53367384941203 1.42365042644832 -0.793119398532839 1.21611531153325 -0.02793680025027
5.85599999999999 -0.999342870651674 -2.82527227808066 1.44884449875974 -0.827944573241077 1.22904376802222 -0.0639679072954568
5.88799999999992 -1.12598953938806 -3.19895151487134 1.68192055778258 -0.837661029263617 1.31250357564506 -0.0806555257398367
5.93599999999992 -1.38580172675293 -4.05437608335495 2.05708243608461 -0.892218168684985 1.49220575248988 -0.150319556692822
5.98399999999992 -1.51909937529058 -4.52745965278791 2.29879233084887 -0.948411473500489 1.62570408044295 -0.17003773594519
6.048 -1.64548178420858 -4.91846241409888 2.33262023890171 -1.04101757401881 1.7258484609801 -0.175925400514869
6.096 -2.13823797991475 -6.24901774501734 2.84916050157034 -1.18590698766109 2.19634405220538 -0.217927979181487
6.13599999999997 -2.7572444546297 -7.97923759950714 3.2999045968067 -1.42532479423695 2.81151332831121 -0.320444804416928
6.16800000000012 -2.90371193286077 -8.65979159648492 3.45925808756886 -1.52983297790027 2.99400130039368 -0.346307560848209
6.20900000000006 -3.01692451208538 -8.84332393025102 3.57544239962385 -1.54077391555934 3.07701767232012 -0.364325816847193
6.23199999999997 -3.01679238217619 -8.85198569251128 3.47581832413886 -1.57671935867045 3.04367613826545 -0.350398494458637
6.26400000000012 -3.1434390509126 -9.22566492930179 3.70889438316169 -1.5519793862753 3.11449456230358 -0.331493222163767
6.31200000000013 -3.40325123827745 -10.0810894977855 4.08405626146373 -1.52705424354046 3.23084739803084 -0.363478983490935
6.34400000000005 -3.65628031593184 -10.8457714958872 4.35096022853946 -1.53813046307977 3.31384359679051 -0.38160365080973
6.37599999999998 -3.66958227553442 -11.0445801611718 4.3682279000223 -1.54931170447753 3.35132630426461 -0.348808007480298
6.40800000000013 -3.68301636504623 -11.2347270641964 4.48511964699014 -1.51341627861836 3.38468036788719 -0.362681681051907
6.45600000000013 -3.67636538524491 -11.135322731554 4.47648581124872 -1.5492657532778 3.39682475227701 -0.39977687342646
6.48900000000003 -3.67636538524491 -11.135322731554 4.47648581124872 -1.53808059866824 3.35934236574097 -0.432562658096958
6.53700000000003 -3.67623325533572 -11.1439844938142 4.37686173576373 -1.56276236808974 3.37941344353972 -0.553411353106321
6.55200000000013 -3.67623325533572 -11.1439844938142 4.37686173576373 -1.56276236808974 3.37941344353972 -0.553411353106321
6.60000000000014 -3.67623325533572 -11.1439844938142 4.37686173576373 -1.55154575308273 3.34193427200999 -0.586185608117431
6.63300000000004 -3.67636538524491 -11.135322731554 4.47648581124872 -1.51574871960383 3.37533291448496 -0.600099522987904
6.70399999999995 -3.55676608603738 -10.8350625406251 4.55091581442218 -1.39699113744329 3.3470946693613 -0.572692170153272
6.73700000000008 -3.4370346569207 -10.5434641119564 4.52572174211076 -1.31412211399957 3.33090840124072 -0.582411406633346
6.78500000000008 -3.4169495876076 -10.2539128762895 4.4001961594015 -1.26708608048991 3.28129761857887 -0.578299073189604
6.84799999999996 -3.30386913829221 -10.0617187802633 4.3836359228315 -1.22007489417698 3.23166510640979 -0.574245339663103
6.86400000000003 -3.28378406897914 -9.77216754459641 4.25811034012224 -1.1372958576865 3.16973964730877 -0.533318007246847
6.91200000000003 -3.03062286141557 -9.01614730875508 3.89158229756157 -0.949684990682278 2.97078551735048 -0.518042688710517
6.94399999999996 -2.99032059288021 -8.44570659968167 3.54090705665817 -0.856342368514071 2.82530651986638 -0.460130146239964
7.00800000000004 -2.85689081443334 -7.98128479250892 3.19957308640892 -0.762847389357447 2.72555746719329 -0.45313502971661
7.07200000000012 -2.72372529580485 -7.49953946081581 3.05748726712972 -0.730341658207411 2.52165300931111 -0.45184319659877
7.10400000000004 -2.48413030766224 -6.92500436573863 2.90747504702182 -0.652200624701592 2.22168866672064 -0.397312706071112
7.13599999999997 -2.23775220980917 -6.25972670027943 2.64920491568751 -0.610008173105793 1.93424722709608 -0.379893788983011
7.16800000000012 -2.20423305098433 -5.7800285615881 2.40678758601047 -0.578395874913335 1.73013996610937 -0.379738713091411
7.21600000000012 -2.19079896147252 -5.58988165856363 2.28989583904269 -0.568278419271297 1.64670743334605 -0.363015080706779
7.26400000000012 -2.07093540244665 -5.3069449921552 2.16507769124621 -0.510742093984083 1.55932940763238 -0.393897038594362
7.29600000000005 -1.83799139410536 -4.83181422972041 2.02369930687979 -0.383207201082259 1.44610947563947 -0.352791205504844
7.36000000000013 -1.56474511722871 -3.78624275821221 1.53164568160992 -0.21379679952836 1.09107700793503 -0.346940129126813
7.37599999999998 -1.55809413742742 -3.68683842556993 1.5230118458685 -0.167717584159067 1.04078873878507 -0.344843163567743
7.39200000000005 -1.55144315762612 -3.58743409292754 1.51437801012707 -0.167717584159067 1.04078873878507 -0.344843163567743
7.44900000000007 -1.43836270831071 -3.39523999690124 1.49781777355702 -0.132902112070966 1.02765578948876 -0.309014562506804
7.51199999999994 -1.18520150074713 -2.63921976105991 1.1312897309964 -0.0564294987704138 0.77281316157295 -0.308850922212508
7.54500000000007 -1.05203598211867 -2.15747442936674 0.989203911717141 0.0241934468217725 0.709162006427942 -0.27137270648193
7.57600000000002 -0.932304553001956 -1.86587600069799 0.964009839405719 0.03363743813416 0.625430359472599 -0.255546467403045
7.60799999999995 -0.925521443291473 -1.77513343031592 0.855751928179245 0.03363743813416 0.625430359472599 -0.255546467403045
7.65599999999995 -0.91887046349018 -1.67572909767358 0.847118092437825 0.0430274204022239 0.541685763127278 -0.239764788634078
7.68900000000008 -0.805790014174789 -1.48353500164728 0.830557855867823 0.0888705240493863 0.491214790166375 -0.238150824022576
7.72000000000003 -0.692577434950181 -1.30000266788113 0.714373543812769 0.061645769323937 0.374157917965072 -0.208334588992995
7.75199999999995 -0.679407605256785 -1.0925322403362 0.796729947814924 0.059593021260889 0.327497552545763 -0.158690366773918
7.79999999999995 -0.672624495546302 -1.00178966995406 0.688472036588507 0.105340202168206 0.276960591064769 -0.157213912719736
7.83300000000008 -0.572846005833469 -1.0084042392125 0.689179471501348 0.0708743406108922 0.290374766604591 -0.192685807472214
7.86400000000003 -0.572846005833469 -1.0084042392125 0.689179471501348 0.0708743406108922 0.290374766604591 -0.192685807472214
7.89599999999996 -0.559544046230883 -0.809595573927766 0.671911800018506 0.0708743406108922 0.290374766604591 -0.192685807472214
7.92800000000011 -0.446463596915493 -0.617401477901467 0.655351563448448 0.105340202168206 0.276960591064769 -0.157213912719736
7.96000000000004 -0.439680487204981 -0.526658907519391 0.547093652222088 0.105340202168206 0.276960591064769 -0.157213912719736
8.02400000000011 -0.439680487204981 -0.526658907519391 0.547093652222088 0.105340202168206 0.276960591064769 -0.157213912719736
8.07200000000012 -0.426378527602395 -0.327850242234661 0.529825980739247 0.105340202168206 0.276960591064769 -0.157213912719736
8.096 -0.313298078286977 -0.135656146208305 0.513265744169246 0.151066825692507 0.226404670634565 -0.155795090223536
8.14400000000001 -0.200085499062396 0.0478761875577902 0.397081432114192 0.233364192524255 0.209097804882884 -0.168577077251819
8.17599999999993 -0.193434519261103 0.14728052020007 0.388447596372771 0.233364192524255 0.209097804882884 -0.168577077251819
8.20900000000006 -0.0936560295482991 0.140665950941752 0.389155031285611 0.233364192524255 0.209097804882884 -0.168577077251819
8.24000000000001 -0.0870050497470061 0.240070283584032 0.380521195544134 0.233364192524255 0.209097804882884 -0.168577077251819
8.28800000000001 -0.080354069945713 0.339474616226426 0.371887359802713 0.242458741080918 0.125236204583899 -0.153130317511985
8.31999999999994 0.0262075294776025 0.423602617350127 0.264336883489193 0.276850824939177 0.111701936617893 -0.117757055686094
8.38400000000001 0.0395094890801886 0.622411282634857 0.247069212006352 0.251500085104853 0.0413620324158788 -0.13772732421385
8.41599999999994 0.0395094890801886 0.622411282634857 0.247069212006352 0.251500085104853 0.0413620324158788 -0.13772732421385
8.46399999999994 0.0395094890801886 0.622411282634857 0.247069212006352 0.251500085104853 0.0413620324158788 -0.13772732421385
8.50400000000013 0.0462925987906715 0.713153853016934 0.138811300779935 0.285853283243074 0.0278053508631636 -0.102390509696729
8.55999999999995 0.0529435785919929 0.812558185659327 0.130177465038514 0.285853283243074 0.0278053508631636 -0.102390509696729
8.57600000000002 0.152722068304797 0.805943616400896 0.130884899951297 0.285853283243074 0.0278053508631636 -0.102390509696729
8.59300000000007 0.0529435785919929 0.812558185659327 0.130177465038514 0.285853283243074 0.0278053508631636 -0.102390509696729
8.65599999999995 0.152722068304797 0.805943616400896 0.130884899951297 0.237921814507985 0.0316398065001447 -0.0541051603825358
8.72000000000003 0.259019407909705 0.907395142045118 0.222582574607713 0.18997505987068 0.0354960200895033 -0.00583997773292876
8.75199999999995 0.265670387710998 1.00679947468751 0.213948738866293 0.18997505987068 0.0354960200895033 -0.00583997773292876
8.78500000000008 0.265670387710998 1.00679947468751 0.213948738866293 0.142013036418782 0.039373987599058 0.0424050175597223
8.81600000000003 0.265802517620187 0.998137712427251 0.114324663381296 0.142013036418782 0.039373987599058 0.0424050175597223
8.84799999999996 0.265670387710998 1.00679947468751 0.213948738866293 0.142013036418782 0.039373987599058 0.0424050175597223
8.89599999999996 0.265670387710998 1.00679947468751 0.213948738866293 0.0964140863643335 0.090043237429858 0.0410931754154359
8.94399999999996 0.365581007332992 0.99152314316882 0.11503209829408 0.0874678678096127 0.173915169470867 0.0255819277442289
8.97600000000011 0.265802517620187 0.998137712427251 0.114324663381296 0.0874678678096127 0.173915169470867 0.0255819277442289
9.03199999999993 0.265670387710998 1.00679947468751 0.213948738866293 0.0874678678096127 0.173915169470867 0.0255819277442289
9.06500000000005 0.265670387710998 1.00679947468751 0.213948738866293 0.0762114795935244 0.211037849236358 0.0596137799485573
9.096 0.252368428108412 0.807990809402781 0.231216410349134 0.0762114795935244 0.211037849236358 0.0596137799485573
9.12799999999993 0.252236298199222 0.816652571662985 0.330840485834074 0.0762114795935244 0.211037849236358 0.0596137799485573
9.17599999999993 0.245717448307119 0.708586476760388 0.239850246090555 0.0762114795935244 0.211037849236358 0.0596137799485573
9.20900000000006 0.245717448307119 0.708586476760388 0.239850246090555 0.0762114795935244 0.211037849236358 0.0596137799485573
9.27199999999993 0.125853889281217 0.425649810351956 0.364668393886973 0.0327854561329047 0.308387775399077 0.00854775856023469
9.30500000000006 0.105768819968148 0.136098574685093 0.490193976596231 -0.058642105672645 0.409557166246091 0.00541627714886634
9.33600000000001 -0.0207457188590467 -0.246242424365676 0.623645960134013 -0.0790327976410889 0.530507344193357 0.0235624519747415
9.38400000000001 -0.14060927788492 -0.529179090774107 0.748464107930488 -0.159366641364202 0.594402990005904 -0.0138199370992782
9.43200000000002 -0.14047714797573 -0.537840853034311 0.648840032445491 -0.170608278133092 0.631581817997961 0.0200335614740919
9.44900000000007 -0.147260257686241 -0.628583423416444 0.757097943671909 -0.20518594247095 0.644901655628175 -0.0156425880322804
9.51199999999994 -0.400289335340602 -1.39326542151804 1.02400191074759 -0.326903053902294 0.950408965369019 -0.0179429030354076
9.54500000000007 -0.626582363880601 -1.76899185131043 1.15674645937258 -0.393567534824559 1.12169466975212 -0.00265031494226706
9.59300000000007 -0.746313792997313 -2.06059027997907 1.18194053168406 -0.449155839234162 1.25568941611828 -0.0212937928223817
9.61599999999999 -0.746313792997313 -2.06059027997907 1.18194053168406 -0.46035453722507 1.29293955766313 0.0123252957890129
9.68100000000004 -0.759747882509089 -2.25073718300359 1.29883227865184 -0.516081614542306 1.42687555500352 -0.00657946075299569
9.71199999999999 -0.879479311625801 -2.54233561167223 1.32402635096327 -0.571954108833102 1.5607391189803 -0.0256991046201222
9.75999999999999 -0.89956438093887 -2.83188684733909 1.44955193367258 -0.639146664197073 1.7318236242165 -0.0115650019823807
9.79200000000014 -0.999475000560864 -2.8166105158204 1.54846857424474 -0.685377838099155 1.78206621584587 -0.0143533320966533
9.83999999999992 -1.01264483025426 -3.02408094336539 1.46611217024258 -0.685377838099155 1.78206621584587 -0.0143533320966533
9.85599999999999 -1.12585740947887 -3.20761327713154 1.58229648229764 -0.720455772631759 1.79497599715677 -0.0506119757047373
9.87300000000005 -1.13929149899064 -3.39776018015601 1.69918822926542 -0.720455772631759 1.79497599715677 -0.0506119757047373
9.93599999999992 -1.6386986744981 -4.82771984371675 2.22436232767535 -0.872100014000873 1.88359886891138 -0.162414827614637
9.96900000000005 -1.76508108341611 -5.21872260502778 2.25819023572825 -0.907246015873671 1.89633897182817 -0.198744449732441
10.0170000000001 -1.78529828263837 -5.49961207843444 2.48333989392245 -0.907246015873671 1.89633897182817 -0.198744449732441
10.0319999999999 -1.88494464244198 -5.50165927143627 2.38300838352467 -0.953631425751586 1.94639175417535 -0.201796627821408
10.0799999999999 -2.02489327078095 -6.07414717351156 2.63335211403029 -1.0317784395519 2.20039694775683 -0.206073620870519
10.096 -2.14462469989766 -6.3657456021802 2.65854618634177 -1.05331859315719 2.32105788392735 -0.190167274689301
10.1610000000001 -2.63059778589334 -7.60555836271647 3.06682853778392 -1.24654337221361 2.84108876840498 -0.237850794714676
10.2 -2.63738089560383 -7.6963009330986 3.17508644901028 -1.25770721437202 2.87851477183569 -0.20484489092579
10.248 -2.75046134491922 -7.88849502912495 3.19164668558034 -1.30446739118501 2.92835587576473 -0.208698959801472
10.2640000000001 -2.77067854414148 -8.16938450253156 3.41679634377454 -1.31522883470695 3.0114974815293 -0.226497260780207
10.3120000000001 -3.03700958139848 -9.13287516591788 3.70096798233305 -1.50266195422785 3.21056263090061 -0.242726355312546
10.3600000000001 -3.29682176876335 -9.98829973440161 4.07612986063515 -1.6546688851168 3.39713766134152 -0.222763239858893
10.4080000000001 -3.41655319788003 -10.2798981630702 4.10132393294657 -1.70166738059541 3.44679255376636 -0.227170869621885
10.472 -3.41655319788003 -10.2798981630702 4.10132393294657 -1.70166738059541 3.44679255376636 -0.227170869621885
10.52 -3.41668532778922 -10.27123640081 4.20094800843157 -1.70178468577948 3.40132982371814 -0.176165424871511
10.568 -3.41655319788003 -10.2798981630702 4.10132393294657 -1.70178468577948 3.40132982371814 -0.176165424871511
10.616 -3.41655319788003 -10.2798981630702 4.10132393294657 -1.70178468577948 3.40132982371814 -0.176165424871511
10.681 -3.39660025847616 -9.98168516514318 4.07542242572231 -1.60769563690129 3.34746073179442 -0.218414132022139
10.7440000000001 -3.25665163013718 -9.40919726306794 3.82507869521675 -1.39519914500449 3.21931666677327 -0.182575074020677
10.7920000000001 -3.15022216062309 -9.31640749968392 3.81715229438811 -1.30149870690978 3.11970335772038 -0.174465334591248
10.825 -3.14357118082179 -9.21700316704153 3.80851845864669 -1.30149870690978 3.11970335772038 -0.174465334591248
10.848 -3.02357549188667 -8.94272826289341 3.58407623536527 -1.23280852791716 2.94925992184253 -0.185726591728068
10.864 -2.9969715726815 -8.54511093232395 3.54954089239959 -1.23587157795025 2.75791546659838 -0.220176004175243
10.921 -2.61077697639863 -7.29868360252914 3.1405511060446 -0.999052110371065 2.04237265846797 -0.255313759979785
10.9760000000001 -2.3376628294312 -6.24445036876079 2.74812155625972 -0.820779072034791 1.45961074168951 -0.314814761778708
11.0240000000001 -2.33087971972068 -6.15370779837866 2.6398636450333 -0.810809057145068 1.37622420009548 -0.298038702464594
11.0720000000001 -2.20423305098433 -5.7800285615881 2.40678758601047 -0.763238440345441 1.37222647988416 -0.345578783724552
11.1200000000001 -2.05111459295193 -5.00007023196787 2.23880025950695 -0.561963847176009 1.37195753504444 -0.382710539183757
11.1680000000001 -1.91116596461296 -4.42758232989252 1.98845652900127 -0.44321499953378 1.38847618484497 -0.408375383332075
11.2 -1.80473649509887 -4.33479256650867 1.98053012817269 -0.44321499953378 1.38847618484497 -0.408375383332075
11.248 -1.79130240558709 -4.1446456634842 1.86363838120491 -0.431956835531584 1.35123900788303 -0.44196610777974
11.3120000000001 -1.44527794793038 -3.47732080502311 1.70569976026837 -0.303273633313608 1.28425962068493 -0.451324059109715
11.3600000000001 -1.2055508298786 -2.91144747220625 1.45606346467554 -0.245827814365178 1.19686977362176 -0.482751291123896
11.4080000000001 -1.19211674036683 -2.72130056918184 1.3391717177077 -0.245827814365178 1.19686977362176 -0.482751291123896
11.4560000000001 -1.08581940076192 -2.61984904353761 1.43086939236406 -0.164775495445809 1.13362731751562 -0.444694426314853
11.4970000000001 -0.959304861934726 -2.23750804448684 1.29741740882622 -0.0725519735547249 1.03310733016623 -0.44056427781884
11.5450000000001 -0.832790323107531 -1.85516704543596 1.16396542528838 -0.00549604242331835 0.862022641766766 -0.456436186093544
11.5930000000001 -0.819356233595755 -1.66502014241155 1.0470736783206 0.0865330463984669 0.761366834455032 -0.452821675117752
11.6559999999999 -0.712926764081629 -1.57223037902753 1.03914727749202 0.0848660963994948 0.714794692308369 -0.403060204082194
11.704 -0.586412225254435 -1.18988937997676 0.905695293954182 0.0542965892622402 0.504555477870324 -0.27371386672263
11.752 -0.353468216913143 -0.714758617542032 0.764316909587706 0.0708743406108922 0.290374766604591 -0.192685807472214
11.8 -0.34668510720266 -0.624016047159841 0.656058998361289 0.114476162639755 0.193142104319098 -0.14164570221367
11.848 -0.34668510720266 -0.624016047159841 0.656058998361289 0.0778748811680519 0.159885207521913 -0.127487591064025
11.896 -0.333251017690884 -0.433869144135372 0.539167251393508 0.0756417606771029 0.113175359892335 -0.0779102568135383
11.944 -0.213387458665011 -0.150932477726997 0.414349103597033 0.047979091682379 -0.00389973758740695 -0.0482198703340608
11.992 -0.213519588574201 -0.142270715466736 0.513973179082029 0.0569038913097589 -0.0877479968074811 -0.0327413949355532
12.04 -0.213519588574201 -0.142270715466736 0.513973179082029 0.0569038913097589 -0.0877479968074811 -0.0327413949355532
12.088 -0.100307009349592 0.0412616182993588 0.397788867027032 0.0569038913097589 -0.0877479968074811 -0.0327413949355532
12.152 -0.0870050497470061 0.240070283584032 0.380521195544134 0.0569038913097589 -0.0877479968074811 -0.0327413949355532
12.2 -0.0870050497470061 0.240070283584032 0.380521195544134 0.0569038913097589 -0.0877479968074811 -0.0327413949355532
12.248 -0.0870050497470061 0.240070283584032 0.380521195544134 0.0569038913097589 -0.0877479968074811 -0.0327413949355532
12.288 -0.080354069945713 0.339474616226426 0.371887359802713 0.0935883630822159 -0.0545205838587573 -0.0469326351892967
12.336 -0.0735709602352017 0.430217186608559 0.263629448576353 0.0846417130047678 0.0293336673910349 -0.0623996830981871
12.4010000000001 0.0328585092788956 0.523006949992521 0.255703047747772 0.121293680373824 0.0625727682070885 -0.0765707210078938
12.4490000000001 0.0328585092788956 0.523006949992521 0.255703047747772 0.121293680373824 0.0625727682070885 -0.0765707210078938
12.4970000000001 0.0260753995684126 0.432264379610388 0.363960958974133 0.121293680373824 0.0625727682070885 -0.0765707210078938
12.5450000000001 0.0328585092788956 0.523006949992521 0.255703047747772 0.134854911182799 0.0722057639631968 -0.160182260303109
12.5930000000001 0.0328585092788956 0.523006949992521 0.255703047747772 0.134854911182799 0.0722057639631968 -0.160182260303109
12.6480000000001 0.0328585092788956 0.523006949992521 0.255703047747772 0.134854911182799 0.0722057639631968 -0.160182260303109
12.6960000000001 0.1326369989917 0.516392380734089 0.256410482660556 0.182758938937663 0.0683731825888191 -0.208432748258038
12.7440000000001 0.1326369989917 0.516392380734089 0.256410482660556 0.194067042786943 0.0312824368021399 -0.242522459047569
12.7920000000001 0.1326369989917 0.516392380734089 0.256410482660556 0.230647651528456 0.0645622862296315 -0.256703384250421
12.8399999999999 0.1326369989917 0.516392380734089 0.256410482660556 0.230647651528456 0.0645622862296315 -0.256703384250421
12.8879999999999 0.0395094890801886 0.622411282634857 0.247069212006352 0.194067042786943 0.0312824368021399 -0.242522459047569
12.9359999999999 0.0395094890801886 0.622411282634857 0.247069212006352 0.205384630692974 -0.00580400215770385 -0.276621739984137
12.9839999999999 0.0328585092788956 0.523006949992521 0.255703047747772 0.205384630692974 -0.00580400215770385 -0.276621739984137
13.048 0.0328585092788956 0.523006949992521 0.255703047747772 0.171014904046949 0.00763944969249956 -0.311952850817743
13.0799999999999 0.0194244197671196 0.332860046967994 0.372594794715553 0.127422068545765 0.104825049695946 -0.362805940004661
13.144 -0.213519588574201 -0.142270715466736 0.513973179082029 -0.0424994795051265 0.315961757279935 -0.452235563662914
13.192 -0.226821548176787 -0.341079380751466 0.53124085056487 -0.122937859069023 0.379481829421996 -0.48936254073517
13.24 -0.333383147600074 -0.425207381875111 0.638791326878447 -0.134286450241486 0.416632555936979 -0.455479627194496
13.28 -0.572978135742659 -0.999742476952292 0.788803546986344 -0.226156630966338 0.517226227440634 -0.45895426217478
13.328 -1.15221086155904 -2.12487457332759 1.28736870325918 -0.421490006096811 0.755392654655402 -0.432892543050143
13.376 -1.39845682950292 -2.79881400104705 1.44601475910849 -0.55970942699709 0.905930329359784 -0.439314378486825
13.424 -1.51153727881834 -2.99100809707335 1.46257499567849 -0.594482946098195 0.918819492258537 -0.475159471802449
13.489 -1.65148590715731 -3.5634959991487 1.71291872618417 -0.698123401371976 1.05628912461422 -0.446255579353882
13.537 -1.91129809452215 -4.41892056763231 2.08808060448621 -0.882981920042234 1.25648627813588 -0.456318740319347
13.585 -1.94468512343784 -4.90728046858385 2.23087385867836 -0.975544065740259 1.35646316956767 -0.461696834363789
13.633 -2.05098246304274 -5.00873199422813 2.13917618402195 -1.02185865261375 1.40642096907711 -0.464472536094455
13.681 -2.1910632212909 -5.57255813404316 2.48914399001262 -0.992530827676906 1.71428362377375 -0.460095812425903
13.7370000000001 -2.57738994748297 -6.81032370157766 2.99775785185255 -1.05287505668935 2.35905624960563 -0.477796911234941
13.768 -2.70377235640095 -7.20132646288869 3.03158575990545 -1.08596343345732 2.51699697713353 -0.42894452507232
13.8330000000001 -2.71055546611143 -7.29206903327076 3.13984367113181 -1.09665140304493 2.60017494169635 -0.446440218826042
13.8810000000001 -2.95693356396453 -7.95734669873008 3.39811380246607 -1.12978996955457 2.75812498094627 -0.397832384258721
13.9280000000001 -3.32982620064482 -9.00496536324005 3.78983591733822 -1.22090984093402 3.00330585827117 -0.320210412541395
13.9760000000001 -3.4696426990746 -9.58611502757554 3.94055557235885 -1.30095769072835 3.21107633928998 -0.276097049699615
14.0240000000001 -3.58285527829921 -9.76964736134164 4.05673988441384 -1.30095769072835 3.21107633928998 -0.276097049699615
14.0720000000001 -3.70271883732508 -10.0525840277501 4.18155803221026 -1.31209403423259 3.24852087196901 -0.24317518155558
14.1200000000001 -3.86275253497715 -10.9146231654922 4.55742734542514 -1.39519914500449 3.21931666677327 -0.182575074020677
14.184 -3.99591805360561 -11.3963684971853 4.69951316470446 -1.40633294073297 3.25677974032967 -0.149690970121532
14.232 -3.99591805360561 -11.3963684971853 4.69951316470446 -1.44234354803625 3.22346686154972 -0.135845256542408
14.2719999999999 -3.99591805360561 -11.3963684971853 4.69951316470446 -1.39549038567548 3.17366284889019 -0.131731307306509
14.3199999999999 -3.99591805360561 -11.3963684971853 4.69951316470446 -1.40922357187026 3.06543047491112 -0.183671260680307
14.3679999999999 -3.99591805360561 -11.3963684971853 4.69951316470446 -1.39845228756008 2.98231225943917 -0.165787764914704
14.4159999999999 -3.99591805360561 -11.3963684971853 4.69951316470446 -1.43450264527959 2.94900650470953 -0.151895689089186
14.4639999999999 -3.88270547438103 -11.2128361634193 4.58332885264946 -1.38773947951865 2.89917937945446 -0.147952041578309
14.5119999999999 -3.85596942526666 -10.8238805951102 4.44916943419878 -1.3441175707268 2.65798878594642 -0.178404331550533
14.568 -3.72280390663818 -10.3421352634169 4.30708361491952 -1.27648939176768 2.44172240893787 -0.13953902204797
14.624 -3.71615292683686 -10.2427309307745 4.2984497791781 -1.2652829576087 2.40430411585252 -0.172609245002122
14.6559999999999 -3.59628936781098 -9.95979426436617 4.17363163138168 -1.19376340637841 2.42507766603044 -0.149950502567073
14.712 -3.20344379172681 -8.61396260192902 3.75600800928532 -0.971491953897278 2.25841913416782 -0.150319703835444
14.76 -2.95041471407242 -7.84928060382742 3.48910404220965 -0.877647540553611 2.20432885065614 -0.194287448346977
14.808 -2.93698062456065 -7.65913370080295 3.37221229524181 -0.842362795214649 2.19161377420342 -0.15782757481123
14.856 -2.81046608573345 -7.27679270175213 3.23876031170391 -0.820968734977842 2.07090052306127 -0.174065783237372
14.912 -2.4309224692519 -6.12976970459971 2.83840436109045 -0.709521886197038 1.70474571278926 -0.270776592922844
14.9690000000001 -2.05802983257161 -5.0821510400898 2.4466822462183 -0.62076561881836 1.41317572755719 -0.301591313894284
15 -1.93803414363654 -4.80787613594151 2.22224002293694 -0.610859332714889 1.3297140909616 -0.284984980892619
15.0650000000001 -1.81817058461064 -4.52493946953314 2.09742187514047 -0.553414845710221 1.24227818144801 -0.316068016881977
15.1130000000001 -1.45206105764086 -3.56806337540525 1.81395767149479 -0.45137200722622 1.05835221853013 -0.294966683711085
15.1610000000001 -1.0926025104724 -2.71059161391975 1.53912730359053 -0.336669490932194 0.883416869781359 -0.357998809049516
15.2090000000001 -1.07238531125012 -2.42970214051309 1.31397764539622 -0.338317061945617 0.837047021516183 -0.308086695221752
15.248 -0.965955841736019 -2.33691237712912 1.30605124456764 -0.363415538761487 0.766541252458759 -0.327677536627323
15.296 -0.85274326251141 -2.15338004336309 1.18986693251264 -0.333000048323449 0.562166183108416 -0.329198115569724
15.3440000000001 -0.726228723684216 -1.77103904431226 1.05641494897486 -0.329898747125344 0.240854318529036 -0.300827888519441
15.3920000000001 -0.712926764081629 -1.57223037902753 1.03914727749202 -0.345754539614261 0.0867691716366676 -0.304531179770878
15.441 -0.613148274368825 -1.57884494828596 1.0398547124048 -0.297839460922178 0.0828643388808328 -0.352646035955048
15.5040000000001 -0.486633735541631 -1.19650394923519 0.906402728867022 -0.299982370358975 0.0363975591415711 -0.30294835754872
15.5520000000001 -0.360119196714436 -0.814162950184368 0.772950745329126 -0.33653129324541 0.00313235357743196 -0.288685123733658
15.6000000000001 -0.353336087003953 -0.723420379802235 0.664692834102709 -0.32512912237509 -0.0340456042511701 -0.322556989406396
15.6480000000001 -0.253557597291149 -0.730034949060666 0.665400269015493 -0.32512912237509 -0.0340456042511701 -0.322556989406396
15.6960000000001 -0.240255637688563 -0.531226283775936 0.648132597532651 -0.197103663768142 -0.101556088359622 -0.333893281060635
15.752 -0.120392078662661 -0.248289617367504 0.52331444973629 -0.105701148457324 -0.202413752094906 -0.331186376675471
15.8 -0.0139626091485354 -0.155499853983542 0.515388048907653 -0.0714267417833836 -0.215747190894187 -0.29589566077667
15.848 -0.0139626091485354 -0.155499853983542 0.515388048907653 -0.0714267417833836 -0.215747190894187 -0.29589566077667
15.896 -0.00717949943805252 -0.064757283601466 0.407130137681236 -0.0714267417833836 -0.215747190894187 -0.29589566077667
15.944 0.00612246016453355 0.134051381683321 0.389862466198394 -0.0371637507825561 -0.22911465032126 -0.260615330024573
15.992 0.00612246016453355 0.134051381683321 0.389862466198394 -0.0371637507825561 -0.22911465032126 -0.260615330024573
16.04 0.00612246016453355 0.134051381683321 0.389862466198394 -0.0371637507825561 -0.22911465032126 -0.260615330024573
16.088 0.119335039389114 0.317583715449359 0.273678154143454 -0.00291219799559481 -0.242516115125335 -0.225345405876629
16.136 0.139287978792993 0.615796713376426 0.247776646919135 0.067976894826918 -0.222700254611387 -0.204331692516641
16.2 0.245849578216308 0.699924714500128 0.140226170605558 0.067976894826918 -0.222700254611387 -0.204331692516641
16.2570000000001 0.245849578216308 0.699924714500128 0.140226170605558 0.0337186363022747 -0.209258698434405 -0.239598218567933
16.296 0.245849578216308 0.699924714500128 0.140226170605558 0.0589835087858761 -0.138890018266179 -0.219771928061168
16.3530000000001 0.245849578216308 0.699924714500128 0.140226170605558 0.0133317978480156 -0.0883556088558194 -0.221032653248073
16.4010000000001 0.245849578216308 0.699924714500128 0.140226170605558 0.049936959527117 -0.0550923908055826 -0.235255690131375
16.4490000000001 0.245849578216308 0.699924714500128 0.140226170605558 0.049936959527117 -0.0550923908055826 -0.235255690131375
16.4970000000001 0.139420108702183 0.607134951116166 0.148152571434196 0.0521775306458361 -0.00842080690736413 -0.284816061937485
16.5450000000001 0.1326369989917 0.516392380734089 0.256410482660556 0.0543595021859535 0.0382345313015807 -0.334392444966009
16.5930000000001 0.1326369989917 0.516392380734089 0.256410482660556 0.0199644771250881 0.0515750704883944 -0.369766635239562
16.6410000000001 0.125986019190407 0.416988048091696 0.265044318402033 0.0199644771250881 0.0515750704883944 -0.369766635239562
16.6890000000001 0.0129055698750165 0.224793952065397 0.281604554972034 -0.0237408686153476 0.148587817582886 -0.420801825216178
16.7370000000001 -0.100307009349592 0.0412616182993588 0.397788867027032 -0.0330933348627273 0.232281261130055 -0.43649654477659
16.7850000000001 -0.107090119060075 -0.0494809520827744 0.506046778253449 -0.0444397297517451 0.269412988168806 -0.402547666266051
16.8330000000001 -0.107090119060075 -0.0494809520827744 0.506046778253449 -0.0789445842956222 0.28264516674094 -0.438034434421726
16.896 -0.220170568375494 -0.24167504810913 0.52260701482345 -0.122937859069023 0.379481829421996 -0.48936254073517
16.944 -0.340034127401367 -0.524611714517505 0.647425162619868 -0.107420429653855 0.533590787810325 -0.485551086091142
16.9839999999999 -0.446463596915493 -0.617401477901467 0.655351563448448 -0.142053847436864 0.546719991030238 -0.521158200977026
17.0319999999999 -0.453246706625976 -0.708144048283657 0.763609474674865 -0.188042805823913 0.596978728800466 -0.522949264756358
17.0799999999999 -0.69297382467775 -1.27401738110046 1.0132457702677 -0.29141938244747 0.734625211089461 -0.492944407114268
17.1279999999999 -1.05256450175543 -2.12282738032582 1.38770021365696 -0.475758517753953 0.93534637201979 -0.501261308720165
17.1759999999999 -1.28550851009672 -2.59795814276049 1.52907859802343 -0.602900172410275 1.04842538147792 -0.541666231794749
17.2239999999999 -1.2988104696993 -2.79676680804516 1.54634626950627 -0.614239354692203 1.08567921023384 -0.508105337707431
17.2719999999999 -1.43210811823698 -3.26985037747812 1.78805616427053 -0.695328268309003 1.1485284566153 -0.546460764735845
17.328 -1.78504781551337 -4.01925604406108 2.15387677191836 -0.869095195174575 1.31118669285549 -0.590142432437155
17.384 -1.92486431394315 -4.60040570839664 2.30459642693899 -0.996800221815199 1.42358859896464 -0.631698469901643
17.432 -2.03129378345724 -4.69319547178054 2.31252282776762 -0.96067100985493 1.45694707272566 -0.645857607410091
17.48 -2.17124241179621 -5.26568337385584 2.5628665582733 -0.99367336033396 1.61483174241709 -0.596218636126898
17.528 -2.53083308887389 -6.11449337308113 2.93732100166255 -1.05803123157939 2.02232590683586 -0.598322324151399
17.568 -2.67730056710496 -6.79504737005897 3.09667449242465 -1.10178230842407 2.26338602688614 -0.566629425455686
17.633 -2.69073465661674 -6.98519427308355 3.21356623939249 -1.11305028697901 2.3007605961188 -0.53348521116115
17.681 -2.82390017524523 -7.46693960477666 3.35565205867175 -1.13443707243543 2.46704815721955 -0.568410985109777
17.729 -3.10366530201401 -8.62057717118739 3.75671544419816 -1.18940884283658 2.79116834183023 -0.555084843560869
17.777 -3.34326029015659 -9.19511226626452 3.906727664306 -1.25845168916393 2.96134817286442 -0.543650769437104
17.825 -3.35004339986708 -9.28585483664665 4.01498557553236 -1.23375983849092 3.03215322086463 -0.524604277757874
17.873 -3.37012846918017 -9.57540607231351 4.14051115824162 -1.26948467888758 3.04440148743505 -0.561490679528016
17.921 -3.49664300800734 -9.95774707136428 4.27396314177946 -1.33883193202292 3.16891770525508 -0.499633420829123
17.9839999999999 -3.62315754683453 -10.3400880704152 4.4074151253173 -1.3499507338483 3.25194245185944 -0.517617019907526
18.0319999999999 -3.62315754683453 -10.3400880704152 4.4074151253173 -1.36113309035973 3.28938856191284 -0.484736093598754
18.0799999999999 -3.62302541692534 -10.3487498326754 4.3077910498323 -1.39699928067941 3.25600857321913 -0.470847766686709
18.1200000000001 -3.62315754683453 -10.3400880704152 4.4074151253173 -1.3723676110743 3.28125690974755 -0.400961058529476
18.1680000000001 -3.62302541692534 -10.3487498326754 4.3077910498323 -1.3723676110743 3.28125690974755 -0.400961058529476
18.2160000000001 -3.62302541692534 -10.3487498326754 4.3077910498323 -1.3723676110743 3.28125690974755 -0.400961058529476
18.2640000000001 -3.48320891849556 -9.76760016833981 4.15707139481162 -1.278659838566 3.1361991073518 -0.341967799029985
18.328 -3.06349516338781 -8.04147469985367 3.50566427877965 -1.01251004582516 2.63748999755417 -0.270175279508131
18.376 -2.81059821564264 -7.26813093949187 3.33838438718891 -0.851801166856697 2.32098471857296 -0.225389156801187
18.424 -2.69738563641803 -7.08459860572583 3.22220007513391 -0.851801166856697 2.32098471857296 -0.225389156801187
18.472 -2.57073896768168 -6.71091936893527 2.98912401611113 -0.820007207433354 2.11694217513882 -0.224435476043235
18.52 -2.21793140031448 -5.9528519400921 2.72292748394824 -0.758221442093515 1.6626336828043 -0.173097003891173
18.568 -1.97155330246142 -5.28757427463285 2.46465735261398 -0.753649191299177 1.34171498228106 -0.142263380953014
18.585 -1.96490232266009 -5.18816994199045 2.45602351687256 -0.743882736909517 1.2582466644602 -0.125615349222965
18.633 -1.96490232266009 -5.18816994199045 2.45602351687256 -0.743882736909517 1.2582466644602 -0.125615349222965
18.6960000000001 -1.6120947552929 -4.43010251314729 2.18982698470967 -0.642038767412749 1.07425817180348 -0.104153683363638
18.7440000000001 -1.25250407821525 -3.58129251392205 1.81537254132041 -0.565664656189293 0.819599952230564 -0.102709437990747
18.7920000000001 -1.12585740947887 -3.20761327713154 1.58229648229764 -0.579534544134387 0.711848531614576 -0.155854750551613
18.8330000000001 -1.12585740947887 -3.20761327713154 1.58229648229764 -0.544912075147554 0.698777297188508 -0.120090292468113
18.8800000000001 -0.999342870651674 -2.82527227808066 1.44884449875974 -0.487690238865527 0.611202664163442 -0.151729792304121
18.9280000000001 -0.759615752599899 -2.25939894526385 1.1992082031669 -0.375293522365344 0.389633282029012 -0.165586354274948
18.992 -0.633101213772704 -1.87705794621303 1.06575621962907 -0.354687320953249 0.268787040895673 -0.183428565289581
19.0240000000001 -0.633101213772704 -1.87705794621303 1.06575621962907 -0.354687320953249 0.268787040895673 -0.183428565289581
19.056 -0.626318104062221 -1.7863153758309 0.957498308402705 -0.354687320953249 0.268787040895673 -0.183428565289581
19.088 -0.513237654746831 -1.5941212798046 0.940938071832704 -0.318143347895912 0.30204085802639 -0.197633343958904
19.152 -0.280161516496349 -1.12765227963007 0.699935611981232 -0.187940045105455 0.280988058385737 -0.258211832093635
19.2 -0.273378406785866 -1.03690970924799 0.591677700754872 -0.187940045105455 0.280988058385737 -0.258211832093635
19.248 -0.166948937271741 -0.944119945863974 0.583751299926234 -0.176600653859558 0.243826183391758 -0.292103073603237
19.288 -0.14034501806654 -0.546502615294571 0.549215956960552 -0.121570610608061 0.109708745837074 -0.274801675794024
19.336 -0.00717949943805252 -0.064757283601466 0.407130137681236 -0.0553146109394902 -0.0616086930431904 -0.291706811701297
19.384 0.00612246016453355 0.134051381683321 0.389862466198394 -0.0439416797883502 -0.0987348746754888 -0.325711406163498
19.432 0.00612246016453355 0.134051381683321 0.389862466198394 -0.0462125350245076 -0.145355322144337 -0.276139271886791
19.48 0.00625459007372342 0.125389619423061 0.290238390713455 -0.0575833599588899 -0.108228733142079 -0.24212561368993
19.5450000000001 0.119335039389114 0.317583715449359 0.273678154143454 -0.0256410832291012 -0.168277272562637 -0.157253014545136
19.576 0.126118149099597 0.408326285831436 0.165420242917037 -0.0256410832291012 -0.168277272562637 -0.157253014545136
19.6410000000001 0.0262075294776025 0.423602617350127 0.264336883489193 0.0086170293123423 -0.181723614025446 -0.12195619727463
19.6890000000001 0.125986019190407 0.416988048091696 0.265044318402033 0.0566237027463792 -0.185594297207177 -0.170252356422822
19.7370000000001 0.1326369989917 0.516392380734089 0.256410482660556 0.0908794655417697 -0.199075306539742 -0.134977639179875
19.7850000000001 0.13276912890089 0.507730618473829 0.156786407175616 0.127542894643806 -0.16583026750517 -0.149197936840643
19.8330000000001 0.13276912890089 0.507730618473829 0.156786407175616 0.127542894643806 -0.16583026750517 -0.149197936840643
19.8800000000001 0.1326369989917 0.516392380734089 0.256410482660556 0.0908794655417697 -0.199075306539742 -0.134977639179875
19.9280000000001 0.13276912890089 0.507730618473829 0.156786407175616 0.125123699322116 -0.212590299094873 -0.0997134182001503
19.992 0.1326369989917 0.516392380734089 0.256410482660556 0.125123699322116 -0.212590299094873 -0.0997134182001503
20.0240000000001 0.13276912890089 0.507730618473829 0.156786407175616 0.125123699322116 -0.212590299094873 -0.0997134182001503
20.0799999999999 0.139420108702183 0.607134951116166 0.148152571434196 0.0908794655417697 -0.199075306539742 -0.134977639179875
20.1279999999999 0.139287978792993 0.615796713376426 0.247776646919135 0.138880084610567 -0.202924880573999 -0.183305593321012
20.192 0.139287978792993 0.615796713376426 0.247776646919135 0.138880084610567 -0.202924880573999 -0.183305593321012
20.24 0.139420108702183 0.607134951116166 0.148152571434196 0.0566237027463792 -0.185594297207177 -0.170252356422822
20.288 0.0328585092788956 0.523006949992521 0.255703047747772 0.0223564333846632 -0.172147286471833 -0.205537548567413
20.336 -0.0671842402522884 0.546945043771416 0.454243763804868 -0.0599106937371786 -0.154864945580625 -0.192560272463372
20.3530000000001 0.0327263793697057 0.531668712252781 0.355327123232712 -0.0599106937371786 -0.154864945580625 -0.192560272463372
20.4010000000001 -0.0671842402522884 0.546945043771416 0.454243763804868 -0.0965480448124951 -0.188111050927691 -0.178310910627213
20.4639999999999 -0.180264689567707 0.35475094774506 0.470804000374926 -0.17417482824407 -0.0776846878502064 -0.264587502052377
20.5119999999999 -0.313562338105356 -0.118332621687841 0.712513895139125 -0.247882011367813 0.125443500768585 -0.450484332421303
20.5599999999999 -0.539855366645384 -0.494059051480235 0.845258443764237 -0.335785712818372 0.318795311288435 -0.553315249291121
20.6079999999999 -0.653067945869964 -0.67759138524633 0.961442755819178 -0.368543040196304 0.37814213303648 -0.63869183138853
20.6480000000001 -0.66650203538174 -0.867738288270743 1.07833450278696 -0.414548504861433 0.428293399640016 -0.640522099512442
20.6960000000001 -0.799667554010256 -1.34948361996396 1.22042032206622 -0.445428350384897 0.632445128468896 -0.639134860418303
20.7440000000001 -1.05269663166462 -2.11416561806556 1.48732428914195 -0.59368290434498 0.866091444389273 -0.661801894285578
20.808 -1.17921117049178 -2.49650661711632 1.62077627267979 -0.602300280646847 0.995600301922669 -0.728322553008103
20.856 -1.1925131300944 -2.69531528240111 1.63804394416263 -0.65993426998765 1.08283064247595 -0.69712965285926
20.904 -1.43224024814617 -3.26118861521786 1.88768023975547 -0.809046250069676 1.31594001229284 -0.721352894947166
20.952 -1.67861834599927 -3.92646628067712 2.14595037108973 -0.96904552590105 1.6319218201331 -0.763513514690972
21 -1.79834977511595 -4.21806470934575 2.1711444434012 -1.062093019211 1.73146442924203 -0.769454374158971
21.0650000000001 -1.92499644385234 -4.59174394613638 2.40422050242404 -1.0374329802064 1.80219816445767 -0.750345061215963
21.1130000000001 -2.1780255215067 -5.35642594423791 2.67112446949972 -1.17721533762152 1.95138497682815 -0.759772568174708
21.152 -2.43105459916109 -6.12110794233951 2.93802843657539 -1.23456613652064 2.08413428868305 -0.780460427343367
21.2 -2.45113966847416 -6.41065917800637 3.0635540192846 -1.24591372551144 2.12151863449569 -0.747356517694989
21.248 -2.56422011778957 -6.60285327403261 3.08011425585465 -1.25725271128596 2.15890703891686 -0.714261940226549
21.296 -2.71068759602062 -7.28340727101056 3.23946774661675 -1.33739368893346 2.36641939144256 -0.669198252253211
21.3440000000001 -2.98380174298813 -8.33764050477902 3.63189729640169 -1.38212429605361 2.56170921303896 -0.587883128420357
21.3920000000001 -3.1103162818153 -8.71998150382973 3.76534927993958 -1.44021341966353 2.64879301863153 -0.558685485982592
21.441 -3.11696726161659 -8.81938583647212 3.77398311568101 -1.44021341966353 2.64879301863153 -0.558685485982592
21.5040000000001 -3.21674575132943 -8.81277126721375 3.77327568076817 -1.46316594976785 2.67809912448346 -0.44206305580467
21.5520000000001 -3.32317522084352 -8.90556103059771 3.7812020815968 -1.4748885793413 2.6699499914403 -0.358383866888834
21.6000000000001 -3.23004771093201 -9.01157993249848 3.79054335225101 -1.43937906140043 2.65765421295775 -0.321624861242715
21.6480000000001 -3.23004771093201 -9.01157993249848 3.79054335225101 -1.43937906140043 2.65765421295775 -0.321624861242715
21.6960000000001 -3.23004771093201 -9.01157993249848 3.79054335225101 -1.32058245822839 2.67454049456262 -0.345779488054316
21.7440000000001 -3.23004771093201 -9.01157993249848 3.79054335225101 -1.21300093488352 2.72883461454841 -0.336923002892747
21.76 -3.23004771093201 -9.01157993249848 3.79054335225101 -1.17698223844167 2.76217672737585 -0.350850780554467
21.816 -3.23004771093201 -9.01157993249848 3.79054335225101 -1.13024311544012 2.71234974866922 -0.347170788374569
21.864 -3.00375468239201 -8.63585350270608 3.65779880362595 -1.01147382092228 2.72919946127746 -0.371385736879095
21.912 -2.85728720416091 -7.95529950572825 3.49844531286385 -0.857153689914047 2.73350464555498 -0.358935957725906
21.96 -2.61756008610911 -7.38942617291133 3.24880901727096 -0.702831240597651 2.7376878635956 -0.346553998029703
22.008 -2.59734288688685 -7.10853669950473 3.02365935907682 -0.631218777812971 2.75839155965474 -0.32374296093004
22.056 -2.48426243757143 -6.91634260347843 3.00709912250676 -0.645582868464363 2.60435682166697 -0.325984876998542
22.104 -2.23788433971836 -6.25106493801917 2.7488289911725 -0.557366697440514 2.22069686640903 -0.254658954012685
22.1680000000001 -1.87829366264069 -5.40225493879387 2.37437454778325 -0.56802044645007 1.69945871566377 -0.176171822198733
22.2160000000001 -1.86485957312891 -5.21210803576935 2.25748280081547 -0.558079094352555 1.61596000831566 -0.159503061444441
22.2640000000001 -1.74499601410304 -4.92917136936097 2.13266465301899 -0.513210259453694 1.51946489280547 -0.106767650121958
22.3120000000001 -1.39218844673584 -4.17110394051781 1.86646812085615 -0.46156362884043 1.19427836310768 -0.124511966934334
22.3600000000001 -1.14581034888275 -3.50582627505855 1.6081979895219 -0.350384708692949 0.926375230331192 -0.0874935209745499
22.4080000000001 -1.03259776965817 -3.32229394129246 1.49201367746684 -0.375607318922176 0.855898283405692 -0.107120227611373
22.4560000000001 -1.01251270034507 -3.03274270562565 1.36648809475759 -0.366162623333985 0.772261201409516 -0.0909620582529722
22.489 -0.885998161517904 -2.65040170657488 1.2330361112198 -0.347437130262117 0.604947742542078 -0.0587792343506766
22.52 -0.64640317337529 -2.07586661149776 1.08302389111196 -0.317631900219767 0.400383356717256 -0.0605881352281482
22.568 -0.400025075522223 -1.4105889460385 0.82475375977765 -0.240073945774132 0.191839545073362 -0.110729315140226
22.633 -0.39324196581174 -1.31984637565637 0.716495848551233 -0.276676435838461 0.158603987579073 -0.0965279113721733
22.681 -0.280029386587159 -1.13631404189033 0.600311536496292 -0.267591094627277 0.0748875662270551 -0.0807346166248075
22.729 -0.160165827561258 -0.853377375481841 0.475493388699817 -0.25855955198152 -0.00884163086296685 -0.0649849432116119
22.777 -0.146731738049482 -0.663230472457371 0.358601641732037 -0.212913305245082 -0.0593661032165547 -0.0635140644327682
22.825 -0.146731738049482 -0.663230472457371 0.358601641732037 -0.20155931956435 -0.096527335162255 -0.0974601433509538
22.873 -0.14008075824816 -0.563826139815035 0.349967805990616 -0.240657464507847 -0.17633815873442 -0.0336159423940748
22.921 -0.126778798645574 -0.365017474530305 0.332700134507775 -0.222969382109182 -0.343885210524041 -0.00241987625861252
22.9839999999999 -0.0203493291314771 -0.2722277111464 0.324773733679137 -0.20549452057073 -0.511482403159896 0.0286042825698366
23.0240000000001 -0.0203493291314771 -0.2722277111464 0.324773733679137 -0.20549452057073 -0.511482403159896 0.0286042825698366
23.0720000000001 -0.0136983493301557 -0.172823378504006 0.316139897937717 -0.20549452057073 -0.511482403159896 0.0286042825698366
23.1200000000001 0.0995142298944245 0.0107089552620323 0.199955585882719 -0.24228383297286 -0.544663840712477 0.0429062063105231
23.1759999999999 0.106165209695718 0.110113287904369 0.191321750141299 -0.230879242121855 -0.581817712662169 0.00888636209470113
23.232 0.106165209695718 0.110113287904369 0.191321750141299 -0.194096799789153 -0.548630390895261 -0.00542525143033541
23.28 0.112816189497011 0.209517620546706 0.182687914399878 -0.160036256249138 -0.562118525147302 0.0297474710747673
23.328 0.125986019190407 0.416988048091696 0.265044318402033 -0.111855065041925 -0.566063972405911 -0.0186158874198438
23.376 0.1326369989917 0.516392380734089 0.256410482660556 -0.111855065041925 -0.566063972405911 -0.0186158874198438
23.424 0.1326369989917 0.516392380734089 0.256410482660556 -0.111855065041925 -0.566063972405911 -0.0186158874198438
23.489 0.139420108702183 0.607134951116166 0.148152571434196 -0.0636889581871845 -0.569987534396636 -0.0669994359039882
23.537 0.146071088503504 0.706539283758502 0.139518735692718 -0.0636889581871845 -0.569987534396636 -0.0669994359039882
23.585 0.152589938395607 0.814605378661156 0.230508975436294 -0.0636889581871845 -0.569987534396636 -0.0669994359039882
23.633 0.152722068304797 0.805943616400896 0.130884899951297 -0.0636889581871845 -0.569987534396636 -0.0669994359039882
23.672 0.152722068304797 0.805943616400896 0.130884899951297 -0.0269347023488567 -0.536777259081999 -0.0812968016660173
23.72 0.152589938395607 0.814605378661156 0.230508975436294 -0.0383218957259749 -0.499660985974409 -0.0472001862467255
23.768 0.152589938395607 0.814605378661156 0.230508975436294 -0.0356956483912432 -0.452943529638349 -0.0966607067277855
23.8330000000001 0.152589938395607 0.814605378661156 0.230508975436294 -0.0356956483912432 -0.452943529638349 -0.0966607067277855
23.8800000000001 0.152589938395607 0.814605378661156 0.230508975436294 -0.0356956483912432 -0.452943529638349 -0.0966607067277855
23.9280000000001 0.152589938395607 0.814605378661156 0.230508975436294 -0.0356956483912432 -0.452943529638349 -0.0966607067277855
23.9760000000001 0.152589938395607 0.814605378661156 0.230508975436294 -0.047075265403696 -0.415823395285174 -0.0625827317501207
24.0240000000001 0.152589938395607 0.814605378661156 0.230508975436294 -0.047075265403696 -0.415823395285174 -0.0625827317501207
24.088 0.0460283389722917 0.730477377537454 0.338059451749871 -0.047075265403696 -0.415823395285174 -0.0625827317501207
24.136 0.0393773591709987 0.631073044895061 0.346693287491291 -0.047075265403696 -0.415823395285174 -0.0625827317501207
24.1759999999999 -0.0604011305418055 0.637687614153492 0.345985852578451 -0.047075265403696 -0.415823395285174 -0.0625827317501207
24.2239999999999 -0.0670521103430985 0.538283281511212 0.354619688319872 -0.0812197928391638 -0.402344534780849 -0.0977934576728263
24.2719999999999 -0.180264689567707 0.35475094774506 0.470804000374926 -0.135639926957238 -0.267980078817344 -0.114499672620238
24.3199999999999 -0.413340827818189 -0.111718052429467 0.711806460226342 -0.302183877701488 -0.0100855523883518 -0.253266704907549
24.384 -0.539987496554573 -0.485397289220032 0.944882519249177 -0.45837546076928 0.209704716498519 -0.426955814677818
24.432 -0.546770606265056 -0.576139859602108 1.05314043047554 -0.45837546076928 0.209704716498519 -0.426955814677818
24.48 -0.659983185489637 -0.759672193368147 1.16932474253048 -0.57325598361108 0.285929600236101 -0.499870582711858
24.528 -0.886276214029635 -1.1353986231606 1.30206929115553 -0.734296414443033 0.411972136313221 -0.575012799814633
24.576 -1.00613977305554 -1.41833528956903 1.42688743895201 -0.849536735231222 0.487571540209626 -0.648470707250223
24.624 -1.01279075285683 -1.51773962221137 1.43552127469343 -0.849536735231222 0.487571540209626 -0.648470707250223
24.672 -1.13930529168402 -1.90008062126219 1.56897325823121 -0.951626209009624 0.670822766385963 -0.669494958197245
24.729 -1.51219792836429 -2.94769928577216 1.96069537310331 -1.12047048137574 1.07015642003421 -0.727294612095436
24.777 -1.53893397747865 -3.33665485408136 2.09485479155404 -1.1884813562755 1.24046806618755 -0.713716399832294
24.825 -1.64536344699277 -3.42944461746532 2.10278119238262 -1.22343428546793 1.25289003900138 -0.749801494803467
24.8879999999999 -1.77852896562123 -3.91118994915848 2.24486701166188 -1.24519441097241 1.37336819496837 -0.733676374804114
24.9359999999999 -1.92512857376153 -4.58308218387617 2.50384457790898 -1.38461331009843 1.52252400964141 -0.742707954829207
24.9839999999999 -2.05164311258869 -4.96542318292694 2.63729656144682 -1.43113161716608 1.57220083925447 -0.745833955274339
25.0319999999999 -2.05164311258869 -4.96542318292694 2.63729656144682 -1.44256381255578 1.60960346705729 -0.712731113230701
25.0799999999999 -2.15820471201201 -5.04955118405064 2.74484703776045 -1.44164518666931 1.65522459481913 -0.763226152776283
25.1279999999999 -2.17163880152378 -5.23969808707511 2.86173878472823 -1.49964957560909 1.74227516770391 -0.733411168360448
25.1759999999999 -2.27806827103791 -5.33248785045907 2.86966518555681 -1.46363749979072 1.7756437208633 -0.747600374426433
25.192 -2.27806827103791 -5.33248785045907 2.86966518555681 -1.47505060297042 1.81305769395619 -0.714545149388125
25.2570000000001 -2.2913702306405 -5.53129651574386 2.88693285703965 -1.51024985788722 1.825267405521 -0.750925565084187
25.3050000000001 -2.52431423898179 -6.00642727817859 3.02831124140607 -1.53231719037838 1.94567161623188 -0.73547946105149
25.3530000000001 -2.56435224769876 -6.59419151177241 3.17973833133959 -1.55442336974304 2.06607242280297 -0.72012802166948
25.4159999999999 -2.67756482692334 -6.7777238455385 3.29592264339459 -1.56581103618903 2.10351073555056 -0.687158489051546
25.4560000000001 -2.80407936575054 -7.16006484458933 3.42937462693249 -1.55199256371314 2.25728697342875 -0.686043002474332
25.5040000000001 -3.06375942320622 -8.0241511753332 3.70491242974958 -1.59600989164403 2.54355944020385 -0.706611676162049
25.5520000000001 -3.33022259037239 -8.97898007645938 4.0887081437931 -1.58032556684246 2.88855893685009 -0.67207367410966
25.568 -3.44330303968778 -9.17117417248562 4.1052683803631 -1.55577011103068 2.95941834528112 -0.653239490061969
25.624 -3.45008614939826 -9.26191674286775 4.21352629158946 -1.5669379137714 3.04233361836215 -0.671317381934028
25.672 -3.45673712919955 -9.36132107551015 4.22216012733088 -1.50672481778319 3.05564424785037 -0.564617379203925
25.72 -3.5497325092019 -9.26396393586964 4.11319478119174 -1.36367485766667 3.05250488635427 -0.467782169816995
25.7850000000001 -3.5497325092019 -9.26396393586964 4.11319478119174 -1.29226939899207 3.02797660360745 -0.393975888782234
25.8330000000001 -3.54308152940061 -9.16455960322725 4.10456094545026 -1.29226939899207 3.02797660360745 -0.393975888782234
25.8800000000001 -3.19027396203342 -8.40649217438414 3.83836441328742 -1.10497513750236 2.82887726692197 -0.378682133631909
25.9280000000001 -2.70403661621933 -7.18400293836822 3.23083391087533 -0.825382886669897 2.48362601597014 -0.306992265741886
25.9760000000001 -2.35122904885216 -6.42593550952506 2.9646373787125 -0.62802731354807 2.24626210048906 -0.327513334103424
26.04 -2.23123335991707 -6.15166060537678 2.74019515543108 -0.617686315617786 2.16286391560744 -0.310538909913766
26.088 -1.98472313215481 -5.49504470217784 2.38230094861183 -0.585992444411102 1.95873902809737 -0.310162034655139
26.136 -1.62513245507714 -4.6462347029526 2.00784650522257 -0.533203018867249 1.63385103483709 -0.326856477036541
26.184 -1.49183480653946 -4.1731511335197 1.76613661045837 -0.501977497956677 1.42964244680423 -0.327175273708941
26.2239999999999 -1.38540533702536 -4.08036137013568 1.75821020962974 -0.501977497956677 1.42964244680423 -0.327175273708941
26.2719999999999 -1.25875866828898 -3.70668213334517 1.5251341506069 -0.482200270310818 1.26264227246687 -0.294161447118688
26.3199999999999 -0.905951100921783 -2.94861470450195 1.25893761844407 -0.466761365607594 0.904284688021896 -0.298175841336961
26.384 -0.772785582293295 -2.46686937280879 1.11685179916481 -0.436236620222311 0.699955740711387 -0.299370653205081
26.432 -0.772653452384105 -2.47553113506899 1.01722772367987 -0.424910186398324 0.662738274797974 -0.333082549570186
26.48 -0.752700512980226 -2.17731813714192 0.991326216455604 -0.380775042105089 0.566080989911432 -0.281258730084371
26.528 -0.519624374729744 -1.71084913696745 0.750323756604132 -0.314114629755733 0.394944505145103 -0.297165817792336
26.576 -0.492888325615382 -1.32189356865825 0.61616433815351 -0.270272969974693 0.298118827780865 -0.245673094670169
26.624 -0.39310983590255 -1.32850813791663 0.616871773066293 -0.258926627561988 0.260941555631749 -0.279526305575492
26.6890000000001 -0.366373786788159 -0.939552569607372 0.482712354615614 -0.286192776148903 0.144014071424492 -0.249449533536935
26.7370000000001 -0.239991377870183 -0.548549808296457 0.448884446562715 -0.265616722675983 0.0231735783408084 -0.267522741311019
26.752 -0.23334039806889 -0.449145475654063 0.440250610821295 -0.290790887898066 -0.0472581684302387 -0.287157290633009
26.8 -0.226689418267597 -0.34974114301167 0.431616775079874 -0.256464047692206 -0.0605048513873967 -0.251767896624316
26.8330000000001 -0.126910928554764 -0.356355712270101 0.432324209992714 -0.256464047692206 -0.0605048513873967 -0.251767896624316
26.848 -0.226689418267597 -0.34974114301167 0.431616775079874 -0.293053236962699 -0.0937579894519172 -0.237500644694508
26.912 -0.213519588574201 -0.142270715466736 0.513973179082029 -0.281653110509979 -0.130926771641963 -0.27140996899195
26.9359999999999 -0.113741098861368 -0.148885284725111 0.514680613994869 -0.306829731813173 -0.201350295674748 -0.291033708502893
26.9690000000001 -0.113741098861368 -0.148885284725111 0.514680613994869 -0.272568938625926 -0.214608201919305 -0.255706263618129
27 -0.107090119060075 -0.0494809520827744 0.506046778253449 -0.272568938625926 -0.214608201919305 -0.255706263618129
27.0170000000001 -0.106957989150885 -0.0581427143430346 0.406422702768452 -0.306829731813173 -0.201350295674748 -0.291033708502893
27.048 -0.106957989150885 -0.0581427143430346 0.406422702768452 -0.309184051200434 -0.247855433105432 -0.241409319631537
27.0650000000001 -0.106957989150885 -0.0581427143430346 0.406422702768452 -0.309184051200434 -0.247855433105432 -0.241409319631537
27.096 -0.100439139258782 0.0499233805596191 0.497412942511971 -0.300175471739843 -0.331543644281109 -0.225737742983567
27.1279999999999 -0.0936560295482991 0.140665950941752 0.389155031285611 -0.288744598688273 -0.368706288810263 -0.259684641284287
27.1610000000001 -0.0936560295482991 0.140665950941752 0.389155031285611 -0.291220311761339 -0.415244582705257 -0.210109464547791
27.2239999999999 0.00612246016453355 0.134051381683321 0.389862466198394 -0.291220311761339 -0.415244582705257 -0.210109464547791
27.288 0.00612246016453355 0.134051381683321 0.389862466198394 -0.291220311761339 -0.415244582705257 -0.210109464547791
27.3679999999999 0.0127734399658266 0.233455714325601 0.381228630456974 -0.291220311761339 -0.415244582705257 -0.210109464547791
27.384 0.0127734399658266 0.233455714325601 0.381228630456974 -0.279782131875975 -0.452403402642711 -0.24407511687612
27.4490000000001 0.0127734399658266 0.233455714325601 0.381228630456974 -0.291220311761339 -0.415244582705257 -0.210109464547791
27.4639999999999 0.0127734399658266 0.233455714325601 0.381228630456974 -0.291220311761339 -0.415244582705257 -0.210109464547791
27.5040000000001 0.0126413100566367 0.242117476585861 0.48085270594197 -0.279782131875975 -0.452403402642711 -0.24407511687612
27.5520000000001 0.0126413100566367 0.242117476585861 0.48085270594197 -0.279782131875975 -0.452403402642711 -0.24407511687612
27.585 0.0126413100566367 0.242117476585861 0.48085270594197 -0.279782131875975 -0.452403402642711 -0.24407511687612
27.633 0.0126413100566367 0.242117476585861 0.48085270594197 -0.279782131875975 -0.452403402642711 -0.24407511687612
27.681 0.0260753995684126 0.432264379610388 0.363960958974133 -0.279782131875975 -0.452403402642711 -0.24407511687612
27.6960000000001 0.0327263793697057 0.531668712252781 0.355327123232712 -0.279782131875975 -0.452403402642711 -0.24407511687612
27.76 0.0458962090631019 0.739139139797658 0.437683527234867 -0.243129710541016 -0.419162335980162 -0.258404465860465
27.825 0.0458962090631019 0.739139139797658 0.437683527234867 -0.243129710541016 -0.419162335980162 -0.258404465860465
27.8399999999999 0.0458962090631019 0.739139139797658 0.437683527234867 -0.243129710541016 -0.419162335980162 -0.258404465860465
27.8879999999999 0.0458962090631019 0.739139139797658 0.437683527234867 -0.252114284406945 -0.335459232577013 -0.274002571744633
27.921 0.0525471888644233 0.838543472440051 0.429049691493447 -0.215494792851408 -0.302206444095029 -0.288311701452698
27.952 0.0525471888644233 0.838543472440051 0.429049691493447 -0.249726068861393 -0.288925223331164 -0.323591531781048
27.9690000000001 0.0525471888644233 0.838543472440051 0.429049691493447 -0.261152213492319 -0.251768861065327 -0.289644035422882
28.0319999999999 0.0526793187736132 0.829881710179848 0.32942561600845 -0.295403919453076 -0.238516304758433 -0.324952812043076
28.048 0.0458962090631019 0.739139139797658 0.437683527234867 -0.295403919453076 -0.238516304758433 -0.324952812043076
28.0650000000001 -0.0538822806497024 0.745753709056089 0.436976092322027 -0.306829731813173 -0.201350295674748 -0.291033708502893
28.1130000000001 -0.0673163701614783 0.555606806031676 0.553867839289808 -0.386820082123225 -0.137755706621002 -0.327847387569838
