Time(ddMMyy_HHmmssfff format) Time(s) x(mm) y(mm) z(mm) rx(deg) ry(deg) rz(deg)
260226_121110769 0 0 -5.6843418860808E-14 0 0 -1.9878466759147E-16 -6.21202086223343E-17
260226_121115983 0 0 -5.6843418860808E-14 0 0 -1.9878466759147E-16 -6.21202086223343E-17
260226_121116016 0.0319999999999254 0 -5.6843418860808E-14 0 0 -1.9878466759147E-16 -6.21202086223343E-17
260226_121116111 0.0639999999998508 0.0969768291823243 0.00383794812120186 0.10286284438979 0.0935500628057409 0.0489671426564852 0.0485361328488937
260226_121116159 0.159999999999854 0.0909584105733927 0.103637620827442 0.104813220040114 0.104965945532618 0.0833830071486909 0.084098143909785
260226_121116490 0.503999999999905 0.0909584105733927 0.103637620827442 0.104813220040114 0.0935500628057409 0.0489671426564852 0.0485361328488937
260226_121116521 0.535999999999831 0.0909584105733927 0.103637620827442 0.104813220040114 0.104965945532618 0.0833830071486909 0.084098143909785
260226_121116617 0.631999999999834 0.0909584105733927 0.103637620827442 0.104813220040114 0.104965945532618 0.0833830071486909 0.084098143909785
260226_121116633 0.647999999999911 0.0909584105733927 0.103637620827442 0.104813220040114 0.0935500628057409 0.0489671426564852 0.0485361328488937
260226_121116666 0.679999999999836 0.0937609597980895 0.105759711282474 0.00487502689088615 0.0228388141278126 0.0688689866465787 0.0710414061219978
260226_121116809 0.823999999999842 0.0997793784070211 0.00596003857623373 0.00292465124056207 0.0114153570019865 0.0344366766684326 0.0355160687596478
260226_121116857 0.871999999999844 0.0969768291823243 0.00383794812120186 0.10286284438979 0.0228388141278126 0.0688689866465787 0.0710414061219978
260226_121116888 0.903999999999996 0.0909584105733927 0.103637620827442 0.104813220040114 0.0935500628057409 0.0489671426564852 0.0485361328488937
260226_121116936 0.951999999999998 0.0881558613486817 0.10151553037241 0.204751413189456 0.104965945532618 0.0833830071486909 0.084098143909785
260226_121117079 1.096 0 -5.6843418860808E-14 0 0.0114153570019865 0.0344366766684326 0.0355160687596478
260226_121117127 1.14400000000001 0.0997793784070211 0.00596003857623373 0.00292465124056207 0 -1.9878466759147E-16 -6.21202086223343E-17
260226_121117160 1.17599999999993 0.102581927631732 0.00808212903126559 -0.0970135419087228 0 -1.9878466759147E-16 -6.21202086223343E-17
260226_121117205 1.21599999999989 0.0937609597980895 0.105759711282474 0.00487502689088615 -0.0381096324218343 0.0832223842935073 -0.0576672905751426
260226_121117364 1.37699999999995 0.247974916965433 0.91819926053978 -0.0736108585745114 -1.0977807154779 1.03811950040974 -0.969297497408202
260226_121117412 1.42499999999995 0.244759047581198 1.02012102370105 -0.171598676073472 -1.17997584011376 1.02302310453021 -0.982356075814304
260226_121117445 1.4559999999999 0.23552475958806 1.22184245956851 -0.267636117922052 -1.29047481558522 1.12526370870376 -1.01810229254925
260226_121117490 1.50399999999991 0.298780306181968 1.93064438799843 -0.450935223427621 -1.53504581641774 1.26018652555066 -1.16009382389947
260226_121117523 1.53599999999983 0.383306977986905 2.23812553514841 -0.542097638385314 -1.69449364362781 1.36151820121792 -1.24310811462914
260226_121117538 1.55199999999991 0.377288559377973 2.33792520785465 -0.540147262734934 -1.731471017044 1.39551583945343 -1.25510829932637
260226_121117555 1.56899999999996 0.380091108602684 2.34004729830968 -0.640085455884218 -1.731471017044 1.39551583945343 -1.25510829932637
260226_121117570 1.58399999999983 0.380091108602684 2.34004729830968 -0.640085455884218 -1.731471017044 1.39551583945343 -1.25510829932637
260226_121117619 1.63199999999983 0.274293311586746 2.43388693243963 -0.6410597314744 -1.71979247077225 1.43025863621506 -1.22004738906628
260226_121117635 1.64799999999991 0.362035852775904 2.6394463164284 -0.634234328933189 -1.70810589280112 1.46499712696761 -1.1849767267984
260226_121117651 1.66399999999999 0.356017434166972 2.73924598913459 -0.632283953282808 -1.70810589280112 1.46499712696761 -1.1849767267984
260226_121117682 1.69599999999991 0.337548858180668 3.14268886086961 -0.824358836980025 -1.72166471192859 1.56847711653708 -1.1268535060609
260226_121117698 1.71199999999999 0.325512020962819 3.34228820628203 -0.82045808567932 -1.70994614328501 1.60320859464001 -1.09176292555391
260226_121117745 1.75999999999999 0.319080282194363 3.54613173260452 -1.01643372067713 -1.68648479255725 1.67265856437903 -1.02155232847604
260226_121117777 1.79199999999992 0.319080282194363 3.54613173260452 -1.01643372067713 -1.68648479255725 1.67265856437903 -1.02155232847604
260226_121117809 1.82399999999984 0.307043444976514 3.745731078017 -1.01253296937642 -1.48183800429297 1.62031359817871 -0.936880458100946
260226_121117857 1.87199999999984 0.391570116781466 4.05321222516693 -1.10369538433412 -1.01602315208267 1.59897280878145 -0.730455397516247
260226_121117873 1.88799999999992 0.388354247397231 4.15513398832826 -1.20168320183308 -0.729732745068028 1.56122285863756 -0.631741073908512
260226_121117889 1.904 0.379119959404079 4.35685542419571 -1.29772064368171 -0.514072093651028 1.54277836262264 -0.511004414471566
260226_121117919 1.93599999999992 0.469665049817934 4.56453689863946 -1.39083343428973 -0.191473983012945 1.4704382205354 -0.399864677579453
260226_121117937 1.952 0.463646631209002 4.66433657134576 -1.38888305863935 -0.106526540596471 1.43640700935126 -0.340322141828601
260226_121117984 2 0.466449180433713 4.66645866180079 -1.48882125178864 -0.0216442585061822 1.40232595439021 -0.280770644213493
260226_121118030 2.04099999999994 0.454412343215864 4.86605800721321 -1.48492050048793 0.090189079698123 1.16213551338548 -0.340539177124908
260226_121118077 2.08899999999994 0.536136465796105 5.17141706390811 -1.47614472229634 0.451469119570321 0.461163833587966 -0.404326694886808
260226_121118126 2.13699999999994 0.514865340585104 5.57273784518804 -1.56828141284421 0.750795567959752 -0.137083466334034 -0.457626468707491
260226_121118174 2.18499999999995 0.614231398832587 5.68274173738058 -1.76328277225196 0.81440077271527 -0.289364248398433 -0.42474030564489
260226_121118220 2.23299999999995 0.605410430998958 5.78041931963179 -1.66139420345229 0.792018974190822 -0.357982155805032 -0.496368422034462
260226_121118270 2.28099999999995 0.584139305787943 6.18174010091172 -1.75353089400022 0.747353899519995 -0.495270310357346 -0.639516830859935
260226_121118316 2.32899999999995 0.659845009759238 6.58689883031286 -1.74280474015825 0.728218357182889 -0.701243636924073 -0.806877021100722
260226_121118363 2.37699999999995 0.653826591150306 6.6866985030191 -1.74085436450792 0.706034077875837 -0.769944989176365 -0.87832746241355
260226_121118409 2.42499999999995 0.647808172541389 6.78649817572528 -1.73890398885754 0.694954135906972 -0.804302128125931 -0.91403938612346
260226_121118441 2.4559999999999 0.647808172541389 6.78649817572528 -1.73890398885754 0.647335437795598 -0.804422260641224 -0.961078252696673
260226_121118457 2.47299999999996 0.644592303157168 6.88841993888661 -1.83689180635645 0.610779291492753 -0.770186021692333 -0.972423101069938
260226_121118504 2.52099999999996 0.635358015164016 7.09014137475407 -1.93292924820503 0.469750830367366 -0.81999411675567 -1.06752580505156
260226_121118536 2.55199999999991 0.632142145779795 7.19206313791534 -2.03091706570393 0.43315908805974 -0.785784416633047 -1.07887644956085
260226_121118568 2.58399999999983 0.632142145779795 7.19206313791534 -2.03091706570393 0.422068587178779 -0.820199500104854 -1.11447779273535
260226_121118615 2.63199999999983 0.538381185981706 7.08630342663287 -2.03579209259482 0.617881979741761 -0.637127134065432 -1.02840347489872
260226_121118662 2.67200000000003 0.45624374324197 6.88498822355422 -2.24249388143471 1.04138115469968 -0.206167181728941 -0.933280843455554
260226_121118710 2.7199999999998 0.380124719111123 6.58387334776933 -2.45114604592482 1.7162006135522 0.405913865254641 -0.846284945643356
260226_121118763 2.77599999999984 0.397766654778394 6.38851818326697 -2.65492318352409 1.96479401687662 0.723277297484191 -0.759888433504034
260226_121118805 2.8159999999998 0.4009825241626 6.2865964201057 -2.55693536602513 1.9871233571935 0.791356605112348 -0.686904900779409
260226_121118821 2.83199999999988 0.313239982973471 6.08103703611692 -2.5637607685664 2.0094875200561 0.859417736333986 -0.613884977903878
260226_121118837 2.84899999999993 0.328079369416017 5.88355978115953 -2.66759971301639 2.00907057913789 0.945715101376542 -0.470810474765603
260226_121118876 2.88799999999992 0.176667961473399 5.0732423223572 -2.68905202070022 2.08518261574148 1.40632147337399 0.026445673045062
260226_121118915 2.92799999999988 0.119017513328899 4.36868457483735 -2.70562930149322 2.13134841062704 1.71478018511533 0.45930864274063
260226_121118947 2.95999999999981 0.13987531838039 4.07140764717366 -2.81141862159365 2.1184437856969 1.9034784903759 0.664031918507256
260226_121118979 2.99299999999994 0.0400959399733694 4.06544760859742 -2.81434327283415 2.12996088433352 1.93740488251788 0.700737202474609
260226_121119027 3.04099999999994 0.0701880330180131 3.56644924506628 -2.82409515108594 2.14226532952835 2.05770301064543 0.880588425669963
260226_121119074 3.08899999999994 0.0398271286934033 2.36077104356031 -2.75048611698134 2.1592240036105 2.30112123646434 1.39149566374767
260226_121119122 3.13699999999994 0.000231936375669761 1.35681427792173 -2.77291452472537 2.17488579096814 2.59462449050332 1.8575961985682
260226_121119170 3.18499999999995 0.0182871922024503 1.05741525980307 -2.77876565167645 2.16462166010339 2.64737214446265 1.96387781138951
260226_121119218 3.23299999999995 -0.0574185117688586 0.652256530401928 -2.78949180551837 1.98345654649288 2.53918541925696 2.09055988968439
260226_121119266 3.28099999999995 -0.202398180943021 -0.361904454722946 -2.61496847820439 1.45290133063285 2.15488553152826 2.6002044647183
260226_121119314 3.32899999999995 -0.238364183717025 -1.57182683713904 -2.34148305780127 0.918479133393581 1.73063792153041 3.1602623083444
260226_121119345 3.3599999999999 -0.308464789238926 -1.97274138563017 -2.55208559794181 0.699878714895594 1.61496475650943 3.32386587520205
260226_121119377 3.39199999999983 -0.308051469079402 -2.07678523924648 -2.35415958729357 0.665401582281949 1.60148802984925 3.35718510385546
260226_121119393 3.4079999999999 -0.299230501245759 -2.17446282149763 -2.45604815609329 0.665401582281949 1.60148802984925 3.35718510385546
260226_121119425 3.43999999999983 -0.386559722275393 -2.48406605910264 -2.26494754798625 0.561298468222285 1.60961675049415 3.41150523340185
260226_121119473 3.48799999999983 -0.425741594433617 -3.59206667835753 -2.08944994508209 0.272732131008559 1.75153409023924 3.60028210965393
260226_121119520 3.53599999999983 -0.373965056018463 -4.59642967678485 -1.80913912213776 -0.0152371028117686 1.89461275955289 3.78843783639765
260226_121119585 3.59999999999991 -0.452473309214454 -5.00371049664102 -1.7199270828304 -0.0840917731264321 1.86870555732842 3.85508500135964
260226_121119601 3.61699999999996 -0.446454890605537 -5.10351016934726 -1.72187745848072 -0.0840917731264321 1.86870555732842 3.85508500135964
260226_121119632 3.63999999999987 -0.431202184003467 -5.4050312779209 -1.62779039228252 -0.0608720134302462 1.75145500420127 3.87785663341967
260226_121119661 3.67200000000003 -0.509710437199459 -5.81231209777712 -1.53857835297521 -0.0499212459609286 1.59992299310822 3.86501364918971
260226_121119677 3.68799999999987 -0.497260279822072 -6.11595529680591 -1.34455309362767 -0.0268798228439061 1.48266870430544 3.88784009776523
260226_121119693 3.70499999999993 -0.581786951627038 -6.42343644395584 -1.25339067866997 -0.00393656409760363 1.3654125136664 3.91068839838973
260226_121119725 3.73599999999988 -0.560515826416022 -6.82475722523583 -1.1612539881221 -0.0279251084304485 1.20104092141647 3.93156466062497
260226_121119772 3.78399999999988 -0.554084087647595 -7.02860075155832 -0.965278353124233 -0.0052294148556981 1.13168171697511 3.90844300057394
260226_121119821 3.83199999999988 -0.554084087647595 -7.02860075155832 -0.965278353124233 -0.167429614074589 1.38912449144853 3.83564427471376
260226_121119868 3.87999999999988 -0.444657101087884 -7.32840600246584 -0.668390249386903 -0.564189937650037 2.02126255507814 3.61811828169905
260226_121119915 3.92799999999988 -0.435009492935208 -7.6341712919496 -0.374426796890077 -0.988897271842423 2.76934869986148 3.37600953725648
260226_121119963 3.97599999999989 -0.332014245143981 -7.73013301653464 -0.273514328150611 -1.15625319240714 3.07344575707714 3.25581841496473
260226_121120011 4.02399999999989 -0.338032663752898 -7.6303333438284 -0.271563952500287 -1.27501365554466 3.14343346807666 3.18194077228008
260226_121120043 4.05599999999981 -0.352872050195472 -7.43285608887095 -0.167725008050297 -1.57348767129273 3.24886871323954 2.95059719197314
260226_121120074 4.08899999999994 -0.277166346224163 -7.02769735946981 -0.156998854208325 -1.95891411261864 3.43593235669186 2.6124622035709
260226_121120106 4.11999999999989 -0.300826700500352 -6.73254252226116 0.0487286590412737 -2.2978885800968 3.62185558755927 2.32250933375368
260226_121120153 4.16799999999989 -0.312863537718201 -6.53294317684868 0.0526294103419787 -2.58710416836691 3.75967419588593 2.12662997591147
260226_121120201 4.21599999999989 -0.222318447304332 -6.32526170240499 -0.0404833802661528 -2.75632288159208 3.828256034869 2.00470827113997
260226_121120249 4.2639999999999 -0.255213089573672 -5.82838542932888 0.0692066911349798 -3.26068082864914 4.12457643128081 1.77661011908174
260226_121120344 4.3119999999999 -0.127875356066781 -4.61886927970164 0.0984605014202771 -4.36034708083527 4.74739254267069 1.25725041183162
260226_121120378 4.39199999999983 -0.0461512334865546 -4.31351022300669 0.107236279611868 -4.67433071191119 4.90431879425954 1.12819829008017
260226_121120392 4.4079999999999 -0.0521696520954862 -4.21371055030045 0.109186655262192 -4.64182433730606 4.91683103617102 1.09514970327481
260226_121120407 4.42499999999995 -0.0581880707044036 -4.11391087759426 0.111137030912573 -4.51638451424335 4.83852989471717 1.02128983053718
260226_121120439 4.4559999999999 -0.0822617451401157 -3.7147121867693 0.118938533513983 -4.25656474587595 4.76447375943355 0.861351291843092
260226_121120487 4.50399999999991 0.0566995054251151 -2.60075152893825 -0.0536344181496702 -3.67193133405106 4.50688477346894 0.38341075498826
260226_121120535 4.55199999999991 0.123170921403272 -1.9938713636696 -0.138945706156335 -3.3339509304253 4.35946473004752 0.0994082583862926
260226_121120585 4.59999999999991 0.213716011817141 -1.78618988922585 -0.232058496764353 -3.31383984100719 4.33810695597647 0.0314472839548089
260226_121120630 4.63999999999987 0.19244488660614 -1.38486910794586 -0.324195187312228 -3.11758843147367 4.24191123387667 -0.0640674982616511
260226_121120646 4.66399999999999 0.180408049388276 -1.18526976253338 -0.320294436011523 -3.02337697359237 4.15265542924999 -0.106433861819961
260226_121120662 4.67999999999984 0.159550244336785 -0.887992834869749 -0.214505115911209 -2.88411635394214 4.11208601926697 -0.147037498371205
260226_121120710 4.7199999999998 0.222805790930721 -0.179190906439885 -0.397804221416834 -2.57253041797081 3.90701348130611 -0.354169861095442
260226_121120760 4.7679999999998 0.301314044126741 0.228089913416284 -0.487016260724147 -2.40814775258804 3.79827655261888 -0.417623912579927
260226_121120804 4.8159999999998 0.295295625517809 0.327889586122524 -0.485065885073766 -2.33834661845278 3.77837296523486 -0.438152177257039
260226_121120820 4.83199999999988 0.28325878829996 0.527488931535004 -0.481165133773061 -2.31345430916787 3.70960021542267 -0.460730811565629
260226_121120836 4.84899999999993 0.28004291891574 0.629410694696276 -0.579152951272022 -2.25578128432879 3.65500898916012 -0.516530524852402
260226_121120868 4.87999999999988 0.355748622887035 1.03456942409747 -0.56842679743005 -2.02897633085325 3.44396799374463 -0.590738384717139
260226_121120916 4.92799999999988 0.419004169480957 1.74337135252733 -0.751725902935618 -1.78883522017012 3.12981638019195 -0.723794726380303
260226_121120964 4.97599999999989 0.406967332263093 1.94297069793976 -0.747825151634913 -1.69367265893785 3.04156868890094 -0.76771031718185
260226_121120996 5.00799999999981 0.400948913654162 2.04277037064605 -0.745874775984589 -1.65658456076101 3.00755145332689 -0.755353842834832
260226_121121010 5.02399999999989 0.400948913654162 2.04277037064605 -0.745874775984589 -1.61950711361081 2.9735286504846 -0.7430071092682
260226_121121059 5.07199999999989 0.370856820609532 2.5417687341772 -0.736122897732798 -1.33135534045049 2.61792734195507 -0.634322405955556
260226_121121106 5.11999999999989 0.334746308955971 3.14056677041458 -0.724420643830683 -0.970549220279042 2.19362558869152 -0.502106691087811
260226_121121154 5.16799999999989 0.325512020962819 3.34228820628203 -0.82045808567932 -0.786469500569487 2.02287545906368 -0.441507081828533
260226_121121201 5.21599999999989 0.319493602353887 3.44208787898822 -0.818507710028996 -0.749684544884008 1.9887092287022 -0.42941563609628
260226_121121233 5.24799999999982 0.310259314360735 3.64380931485579 -0.914545151877519 -0.547187706492164 1.84684735449429 -0.483961595245573
260226_121121264 5.28099999999995 0.394785986165687 3.95129046200566 -1.00570756683521 -0.237306558533168 1.65168322076638 -0.548579670945027
260226_121121297 5.3119999999999 0.3823358287883 4.25493366103444 -1.1997328261827 0.0643929757051934 1.37340166366197 -0.604158517001933
260226_121121343 5.3599999999999 0.464059951368526 4.5602927177294 -1.19095704799116 0.374923643814697 1.17903319934483 -0.670308072067262
260226_121121391 5.4079999999999 0.460844081984305 4.66221448089073 -1.28894486549012 0.408760441379615 1.19417253812811 -0.704017873705455
260226_121121438 5.44799999999987 0.451609793991153 4.86393591675818 -1.38498230733865 0.436493263587385 1.30811486243879 -0.828558365091349
260226_121121469 5.48000000000002 0.436770407548593 5.06141317171557 -1.28114336288871 0.590429331397198 1.39997168834569 -1.07803624063102
260226_121121485 5.49599999999987 0.427536119555441 5.26313460758308 -1.37718080473724 0.650867665297567 1.53013323539168 -1.23572245122644
260226_121121533 5.54399999999987 0.412283412953357 5.56465571615678 -1.47126787093549 0.766373507166987 1.65783433084825 -1.4962574443041
260226_121121580 5.59199999999987 0.511649471200883 5.67465960834926 -1.66626923034318 0.751242962755415 1.67332727757077 -1.57756400280259
260226_121121612 5.62400000000002 0.511649471200883 5.67465960834926 -1.66626923034318 0.688098358753386 1.77558065797104 -1.56477861766206
260226_121121643 5.65699999999993 0.502415183207717 5.87638104421677 -1.76230667219181 0.505621008421981 1.89577474588926 -1.57822996975462
260226_121121675 5.68799999999987 0.493180895214579 6.07810248008423 -1.85834411404034 0.238205587035975 2.13698279521314 -1.51003780663402
260226_121121723 5.73599999999988 0.58652853485313 6.28790604498306 -2.05139509779764 -0.0820013394473874 2.4274427073048 -1.5357505940676
260226_121121772 5.78399999999988 0.58652853485313 6.28790604498306 -2.05139509779764 -0.189808235522909 2.47985084246123 -1.5263060553849
260226_121121818 5.83199999999988 0.483946607221426 6.27982391595174 -1.95438155588892 0.0232185060505371 2.51216539479729 -1.44921304400304
260226_121121869 5.87999999999988 0.486749156446137 6.28194600640677 -2.0543197490382 0.482188808578808 2.59224619682866 -1.3271153620853
260226_121121911 5.92799999999988 0.495156804120242 6.28831227777187 -2.35413432848605 0.978196879911957 2.63831280462214 -1.19149204387284
260226_121121958 5.97599999999989 0.503977771953871 6.19063469552066 -2.45602289728566 1.1793620883674 2.63625378752034 -1.14902733078007
260226_121121990 6 0.404198393546835 6.18467465694442 -2.45894754852623 1.26129898689177 2.65225689993743 -1.13364464263635
260226_121122022 6.03199999999993 0.421840329214106 5.98931949244201 -2.6627246861255 1.57135500531793 2.68424276191693 -0.957364010244155
260226_121122053 6.06399999999985 0.433877166431955 5.78972014702958 -2.66662543742621 1.96689887895327 2.68144353006428 -0.719941286963753
260226_121122110 6.11199999999985 0.378615947352628 5.19132834358101 -2.98106692201668 3.00153726501396 2.72053649818481 -0.193233352337633
260226_121122149 6.15999999999985 0.396671203179423 4.89192932546234 -2.98691804896777 3.55861057315737 2.7462999840925 0.0810581511066658
260226_121122164 6.17599999999993 0.299694373997099 4.88809137734114 -3.08978089335756 3.5954487790868 2.71191744239576 0.0927396502722995
260226_121122196 6.19200000000001 0.30249692322181 4.89021346779617 -3.18971908650684 3.5954487790868 2.71191744239576 0.0927396502722995
260226_121122227 6.24000000000001 0.22398867002579 4.48293264793995 -3.10050704719947 3.78580593008935 2.43816908501274 0.2391433331209
260226_121122243 6.25599999999986 0.23882805646835 4.28545539298256 -3.20434599164946 3.89056141824157 2.19952447071364 0.324640851990897
260226_121122259 6.27199999999993 0.254080763070434 3.9839342844088 -3.11025892545126 4.02007741428617 1.89275176492077 0.384090152294702
260226_121122292 6.30399999999986 0.299012242557637 3.28745866592027 -3.22384974815299 4.37229518110442 1.27668226659969 0.60027395621425
260226_121122307 6.32099999999991 0.313851629000183 3.08998141096288 -3.32768869260303 4.47444305718817 1.03752424626726 0.685283722923182
260226_121122323 6.33600000000001 0.226109087811039 2.88442202697411 -3.3345140951443 4.57419537092279 0.849241306631257 0.725976532114863
260226_121122359 6.37699999999995 0.141582416006102 2.57694087982418 -3.24335168018655 4.71159296607292 0.575248739284642 0.822104239590422
260226_121122450 6.41699999999992 0.159224351673359 2.38158571532176 -3.44712881778582 4.47434028069928 0.698607668934231 0.913525339411125
260226_121122482 6.48000000000002 0.119629159355625 1.37762894968324 -3.46955722552985 3.88776406076196 0.814942245354673 1.20168885124185
260226_121122514 6.52800000000002 -0.0225479605938546 0.365590055013399 -3.39497209136522 3.2776594694549 1.00386057680555 1.51466760314888
260226_121122565 6.57600000000002 -0.00127683538283918 -0.0357307262665358 -3.30283540081729 3.04352123281053 1.08046385726829 1.64919368025379
260226_121122613 6.62400000000002 -0.0890193765719829 -0.241290110255306 -3.3096608033585 2.97459980612635 1.05000463171588 1.71549191063634
260226_121122656 6.67200000000003 -0.0492796753746916 -1.04605376327021 -3.02544922911346 2.65242579042769 0.880745084754218 1.97773311044452
260226_121122703 6.7199999999998 -0.19384602438933 -2.16425860201127 -2.65299989115124 2.20111500833927 0.739149578539467 2.36624015034593
260226_121122750 6.7679999999998 -0.169772349953618 -2.56345729283623 -2.66080139375265 2.01588929478838 0.633107283573795 2.49714108698756
260226_121122806 6.80799999999999 -0.16053806196048 -2.76517872870369 -2.56476395190407 1.93286659519375 0.805730174547987 2.53419927685112
260226_121122846 6.85599999999999 -0.244651413605894 -3.17670372946998 -2.27567552629819 1.8715348309104 1.14468044228643 2.5532413838705
260226_121122862 6.87199999999984 -0.223380288394893 -3.57802451074997 -2.18353883575031 1.70451465914014 1.53901159396914 2.58142926506969
260226_121122879 6.88799999999992 -0.317141248192968 -3.68378422203239 -2.1884138626412 1.64526214638924 1.6427280209405 2.59366309887818
260226_121122918 6.91999999999985 -0.289438384213511 -4.28894852963487 -1.90030153709546 1.48849856215918 2.12004517558848 2.61240286625309
260226_121122956 6.96799999999985 -0.373965056018463 -4.59642967678485 -1.80913912213776 1.34462224905477 2.44530827635162 2.61533698481315
260226_121122972 6.98399999999992 -0.367946637409531 -4.69622934949098 -1.81108949778809 1.35658033327147 2.47931742157439 2.65175343665731
260226_121123020 7.04099999999994 -0.267753938842986 -4.79431316453105 -1.61023883589934 1.00298041197198 2.59248418930889 2.52231226049964
260226_121123068 7.07999999999993 -0.25810633069031 -5.10007845401486 -1.31627538340257 0.378241084226412 2.78261001371624 2.32453428205051
260226_121123117 7.12799999999993 -0.342219682335738 -5.51160345478104 -1.02718695779669 -0.521166108632642 3.09732085144488 2.01307957499597
260226_121123169 7.17599999999993 -0.239224434544496 -5.60756517936613 -0.926274489057164 -0.723109990055925 3.15322118998779 1.9243277593496
260226_121123227 7.22399999999993 -0.245242853153428 -5.50776550665984 -0.92432411340684 -0.956882863212536 3.00921868557378 1.82018327967713
260226_121123260 7.27199999999993 -0.254063820987056 -5.41008792440863 -0.822435544607174 -1.3690870038583 2.85162954384241 1.6062289039256
260226_121123291 7.30399999999986 -0.268903207429616 -5.21261066945124 -0.718596600157184 -1.86091688405194 2.63217448653419 1.42612090053289
260226_121123323 7.33600000000001 -0.268903207429616 -5.21261066945124 -0.718596600157184 -2.18918946371015 2.43963368908487 1.27708576784372
260226_121123370 7.38400000000001 -0.277724175263245 -5.11493308720009 -0.616708031357575 -2.3653239791614 2.37789951283491 1.21437508521745
260226_121123418 7.43200000000002 -0.189981634074101 -4.90937370321132 -0.609882628816308 -2.44979117310812 2.41196973881376 1.15430253264359
260226_121123433 7.44799999999987 -0.298581980314736 -4.8176561595364 -0.510918711257261 -2.53176825993564 2.39845700395985 1.14052247855289
260226_121123465 7.46499999999992 -0.220073727118731 -4.41037533968017 -0.600130750564574 -2.78029738402745 2.405417324863 1.05311351791517
260226_121123498 7.51299999999992 -0.147170572372119 -4.00733870073407 -0.489466403573374 -3.07742925776751 2.4117451920119 0.918733557065596
260226_121123529 7.54399999999987 -0.162423278974202 -3.70581759216032 -0.583553469771573 -3.27771874668358 2.41905445461048 0.879181658456117
260226_121123579 7.59199999999987 -0.168441697583134 -3.60601791945413 -0.581603094121192 -3.32624986950811 2.41844510260499 0.831992730611223
260226_121123626 7.63999999999987 -0.0895201242275903 -3.30278095321421 -0.472889122780373 -3.16004963139083 2.25918517642555 0.814302359144433
260226_121123674 7.68799999999987 -0.134864923874318 -2.50226148110937 -0.557224310726781 -2.82535579497633 1.75443120355282 0.733238528323956
260226_121123721 7.73599999999988 -0.0776277958893132 -1.69365987997321 -0.738573040582025 -2.55059051043192 1.35334920572274 0.660223760644664
260226_121123768 7.78399999999988 -0.0812569854330434 -1.48769426319569 -1.03448686872918 -2.50235978567193 1.21496247825988 0.615677286380229
260226_121123800 7.8159999999998 -0.087275404041975 -1.38789459048945 -1.03253649307885 -2.45636770848947 1.26301596250422 0.616161095586218
260226_121123848 7.84899999999993 -0.014785569454915 -0.880814097926987 -1.11979815673584 -2.20922764004173 1.43907544632805 0.365794451850677
260226_121123880 7.89699999999993 0.0516858465232559 -0.273933932658394 -1.20510944474245 -1.91486567257319 1.6175580770572 0.163686007901169
260226_121123927 7.94499999999994 0.0155753348696805 0.324864103578989 -1.19340719084033 -1.62143769363783 1.79797216137236 -0.037153112273521
260226_121123983 7.99299999999994 0.10892297450826 0.534667668477823 -1.38645817459775 -1.55416119903134 1.82604409414604 -0.104748808202645
260226_121124023 8.04099999999994 0.0968861372903973 0.734267013890246 -1.38255742329704 -1.52663395763397 1.93678314921051 -0.230469759850663
260226_121124039 8.05599999999981 0.0876518492972451 0.935988449757758 -1.47859486514557 -1.54482072872453 1.99883326068568 -0.357565365753633
260226_121124054 8.07199999999989 0.175394390486403 1.14154783374647 -1.4717694626043 -1.51460657502742 2.06146809246017 -0.437195639721553
260226_121124118 8.12799999999993 0.138870558673318 1.8443897236001 -1.65799321935043 -1.49641270641567 2.36037267125571 -0.895945819331002
260226_121124166 8.17599999999993 0.229415649087201 2.05207119804385 -1.75110600995851 -1.46702080362538 2.42351914022451 -0.975296535735046
260226_121124249 8.25599999999986 0.296300385224853 2.55490750969625 -1.63849128731692 -1.15543114703281 2.86077922436995 -1.20264076476129
260226_121124308 8.32099999999991 0.260189873571278 3.15370554593363 -1.62678903341481 -0.640794314027236 3.56448204738954 -1.49363513985268
260226_121124324 8.33600000000001 0.353950833369382 3.25946525721605 -1.62191400652392 -0.536100790863356 3.69450339293731 -1.60169472956999
260226_121124391 8.38400000000001 0.447711793167471 3.36522496849852 -1.61703897963304 -0.447339130253339 3.79439719256901 -1.59545675037269
260226_121124434 8.44799999999987 0.438477505174319 3.56694640436598 -1.71307642148162 -0.326141430249638 3.90995570047341 -1.62178823666662
260226_121124466 8.48000000000002 0.423224798572235 3.86846751293967 -1.80716348767987 -0.128403484068504 4.09153518585696 -1.67697525003989
260226_121124498 8.51299999999992 0.405169542745455 4.16786653105839 -1.80131236072884 0.0689444051152803 4.27368205938986 -1.73127518138047
260226_121124530 8.54399999999987 0.492912083934613 4.37342591504711 -1.79448695818763 0.221812172343262 4.40609518308307 -1.78864702053564
260226_121124597 8.56099999999992 0.489696214550392 4.47534767820832 -1.89247477568648 0.228046930312775 4.49017752392179 -1.79692590153074
260226_121124642 8.65699999999993 0.477246057173005 4.77899087723711 -2.08650003503402 -0.0263242261478756 3.86533130348093 -1.96811531631334
260226_121124706 8.72799999999984 0.549735891760108 5.28607136979952 -2.17376169869101 -0.493392530563129 2.93633008841522 -2.25396780463372
260226_121124833 8.78399999999988 0.640280982173962 5.49375284424326 -2.26687448929908 -0.623585508635638 2.64857535457458 -2.35704876854455
260226_121124881 8.86399999999981 0.522859668099699 5.68314797016939 -2.06602200294031 -0.520490222892828 2.69185126025874 -2.6073818444974
260226_121124924 8.92799999999988 0.595349502686759 6.19022846273185 -2.1532836665973 -0.474351356128805 2.69712044652472 -3.09154611124389
260226_121124977 8.99299999999994 0.689110462484848 6.29598817401433 -2.14840863970642 -0.491227750027026 2.71222321629705 -3.17259848313568
260226_121125008 9.02399999999989 0.685894593100628 6.3979099371756 -2.24639645720538 -0.502682606332995 2.67770356401745 -3.20845848425816
260226_121125056 9.07199999999989 0.676660305107461 6.59963137304305 -2.3424338990539 -0.716555308145507 2.64257476417843 -3.2845415431103
260226_121125088 9.10399999999981 0.767205395521358 6.80731284748674 -2.43554668966198 -0.865736778698781 2.50577319792631 -3.37228598776208
260226_121125135 9.15199999999982 0.86055303515991 7.01711641238558 -2.62859767341934 -1.04159928841058 2.43703505308157 -3.43571239925161
260226_121125231 9.16799999999989 0.86055303515991 7.01711641238558 -2.62859767341934 -1.05304276570334 2.40239245528247 -3.47130164044045
260226_121125285 9.29599999999982 0.658605049280681 6.89903039116177 -2.33658277210287 -0.133784424037398 2.3075350168596 -3.12675207049206
260226_121125311 9.32899999999995 0.661407598505392 6.9011524816168 -2.43652096525216 0.19370261378914 2.24156073653854 -3.01548900855639
260226_121125374 9.38400000000001 0.664210147730103 6.90327457207184 -2.53645915840144 0.363001706024684 2.2256627157553 -2.94171836493486
260226_121125437 9.44799999999987 0.576467606540945 6.69771518808312 -2.54328456094265 0.623181080524252 2.07894043921506 -2.56763809710836
260226_121125501 9.48000000000002 0.415821910605175 6.08911916514825 -2.66077431047512 1.17526581872614 1.74900909097161 -1.80718126979848
260226_121125548 9.56099999999992 0.448303232715006 5.69628674568844 -2.96839039252438 1.57072071667054 1.46557673543022 -1.2349079179707
260226_121125596 9.60899999999992 0.351739723692219 5.58840494395088 -2.87332722626599 1.62247399185584 1.41550082491375 -1.14193068258994
260226_121125611 9.62400000000002 0.363776560910068 5.38880559853845 -2.87722797756669 1.64835262443289 1.4336258569538 -1.02403521689776
260226_121125627 9.63999999999987 0.372597528743711 5.29112801628725 -2.97911654636636 1.6998736975915 1.38349806850816 -0.931023991567761
260226_121125675 9.68799999999987 0.233222958018942 4.28121121207249 -3.00446960535089 1.8733587939784 1.28979500408365 -0.194607500059706
260226_121125706 9.7199999999998 0.16955409126551 3.67645313725887 -3.01909651049357 1.95653829359856 1.19450372562396 0.294589482436132
260226_121125722 9.73599999999988 0.181590928483359 3.47685379184634 -3.02299726179427 2.0543172948159 1.14371103845163 0.436034632389505
260226_121125769 9.78399999999988 0.0938483872942015 3.27129440785768 -3.02982266433548 2.09274459331575 1.1459509944819 0.635760661843081
260226_121125833 9.84899999999993 0.127156349723052 2.67037428116532 -2.94158672508831 1.80748603042782 1.49626736460737 0.917529495217725
260226_121125852 9.86399999999981 0.0454322271428111 2.36501522447037 -2.95036250327991 1.6994752713812 1.68689740662217 1.02462250652087
260226_121125912 9.92799999999988 -0.061047701312603 0.858222147179447 -3.08540563366552 1.07652292065668 2.5830370218467 1.73589416578321
260226_121125928 9.94499999999994 -0.0490108640947398 0.658622801767024 -3.08930638496622 0.958497744514516 2.74062950535117 1.80473800671284
260226_121125944 9.95999999999981 -0.0369740268768766 0.459023456354544 -3.09320713626693 0.900705763034858 2.79492104135294 1.8616343417536
260226_121126023 10.0239999999999 -0.115068959913373 -0.0523012171179857 -2.80606908631137 0.876765201765206 3.13758871439756 2.0789820542438
260226_121126071 10.0889999999999 -0.0544714536645756 -1.15434179779652 -2.6276468321667 0.792444435442635 3.90653030873018 2.45637143239291
260226_121126151 10.1039999999998 -0.0179476218514907 -1.85718368765021 -2.44142307542063 0.723314225855938 4.38666968629818 2.72160381208169
260226_121126214 10.2329999999999 -0.169359029794109 -2.66750114645248 -2.46287538310452 0.597303908485862 4.78464413359355 2.94568557615468
260226_121126278 10.288 -0.21093013101752 -3.88166770977864 -1.98951357640283 0.374097609697059 4.9553521460089 3.21337104075695
260226_121126342 10.3519999999999 -0.270969808227207 -4.69239140136978 -1.7082266533983 0.195219844074078 5.0379469509837 3.38849896209597
260226_121126373 10.384 -0.267753938842986 -4.79431316453105 -1.61023883589934 0.195219844074078 5.0379469509837 3.38849896209597
260226_121126405 10.4169999999999 -0.264951389618275 -4.79219107407602 -1.71017702904862 0.101076708618158 4.99080998557861 3.33485941218075
260226_121126455 10.4479999999999 -0.25851965084982 -4.99603460039856 -1.51420139405081 -0.0487450560582516 4.81322079963849 3.28599286103561
260226_121126500 10.5129999999999 -0.234032656254598 -5.49927714483971 -1.32407688600398 -0.697150973752935 4.10397763223216 3.04865538226464
260226_121126516 10.528 -0.228014237645667 -5.59907681754601 -1.3260272616543 -0.801472156873943 3.97432747695624 3.00643228697311
260226_121126564 10.5839999999998 -0.221582498877211 -5.80292034386849 -1.13005162665644 -0.951776854814727 3.79708000954699 2.96159140208264
260226_121126597 10.6089999999999 -0.224798368261446 -5.70099858070722 -1.2280394441554 -1.05841053072172 3.71540412417601 2.87454982219074
260226_121126644 10.6569999999999 -0.236421885319785 -5.6054430889111 -1.02621268220651 -1.4328391935758 3.47824325516513 2.71624056496444
260226_121126676 10.6959999999999 -0.248458722537649 -5.40584374349856 -1.0223119309058 -2.17192611224712 3.08576964999437 2.39587403267699
260226_121126726 10.7359999999999 -0.359861618002995 -5.31624829027874 -0.823409820197355 -2.75671305881158 2.77535270525389 2.21488120426564
260226_121126800 10.808 -0.266100658204905 -5.21048857899621 -0.818534793306469 -2.90963949210784 2.64564883685244 2.13030931410191
260226_121126850 10.8639999999998 -0.20243179145146 -4.60573050418265 -0.803907888163849 -3.23213818836305 2.44516465638192 1.83508601917243
260226_121126961 10.9279999999999 -0.0574521222772972 -3.59156951905777 -0.978431215477883 -3.97863392525515 2.00480566625035 1.35247534622473
260226_121126993 11.0079999999998 0.0302904189118607 -3.38601013506906 -0.971605812936616 -4.05173844067195 1.93405801024414 1.23740658980769
260226_121127042 11.0559999999998 0.0911567364406096 -2.78337415071042 -0.857040714644654 -3.73897464153239 1.85850620813046 1.11778082479468
260226_121127117 11.1199999999999 0.209673502113873 -1.47618041883197 -0.725898335559748 -3.01873621551153 1.61963502077617 0.834417263462438
260226_121127168 11.1849999999999 0.1972233447365 -1.17253721980319 -0.919923594907289 -2.89092659004837 1.54195716393067 0.756709799331173
260226_121127184 11.1999999999998 0.194007475352294 -1.07061545664197 -1.01791141240619 -2.89092659004837 1.54195716393067 0.756709799331173
260226_121127201 11.2159999999999 0.191204926127583 -1.07273754709701 -0.917973219256965 -2.85705669957334 1.55498409486094 0.722610745684248
260226_121127247 11.2639999999999 0.254460472721505 -0.363935618667085 -1.10127232476248 -2.79919197783116 1.35984868423275 0.57520230531737
260226_121127264 11.2809999999999 0.242423635503656 -0.164336273254662 -1.09737157346177 -2.71923150053571 1.28207210542709 0.450126963686847
260226_121127325 11.336 0.193862966472707 0.738104962011448 -1.27969457890714 -2.60479903084483 1.07890998973948 0.199220680396194
260226_121127357 11.3689999999999 0.275587089052948 1.0434640187064 -1.27091880071561 -2.54646771830904 1.02312608651411 0.142617418335473
260226_121127404 11.4169999999999 0.275587089052948 1.0434640187064 -1.27091880071561 -2.44220004486581 1.01569115162706 0.0862988798894873
260226_121127469 11.48 0.333237537197462 1.74802176622626 -1.2543415199226 -1.97814343359099 0.897479369782648 -0.230729950105421
260226_121127484 11.4959999999999 0.32400324920431 1.94974320209371 -1.35037896177124 -1.78102705468138 0.849789160303516 -0.378455916931649
260226_121127547 11.5609999999999 0.390474665182467 2.55662336736242 -1.43569024977779 -1.30410944170259 0.77124651501899 -0.661566565746593
260226_121127563 11.576 0.390474665182467 2.55662336736242 -1.43569024977779 -1.30410944170259 0.77124651501899 -0.661566565746593
260226_121127579 11.5919999999999 0.387258795798246 2.65854513052369 -1.53367806727675 -1.30410944170259 0.77124651501899 -0.661566565746593
260226_121127637 11.6399999999999 0.37802450780508 2.86026656639115 -1.62971550912533 -1.27749753974681 1.02066541812869 -0.69440524145987
260226_121127691 11.7049999999999 0.438890825333843 3.46290255074967 -1.51515041083337 -1.12474909643686 1.56336742615552 -0.860533616788838
260226_121127740 11.7529999999999 0.523417497138766 3.77038369789972 -1.60631282579112 -1.03283335952303 1.842594194056 -0.959382476508934
260226_121127771 11.7839999999999 0.526220046363477 3.77250578835475 -1.70625101894041 -1.03637097546655 1.89136094349235 -1.0051243400679
260226_121127787 11.8009999999999 0.520201627754545 3.87230546106099 -1.70430064329003 -1.03637097546655 1.89136094349235 -1.0051243400679
260226_121127819 11.8319999999999 0.517399078529834 3.87018337060596 -1.60436245014074 -1.03637097546655 1.89136094349235 -1.0051243400679
260226_121127851 11.8639999999998 0.607944168943732 4.07786484504965 -1.69747524074882 -1.01462978946724 1.87151798431712 -1.07426201696033
260226_121127914 11.9279999999999 0.677631454306095 4.58282324715702 -1.68479871125652 -0.974812018714232 1.88081092002156 -1.25828240390503
260226_121127931 11.9449999999999 0.67441558492186 4.68474501031835 -1.78278652875548 -0.974812018714232 1.88081092002156 -1.25828240390503
260226_121127995 12.0079999999998 0.671613035697163 4.68262291986338 -1.68284833560614 -0.974812018714232 1.88081092002156 -1.25828240390503
260226_121128057 12.0719999999999 0.756139707502086 4.99010406701319 -1.77401075056389 -0.972330371321038 1.92433480263507 -1.45427526273837
260226_121128104 12.1199999999999 0.743689550124714 5.29374726604198 -1.96803600991137 -1.07798089120617 2.02082246461537 -1.64047031203202
260226_121128136 12.1519999999998 0.737671131515782 5.39354693874822 -1.96608563426099 -1.08205862400852 2.06974914330816 -1.68612307923082
260226_121128152 12.1679999999999 0.731652712906865 5.4933466114544 -1.96413525861067 -1.08205862400852 2.06974914330816 -1.68612307923082
260226_121128184 12.1999999999998 0.837450509922817 5.39950697732445 -1.96316098302049 -1.08205862400852 2.06974914330816 -1.68612307923082
260226_121128216 12.2329999999999 0.834234640538597 5.50142874048566 -2.06114880051939 -1.00405298749803 2.13449969931774 -1.71793403471552
260226_121128263 12.2809999999999 0.822197803320748 5.70102808589814 -2.05724804921869 -0.79623977683761 2.39777466285086 -1.78895831373934
260226_121128280 12.2959999999998 0.816179384711816 5.80082775860438 -2.05529767356836 -0.711359691422379 2.54662686740268 -1.82994874659534
260226_121128328 12.3439999999998 0.806945096718664 6.00254919447184 -2.15133511541694 -0.511725398505692 2.72723771604152 -1.88944412297868
260226_121128359 12.377 0.800926678109732 6.10234886717808 -2.14938473976656 -0.537623320377592 2.79555599133076 -1.8656290632099
260226_121128407 12.425 0.800926678109732 6.10234886717808 -2.14938473976656 -0.450924124972108 2.76235483133605 -1.80577133905752
260226_121128439 12.4559999999999 0.706752398152105 6.10063300951191 -2.35218577730569 -0.326811036913892 2.69523234900305 -1.7339153566313
260226_121128486 12.5039999999999 0.703536528767884 6.20255477267318 -2.4501735948046 0.0520375065689567 2.57717547078622 -1.52765943444663
260226_121128540 12.5519999999999 0.603343830201354 6.30063858771325 -2.65102425669335 0.261911017376599 2.47610587552779 -1.39593737378953
260226_121128565 12.576 0.603343830201354 6.30063858771325 -2.65102425669335 0.299215228315915 2.44212844688073 -1.38403467069268
260226_121128630 12.6399999999999 0.612164798034996 6.20296100546204 -2.75291282549307 0.441631746549198 2.49267532544506 -1.28506251974288
260226_121128693 12.7049999999999 0.641843570920116 5.8080064955472 -2.96059071439299 1.01732623732708 2.50727230363082 -0.939076075072403
260226_121128740 12.7529999999999 0.554101029730973 5.60244711155843 -2.9674161169342 1.31561703143046 2.5047673126539 -0.800019837884824
260226_121128772 12.7839999999999 0.556903578955669 5.60456920201347 -3.06735431008349 1.36422883933748 2.50472627132156 -0.751651646261054
260226_121128788 12.8009999999999 0.562921997564601 5.50476952930723 -3.06930468573387 1.35271055846206 2.47063072999707 -0.788180516050679
260226_121128836 12.8489999999999 0.484000424209057 5.20153256306736 -3.17801865707474 1.45622833300705 2.18676218479321 -0.503733609383274
260226_121128884 12.8799999999999 0.508074098644755 4.80233387224246 -3.18582015967615 1.63411360841573 1.78449340987071 -0.150584300820771
260226_121128932 12.9449999999999 0.55580812735667 4.1079803442089 -3.39934917552716 1.86781461446176 1.1326916739174 0.476287147823292
260226_121128962 12.9759999999999 0.462047167558595 4.00222063292637 -3.40422420241805 1.90625975603644 1.04845172407445 0.533083429719556
260226_121129016 13.0239999999999 0.471281455551733 3.80049919705891 -3.30818676056953 1.90203639215868 1.2347214299316 0.585739362449721
260226_121129072 13.0889999999999 0.43490213261822 2.69462066825918 -3.2326273508146 2.02162630788804 2.12733344244881 0.808245279439657
260226_121129103 13.1199999999999 0.37123326586476 2.08986259344556 -3.24725425595722 2.06751499985815 2.6326350291908 0.911245953029698
260226_121129183 13.1679999999999 0.301545980502397 1.58490419133813 -3.25993078544951 2.09560581821549 2.97027012176713 1.03092363115706
260226_121129217 13.2329999999999 0.213803439313239 1.37934480734941 -3.26675618799078 2.10735329511761 3.00414600239151 1.06779625524551
260226_121129232 13.2479999999998 0.229056145915308 1.07782369877572 -3.17266912179252 2.16728607835918 3.0373449124351 1.1536380235427
260226_121129295 13.3119999999999 0.00515490338561619 -0.23957425258908 -3.10685976581942 2.27717840945861 3.15590972309752 1.43189473117132
260226_121129312 13.329 -0.0825876378035417 -0.445133636577793 -3.11368516836063 2.33709713048949 3.18893400176355 1.51795690885064
260226_121129362 13.3439999999998 -0.167114309608493 -0.752614783727779 -3.02252275340294 2.34891610032083 3.22273776863382 1.55495500669827
260226_121129407 13.425 -0.055298093983609 -0.946254090563968 -3.02349885346314 2.20655201108804 3.31131348052833 1.55094486087479
260226_121129478 13.4879999999998 -0.114924451033815 -1.86102163577141 -2.54428591981036 1.3526268559242 3.70670931077111 1.42683593861809
260226_121129535 13.5439999999999 -0.26913840820113 -2.67346118502877 -2.46580003434502 0.570739952700615 4.03309750819632 1.32570554063626
260226_121129549 13.5609999999999 -0.166143160409888 -2.76942290961375 -2.3648875656055 0.464693560851258 4.08735923823726 1.33315932914369
260226_121129614 13.6089999999999 -0.253885701599046 -2.97498229360252 -2.37171296814677 0.389679690965916 3.97486269518214 1.40669383993144
260226_121129679 13.6879999999999 -0.416507306440479 -3.79378811422492 -1.99341250323357 -0.152562834596239 3.25057900008171 1.65082762883086
260226_121129741 13.7529999999999 -0.398038730454161 -4.19723098595989 -1.80133761953635 -0.488620022209292 2.83569981376772 1.79057089820074
260226_121129757 13.7679999999998 -0.494602239476961 -4.3051127876974 -1.7062744532779 -0.522257842254162 2.82188317961523 1.82367517268856
260226_121129773 13.7839999999999 -0.494602239476961 -4.3051127876974 -1.7062744532779 -0.486268359849742 2.78729177579204 1.8361614045781
260226_121129820 13.8319999999999 -0.497404788701672 -4.30723487815243 -1.60633626012867 -0.731635851451033 2.74658057667693 1.79110673731811
260226_121129919 13.8639999999998 -0.496991468542149 -4.41127873176868 -1.40841024948043 -1.43691356724922 2.55043770468281 1.86709876069286
260226_121129979 13.9929999999999 -0.399187999040805 -4.61552849088014 -0.909695383794201 -2.43475381751217 2.27141790621098 1.90441970368504
260226_121130042 14.0559999999998 -0.320266425685261 -4.31229152464016 -0.800981412453325 -2.45847641850305 2.01572806491021 1.78956553081844
260226_121130074 14.0889999999999 -0.232523884496104 -4.1067321406515 -0.794156009912058 -2.5282534882674 1.71239434585158 1.67420964404015
260226_121130137 14.1519999999998 -0.0570388021177735 -3.69561337267402 -0.780505204829581 -2.62066303197806 1.29205590838458 1.53696310884634
260226_121130156 14.1679999999999 -0.0598413513424703 -3.69773546312905 -0.680567011680296 -2.62066303197806 1.29205590838458 1.53696310884634
260226_121130217 14.2329999999999 -0.0690756393356367 -3.49601402726159 -0.776604453528876 -2.69452878383281 1.26932988299517 1.37418388891525
260226_121130249 14.2639999999999 0.00663006463568649 -3.09085529786046 -0.76587829968696 -2.88830777083848 1.31500079312668 1.13957334242981
260226_121130297 14.3119999999999 -0.0387147350110411 -2.29033582575556 -0.850213487633425 -3.20757462025308 1.38367039689858 0.64930919019745
260226_121130328 14.3439999999998 -0.0539674416131248 -1.98881471718187 -0.944300553831738 -3.31851865414354 1.39462017986352 0.474632224691716
260226_121130384 14.3919999999998 0.0397935181849505 -1.88305500589934 -0.939425526940852 -3.41517330222311 1.39321320118381 0.381091803241231
260226_121130439 14.4559999999999 0.112283352772053 -1.37597451333693 -1.02668719059778 -3.34041113877462 1.54861483755694 0.253531777403835
260226_121130470 14.4879999999998 0.184773187359127 -0.868894020774462 -1.11394885425477 -3.28104801493329 1.71680549548653 0.045323329862159
260226_121130534 14.5519999999999 0.244812864568843 -0.0581703291833264 -1.3952357772593 -3.25017633225856 2.00216955740646 -0.186993708846858
260226_121130550 14.569 0.244812864568843 -0.0581703291833264 -1.3952357772593 -3.25017633225856 2.00216955740646 -0.186993708846858
260226_121130614 14.624 0.23277602735098 0.141429016229154 -1.3913350259586 -3.03098786480527 2.02252011839127 -0.263551437837836
260226_121130646 14.6569999999999 0.311284280547 0.548709836085322 -1.48054706526591 -2.65412432264046 2.16790861410811 -0.406043004888464
260226_121130668 14.672 0.299247443329136 0.748309181497746 -1.4766463139652 -2.38977203637782 2.23854403517166 -0.480745073676646
260226_121130725 14.7359999999999 0.362502989923058 1.45711110992772 -1.65994541947077 -1.68337452806529 2.4884162685545 -0.761321505826564
260226_121130758 14.7679999999998 0.359287120538838 1.55903287308894 -1.75793323696973 -1.5349040483225 2.53240982984363 -0.814429018748437
260226_121130773 14.7839999999999 0.362089669763535 1.56115496354397 -1.85787143011908 -1.50172581273869 2.54692992982147 -0.847950905479526
260226_121130788 14.8009999999999 0.455850629561638 1.66691467482644 -1.85299640322819 -1.54677001857263 2.49775072366624 -0.849747104810232
260226_121130864 14.8639999999998 0.519519496315084 2.27167274964 -1.83836949808551 -1.5436652949734 2.22170484294025 -1.03711214729271
260226_121130916 14.9279999999999 0.48942740327044 2.77067111317115 -1.82861761983378 -1.57346511008495 1.93103474917729 -1.19059314355014
260226_121130977 14.9929999999999 0.585990912293241 2.87855291490871 -1.92368078609212 -1.59692544953804 1.86163456143331 -1.26099986056007
260226_121131012 15.0239999999999 0.577169944459598 2.97623049715986 -1.82179221729251 -1.5185045155266 1.92555772785834 -1.29340239073631
260226_121131073 15.0889999999999 0.649659779046701 3.48331098972227 -1.9090538809495 -1.262609352491 2.27922885555746 -1.56060630763276
260226_121131113 15.1279999999999 0.537430243262293 3.78099415017482 -2.10600379153755 -1.08244372632328 2.52145638041919 -1.74860378148329
260226_121131184 15.1849999999999 0.630777882900887 3.99079771507354 -2.29905477529491 -1.05392781570103 2.58562838583149 -1.82760380627059
260226_121131237 15.2479999999998 0.618741045683024 4.19039706048608 -2.2951540239942 -1.34496764372364 2.48809923980444 -1.8717447468213
260226_121131267 15.2809999999999 0.600685789856243 4.48979607860468 -2.28930289704317 -1.74171725376587 2.30550100155441 -1.9991821036655
260226_121131326 15.3439999999998 0.679194043052235 4.89707689846097 -2.37851493635043 -2.400152179085 1.90901929359405 -2.14176946440132
260226_121131358 15.377 0.679194043052235 4.89707689846097 -2.37851493635043 -2.51556005133773 1.87872120964781 -2.12069054436777
260226_121131405 15.4169999999999 0.573396246036296 4.99091653259086 -2.37948921194061 -2.42156729450123 1.92929342025249 -2.07289563700102
260226_121131469 15.48 0.566964507267841 5.1947600589134 -2.57546484693847 -2.13542014909685 2.03241369214183 -1.88272519105708
260226_121131500 15.5129999999999 0.560532768499414 5.39860358523595 -2.77144048193639 -1.89847599114852 2.1342060401185 -1.73876505711956
260226_121131516 15.528 0.557316899115193 5.50052534839716 -2.8694282994353 -1.84943255355631 2.13510982735263 -1.69153131372022
260226_121131563 15.576 0.560119448339904 5.50264743885219 -2.96936649258458 -1.71823090912531 2.1515720066948 -1.63076041602876
260226_121131579 15.5919999999999 0.460340069932855 5.49668740027596 -2.97229114382509 -1.70649827525985 2.18629714019066 -1.59555118923984
260226_121131611 15.6089999999999 0.457537520708144 5.49456530982093 -2.8723529506758 -1.50855053393412 2.05150154661707 -1.49991494386246
260226_121131653 15.6569999999999 0.54528006189733 5.70012469380964 -2.86552754813459 -0.912259404047938 1.77823383842603 -1.26980043432456
260226_121131737 15.7359999999999 0.641843570920116 5.8080064955472 -2.96059071439299 0.504761535833964 1.10665331992019 -0.750185872259442
260226_121131817 15.8009999999999 0.544866741737806 5.80416854742595 -3.06345355878278 0.878205793419594 0.985292892516728 -0.546347331803158
260226_121131850 15.8639999999998 0.653467087978456 5.71245100375103 -3.16241747634189 1.6933304339994 0.721474669198209 -0.160147525191573
260226_121131881 15.8969999999999 0.771301722212243 5.4190120242086 -3.16534395205241 2.62344069521607 0.43537941115581 0.252763179580319
260226_121131928 15.9449999999999 0.7889436578795 5.22365685970618 -3.36912108965168 3.54975035887883 0.14596610446157 0.666681737988142
260226_121131992 16.0079999999998 0.80378304432206 5.02617960474873 -3.47296003410167 3.71620125204706 0.0748215483582362 0.786022649246147
260226_121132008 16.0239999999999 0.704003665915053 5.0202195661725 -3.47588468534224 3.71620125204706 0.0748215483582362 0.786022649246147
260226_121132024 16.0409999999999 0.710022084523985 4.92041989346632 -3.47783506099256 3.64541504384208 0.0936682151111167 0.808162942676327
260226_121132150 16.1039999999998 0.582271030857555 3.81494759745533 -3.7050148819261 3.42189268219741 0.15198665954215 1.02675356399788
260226_121132182 16.1999999999998 0.500546908277329 3.50958854076032 -3.71379066011764 3.29285976447324 0.173820063399922 1.15269712022119
260226_121132230 16.24 0.42484120430602 3.10442981135924 -3.72451681395961 3.02376070259274 0.184834692130129 1.36764959711262
260226_121132262 16.2719999999999 0.361172337552574 2.49967173654557 -3.73914371910223 2.5911107641531 0.206067721715722 1.74196444602685
260226_121132310 16.329 0.312756177401212 1.59339255315825 -3.65968355804665 2.0654800354536 0.221839008961732 2.25356847794596
260226_121132341 16.3519999999999 0.327595563843772 1.3959152982008 -3.76352250249664 1.88999253184999 0.24850983036189 2.33105373495492
260226_121132389 16.3999999999999 0.237050473429903 1.18823382375712 -3.67040971188857 1.76099248327298 0.323768643218223 2.411023044495
260226_121132406 16.4169999999999 0.243068892038835 1.08843415105088 -3.67236008753895 1.69076858102425 0.344457711308245 2.43285375047186
260226_121132421 16.432 0.249087310647766 0.988634478344636 -3.67431046318933 1.52608298183592 0.503900005589478 2.45512178493294
260226_121132469 16.48 0.0920708042557266 0.174072838632242 -3.49588638457459 0.647435995216026 1.2600110411699 2.71080797936812
260226_121132484 16.4959999999999 0.0163651002844318 -0.231085890768952 -3.50661253841656 0.249658562875068 1.6013262377744 2.77260797930705
260226_121132503 16.5129999999999 -0.0621431529115739 -0.638366710625121 -3.41740049910925 -0.0768832657595446 1.8734186881341 2.85776733623031
260226_121132548 16.5609999999999 -0.126225339824558 -1.13908093182243 -3.62995341490006 -0.671332950212969 2.36297660176472 2.96874527839859
260226_121132580 16.5919999999999 -0.125812019665034 -1.24312478543879 -3.43202740425193 -0.706751358211093 2.39779509580309 2.95615324900807
260226_121132651 16.664 -0.0860723184677141 -2.0478884384537 -3.14781583000678 -0.516056113962872 2.58186847160942 3.19724045184226
260226_121132706 16.7199999999998 -0.130859289075346 -3.16013323861853 -2.77244184080405 -0.286956520596331 2.82035421810565 3.59219418197617
260226_121132723 16.7359999999999 -0.118822451857511 -3.35973258403101 -2.77634259210475 -0.228267171482043 2.90200723984818 3.63079070739589
260226_121132788 16.8009999999999 -0.206564993046669 -3.56529196801978 -2.78316799464602 -0.20228380349512 2.92250052786671 3.74803836541742
260226_121132817 16.8319999999999 -0.191312286444585 -3.86681307659342 -2.68908092844777 -0.319063553369684 2.94508685813839 3.71975227143981
260226_121132833 16.8489999999999 -0.182077998451433 -4.06853451246099 -2.59304348659919 -0.319063553369684 2.94508685813839 3.71975227143981
260226_121132882 16.8969999999999 -0.229667518283748 -5.18290140308085 -2.11773130424717 -0.634277012561594 2.97789333107204 3.64780927558931
260226_121132944 16.9599999999998 -0.292923064877684 -5.89170333151077 -1.9344321987416 -0.78503997707923 2.98759905165616 3.65264423037365
260226_121132994 17.0079999999998 -0.295725614102395 -5.89382542196574 -1.83449400559232 -0.832733074083748 2.98813514266519 3.60428351755274
260226_121133072 17.0409999999999 -0.289293875333939 -6.09766894828829 -1.63851837059445 -0.949611196643842 3.01071072870373 3.57617702102331
260226_121133168 17.1199999999999 -0.348506912224622 -7.11648034711203 -0.96137942629349 -1.55214081521935 3.04561173612158 3.21573040731988
260226_121133215 17.2329999999999 -0.245511664433366 -7.21244207169707 -0.860466957554024 -1.78809295258575 3.13778266356115 3.11404831516417
260226_121133231 17.2479999999998 -0.350896141289795 -7.22264629118337 -0.663515222496017 -1.85904678063254 3.20731744882564 3.08825467035825
260226_121133307 17.3119999999999 -0.370927306022253 -7.13345707075229 -0.161873881099211 -2.51234335671394 3.79749888775403 2.81945695222536
260226_121133374 17.3689999999999 -0.37372985524695 -7.13557916120732 -0.0619356879499833 -2.72675719111016 4.00536635757752 2.74092938983846
260226_121133422 17.432 -0.292005732666709 -6.83022010451236 -0.0531599097583921 -2.8185162765726 3.99539553152119 2.49574340224598
260226_121133438 17.4479999999999 -0.304042569884558 -6.6306207591 -0.0492591584576871 -2.91839850677573 4.04219485532955 2.35355647225022
260226_121133453 17.4649999999999 -0.31006098849349 -6.53082108639364 -0.0473087828073631 -2.97970019624307 4.00720163252923 2.27065560420781
260226_121133519 17.5129999999999 -0.261644828342128 -5.62454190300639 -0.126768943862885 -3.45185405801002 4.1128946173092 1.43635762141201
260226_121133565 17.576 -0.173902287152984 -5.41898251901762 -0.119943541321675 -3.52949336001374 4.08971078870251 1.27292056147637
260226_121133628 17.6399999999999 -0.0953940339569641 -5.01170169916145 -0.209155580628988 -3.59815462030565 3.78596603648197 1.15751976087413
260226_121133660 17.672 -0.125899447161117 -4.40865948201395 -0.397329713025442 -3.7010159427341 3.33018766148059 0.985647340760671
260226_121133692 17.7049999999999 -0.0654464497918923 -3.70197964403911 -0.480690625381783 -3.82855173860929 2.80421160702967 0.746526971727484
260226_121133724 17.7359999999999 0.00704338479519606 -3.1948991514767 -0.567952289038715 -3.88523062001202 2.39576509884812 0.578122913710828
260226_121133787 17.8009999999999 0.0887675073754224 -2.88954009478175 -0.55917651084718 -3.96514950493782 2.19587030461287 0.521919741811401
260226_121133882 17.8319999999999 0.0614779635554896 -2.38841964079558 -0.649362825744674 -3.94166280886613 1.98715896156503 0.41056951836925
260226_121133935 17.9449999999999 0.155507734633531 -0.577983364475926 -0.708344954706547 -3.89172083501776 1.10434314236284 -0.0345746953382797
260226_121133993 18.0079999999998 0.15229186524931 -0.476061601314655 -0.806332772205508 -3.8335765287111 1.04793512670554 -0.0907085695480088
260226_121134024 18.0409999999999 0.137039158647227 -0.17454049274096 -0.900419838403764 -3.68075550105072 0.901123091097454 -0.190808440874472
260226_121134072 18.0889999999999 0.191473737407534 0.631939017940169 -0.981830375109666 -3.21125780934078 0.544653692876956 -0.505762644734397
260226_121134120 18.1039999999998 0.276000409212472 0.939420165090098 -1.07299279006736 -3.08207664919062 0.468057813522765 -0.585010552072309
260226_121134151 18.1679999999999 0.242692446783607 1.54034029178251 -1.16122872931453 -2.73959506324642 0.190924735575526 -0.823423131791198
260226_121134214 18.2329999999999 0.333237537197462 1.74802176622626 -1.2543415199226 -2.509104137717 0.29517078045753 -0.915836328604319
260226_121134246 18.2639999999999 0.315182281370667 2.04742078434498 -1.24849039297152 -2.18759982118696 0.497835858815978 -1.00732121588899
260226_121134294 18.3119999999999 0.370030180290499 2.74985644140975 -1.13197491902923 -1.4876038914186 0.852783933839673 -1.24273969285466
260226_121134310 18.3209999999999 0.366814310906264 2.85177820457102 -1.22996273652819 -1.32939964738301 0.980360182288481 -1.30925010908661
260226_121134373 18.384 0.451340982711216 3.159259351721 -1.32112515148594 -1.13447938926837 1.07435287636253 -1.36340610119107
260226_121134447 18.4479999999999 0.4300698575002 3.56058013300088 -1.41326184203376 -0.875945508132529 1.24748922796712 -1.5308507391176
260226_121134486 18.4959999999999 0.414817150898131 3.86210124157463 -1.50734890823196 -0.663158799533571 1.37234910852429 -1.69888688273926
260226_121134517 18.528 0.502146371927765 4.17170447917971 -1.698449516339 -0.484331531836097 1.48299949631852 -1.83250255254305
260226_121134580 18.5919999999999 0.49893050254353 4.27362624234087 -1.79643733383796 -0.406039259010164 1.54817692919295 -1.86442209265296
260226_121134643 18.6569999999999 0.480875246716749 4.57302526045953 -1.79058620688693 -0.424387265477337 1.70035001739003 -1.85037677455212
260226_121134659 18.672 0.471640958723597 4.77474669632704 -1.88662364873545 -0.44278646338278 1.85251423135762 -1.83630130740591
260226_121134707 18.7199999999998 0.453585702896817 5.07414571444571 -1.88077252178437 -0.49128809307778 2.12231499281075 -1.84378881235225
260226_121134739 18.7529999999999 0.54734666269492 5.17990542572818 -1.87589749489348 -0.484004890629723 2.20608803754948 -1.85347324993016
260226_121134804 18.8159999999998 0.541328244086003 5.27970509843442 -1.87394711924316 -0.40622262744758 2.27146202979397 -1.88468078090073
260226_121134866 18.8799999999999 0.526075537483919 5.58122620700811 -1.96803418544135 -0.166289653462965 2.55210945563849 -1.98684856491969
260226_121134899 18.9119999999998 0.607799660064131 5.88658526370313 -1.95925840724976 0.0214501083913987 2.69963001493367 -2.08118774414216
260226_121134980 18.9759999999999 0.701147299702697 6.09638882860185 -2.15230939100712 0.138276790040889 2.86565556374287 -2.15361629695008
260226_121135026 19.0409999999999 0.60136792129569 6.09042879002561 -2.15523404224763 0.445140399080352 2.94999093596202 -2.0243054154514
260226_121135154 19.1039999999998 0.594936182527235 6.29427231634816 -2.35120967724549 1.65513820348986 3.35080215869077 -1.77400834901523
260226_121135201 19.1849999999999 0.591720313143028 6.39619407950943 -2.44919749474445 1.90086714834866 3.40076267983054 -1.72562744682437
260226_121135249 19.2479999999998 0.603757150360877 6.19659473409695 -2.45309824604516 2.75332262867485 2.94114555466209 -1.30096196636759
260226_121135297 19.3119999999999 0.624614955412369 5.89931780643332 -2.55888756614547 3.86449938355125 2.3742132371565 -0.847818228632881
260226_121135313 19.329 0.627417504637066 5.90143989688835 -2.65882575929476 4.0984902790677 2.20238998325281 -0.741601417469894
260226_121135329 19.3439999999998 0.633435923245997 5.80164022418211 -2.66077613494514 4.29151503969345 2.11587240398279 -0.690895544703954
260226_121135376 19.3919999999998 0.639041021695405 5.80588440509217 -2.86065252124371 4.41715623099566 1.99517960952344 -0.575205352949919
260226_121135440 19.4559999999999 0.572156285557753 5.30304809343977 -2.97326724388529 4.45801514143139 2.26367008391327 -0.322469349865945
260226_121135456 19.473 0.584193122775602 5.10344874802729 -2.97716799518599 4.43223512892384 2.41484742065097 -0.150482101406301
260226_121135470 19.4879999999998 0.502469000195347 4.79808969133239 -2.98594377337758 4.45154042461364 2.61635906633756 0.0269573514440436
260226_121135518 19.528 0.438800133441916 4.19333161651878 -3.00057067852021 4.50582048811061 3.0013634339195 0.46383986598154
260226_121135550 19.569 0.450836970659779 3.99373227110624 -3.00447142982091 4.50328902785931 3.1359639424035 0.565862018882909
260226_121135565 19.576 0.450836970659779 3.99373227110624 -3.00447142982091 4.50328902785931 3.1359639424035 0.565862018882909
260226_121135613 19.6319999999998 0.371915397304221 3.69049530486643 -3.11318540116179 4.50462878406574 2.8979273305527 0.702878431225671
260226_121135677 19.6879999999999 0.332320204986488 2.68653853922791 -3.13561380890582 4.50340326753594 2.1851249509352 1.11585657161393
260226_121135707 19.7199999999998 0.277472306066699 1.98410288216297 -3.2521292828481 4.49820528983675 1.71104523232797 1.39284437987295
260226_121135759 19.7679999999998 0.104789772913051 1.57510620464069 -3.36571828107992 4.45039612923382 1.37415200268349 1.57119975433915
260226_121135819 19.8399999999999 0.126060898124067 1.17378542336075 -3.27358159053199 4.22433599928199 1.58309351395875 1.65383298662039
260226_121135881 19.8969999999999 -0.00646861367272322 -0.144018760792903 -2.90503300387053 3.57123047515606 2.27883950901083 1.97286992382783
260226_121135913 19.9279999999999 -0.172719408057901 -0.756858964637843 -2.82264636710437 3.26204549360152 2.66059990842326 2.09177483134688
260226_121135976 19.9929999999999 -0.1514482828469 -1.15817974591772 -2.73050967655649 3.07387187045532 2.83634730550478 2.18307046718143
260226_121135992 20.0079999999998 -0.242406693420278 -1.26181736674522 -2.83532289659667 3.04002565796366 2.82108466214444 2.21545351421373
260226_121136055 20.0719999999999 -0.199864442998262 -2.06445892930509 -2.65104951550092 3.03094244843463 2.48983135825818 2.59643837312899
260226_121136072 20.0889999999999 -0.278372696194282 -2.47173974916132 -2.56183747619355 3.00150956631304 2.32528350034862 2.76271267958705
260226_121136117 20.1279999999999 -0.341628242788204 -3.18054167759118 -2.37853837068798 2.9748971728408 2.01191086922772 3.06336840860859
260226_121136149 20.1599999999999 -0.323572986961423 -3.4799406957099 -2.38438949763906 2.94255228378324 1.89790962109773 3.18560871974892
260226_121136197 20.2079999999999 -0.417333946759513 -3.58570040699243 -2.38926452452995 2.83838403680006 1.90374739229498 3.2390990273819
260226_121136213 20.2239999999999 -0.411315528150581 -3.68550007969856 -2.39121490018027 2.72246479575092 1.8759951545864 3.25573031423309
260226_121136260 20.2719999999999 -0.386415213395836 -4.29278647775612 -2.00316438148531 1.94513539847465 2.02121112449962 3.49177562858033
260226_121136292 20.3039999999999 -0.461707597207621 -4.80198906077351 -1.81596452467898 1.19221761867195 2.10263721093463 3.70361928141497
260226_121136340 20.3519999999999 -0.539802530244089 -5.31331373424598 -1.52882647472347 0.590400188996179 2.22784134488716 3.86523181521597
260226_121136371 20.384 -0.530568242250951 -5.51503517011344 -1.43278903287484 0.486727033815416 2.23639599640505 3.91884583750302
260226_121136419 20.432 -0.524549823642019 -5.61483484281973 -1.43473940852516 0.323624807788774 2.21178487924016 3.88809346221145
260226_121136451 20.4649999999999 -0.518118084873578 -5.81867836914222 -1.2387637735273 -0.0149022678722229 2.12843458675975 3.7914311546722
260226_121136484 20.4959999999999 -0.505667927496191 -6.122321568171 -1.04473851417987 -0.491614229169147 2.04157858375897 3.78323707497291
260226_121136514 20.528 -0.490415220894107 -6.42384267674464 -0.950651447981556 -0.830486234293585 1.95866045714711 3.68902430129678
260226_121136530 20.5439999999999 -0.484396802285204 -6.52364234945088 -0.952601823631937 -0.946498900939913 1.93393273655845 3.70794003840873
260226_121136561 20.576 -0.481180932900969 -6.62556411261221 -0.854614006132977 -1.06252722545727 1.9093162505992 3.72695535268587
260226_121136594 20.6089999999999 -0.38741997310288 -6.51980440132968 -0.84973897924209 -1.16952128289361 1.87579856951948 3.5958930339376
260226_121136642 20.6569999999999 -0.399043490161219 -6.4242489095335 -0.647912217293197 -1.69841079617176 1.79427434872927 3.31297474717719
260226_121136659 20.672 -0.405061908770151 -6.32444923682732 -0.645961841642816 -2.01682102285992 1.7359932837691 3.10743224217869
260226_121136673 20.6879999999999 -0.413882876603793 -6.22677165457611 -0.544073272843264 -2.45265782898056 1.69975202670103 2.87659652584853
260226_121136721 20.7359999999999 -0.419487975053201 -6.23101583548618 -0.344196886544637 -3.27994811074501 1.48611012428386 2.37612838046143
260226_121136737 20.7529999999999 -0.425506393662118 -6.13121616277999 -0.342246510894256 -3.40973787255506 1.47351218829544 2.31624721778378
260226_121136784 20.8009999999999 -0.328529564479794 -6.12737821465873 -0.239383666504466 -3.50539446001518 1.47288360973809 2.22231410246942
260226_121136832 20.8319999999999 -0.346584820306575 -5.82797919654001 -0.23353253955338 -3.59618646144278 1.74047570870474 1.92812947041943
260226_121136881 20.8969999999999 -0.288934372162061 -5.12342144902021 -0.216955258760436 -3.81119280025425 2.25294115004249 1.22537930355778
260226_121136929 20.9449999999999 -0.316223915982007 -4.62230099503404 -0.30714157365793 -3.99914320580196 2.64832859943209 0.778823868276729
260226_121136959 20.9759999999999 -0.322242334590925 -4.5225013223278 -0.305191198007606 -4.01747476974513 2.70713396692056 0.651276870704822
260226_121137007 21.0239999999999 -0.237715662786002 -4.21502017517781 -0.396353612965299 -3.92917030799177 2.84967249718874 0.605655297972374
260226_121137039 21.0559999999998 -0.162009958814679 -3.80986144577662 -0.385627459123327 -3.83532969434829 3.12161228122206 0.501774055311383
260226_121137060 21.0719999999999 -0.0802858362344523 -3.50450238908172 -0.376851680931736 -3.75125057053724 3.31186006816881 0.410600913971284
260226_121137101 21.1119999999999 -0.0286538066988555 -2.70014496885562 -0.358324024488411 -3.54735722295344 3.83642052409509 0.138503625731194
260226_121137149 21.1599999999999 0.137596987686322 -2.08730476501074 -0.44071066125457 -3.46138344256372 4.15792567465698 -0.00843034646420804
260226_121137180 21.192 0.134381118302088 -1.98538300184947 -0.538698478753474 -3.46138344256372 4.15792567465698 -0.00843034646420804
260226_121137213 21.2239999999999 0.128362699693156 -1.88558332914323 -0.536748103103093 -3.35114676615486 4.23341032355344 -0.0731264661263326
260226_121137244 21.2559999999999 0.104289025257444 -1.48638463831833 -0.528946600501683 -3.2579712294807 4.32195580964903 -0.218513807319815
260226_121137292 21.3039999999999 0.24926869443162 -0.472223653193453 -0.703469927815661 -2.96313232255561 4.57721910634377 -0.57264393688918
260226_121137323 21.336 0.327776947627626 -0.0649428333372839 -0.792681967123031 -2.8265390860664 4.71647037837139 -0.715024387046586
260226_121137370 21.384 0.312524241025557 0.236578275236411 -0.886769033321343 -2.79943127961671 4.77876909994107 -0.793631734922516
260226_121137433 21.4169999999999 0.300487403807708 0.436177620648891 -0.882868282020638 -2.65442581993829 4.55311014397506 -0.880971404986224
260226_121137450 21.4649999999999 0.279216278596692 0.837498401928826 -0.975004972568456 -2.43853768150013 4.16992102908977 -1.08217258909473
260226_121137483 21.4959999999999 0.351706113183766 1.34457889449129 -1.06226663622544 -2.13833752786364 3.66463958374649 -1.36331586307049
260226_121137529 21.5439999999999 0.324416569363834 1.84569934847747 -1.15245295112294 -1.83630096719085 3.1603696614858 -1.64665140253968
260226_121137600 21.5919999999999 0.414961659777688 2.05338082292121 -1.24556574173101 -1.79693401850162 2.98859609128381 -1.72809927121985
260226_121137630 21.6399999999999 0.402924822559839 2.25298016833364 -1.24166499043031 -1.72717365378705 2.69961222190234 -1.78703259589863
260226_121137672 21.6879999999999 0.372832729515196 2.75197853186478 -1.23191311217852 -1.43981065830613 1.89710372763925 -1.9968499342442
260226_121137725 21.7359999999999 0.348345734919974 3.25522107630599 -1.42203762022535 -1.21081317608797 1.14805177982952 -2.15126249591522
260226_121137783 21.7679999999998 0.44169337455854 3.46502464120471 -1.61508860398266 -1.166686820063 0.927426132579352 -2.18768553535151
260226_121137830 21.8489999999999 0.429656537340676 3.66462398661724 -1.61118785268195 -1.03180851681973 1.07676135448206 -2.18420316026885
260226_121137910 21.9199999999998 0.495714633159324 4.37554800550214 -1.89442515133686 -0.668898380970529 1.42653805021559 -2.12683436595841
260226_121137942 21.9599999999998 0.492498763775089 4.47746976866335 -1.99241296883577 -0.579295837474413 1.5263934937974 -2.12338267836506
260226_121138005 22.0159999999998 0.486480345166157 4.57726944136959 -1.99046259318544 -0.571944751525035 1.61018271123109 -2.13333212032037
260226_121138030 22.0319999999999 0.580241304964261 4.68302915265213 -1.98558756629456 -0.538697053332808 1.89613577899946 -2.12727389640767
260226_121138084 22.096 0.655947008935556 5.08818788205326 -1.97486141245258 -0.412057248333286 2.54883222288421 -2.22582539465403
260226_121138100 22.1119999999999 0.643910171717707 5.28778722746574 -1.97096066115188 -0.354131446097188 2.76685990806615 -2.24200907380117
260226_121138115 22.1279999999999 0.643910171717707 5.28778722746574 -1.97096066115188 -0.340837675311946 2.9347702481122 -2.26054059081007
260226_121138179 22.192 0.734455262131576 5.49546870190943 -2.06407345175995 -0.316103449964179 3.13715977235429 -2.24293911207744
260226_121138195 22.2079999999999 0.731652712906865 5.4933466114544 -1.96413525861067 -0.271819883377334 3.18740570162666 -2.24004210572107
260226_121138211 22.2239999999999 0.725634294297933 5.59314628416064 -1.96218488296029 -0.23918021822969 3.20324324416048 -2.27312447950815
260226_121138226 22.24 0.725634294297933 5.59314628416064 -1.96218488296029 -0.162321941892335 3.26942570540094 -2.30318546931815
260226_121138290 22.288 0.897903507292042 6.10618681529934 -2.04652189537677 0.249722670822463 3.62057515894566 -2.33418459990323
260226_121138337 22.3519999999999 0.988035277546388 6.41791214335939 -2.33756069663303 0.523101796135919 3.87153114785742 -2.41783200582302
260226_121138354 22.3689999999999 0.988035277546388 6.41791214335939 -2.33756069663303 0.523101796135919 3.87153114785742 -2.41783200582302
260226_121138417 22.432 0.984819408162167 6.5198339065206 -2.43554851413199 0.687069507761275 3.90539663939659 -2.38610015034403
260226_121138434 22.4479999999999 0.984819408162167 6.5198339065206 -2.43554851413199 0.851015065220667 3.93929941839811 -2.35415007314234
260226_121138481 22.4959999999999 0.969566701560097 6.8213550150943 -2.52963558033019 1.53892242118097 4.09202720114172 -2.25653912161439
260226_121138514 22.528 0.866571453768842 6.91731673967939 -2.63054804906966 1.86657339462852 4.16034160344738 -2.19013177970484
260226_121138577 22.5919999999999 0.863355584384621 7.01923850284061 -2.72853586656868 2.13871904027112 4.14397754255148 -2.16504997245223
260226_121138640 22.6569999999999 0.772397173811243 6.91560088201317 -2.83334908660873 2.4046476957412 3.72085751785467 -1.83633650839624
260226_121138672 22.6879999999999 0.684654632622056 6.71004149802445 -2.84017448915 2.75348889671397 3.26281172043002 -1.44729449327168
260226_121138737 22.7359999999999 0.702296568289327 6.51468633352204 -3.04395162674928 3.25087328394967 2.616065942776 -0.968269152797774
260226_121138783 22.8009999999999 0.605319739107031 6.51084838540083 -3.14681447113907 3.22150256801662 2.54843699978591 -0.89155855972176
260226_121138799 22.8159999999998 0.511558779308956 6.40508867411836 -3.15168949802995 3.22535679382845 2.49756665442562 -0.84739135242234
260226_121138862 22.8799999999999 0.459513429613821 5.70477510750857 -3.36814316512152 3.21403003624028 2.26078855013887 -0.404934319644575
260226_121138894 22.9119999999998 0.492408071883162 5.20789883443246 -3.4778332365226 3.19376498973966 2.12652201767978 -0.050606537036055
260226_121138958 22.9599999999998 0.410683949302936 4.9025397777375 -3.48660901471413 3.18036442096651 1.9922789061565 0.152450231567444
260226_121139006 23.0239999999999 0.328959826722695 4.59718072104255 -3.49538479290572 3.07315918756762 1.80935461451781 0.302691283333435
260226_121139023 23.0409999999999 0.241217285533523 4.39162133705389 -3.50221019544699 3.00799180014864 1.72704487134448 0.413003148059364
260226_121139038 23.0559999999998 0.265290959969249 3.99242264622893 -3.5100116980484 2.84527003451084 1.41155178104983 0.567906221737592
260226_121139101 23.1119999999999 0.143971645071275 2.68310682389551 -3.54121588398402 2.39362200735902 0.607237955177962 1.18773894918173
260226_121139149 23.144 0.0682659410999662 2.27794809449432 -3.551942037826 2.23519035493091 0.379854847911237 1.33927366048321
260226_121139212 23.2079999999999 -0.0102423120960395 1.87066727463809 -3.46272999851863 2.17830457384241 0.334436140883 1.48825345102481
260226_121139259 23.2719999999999 -0.0614610214721125 0.962266000795751 -3.28333164431376 2.06218145585491 0.343322155545017 1.69563616177397
260226_121139290 23.3119999999999 -0.200422272037343 -0.151694657035364 -3.11075869265011 1.92344931418987 0.323005602745267 2.0183741627827
260226_121139338 23.3519999999999 -0.272912106624432 -0.658775149597716 -3.02349702899312 1.80712802311402 0.333418962377728 2.22564677743429
260226_121139369 23.384 -0.363457197038301 -0.866456624041518 -2.9303842383851 1.81863249485267 0.367435728519012 2.26190188142327
260226_121139407 23.4169999999999 -0.351420359820452 -1.066055969454 -2.93428498968581 1.64272347292472 0.443454813601144 2.29367916586538
260226_121139434 23.4479999999999 -0.341772751667776 -1.37182125893776 -2.64032153718898 1.43212674828968 0.50549744918312 2.35900920916681
260226_121139496 23.5129999999999 -0.456247007637785 -2.98902446121002 -2.27762407747855 0.404017747237489 0.800406418018094 2.61453391923878
260226_121139559 23.576 -0.522305103456418 -3.69994848009497 -1.99438677882375 -0.0854217792004479 0.950414096823169 2.76537470278277
260226_121139583 23.5919999999999 -0.522305103456418 -3.69994848009497 -1.99438677882375 -0.132611692936082 0.950923104587186 2.71758326655425
260226_121139624 23.6399999999999 -0.503836527470114 -4.10339135182994 -1.80231189512648 -0.296343137304396 1.11142177931907 2.7376918787373
260226_121139655 23.672 -0.479349532874892 -4.60663389627115 -1.6121873870797 -0.647771453454778 1.36370695700754 2.70629376807549
260226_121139702 23.7199999999998 -0.532957471316124 -5.62120111418483 -1.13492482907731 -1.23382169913942 1.84617102893018 2.66792939799629
260226_121139734 23.7529999999999 -0.608663175287447 -6.02635984358596 -1.14565098291928 -1.47926949699646 1.99418444388703 2.67223145630632
260226_121139782 23.8009999999999 -0.608249855127923 -6.13040369720233 -0.947724972271033 -1.51471488780588 2.02893343670212 2.65961992339889
260226_121139797 23.808 -0.505667927496191 -6.122321568171 -1.04473851417987 -1.61970126191285 2.08560587484897 2.66794023476692
260226_121139846 23.8639999999998 -0.589781279141619 -6.53384656893724 -0.755650088573873 -1.98238029018705 2.25591215573384 2.64487466443798
260226_121139884 23.8879999999999 -0.574528572539549 -6.83536767751099 -0.661563022375674 -2.3805976362299 2.46106931454705 2.60859211647953
260226_121139943 23.9599999999998 -0.556059996553245 -7.23881054924595 -0.469488138678514 -2.89452266492429 2.64150273740784 2.59126921263442
260226_121140007 24.0159999999998 -0.556059996553245 -7.23881054924595 -0.469488138678514 -2.94259863930449 2.64135248876227 2.54372201401387
260226_121140068 24.0799999999999 -0.47070668442926 -7.13941710932852 -0.164798532339773 -3.24198988839672 2.55826957170443 2.27087730976568
260226_121140100 24.1119999999999 -0.479527652262888 -7.04173952707731 -0.0629099635401644 -3.48099184936566 2.50979028615891 2.08076129902472
260226_121140132 24.144 -0.382550823080592 -7.03790157895611 0.0399528808496825 -3.62367446400542 2.4618170959935 1.98565065410055
260226_121140165 24.1759999999999 -0.391371790914221 -6.9402239967049 0.141841449649348 -3.6844272607003 2.42642640339168 1.904126386621
260226_121140211 24.2239999999999 -0.29480828189142 -6.8323421949674 0.0467782833909496 -3.77889520183757 2.37876895545149 1.8565287573118
260226_121140242 24.2559999999999 -0.312863537718201 -6.53294317684868 0.0526294103419787 -3.98035506001488 2.248378749353 1.72757910883889
260226_121140322 24.3209999999999 -0.279286764009399 -5.42918673850392 0.0770081937363898 -4.70300317718395 1.87794846639183 1.31985201391413
260226_121140369 24.384 -0.18874167359553 -5.22150526406023 -0.0161045968717417 -4.87976257922234 1.8173257278594 1.26143431239207
260226_121140401 24.4169999999999 -0.200778510813393 -5.0219059186478 -0.0122038455710367 -4.89436232199056 1.82838599473396 1.18057029060077
260226_121140448 24.4649999999999 -0.242907441075886 -4.32330820970418 0.0014487839814592 -5.05797026508224 1.743008862922 0.824894668136013
260226_121140511 24.528 -0.118785576953201 -3.01187029691567 -0.0672852232321475 -5.4340420597203 1.70993623081822 0.156571052980245
260226_121140528 24.5439999999999 -0.130822414171064 -2.81227095150319 -0.0633844719314425 -5.46154119993472 1.68554459478394 0.0423657581454264
260226_121140544 24.5609999999999 -0.134038283555284 -2.71034918834192 -0.161372289430346 -5.52263948618616 1.64897269979933 -0.037293597933761
260226_121140613 24.6089999999999 -0.0490982915908234 -2.5069118948083 -0.0546086937398513 -5.40961167026651 1.72093489706778 -0.107343443405218
260226_121140668 24.672 -0.00389800082369618 -1.49871094825966 -0.232056672294391 -4.88582244922417 1.80362020669122 -0.448889919523394
260226_121140718 24.7279999999998 0.0473207085524052 -0.590309674417313 -0.411455026499311 -4.39602339721869 1.87830755870859 -0.75497793396987
260226_121140733 24.7439999999999 0.035283871334542 -0.390710329004833 -0.407554275198606 -4.2803718325993 1.90567092087583 -0.776985924736445
260226_121140749 24.76 0.131847380357343 -0.282828527267327 -0.502617441456948 -4.24701669257101 1.9188095948605 -0.811239196585489
260226_121140797 24.8159999999998 0.12261309236419 -0.0811070913998151 -0.598654883305528 -4.1400427050821 1.86403228060916 -0.820501314687461
260226_121140860 24.8719999999998 0.177460991284008 0.62132856566501 -0.482139409363242 -3.57055416373471 1.37936506230703 -0.74962339038366
260226_121140876 24.8879999999999 0.259185113864248 0.926687622359907 -0.473363631171651 -3.31681299350578 1.18845326358686 -0.710218810837489
260226_121140892 24.904 0.243932407262179 1.2282087309336 -0.567450697369907 -3.06323496571286 0.997457020423641 -0.671224640167731
260226_121140940 24.952 0.413399071031563 1.73912717161727 -0.551849516637049 -2.64141427839037 0.648578457844963 -0.653160847261086
260226_121140956 24.9679999999998 0.419004169480957 1.74337135252733 -0.751725902935618 -2.60486183409004 0.614449241442824 -0.641079916412245
260226_121141036 25.0319999999999 0.400948913654162 2.04277037064605 -0.745874775984589 -2.33833616098946 0.684667007166881 -0.720081180102575
260226_121141084 25.096 0.549557772372083 2.85096573899335 -0.624484275151417 -1.17198293183951 0.787755013287493 -0.984044321160006
260226_121141148 25.1599999999999 0.63045525463329 3.36441250292086 -1.01156051825626 -0.461714939946451 0.864024530105562 -1.1693115985818
260226_121141163 25.1759999999999 0.627239385249069 3.46633426608207 -1.10954833575522 -0.427877016714221 0.878963460555901 -1.20333167287795
260226_121141211 25.2239999999999 0.621220966640138 3.56613393878831 -1.10759796010484 -0.439311519050744 0.844442165787698 -1.23884526694858
260226_121141241 25.2559999999999 0.609184129422289 3.76573328420079 -1.10369720880414 -0.416898962862329 0.824900700693484 -1.30839406392902
260226_121141273 25.288 0.591128873595508 4.06513230231945 -1.09784608185311 -0.442859032360191 0.804910739544603 -1.42517386632214
260226_121141305 25.3209999999999 0.573073617768713 4.36453132043818 -1.09199495490202 -0.468851199604487 0.784917371326053 -1.54193416202054
260226_121141337 25.3519999999999 0.558234231326153 4.56200857539557 -0.98815601045203 -0.446434591830904 0.765476147761602 -1.61151271405722
260226_121141385 25.3999999999999 0.65801360973316 4.56796861397186 -0.985231359211525 -0.412649230146584 0.780609429537897 -1.64558795097106
260226_121141415 25.432 0.651995191124229 4.66776828667815 -0.983280983561144 -0.24703656745897 0.994222459275875 -1.72057308023833
260226_121141463 25.48 0.630724065913228 5.06908906795803 -1.07541767410902 0.238167999532954 1.73766408304197 -2.03064117791014
260226_121141481 25.4959999999999 0.62470564730431 5.16888874066427 -1.0734672984587 0.485862116523813 2.10404082253325 -2.14150992092512
260226_121141541 25.5609999999999 0.518081209969338 5.47081608202677 -1.47029359534531 0.93381637382633 2.92469699585924 -2.41269993045207
260226_121141616 25.616 0.614644718992096 5.57869788376433 -1.56535676160371 0.89597450113743 2.95844560000348 -2.42447601542875
260226_121141683 25.672 0.596176143005806 5.98214075549924 -1.75743164530093 0.812489289355949 3.34694130112481 -2.44814499570654
260226_121141742 25.7439999999999 0.580923436403722 6.283661864073 -1.85151871149907 0.701868732344095 3.80326544165503 -2.44719666362464
260226_121141795 25.808 0.574905017794805 6.38346153677924 -1.84956833584874 0.663851540337119 3.83695286299268 -2.45917040169154
260226_121141811 25.8239999999998 0.674684396201812 6.38942157535547 -1.84664368460818 0.652256232843127 3.80272398008824 -2.49569057592276
260226_121141826 25.8399999999999 0.66866597759288 6.48922124806165 -1.84469330895786 0.652256232843127 3.80272398008824 -2.49569057592276
260226_121141874 25.8879999999999 0.755995198622543 6.79882448566661 -2.03579391706484 0.558672322220518 3.75148220674551 -2.5479469532733
260226_121141890 25.904 0.752779329238308 6.90074624882794 -2.13378173456374 0.509038116723233 3.75088278126644 -2.59637187096951
260226_121141907 25.9199999999998 0.746760910629376 7.00054592153413 -2.13183135891342 0.47666895710756 3.73448356728382 -2.56363852775519
260226_121141972 25.9679999999998 0.740742492020445 7.10034559424037 -2.12988098326304 0.427029647579769 3.73386133237315 -2.61203255269337
260226_121142018 26.0319999999999 0.737526622636238 7.20226735740164 -2.22786880076205 0.585133530396033 3.68356424472567 -2.5724593976584
260226_121142066 26.0639999999999 0.725489785418375 7.40186670281412 -2.22396804946135 0.769662015722654 3.56533320830187 -2.55751082120917
260226_121142114 26.1279999999999 0.70421866020736 7.803187484094 -2.31610474000917 1.37311963886929 3.34596342070883 -2.5176579704025
260226_121142129 26.144 0.698200241598428 7.90298715680029 -2.31415436435884 1.44904431035863 3.27851312111107 -2.49411883687631
260226_121142177 26.192 0.701002790823139 7.90510924725533 -2.41409255750813 1.51961095886307 3.26153090855093 -2.51508382566721
260226_121142209 26.2239999999999 0.698200241598428 7.90298715680029 -2.31415436435884 1.61829788134805 3.26217622036423 -2.41799732744693
260226_121142260 26.2719999999999 0.698200241598428 7.90298715680029 -2.31415436435884 2.08650319916588 3.11104900688383 -2.14903918445042
260226_121142321 26.336 0.701416110982663 7.80106539363896 -2.21616654685994 2.76413758181514 2.8566605006562 -1.74745057736989
260226_121142352 26.3689999999999 0.70421866020736 7.803187484094 -2.31610474000917 2.8881646539353 2.78855165914573 -1.67548353391258
260226_121142367 26.384 0.70421866020736 7.803187484094 -2.31610474000917 2.8881646539353 2.78855165914573 -1.67548353391258
260226_121142415 26.4169999999999 0.70421866020736 7.803187484094 -2.31610474000917 2.93698888475722 2.78834583008404 -1.6266615634662
260226_121142479 26.4959999999999 0.643352342678611 7.20055149973547 -2.43066983830107 3.55555047267184 2.61409589489749 -0.977316059201564
260226_121142546 26.5609999999999 0.564430769323081 6.8973145334956 -2.53938380964195 3.89080790360389 2.47401043550057 -0.583558070590197
260226_121142590 26.6089999999999 0.570449187932013 6.79751486078931 -2.54133418529233 3.86094530421654 2.40608606237387 -0.507099557738431
260226_121142622 26.6399999999999 0.585288574374573 6.60003760583191 -2.64517312974232 3.62625928380751 2.28928769702024 -0.279359418871207
260226_121142670 26.6879999999999 0.542064192513109 5.80204645697091 -2.9635153656335 3.02543519831845 1.8953379347025 0.39808919858534
260226_121142734 26.7529999999999 0.499253130811127 4.90001145449367 -3.08393159087649 2.38409235805366 1.49855548667276 1.11410150195736
260226_121142751 26.7679999999998 0.505271549420044 4.80021178178743 -3.08588196652687 2.31577752559742 1.46808539838303 1.18035665711586
260226_121142814 26.8319999999999 0.423547426839832 4.49485272509241 -3.0946577447184 2.22809685570766 1.27041172927118 1.26336336045753
260226_121142829 26.8399999999999 0.435584264057681 4.29525337967999 -3.09855849601911 2.17425991962341 1.08807607577983 1.31356216843673
260226_121142893 26.904 0.214072250593176 3.08402137238659 -3.33061334384359 1.93421773912535 0.280768596245027 1.67857886340087
260226_121142956 26.9679999999998 0.159224351673359 2.38158571532176 -3.44712881778582 1.74183828140505 -0.243113447161031 1.90600710781184
260226_121143020 27.0319999999999 0.171261188891222 2.18198636990934 -3.45102956908653 1.63537801686417 -0.138687691995822 1.87086865888316
260226_121143036 27.048 0.189316444718003 1.88258735179062 -3.45688069603756 1.56492274931404 -0.118212445731535 1.89307226347738
260226_121143052 27.0639999999999 0.101573903528831 1.67702796780196 -3.46370609857877 1.49391718560296 -0.0486176531947718 1.86957119625345
260226_121143116 27.1119999999999 0.0647812604357938 0.675193292618417 -3.58607269947214 1.11666754123563 0.221142915355728 1.91281148498823
260226_121143163 27.1759999999999 -0.00169015554236296 0.0683131273497679 -3.50076141146548 0.939743194407681 0.346109954830986 1.89915868980201
260226_121143211 27.2329999999999 0.0103466816755002 -0.131286218062712 -3.50466216276618 0.983270882451498 0.541092555485424 1.76410344811007
260226_121143243 27.2559999999999 0.022796839052873 -0.434929417091439 -3.3106369034187 1.08379889125127 0.819044040422161 1.66783008951988
260226_121143261 27.2719999999999 0.032031127046011 -0.636650852958894 -3.21459946157012 1.12582024918643 1.01476530709775 1.53374215788014
260226_121143306 27.3209999999999 -0.130590477795394 -1.45545667358141 -2.83629899665686 1.2826117346051 1.70614863629134 1.24258783971136
260226_121143369 27.384 -0.112121901809104 -1.85889954531638 -2.64422411295965 1.34294605134672 2.02065887024344 1.13776262364269
260226_121143400 27.4169999999999 -0.112121901809104 -1.85889954531638 -2.64422411295965 1.23431688315175 2.12430103871463 1.10170071524508
260226_121143463 27.4649999999999 -0.193432704229807 -2.26830245562758 -2.45507388050311 0.392414449503624 2.784896212683 0.876714815111809
260226_121143527 27.5439999999999 -0.274743506650537 -2.67770536593883 -2.2659236480464 -0.562979227032109 3.54647447225469 0.610172535956943
260226_121143544 27.5609999999999 -0.174964128243516 -2.67174532736254 -2.26299899680589 -0.636298808805464 3.61508904791008 0.585219423292453
260226_121143607 27.624 -0.180569226692924 -2.67598950827261 -2.06312261050732 -0.766952371908595 3.60041797616314 0.521467376136914
260226_121143639 27.6569999999999 -0.189390194526553 -2.57831192602146 -1.96123404170771 -0.894004673129659 3.53706471456476 0.50328561155139
260226_121143687 27.7049999999999 -0.11327117039572 -2.27719705023651 -1.75258187721749 -1.34014572794056 3.49884374162037 0.414968629224824
260226_121143734 27.7359999999999 -0.122092138229348 -2.1795194679853 -1.65069330841789 -1.60173379773084 3.46918904293814 0.288986438882284
260226_121143767 27.7839999999999 -0.12811055683828 -2.07971979527912 -1.6487429327675 -1.63476977988247 3.45510299750632 0.322108338634846
260226_121143798 27.8159999999998 -0.134128975447211 -1.97992012257288 -1.64679255711718 -1.62236350318289 3.35166351357484 0.263847023353328
260226_121143862 27.8799999999999 -0.0736759780779863 -1.27324028459805 -1.73015346947346 -1.65789991520648 2.51579439078193 -0.114180173023692
260226_121143878 27.8969999999999 -0.0917312339047669 -0.973841266479326 -1.72430234252244 -1.65280049363337 2.19114393073473 -0.254982133997728
260226_121143941 27.952 -0.0308649163760322 -0.371205282120684 -1.60973724423047 -1.62858309249653 1.43808967876579 -0.594032405011105
260226_121143974 27.9839999999999 0.0717170112556857 -0.363123153089418 -1.70675078613925 -1.64033491095676 1.40338146150848 -0.629112549847114
260226_121144022 28.0409999999999 0.041624918211042 0.135875210441725 -1.69699890788746 -1.65051191099655 1.23039896328571 -0.757296525677006
260226_121144112 28.096 0.0719858225356518 1.3415534119477 -1.77060794199201 -1.67434731029936 0.842833825750263 -1.19882490966725
260226_121144148 28.1599999999999 0.14125978773852 1.95055566767132 -1.95585742314796 -1.6984022603413 0.683441356700703 -1.4079711964494
260226_121144180 28.192 0.138457238513809 1.94843357721629 -1.85591922999873 -1.6984022603413 0.683441356700703 -1.4079711964494
260226_121144244 28.2559999999999 0.208144523876186 2.45339197932367 -1.84324270050644 -1.46436684621763 0.923439588503648 -1.55463082411865
260226_121144259 28.2719999999999 0.187286718824708 2.75066890698741 -1.73745338040601 -1.37733897981896 1.07087497663916 -1.59870900419012
260226_121144323 28.336 0.329463838774146 3.7627078016572 -1.81203851457076 -0.972618631268825 1.60905856557028 -1.82897510250564
260226_121144354 28.3689999999999 0.426027347796946 3.87058960339471 -1.9071016808291 -0.976566591211708 1.65804534796457 -1.87466816441349
260226_121144434 28.4169999999999 0.314211132172076 4.0642289102309 -1.90612558076896 -1.12591250487865 1.79350011465482 -1.92220056571369
260226_121144485 28.4959999999999 0.362627292323438 4.97050809361821 -1.98558574182454 -1.71074710575895 2.23120065950505 -2.17233319080443
