Time(ddMMyy_HHmmssfff format) Time(s) x(mm) y(mm) z(mm) rx(deg) ry(deg) rz(deg)
260525_155358170 0 7.105427357601E-15 0 0 0 0 0
260525_155358239 0 7.105427357601E-15 0 0 0 0 0
260525_155358265 0.0320000000010623 7.105427357601E-15 0 0 0 0 0
260525_155358386 0.145000000000437 7.105427357601E-15 0 0 0 0 0
260525_155403334 5.10400000000118 7.105427357601E-15 0 0 0 0 0
260525_155403397 5.16799999999967 -0.0576203236570976 0.0976177004677652 0.0845617103483391 0.0258031953830877 0.00899440289652294 0.0472517056442198
260525_155403476 5.24799999999959 0.0271147679657346 0.101774016047898 0.137502141858363 0.0510474009615261 0.0454228518734553 0.0210453005203303
260525_155403508 5.28000000000065 0.0271147679657346 0.101774016047898 0.137502141858363 0.0510474009615261 0.0454228518734553 0.0210453005203303
260525_155403542 5.3119999999999 0.0800072199521864 0.10404411117554 0.0526656214736931 0.0510474009615261 0.0454228518734553 0.0210453005203303
260525_155403602 5.3690000000006 7.105427357601E-15 0 0 0.0258031953830877 0.00899440289652294 0.0472517056442198
260525_155403638 5.39999999999964 7.105427357601E-15 0 0 0 0 0
260525_155403701 5.46399999999994 7.105427357601E-15 0 0 0 0 0
260525_155403714 5.47999999999956 7.105427357601E-15 0 0 0 0 0
260525_155403732 5.496000000001 7.105427357601E-15 0 0 0 0 0
260525_155403777 5.54399999999987 7.105427357601E-15 0 0 0 0 0
260525_155403827 5.59200000000055 -0.00472787167064581 0.0998877955954072 -0.000274810036330564 0.0258031953830877 0.00899440289652294 0.0472517056442198
260525_155403855 5.6239999999998 0.0800072199521864 0.10404411117554 0.0526656214736931 0.0510474009615261 0.0454228518734553 0.0210453005203303
260525_155403890 5.65600000000086 0.0800072199521864 0.10404411117554 0.0526656214736931 0.0510474009615261 0.0454228518734553 0.0210453005203303
260525_155403952 5.72000000000116 0.0847350916228393 0.00415631558013274 0.0529404315100237 0.0510474009615261 0.0454228518734553 0.0210453005203303
260525_155403996 5.76800000000003 7.105427357601E-15 0 0 0.0258031953830877 0.00899440289652294 0.0472517056442198
260525_155404044 5.81600000000071 7.105427357601E-15 0 0 0 0 0
260525_155404094 5.86399999999958 7.105427357601E-15 0 0 0 0 0
260525_155404144 5.91300000000047 -0.00472787167064581 0.0998877955954072 -0.000274810036330564 -0.100364627154828 0.0888643360816739 -0.1054957710145
260525_155404156 5.92799999999988 0.0481645803157491 0.102157890722992 -0.0851113304210003 -0.200206426466364 0.150250815677094 -0.137567509803327
260525_155404203 5.97600000000057 0.113988185255955 0.505865388684754 -0.0332701390562988 -0.61502060184772 0.548113126922263 -0.506415415466781
260525_155404252 6.02400000000125 0.152697022230448 0.80779887059856 -0.118931089550017 -1.02034177819545 0.871956039812619 -0.858352932855751
260525_155404299 6.07200000000012 0.147969150559781 0.907686666193968 -0.119205899586404 -1.13341552726993 1.00410322541373 -0.910392400197803
260525_155404352 6.1200000000008 0.143241278889143 1.00757446178937 -0.119480709622735 -1.1969115401494 1.02944206246014 -0.950596909030318
260525_155404381 6.15200000000004 0.150107476227156 1.30762172325069 -0.342918612011147 -1.33650296694228 1.15159393257144 -1.05034347839485
260525_155404430 6.20000000000073 0.222797278505418 2.01137648267371 -0.514515323034857 -1.6020676054058 1.29713728348219 -1.15702459720967
260525_155404477 6.24799999999959 0.261506115479911 2.31330996458752 -0.600176273528575 -1.70487609787442 1.38367423682407 -1.2643724985266
260525_155404538 6.30400000000009 0.252050372138605 2.51308555577833 -0.600725893601293 -1.7422334862907 1.41872466296934 -1.25730090835493
260525_155404561 6.32799999999952 0.247322500467952 2.61297335137374 -0.601000703637624 -1.71579029352731 1.42881762773174 -1.20979018916426
260525_155404617 6.38400000000001 0.430525078389714 3.22138050545652 -0.941995645394286 -1.72351831549373 1.60070832429081 -1.07249259535398
260525_155404633 6.39999999999964 0.341062115096229 3.3171119854718 -0.99521088694064 -1.69885384789969 1.63721611097453 -1.09897754118197
260525_155404683 6.44900000000052 0.464506043693511 3.62320178296579 -1.02793140592433 -1.70952897809752 1.68230862530686 -1.04433325825377
260525_155404702 6.46399999999994 0.464506043693511 3.62320178296579 -1.02793140592433 -1.70952897809752 1.68230862530686 -1.04433325825377
260525_155404761 6.52900000000045 0.455050300352205 3.82297737415661 -1.02848102599705 -1.4296750454058 1.61790761166869 -0.908635706851696
260525_155404794 6.55999999999949 0.493759137326698 4.12491085607041 -1.11414197649071 -1.03685958816202 1.60018956803922 -0.784965284172118
260525_155404839 6.60900000000038 0.495897462994087 4.52484591312708 -1.33785468891546 -0.363682157207275 1.4867184559083 -0.451493256139406
260525_155404888 6.65600000000086 0.624069263262008 4.73104791502561 -1.37030039786276 0.00333615130877145 1.42881377128126 -0.301331566580986
260525_155404918 6.6880000000001 0.624069263262008 4.73104791502561 -1.37030039786276 0.00333615130877145 1.42881377128126 -0.301331566580986
260525_155404953 6.72000000000116 0.619341391591355 4.83093571062108 -1.37057520789915 0.0746213622441904 1.20588776704767 -0.32717549287658
260525_155405013 6.78399999999965 0.56385939360171 5.32848846814551 -1.50972620997555 0.500897483690669 0.37026087408345 -0.395306612765074
260525_155405060 6.83300000000054 0.464940686966905 5.6239955393516 -1.56349107159463 0.78240342201069 -0.17181943236605 -0.423564216821019
260525_155405124 6.89600000000064 0.544947906919084 5.72803965052708 -1.51082545012093 0.843048220434924 -0.322689402016445 -0.468172378539974
260525_155405172 6.94399999999951 0.641277067550597 5.93235543197318 -1.68104811096293 0.778564247217908 -0.421022868646024 -0.591681029048203
260525_155405203 6.97600000000057 0.67998590452509 6.23428891388693 -1.76670906145665 0.726405623652337 -0.59136188765411 -0.69667956238189
260525_155405235 7.00799999999981 0.665802289513117 6.53395230067315 -1.7675334915657 0.725165967072452 -0.716195390448964 -0.780411261686272
260525_155405267 7.04000000000087 0.661074417842464 6.63384009626861 -1.76780830160203 0.711996177602706 -0.769355998533477 -0.882440521784847
260525_155405303 7.07200000000012 0.603454094185359 6.73145779673638 -1.68324659125369 0.711996177602706 -0.769355998533477 -0.882440521784847
