Time(ddMMyy_HHmmssfff format) Time(s) x(mm) y(mm) z(mm) rx(deg) ry(deg) rz(deg)
170525_150258885 0 -8.88178419700125E-16 0 0 -9.93923337957349E-17 -2.48480834489337E-17 5.04726695056466E-18
170525_150303607 0 -8.88178419700125E-16 0 0 -9.93923337957349E-17 -2.48480834489337E-17 5.04726695056466E-18
170525_150303634 0.0229999999992287 0.000214892681900558 0.00143754802616058 0.0999894358260178 -9.93923337957349E-17 -2.48480834489337E-17 5.04726695056466E-18
170525_150303747 0.135000000000218 0.000214892681900558 0.00143754802616058 0.0999894358260178 0.057474071788045 0.0577216041179448 0.0567135707001179
170525_150303775 0.166999999999462 0.000214892681900558 0.00143754802616058 0.0999894358260178 0.057474071788045 0.0577216041179448 0.0567135707001179
170525_150303903 0.295000000000073 -8.88178419700125E-16 0 0 -9.93923337957349E-17 -2.48480834489337E-17 5.04726695056466E-18
170525_150304107 0.4950000000008 -8.88178419700125E-16 0 0 0.0226486235599209 0.0229444199664329 0.0696224287321323
170525_150304246 0.638999999999214 -8.88178419700125E-16 0 0 -9.93923337957349E-17 -2.48480834489337E-17 5.04726695056466E-18
170525_150304360 0.751000000000204 -8.88178419700125E-16 0 0 -9.93923337957349E-17 -2.48480834489337E-17 5.04726695056466E-18
170525_150304518 0.911000000000058 0.19999734696283 0.000929938814806519 -0.000443194799572666 0.0390764143842806 -0.152070484949694 -0.291219401716513
170525_150304644 1.03099999999904 0.200465452819074 -0.0990586468293486 0.000993334972093862 -0.00281105028033656 -0.43260683158624 -0.426167457682713
170525_150304709 1.09499999999935 0.200250560137173 -0.100496194855623 -0.0989961008539524 -0.0192384864321259 -0.783513213243134 -0.630768702450208
170525_150304756 1.14300000000003 0.200465452819074 -0.0990586468293486 0.000993334972093862 0.00590206470263506 -0.853867314220375 -0.700517991219615
170525_150304853 1.23899999999958 0.101402991050149 -0.299500787525062 0.00408799191518483 0.0878949346328383 -0.866229249685169 -0.714106666479655
170525_150304930 1.31899999999951 0.102339202762639 -0.499477958813486 0.00696105145848946 0.100347157131664 -0.854412286366855 -0.796619936793907
170525_150304976 1.36700000000019 0.102339202762639 -0.499477958813486 0.00696105145848946 0.135118470919066 -0.866490977703508 -0.762177222097607
170525_150305039 1.43100000000049 0.103060521793227 -0.700892678128071 -0.0901553248242521 0.20761007102932 -0.984003421524882 -0.832669066244075
170525_150305117 1.50300000000061 0.104718052536304 -1.10228456873085 -0.184398641563661 0.39674861053768 -1.1259787732946 -0.883023978960165
170525_150305149 1.54299999999967 0.105186158392549 -1.20227315437512 -0.182962111791994 0.39674861053768 -1.1259787732946 -0.883023978960165
170525_150305228 1.61599999999999 0.106122370105039 -1.40225032566343 -0.18008905224869 0.510281802170146 -0.963300081199321 -0.817900471612175
170525_150305324 1.71099999999933 0.108931005242507 -2.00218183952859 -0.171469873618776 0.794709278549734 -0.533330600847663 -0.677775708641729
170525_150305371 1.76000000000022 0.108931005242507 -2.00218183952859 -0.171469873618776 0.864275219140458 -0.510827371690978 -0.656292402610185
170525_150305423 1.81500000000051 0.209865890436411 -2.20169404140938 -0.168818411475257 0.914200939739056 -0.698270656435409 -0.749763578372251
170525_150305546 1.93499999999949 0.213825629968273 -3.00016517853669 -0.0573367374759925 1.2060454093184 -1.30754398045345 -1.13021890584255
170525_150305576 1.96700000000055 0.213825629968273 -3.00016517853669 -0.0573367374759925 1.2060454093184 -1.30754398045345 -1.13021890584255
170525_150305656 2.04700000000048 0.114763168199346 -3.2006073192324 -0.0542420805329016 1.25630138910109 -1.58967350876297 -1.13096159657701
170525_150305763 2.15200000000004 -0.0837915407023075 -3.60436669667638 -0.248031638298784 1.271484562929 -1.90685541151479 -1.11911890048479
170525_150305796 2.18299999999908 -0.0837915407023075 -3.60436669667638 -0.248031638298784 1.30592324775646 -1.91947748744623 -1.08534469378977
170525_150305874 2.26300000000083 -0.282169677414501 -3.90382484439738 -0.143289418358222 1.42443602408867 -2.17958837018746 -1.06688596306997
170525_150305908 2.29500000000007 -0.281233465702012 -4.10380201568569 -0.140416358814917 1.50571064711137 -2.23996184427908 -1.03539492997644
170525_150306001 2.39099999999962 -0.380764033327183 -4.20425557073725 -0.138758231643465 1.55206175043546 -2.33538456939311 -0.990858582196174
170525_150306033 2.42300000000068 -0.480294600952352 -4.3047091257888 -0.13710010447204 1.58564728285001 -2.39609248901074 -0.910607069009787
170525_150306080 2.47099999999955 -0.57961027589562 -4.40372513281432 -0.0354525414745694 1.63983422665892 -2.4830333507487 -0.714399628460338
170525_150306127 2.51900000000023 -0.579357062721277 -4.50515126648463 -0.134005447528949 1.66045674816527 -2.50927286777576 -0.598397380332306
170525_150306194 2.58300000000054 -0.578888956865033 -4.60513985212867 -0.132568917757283 1.69457456528962 -2.52240285894111 -0.564925867983941
170525_150306251 2.63899999999921 -0.477954071671128 -4.80465205400969 -0.129917455613764 1.75121455812718 -2.46591906159584 -0.508639844712795
170525_150306347 2.73500000000058 -0.476802967276737 -5.00319167727196 -0.0270549602444419 1.87718128042193 -2.38789385097279 -0.431881595439225
170525_150306395 2.78299999999945 -0.476802967276737 -5.00319167727196 -0.0270549602444419 1.87718128042193 -2.38789385097279 -0.431881595439225
170525_150306458 2.84799999999996 -0.477017859958639 -5.00462922529812 -0.12704439607046 1.87866451032642 -2.57516934344804 -0.480251021112877
170525_150306506 2.89500000000044 -0.477017859958639 -5.00462922529812 -0.12704439607046 1.91417644430826 -2.7757233643342 -0.495407670509172
170525_150306533 2.92699999999968 -0.376804293795323 -5.00272670786455 -0.0272765576442282 1.89160297563069 -2.84531902475982 -0.518339970990012
170525_150306620 3.00699999999961 -0.477485965814884 -4.90464063965396 -0.128480925842098 1.89160297563069 -2.84531902475982 -0.518339970990012
170525_150306677 3.0630000000001 -0.578888956865033 -4.60513985212867 -0.132568917757283 1.79720879161331 -2.79736490056825 -0.4664237414725
170525_150306755 3.14300000000003 -0.679570628884594 -4.5070537839182 -0.233773285955209 1.7493999824341 -2.79742915889147 -0.417267548708696
170525_150306801 3.19100000000071 -0.680038734740839 -4.40706519827404 -0.235209815726847 1.71541709767373 -2.78416632497048 -0.450621647065453
170525_150306882 3.27100000000064 -0.682164371340161 -3.90568472202688 -0.142403028759077 1.64239061205675 -2.71460927634396 -0.329583179316942
170525_150306930 3.31899999999951 -0.683100583052651 -3.70570755073845 -0.145276088302381 1.595796567959 -2.66655373810972 -0.327073766491279
170525_150306977 3.36700000000019 -0.683100583052651 -3.70570755073845 -0.145276088302381 1.595796567959 -2.66655373810972 -0.327073766491279
170525_150307055 3.44700000000012 -0.584974332996214 -3.30528823875454 -0.151243804788777 1.48965860526392 -2.30034416468245 -0.285341999632647
170525_150307080 3.46399999999994 -0.585910544708703 -3.10531106746612 -0.154116864332082 1.41886976470879 -2.13468297745011 -0.258403117104972
170525_150307119 3.51100000000042 -0.586846756421194 -2.90533389617781 -0.156989923875386 1.34800278833951 -1.96904675077616 -0.231792866485528
170525_150307261 3.64699999999903 -0.488973719539102 -2.40348845052335 -0.0644047343074305 1.22411234186219 -1.90422641447784 -0.449482520599799
170525_150307296 3.67900000000009 -0.389696365088275 -2.20160876180125 0.0324900445755247 1.20295842101483 -1.87856060048975 -0.565821648144608
170525_150307323 3.71099999999933 -0.39016447094452 -2.1016201761571 0.0310535148038582 1.1685985827523 -1.865749545783 -0.599652161212317
170525_150307387 3.77499999999964 -0.390632576800765 -2.00163159051306 0.0296169850322201 1.13422886642048 -1.85297200139594 -0.633493137755786
170525_150307420 3.8070000000007 -0.391100682657009 -1.90164300486879 0.0281804552605536 1.05236583169616 -1.84016780875889 -0.618689025241649
170525_150307466 3.85499999999956 -0.392505000225744 -1.60167724793621 0.0238708659455824 0.832460179557462 -1.82432012238073 -0.692484746874411
170525_150307560 3.95099999999911 -0.394377423650723 -1.20172290535959 0.0181247468589731 0.565065246143065 -1.80884783206737 -0.717962687800368
170525_150307622 4.01499999999942 -0.394845529506967 -1.10173431971532 0.016688217087335 0.426618234489701 -1.85376620966503 -0.75945758937765
170525_150307678 4.0630000000001 -0.396464739757604 -0.803206110809128 -0.0876108080536824 0.231793034427627 -1.95651930298913 -0.856776237973853
170525_150307718 4.11100000000079 -0.397400951470094 -0.603228939520704 -0.090483867596987 0.128322212648743 -1.96696715216049 -0.911405650871042
170525_150307797 4.18299999999908 -0.397869057326338 -0.503240353876663 -0.0919203973686535 0.0807681648800615 -1.96673947010491 -0.862959631325884
170525_150307829 4.21500000000015 -0.398337163182584 -0.403251768232508 -0.0933569271402916 -0.0261824319328334 -1.83706217025073 -0.825747337687328
170525_150307875 4.26300000000083 -0.398590376356926 -0.301825634561965 0.00519597891408807 -0.123850070674865 -1.60222658260079 -0.732230813760243
170525_150307955 4.34300000000076 -0.299527914588 -0.101383493866251 0.00210132197099711 -0.256284265775469 -1.40216172371378 -0.626083450984586
170525_150308002 4.39099999999962 -0.199529241106585 -0.100918524458848 0.00187972457121077 -0.256029108213488 -1.35528220555111 -0.673633721306028
170525_150308096 4.48699999999917 -0.0993156749432691 -0.0990160070253978 0.101647562997442 -0.142390074186375 -0.958000398681422 -0.847258464887853
170525_150308128 4.51900000000023 0.000682998538144908 -0.0985510376179946 0.101425965597684 -0.155169737287506 -0.875983760709712 -0.860097032763212
170525_150308206 4.59900000000016 -8.88178419700125E-16 0 0 -0.155169737287506 -0.875983760709712 -0.860097032763212
170525_150308238 4.6309999999994 -8.88178419700125E-16 0 0 -0.18994262968492 -0.864085242192175 -0.894583774289398
170525_150308341 4.72700000000077 -0.000682998538147572 0.0985510376178809 -0.101425965597713 -0.294059646007638 -0.875302703362021 -0.950362877702852
170525_150308364 4.76000000000022 -0.000682998538147572 0.0985510376178809 -0.101425965597713 -0.294059646007638 -0.875302703362021 -0.950362877702852
170525_150308429 4.81500000000051 -0.000214892681903223 -0.00143754802627427 -0.0999894358260462 -0.268721352369263 -0.945724616801227 -1.0198858674859
170525_150308459 4.84799999999996 -0.0997454603070729 -0.101891103077833 -0.0983313086546218 -0.290569506333545 -1.01585134601975 -1.0414078705066
170525_150308521 4.91100000000006 0.000253213174341127 -0.101426133670429 -0.0985529060543797 -0.26499386060411 -1.13297197239357 -1.06330996880528
170525_150308554 4.9429999999993 -0.0992773544508267 -0.201879688721988 -0.0968947788829553 -0.252278974465919 -1.16816621023207 -1.09812229530423
170525_150308633 5.02299999999923 0.000974532204930156 -0.3028408529849 -0.195669282337093 -0.252165522417323 -1.21490284071331 -1.05048132046873
170525_150308663 5.05500000000029 0.00144263806117451 -0.402829438629169 -0.194232752565455 -0.239386170322445 -1.29684796340576 -1.03770214103162
170525_150308726 5.1190000000006 0.102377523255079 -0.602341640509962 -0.191581290421937 -0.21391596994088 -1.41398673880443 -1.05984859175345
170525_150308757 5.14300000000003 0.00216395709176265 -0.60424415794364 -0.291349128848196 -0.248527226063513 -1.4488974132857 -1.04653765081611
170525_150308820 5.20700000000033 0.103528627649471 -0.800881263772226 -0.0887187950525856 -0.110119106078607 -1.35604864573649 -1.05217646187762
170525_150308899 5.28700000000026 0.206550828950258 -1.39891026020359 0.0196682220035882 0.201083749269081 -1.0885164997408 -1.12385475716781
170525_150308930 5.31899999999951 0.307017608287916 -1.49843387644057 0.0208831543754684 0.282762167867983 -1.05370011258199 -1.18527548407641
170525_150308977 5.36700000000019 0.207487040662746 -1.5988874314919 0.0225412815468928 0.317524616476048 -1.06571010097019 -1.15096465614568
170525_150309010 5.39899999999943 0.307953820000405 -1.69841104772888 0.023756213918773 0.364668857674267 -1.06582769437696 -1.19920813167986
170525_150309104 5.4950000000008 0.210548888974559 -2.30024507902749 -0.067392445877573 0.626390451187246 -1.27738233244357 -1.36886029116881
170525_150309136 5.52700000000004 0.21148510068705 -2.50022225031591 -0.0645193863342683 0.673756921859293 -1.32450827115705 -1.36994118259011
170525_150309170 5.55899999999929 0.21148510068705 -2.50022225031591 -0.0645193863342683 0.673756921859293 -1.32450827115705 -1.36994118259011
170525_150309260 5.65500000000065 -0.086385283157874 -3.00299763478506 -0.156661381102651 0.850402699282879 -1.47822017012416 -1.33949582100076
170525_150309295 5.6880000000001 -0.185447744926799 -3.20343977548066 -0.15356672415956 0.944953468662563 -1.57268554210579 -1.34223239700612
170525_150309434 5.83100000000013 -0.283573994983236 -3.6038590874648 -0.147599007673165 1.14299642954225 -1.75190459957172 -1.1964537815639
170525_150309484 5.87099999999919 -0.381700245039672 -4.00427839944894 -0.141631291186769 1.25854954943961 -1.91955465727926 -1.0365659446022
170525_150309501 5.88700000000063 -0.481230812664842 -4.10473195450049 -0.139973164015345 1.29296808817104 -1.9322111088327 -1.0027914147735
170525_150309516 5.90300000000025 -0.481015919982941 -4.10329440647433 -0.0399837281893269 1.33998731333284 -1.97977282070476 -1.0046758318514
170525_150309595 5.98300000000017 -0.480547814126695 -4.20328299211849 -0.0385471984176604 1.33956566280747 -2.02743105192962 -0.957787714998721
170525_150309611 6 -0.48007970827045 -4.30327157776264 -0.0371106686460223 1.36132593343155 -2.00531143410685 -0.888393001663858
170525_150309628 6.01499999999942 -0.48007970827045 -4.30327157776264 -0.0371106686460223 1.39616539218857 -1.97038149743733 -0.901530538957409
170525_150309667 6.04700000000048 -0.479143496557962 -4.50324874905107 -0.0342376091026892 1.43978085931626 -1.92628397089184 -0.762665047773727
170525_150309755 6.14300000000003 -0.47705618045108 -4.90176554360153 0.0714979458099663 1.62151948004641 -1.88641460087236 -0.535527113445092
170525_150309785 6.17499999999927 -0.47705618045108 -4.90176554360153 0.0714979458099663 1.62151948004641 -1.88641460087236 -0.535527113445092
170525_150309817 6.20700000000033 -0.476588074594835 -5.00175412924568 0.0729344755816044 1.65587734554384 -1.89946796021071 -0.501788517124703
170525_150309865 6.2549999999992 -0.475651862882345 -5.20173130053399 0.075807535124909 1.84142878457374 -1.90390001417375 -0.46251206132109
170525_150309897 6.28700000000026 -0.575182430507515 -5.30218485558555 0.0774656622963619 1.91081081843346 -1.88222009824014 -0.441812339680114
170525_150309973 6.36700000000019 -0.575182430507515 -5.30218485558555 0.0774656622963619 1.99194114519927 -1.94348203924911 -0.410385705731155
170525_150310005 6.39899999999943 -0.575182430507515 -5.30218485558555 0.0774656622963619 1.99194114519927 -1.94348203924911 -0.410385705731155
170525_150310069 6.46399999999994 -0.575650536363759 -5.2021962699414 0.0760291325246953 2.00195198714504 -2.12275422041677 -0.306535861822256
170525_150310101 6.48699999999917 -0.675864102527077 -5.20409878737496 -0.0237387059015646 2.0476837841936 -2.21910725482503 -0.262430677223929
170525_150310177 6.5669999999991 -0.776115989182834 -5.10313762311182 0.0750357975526299 2.04667619311034 -2.26735775406347 -0.215908708211451
170525_150310207 6.59900000000016 -0.776798987720981 -5.00458658549405 -0.0263901680450829 2.01146754788009 -2.30217951764622 -0.20290712365417
170525_150310243 6.6309999999994 -0.777267093577226 -4.9045979998499 -0.0278266978167494 2.02393495480256 -2.33693130693381 -0.238939530875049
170525_150310337 6.72700000000077 -0.979136863965035 -4.50557359608797 -0.033129622103786 2.03417358499099 -2.46821012136524 -0.182025011758628
170525_150310369 6.76000000000022 -0.879138190483621 -4.50510862668057 -0.0333512195035723 2.03417358499099 -2.46821012136524 -0.182025011758628
170525_150310401 6.79099999999926 -0.879606296339865 -4.40512004103641 -0.0347877492752104 1.98760282633924 -2.42000113538128 -0.179422661691472
170525_150310463 6.85499999999956 -0.781265153601526 -4.003263181026 0.0592339700644118 1.84565563773662 -2.13628713414641 -0.0771410043598934
170525_150310496 6.88700000000063 -0.782884363852164 -3.7047349721197 -0.0450650550765772 1.77416802601421 -2.01847962419479 -0.00307287691871282
170525_150310527 6.92000000000007 -0.683353796226994 -3.60428141706814 -0.0467231822480301 1.71511233154235 -1.93546155817159 0.0349449067195935
170525_150310605 7 -0.683821902083238 -3.50429283142398 -0.0481597120196682 1.68179981756615 -1.87403415728445 -0.0455045257847091
170525_150310653 7.03900000000067 -0.685226219651973 -3.2043270744914 -0.0524693013346393 1.60238293035628 -1.71664425996281 -0.170843431400639
170525_150310684 7.07200000000012 -0.58641697105739 -2.90245880012537 0.0429889477766778 1.5342835575555 -1.64243800556366 -0.285378521556045
170525_150310747 7.13500000000022 -0.487139616606563 -2.70057911140339 0.139883726659576 1.52299509346549 -1.51176535709193 -0.343456162004501
170525_150310793 7.18299999999908 -0.487139616606563 -2.70057911140339 0.139883726659576 1.45353418696286 -1.53361074558741 -0.364399295620481
170525_150310921 7.31099999999969 -0.491820675169012 -1.70069325496172 0.125518428943053 0.980772504309716 -1.67502348289517 -0.593160306659673
170525_150310969 7.35900000000038 -0.491820675169012 -1.70069325496172 0.125518428943053 0.911449847138279 -1.69723047950304 -0.613993518968607
170525_150311014 7.40699999999924 -0.492971779563402 -1.50215363169957 0.0226559335737306 0.807719481931538 -1.70688737829988 -0.668774901908638
170525_150311078 7.47099999999955 -0.494844202988381 -1.10219928912272 0.0169098144871214 0.565065246143065 -1.80884783206737 -0.717962687800368
170525_150311108 7.4950000000008 -0.495780414700871 -0.902222117834526 0.0140367549438167 0.426618234489701 -1.85376620966503 -0.75945758937765
170525_150311175 7.55899999999929 -0.495780414700871 -0.902222117834526 0.0140367549438167 0.35741764307006 -1.87628349085804 -0.780184973113077
170525_150311265 7.65500000000065 -0.497867730807752 -0.503705323284066 -0.0916987999688672 0.089607733386279 -1.90871806557408 -0.758726904152159
170525_150311297 7.6880000000001 -0.49858904983834 -0.302290603969368 0.00541757631387441 -0.0271451596127096 -1.93108784315657 -0.731045180189726
170525_150311360 7.7510000000002 -0.599055829175998 -0.202766987732616 0.00420264394202263 -0.109060143245709 -1.91861652560468 -0.716711245811788
170525_150311432 7.81500000000051 -0.39905848221317 -0.20183704891781 0.00375944914244997 -0.133583529581777 -1.7543555489342 -0.741465106060238
170525_150311484 7.87900000000081 -0.300210913126147 -0.00283245624837036 -0.0993246436266872 -0.195907329934695 -1.3908156527637 -0.756653719891348
170525_150311566 7.95900000000074 -0.200212239644731 -0.0023674868409671 -0.0995462410264736 -0.186394637078571 -1.23869974396139 -0.747690003389934
170525_150311597 7.99200000000019 -0.199997346962829 -0.000929938814692832 0.000443194799572666 -0.186394637078571 -1.23869974396139 -0.747690003389934
170525_150311612 8.00699999999961 -0.200465452819073 0.0990586468294623 -0.000993334972093862 -0.220995332817265 -1.22671123423916 -0.782034263883465
170525_150311632 8.02299999999923 -0.200465452819073 0.0990586468294623 -0.000993334972093862 -0.173639131826262 -1.22702576402575 -0.830141417004093
170525_150311691 8.07999999999993 -0.100934885193904 0.199512201881021 -0.0026514621435183 -0.148241324627722 -1.25054394779179 -0.947478045153791
170525_150311730 8.11100000000079 -0.100934885193904 0.199512201881021 -0.0026514621435183 -0.148271778525667 -1.20372011726943 -0.995065783535404
170525_150311800 8.19100000000071 -0.100934885193904 0.199512201881021 -0.0026514621435183 -0.135572735775705 -1.23889330233464 -1.02994397863748
170525_150311834 8.22400000000016 -0.100466779337659 0.0995236162367519 -0.0012149323718802 -0.0882311762876803 -1.28597008292453 -1.03053705944024
170525_150311848 8.23899999999958 -0.100681672019562 0.0980860682104776 -0.101204368197926 -0.110119106078607 -1.35604864573649 -1.05217646187762
170525_150311921 8.30400000000009 -0.100428458845219 -0.00334006545983812 -0.199757274252278 -0.0846611794923752 -1.42636040750722 -1.12202911448488
170525_150311942 8.33499999999913 -0.100428458845219 -0.00334006545983812 -0.199757274252278 -0.0846611794923752 -1.42636040750722 -1.12202911448488
170525_150311960 8.35100000000057 -0.100428458845219 -0.00334006545983812 -0.199757274252278 -0.0846611794923752 -1.42636040750722 -1.12202911448488
170525_150312038 8.43100000000049 -0.0994922471327282 -0.203317236748148 -0.196884214708973 0.0318284650355586 -1.45044754062139 -1.10185811613755
170525_150312070 8.46399999999994 -0.0987709281021409 -0.404731956062847 -0.294000590991715 0.0791206487982846 -1.49755790301798 -1.10268118701245
170525_150312133 8.52700000000004 -0.0976198237077499 -0.603271579324769 -0.191138095622364 0.195570996996625 -1.52180365283359 -1.08269512286752
170525_150312214 8.60800000000017 -0.0968985046771618 -0.804686298639467 -0.288254471905105 0.23019615834173 -1.48687073506421 -1.09595702179363
170525_150312244 8.63899999999921 0.00425127319864416 -1.00276095249421 -0.185613573935512 0.334014733394227 -1.42908902268795 -1.08829850867213
170525_150312339 8.72700000000077 0.107273474499429 -1.60078994892558 -0.0772265568793671 0.507053138991577 -1.30144067698954 -1.10698871350354
170525_150312371 8.76000000000022 0.107058581817528 -1.60222749695174 -0.177215992705385 0.507053138991577 -1.30144067698954 -1.10698871350354
170525_150312466 8.85499999999956 0.0098685434735799 -2.20262398022419 -0.168375216675685 0.787257966259017 -1.30330864772878 -1.162934842298
170525_150312498 8.88700000000063 0.0108047551860704 -2.40260115151261 -0.16550215713238 0.95096774574358 -1.32791664883407 -1.19168593557113
170525_150312528 8.92000000000007 0.0110579683604133 -2.50402728518316 -0.26405506318676 1.0452635634191 -1.32782493370713 -1.28872794897582
170525_150312637 9.03099999999904 -0.087106602188463 -2.80158291547059 -0.0595450048199666 1.16190027820667 -1.39991453275994 -1.2220593624382
170525_150312731 9.1190000000006 -0.284763419870069 -3.30245578250617 -0.0519191611621181 1.33811501276929 -1.60214286578567 -1.14574149258571
170525_150312764 9.15200000000004 -0.184764746388653 -3.30199081309877 -0.0521407585619045 1.33811501276929 -1.60214286578567 -1.14574149258571
170525_150312826 9.21500000000015 -0.384508880177141 -3.40434688558389 -0.150250469816712 1.38512071089119 -1.69721605075944 -1.10047831260108
170525_150312920 9.31099999999969 -0.582380590540646 -3.90665730064586 -0.242614061984909 1.64156165499747 -2.00853931302927 -0.946980361730758
170525_150312952 9.34300000000076 -0.682379264022062 -3.90712227005315 -0.242392464585123 1.67594354870102 -2.02142744327484 -0.913311875291679
170525_150313033 9.42300000000068 -0.681228159627672 -4.10566189331519 -0.139529969215772 1.69723554020265 -2.04743275171101 -0.797084434250681
170525_150313114 9.50300000000061 -0.779822515540351 -4.40609261965517 -0.134998782501015 1.77379912856766 -2.11291408767468 -0.531053804244663
170525_150313143 9.53600000000006 -0.779354409684107 -4.50608120529932 -0.133562252729376 1.77301531799751 -2.16094036881419 -0.484388174887082
170525_150313175 9.5669999999991 -0.779822515540351 -4.40609261965517 -0.134998782501015 1.77301531799751 -2.16094036881419 -0.484388174887082
170525_150313254 9.64699999999903 -0.677989739126398 -4.7027183111278 0.0690680810662059 1.94990389140393 -2.45730463745044 -0.552951259230066
170525_150313286 9.67900000000009 -0.677521633270154 -4.80270689677195 0.0705046108378724 2.06736227131421 -2.67099177154448 -0.583948296451206
170525_150313379 9.76800000000003 -0.577054853932494 -4.90223051300893 0.0717195432097526 2.10291205832545 -2.87156202702597 -0.599548903903042
170525_150313415 9.79899999999907 -0.67705352741391 -4.90269548241622 0.0719411406095389 2.10291205832545 -2.87156202702597 -0.599548903903042
170525_150313460 9.84799999999996 -0.677521633270154 -4.80270689677195 0.0705046108378724 2.06653103886564 -2.95467653557386 -0.540054176113799
170525_150313491 9.87900000000081 -0.777988412607812 -4.7031832805352 0.0692896784659922 2.06653103886564 -2.95467653557386 -0.540054176113799
170525_150313553 9.9429999999993 -0.878201978771131 -4.70508579796888 -0.0304781599602677 2.07787547820235 -3.03763670510896 -0.529885127765615
170525_150313603 9.99200000000019 -0.878670084627377 -4.60509721232461 -0.0319146897319058 2.07787547820235 -3.03763670510896 -0.529885127765615
170525_150313634 10.0229999999992 -0.879353083165523 -4.50654617470673 -0.13334065532959 2.04265227768082 -3.07248981131422 -0.516733735844955
170525_150313713 10.1029999999992 -0.981224180071916 -4.1070568015374 -0.138865177016413 2.05393207712967 -3.15545743767607 -0.506601897036828
170525_150313745 10.1350000000002 -0.981224180071916 -4.1070568015374 -0.138865177016413 2.05393207712967 -3.15545743767607 -0.506601897036828
170525_150313792 10.1829999999991 -0.98169228592816 -4.00706821589324 -0.14030170678808 2.04129306057786 -3.12075607736347 -0.470409735739553
170525_150313884 10.2790000000005 -0.985183919603775 -3.30858566441032 -0.250346851015706 1.83999293003595 -2.75446980941154 -0.327676170214352
170525_150313916 10.3040000000001 -0.98565202546002 -3.20859707876605 -0.251783380787344 1.78085575884636 -2.67157860159886 -0.289019280909914
170525_150313948 10.3349999999991 -0.986120131316264 -3.10860849312189 -0.253219910559011 1.76829510374284 -2.63679525188083 -0.253028132150575
170525_150314028 10.4149999999991 -0.986841450346853 -2.90719377380731 -0.156103534276269 1.71282261658048 -2.64497345531168 -0.35583888359384
170525_150314074 10.4639999999999 -0.788716526809002 -2.50630949241588 -0.162292848162451 1.54149724427976 -2.62700152562795 -0.476454669237853
170525_150314106 10.4950000000008 -0.789652738521491 -2.30633232112746 -0.165165907705756 1.43826547089174 -2.63565056323201 -0.530213666602876
170525_150314184 10.5750000000007 -0.690122170896323 -2.20587876607578 -0.16682403487718 1.41685967271166 -2.65745010649955 -0.599512856245657
170525_150314231 10.6229999999996 -0.691526488465056 -1.90591300914332 -0.171133624192152 1.27960893293635 -2.65340293099437 -0.686728773593256
170525_150314328 10.7189999999991 -0.594336450121109 -1.30551652587098 -0.179974400221852 1.00598302982794 -2.59869748105094 -0.908113397792417
170525_150314356 10.7430000000004 -0.595019448659256 -1.2069654882531 -0.281400365819565 0.971038946236002 -2.63359056718721 -0.89482715719699
170525_150314404 10.7909999999993 -0.595272661833599 -1.10553935458256 -0.182847459765156 0.924183806490272 -2.58600859781323 -0.892775399000018
170525_150314467 10.8549999999996 -0.596676979402334 -0.805573597650096 -0.187157049080128 0.702425530044859 -2.38332866108967 -0.918832838526501
170525_150314504 10.8950000000004 -0.697865077770582 -0.504635262098759 -0.0912556051692945 0.561534964165561 -2.24096899664543 -0.913793602602866
170525_150314529 10.9200000000001 -0.597866404289166 -0.50417029269147 -0.0914772025690809 0.51454034981994 -2.19354998868496 -0.912228385047013
170525_150314610 11 -0.598549402827313 -0.405619255073475 -0.192903168166737 0.433248367140969 -2.13380145867679 -0.944563155954361
170525_150314640 11.030999999999 -0.599017508683557 -0.305630669429206 -0.194339697938403 0.373462129744639 -2.05139649232874 -0.907876242751217
170525_150314692 11.0799999999999 -0.500423152770878 -0.00519994308933747 -0.198870884653132 0.241580871631976 -1.8043457253481 -0.846990167451536
170525_150314759 11.143 -0.601104824790438 0.0928861251211401 -0.300075252851059 0.1473365062905 -1.70972791739962 -0.844834166076182
170525_150314799 11.1910000000007 -0.601104824790438 0.0928861251211401 -0.300075252851059 0.134633531943707 -1.67461722341452 -0.809739599976065
170525_150314878 11.2710000000006 -0.401360691001953 0.19524219760649 -0.201965541596252 -0.08878856718894 -1.52042387280097 -0.792966332131937
170525_150314911 11.3040000000001 -0.301830123376782 0.295695752658048 -0.203623668767676 -0.148688865119989 -1.4380292882168 -0.757301525315766
170525_150314926 11.3189999999995 -0.301830123376782 0.295695752658048 -0.203623668767676 -0.183209952689438 -1.42599915663509 -0.79155539297448
170525_150315005 11.3989999999994 -0.201831449895367 0.296160722065451 -0.203845266167463 -0.183209952689438 -1.42599915663509 -0.79155539297448
170525_150315103 11.4869999999992 -0.101617883732051 0.298063239498902 -0.104077427741231 -0.217598731773626 -1.36716099548346 -0.873372504679067
170525_150315131 11.5190000000002 -0.00161921025063716 0.298528208906305 -0.104299025141017 -0.239444347870914 -1.39041691743857 -0.942528908932252
170525_150315185 11.5669999999991 -0.00161921025063716 0.298528208906305 -0.104299025141017 -0.252166614251014 -1.35522759603257 -0.907663635487104
170525_150315256 11.646999999999 -0.101832776413953 0.296625691472741 -0.204066863567249 -0.220942428120093 -1.13306439660158 -0.877255792661222
170525_150315288 11.6790000000001 -0.201831449895367 0.296160722065451 -0.203845266167463 -0.258994683195203 -0.98066023285073 -0.820473774761451
170525_150315304 11.6949999999997 -0.201831449895367 0.296160722065451 -0.203845266167463 -0.224375407692596 -0.945773028504453 -0.833689618713506
170525_150315366 11.7600000000002 -0.201831449895367 0.296160722065451 -0.203845266167463 -0.202398773653061 -0.875678702669417 -0.812096487793342
170525_150315398 11.7909999999993 -0.201363344039121 0.196172136421296 -0.202408736395796 -0.202398773653061 -0.875678702669417 -0.812096487793342
170525_150315477 11.8709999999992 -0.200642025008534 -0.00524258289340196 -0.299525112678538 -0.0543752546979029 -0.677669901320593 -0.760625383365389
170525_150315512 11.9030000000002 -0.20017391915229 -0.105231168537557 -0.2980885829069 0.0496752020715605 -0.619881673163748 -0.752325755860272
170525_150315557 11.9509999999991 -0.100175245670876 -0.104766199130268 -0.298310180306686 0.0496752020715605 -0.619881673163748 -0.752325755860272
170525_150315593 11.9830000000002 -0.100175245670876 -0.104766199130268 -0.298310180306686 0.0842675489526513 -0.584981108738203 -0.765437144968912
170525_150315668 12.0550000000003 0.00148095855361596 -0.505693120325759 -0.392775094445852 0.254604978135353 -0.317054753781266 -0.691543462111969
170525_150315699 12.0869999999995 0.00241717026610555 -0.705670291614069 -0.389902034902548 0.380895583830101 -0.189323537737381 -0.661010089996111
170525_150315762 12.152 0.00310016880425223 -0.804221329232064 -0.288476069304892 0.437610559325028 -0.0843697406358719 -0.65204715554387
170525_150315839 12.232 0.104718052536304 -1.10228456873085 -0.184398641563661 0.57256576927117 -0.42449583262909 -0.849687440663469
170525_150315888 12.2790000000005 0.206589149442699 -1.5017739419003 -0.178874119876809 0.745741745637186 -0.916604254222229 -1.10663243798881
170525_150315950 12.3430000000008 0.10820968621192 -1.800767120214 -0.0743534973360624 0.856196807508243 -1.18608533005218 -1.23652795972024
170525_150315981 12.3760000000002 0.10820968621192 -1.800767120214 -0.0743534973360624 0.856196807508243 -1.18608533005218 -1.23652795972024
170525_150316046 12.4390000000003 0.00940043761733556 -2.10263539458003 -0.169811746447323 0.959999519065236 -1.12836525176746 -1.22863535824962
170525_150316072 12.4639999999999 -0.0891939182953436 -2.40306612092002 -0.165280559732594 1.11115221114222 -1.11798130158169 -1.22191186420894
170525_150316108 12.4950000000008 -0.188724485920512 -2.50351967597157 -0.163622432561141 1.1456739377664 -1.08297257406963 -1.23500348043821
170525_150316218 12.6080000000002 -0.187320168351778 -2.80348543290404 -0.159312843246198 1.28759664785788 -1.22498052767029 -1.23901758550663
170525_150316250 12.6389999999992 -0.28685073597695 -2.9039389879556 -0.157654716074745 1.34755866874482 -1.35474980999584 -1.22889105308454
170525_150316269 12.6550000000007 -0.386596196284021 -3.00583009103343 -0.255986024729367 1.37276144195353 -1.47203979918266 -1.25291886719831
170525_150316361 12.7510000000002 -0.584506227139969 -3.4052768243987 -0.149807275017139 1.50481232970856 -1.76664279591527 -1.26931715228016
170525_150316408 12.7989999999991 -0.584506227139969 -3.4052768243987 -0.149807275017139 1.56142060133837 -1.70944825987239 -1.21296325525824
170525_150316528 12.9110000000001 -0.782163044821575 -3.90614969143428 -0.14218143135929 1.74839472077194 -1.28521367054072 -0.738714239468981
170525_150316564 12.9590000000007 -0.781948152139673 -3.90471214340812 -0.0421919955332726 1.77064165368014 -1.26332006398273 -0.669035523305888
170525_150316581 12.9750000000004 -0.781480046283429 -4.00470072905227 -0.0407554657616345 1.77064165368014 -1.26332006398273 -0.669035523305888
170525_150316598 12.9920000000002 -0.781480046283429 -4.00470072905227 -0.0407554657616345 1.78304069436295 -1.2981461607884 -0.704756049865924
170525_150316612 13.0069999999996 -0.781480046283429 -4.00470072905227 -0.0407554657616345 1.81767666043005 -1.31111232682866 -0.670808653320756
170525_150316708 13.1029999999992 -0.679394056695133 -4.40275255419533 0.0647584917512631 2.00729603246245 -1.73775774805157 -0.679671985580522
170525_150316756 13.143 -0.678925950838889 -4.50274113983949 0.0661950215229012 1.98483898915894 -1.80744659936714 -0.702585034499886
170525_150316788 13.1749999999993 -0.678925950838889 -4.50274113983949 0.0661950215229012 2.01927322876871 -1.82057875185385 -0.668889524597125
170525_150316882 13.2710000000006 -0.779139517002205 -4.50464365727316 -0.0335728169033587 2.05253516448223 -1.92997733673608 -0.541910471958387
170525_150316916 13.3040000000001 -0.879353083165523 -4.50654617470673 -0.13334065532959 2.05186874493053 -1.97812092966064 -0.495288682590072
170525_150317007 13.3989999999994 -0.879606296339865 -4.40512004103641 -0.0347877492752104 2.06359824423903 -2.0610297145516 -0.484672757513622
170525_150317070 13.4639999999999 -0.98075607421567 -4.20704538718155 -0.137428647244775 2.08692206634579 -2.22688377032383 -0.463584518490283
170525_150317100 13.4950000000008 -0.98169228592816 -4.00706821589324 -0.14030170678808 2.0643167113816 -2.29649082569223 -0.486597413475194
170525_150317165 13.5589999999993 -0.98169228592816 -4.00706821589324 -0.14030170678808 2.07590143044573 -2.37942617908791 -0.476136447659068
170525_150317203 13.5910000000003 -0.982160391784404 -3.90707963024909 -0.141738236559718 2.06339909619367 -2.34469467871721 -0.44008205831283
170525_150317244 13.6309999999994 -0.983096603496895 -3.70710245896066 -0.144611296103022 2.01576926938067 -2.34481283812151 -0.391007582933467
170525_150317323 13.7109999999993 -0.985905238634363 -3.10717094509562 -0.153230474732965 1.87380804597846 -2.29687204378902 -0.290453066669834
170525_150317353 13.7430000000004 -0.986373344490607 -3.00718235945146 -0.154667004504603 1.83964118470466 -2.28356368506756 -0.323993445649907
170525_150317398 13.7909999999993 -1.08684012382827 -2.9076587432146 -0.155881936876483 1.82714648731116 -2.24877661982908 -0.288051997031915
170525_150317492 13.8790000000008 -0.989864978166223 -2.30869980796854 -0.264712148732229 1.57262343053758 -1.98229412007154 -0.393160261012329
170525_150317527 13.9200000000001 -0.890587623715398 -2.10682011924644 -0.167817369849274 1.56086762157036 -1.89951232218392 -0.404173545484399
170525_150317607 14 -0.891523835427886 -1.90684294795813 -0.170690429392579 1.47968900310872 -1.83856983086543 -0.435992941087191
170525_150317637 14.030999999999 -0.792461373658961 -1.70640080726241 -0.17378508633567 1.39901749372593 -1.72993028140498 -0.514830370297941
170525_150317686 14.0799999999999 -0.694335123602525 -1.30598149527827 -0.179752802822065 1.23624661945328 -1.60868484308333 -0.579191568536593
170525_150317757 14.143 -0.695271335315015 -1.10600432398985 -0.182625862365398 1.15511462016078 -1.50060725978569 -0.658609277805251
170525_150317813 14.1990000000005 -0.696207547027504 -0.906027152701654 -0.185498921908703 1.07323187219533 -1.48786336444293 -0.644055712045621
170525_150317907 14.2950000000001 -0.798799962964486 -0.305123060217738 -0.0939070673128128 0.619803137794213 -1.46944076312496 -0.710786886246185
170525_150317938 14.3269999999993 -0.699484288021218 -0.206107053192341 -0.195554630310284 0.537891167794921 -1.45686370420693 -0.696500068693031
170525_150317985 14.3760000000002 -0.799482961502632 -0.206572022599744 -0.195333032910497 0.537891167794921 -1.45686370420693 -0.696500068693031
170525_150318065 14.4560000000001 -0.700888605589952 0.0938587037401248 -0.199864219625226 0.292357148538191 -1.37205124664909 -0.701307401375208
170525_150318094 14.4869999999992 -0.601358037964781 0.194312258791683 -0.201522346796679 0.141104275043569 -1.38221067845639 -0.708271935457853
170525_150318158 14.5509999999995 -0.601826143821026 0.294300844435838 -0.202958876568317 0.0591565178814038 -1.3697596733867 -0.694273529848546
170525_150318267 14.6550000000007 -0.402296902714443 0.3952193688948 -0.204838601139556 -0.186534369671431 -1.28558054982789 -0.700123179449334
170525_150318315 14.7029999999995 -0.302551442407371 0.497110471972519 -0.106507292484963 -0.268510532147304 -1.27321785055476 -0.686350077420208
170525_150318379 14.768 -0.302551442407371 0.497110471972519 -0.106507292484963 -0.315762006454112 -1.22602012952615 -0.68587481013873
170525_150318412 14.7989999999991 -0.202552768925955 0.497575441379922 -0.106728889884749 -0.281040907578233 -1.19116751270958 -0.699115381760225
170525_150318522 14.9110000000001 -0.00255542196312675 0.498505380194615 -0.107172084684322 -0.293712796983973 -0.968776703704972 -0.854936376419922
170525_150318571 14.9590000000007 -0.00255542196312675 0.498505380194615 -0.107172084684322 -0.293712796983973 -0.968776703704972 -0.854936376419922
170525_150318586 14.9750000000004 -0.00255542196312675 0.498505380194615 -0.107172084684322 -0.293712796983973 -0.968776703704972 -0.854936376419922
170525_150318672 15.0630000000001 -0.102768988126442 0.496602862761051 -0.206939923110554 -0.281193215506152 -0.95724346902608 -0.93740745373427
170525_150318698 15.0869999999995 -0.102768988126442 0.496602862761051 -0.206939923110554 -0.281193215506152 -0.95724346902608 -0.93740745373427
170525_150318792 15.1829999999991 -0.00323842050127254 0.59705641781261 -0.208598050281978 -0.281193215506152 -0.95724346902608 -0.93740745373427
170525_150318824 15.2150000000001 -0.103237093982687 0.596591448405206 -0.208376452882192 -0.259285913659493 -0.887127951015883 -0.915864561255665
170525_150318855 15.2469999999994 -0.103451986664588 0.595153900378932 -0.308365888708238 -0.23736540485027 -0.817013288643615 -0.894308494057097
170525_150318949 15.3430000000008 -0.103451986664588 0.595153900378932 -0.308365888708238 -0.218995619492228 -0.55959142355324 -0.829430813299381
170525_150318980 15.3760000000002 -0.103451986664588 0.595153900378932 -0.308365888708238 -0.218995619492228 -0.55959142355324 -0.829430813299381
170525_150319095 15.4789999999994 -0.00345331318317399 0.595618869786335 -0.308587486108024 -0.244532053116516 -0.442396009875963 -0.807807662018761
170525_150319122 15.5110000000004 -0.00298520732692964 0.49563028414218 -0.307150956336386 -0.257098558337691 -0.407165012086772 -0.773114995520255
170525_150319137 15.527 0.0967985734725847 0.494657705523423 -0.40736198956219 -0.257098558337691 -0.407165012086772 -0.773114995520255
170525_150319231 15.6229999999996 0.197480245492146 0.396571637312832 -0.306157621364292 -0.206782170004836 -0.548059977153305 -0.911948684831752
170525_150319265 15.6550000000007 0.197480245492146 0.396571637312832 -0.306157621364292 -0.168580159525755 -0.700427946291418 -0.968433262641401
170525_150319359 15.7510000000002 0.298161917511706 0.29848556910224 -0.204953253166366 -0.12717325380859 -0.946489920756583 -1.16401533332121
170525_150319438 15.8310000000001 0.198416457204637 0.196594466024521 -0.303284561820988 -0.0670261815298809 -1.02863324042633 -1.19929829982008
170525_150319530 15.9200000000001 0.0991391027538082 -0.00528522269746645 -0.400179340703914 0.0185249055763716 -1.18104917208479 -1.30454304576886
170525_150319562 15.9509999999991 0.0993539954357097 -0.00384767467130587 -0.300189904877897 0.0312438122301765 -1.21618167951722 -1.3394768860248
170525_150319629 16.0149999999994 0.100075314466299 -0.205262393985777 -0.39730628116061 0.0914025891342943 -1.29826427976924 -1.37513174303597
170525_150319713 16.0949999999993 0.00126606587171452 -0.507130668352033 -0.49276453027187 0.280605050524858 -1.39240367149473 -1.47341124422434
170525_150319752 16.143 0.00173417172795887 -0.607119253996075 -0.491328000500232 0.293344587650498 -1.42747416370768 -1.50849073026763
170525_150319823 16.2070000000003 0.0022022775842041 -0.707107839640344 -0.489891470728566 0.384173762487348 -1.33431329934081 -1.46579621855076
170525_150319863 16.2549999999992 0.00313848929669369 -0.907085010928768 -0.487018411185261 0.505991561489651 -1.06605646957292 -1.34404709437214
170525_150319879 16.2710000000006 0.00360659515293893 -1.00707359657292 -0.485581881413594 0.54963400673853 -0.925950737983742 -1.30017719818491
170525_150319941 16.3349999999991 -0.0954558666159864 -1.20751573726864 -0.482487224470503 0.650126871485334 -0.72789316320147 -1.19988345797038
170525_150319973 16.3670000000002 -0.0952409739340849 -1.20607818924236 -0.382497788644486 0.650126871485334 -0.72789316320147 -1.19988345797038
170525_150320023 16.4149999999991 -0.0947728680778397 -1.30606677488652 -0.381061258872847 0.74457653479708 -0.775078490420604 -1.24890699270479
170525_150320117 16.5110000000004 0.10803311402246 -1.90506834993676 -0.372885275042478 0.971116238514525 -0.974286765093348 -1.45318266492625
170525_150320149 16.5360000000001 0.108248006704361 -1.90363080191059 -0.27289583921646 1.00550710923579 -0.939238957631216 -1.46630582449447
170525_150320184 16.5669999999991 0.108248006704361 -1.90363080191059 -0.27289583921646 0.971116238514525 -0.974286765093348 -1.45318266492625
170525_150320243 16.6309999999994 0.00850254639728831 -2.00552190498843 -0.371227147871053 1.05340666706661 -1.03365783678401 -1.42011040370549
170525_150320291 16.6790000000001 -0.0907748080535384 -2.2074015937103 -0.46812192675398 1.113383988625 -1.11578632759302 -1.45667810810306
170525_150320370 16.7600000000002 -0.0900918095153918 -2.3059526313283 -0.366695961156296 1.18263907947876 -1.09302000385079 -1.43567037859539
170525_150320403 16.7909999999993 -0.190090482996806 -2.30641760073559 -0.36647436375651 1.21746383267303 -1.10533719143879 -1.40155065081957
170525_150320466 16.8549999999996 -0.389366510929049 -2.50876225886509 -0.46314754523965 1.29991074315094 -1.21241701544244 -1.32164735921507
170525_150320495 16.8870000000006 -0.489111971236121 -2.61065336194281 -0.561478853894272 1.33467106582602 -1.22485903045094 -1.28759558638835
170525_150320575 16.9670000000006 -0.488643865379876 -2.71064194758696 -0.560042324122634 1.40416273279837 -1.24984456350852 -1.21952346687951
170525_150320605 17 -0.588427646179388 -2.70966936896809 -0.459831290896801 1.39164441930472 -1.2149624404948 -1.18399193939214
170525_150320653 17.0470000000005 -0.688173106486461 -2.81156047204593 -0.558162599551395 1.50550600072029 -1.14798355610059 -1.02378630103816
170525_150320700 17.0869999999995 -0.687705000630217 -2.91154905769008 -0.556726069779756 1.53767684501797 -1.06875058624237 -0.848925643759951
170525_150320780 17.1669999999995 -0.787488781429729 -2.91057647907121 -0.456515036553924 1.57242373252123 -1.08150356647096 -0.814840293365541
170525_150320841 17.232 -0.686339003553923 -3.10865113292584 -0.353874138584359 1.62949346129805 -1.07225135416392 -0.711077864692644
170525_150320906 17.2950000000001 -0.685187899159532 -3.30719075618811 -0.251011643215037 1.73371908594056 -1.06307459340114 -0.655872439503077
170525_150320936 17.3269999999993 -0.685402791841434 -3.30862830421427 -0.351001079041055 1.72135765842199 -1.02822754578001 -0.620214273705224
170525_150320983 17.3760000000002 -0.685402791841434 -3.30862830421427 -0.351001079041055 1.73363750699862 -1.1109336785902 -0.608895405947392
170525_150321063 17.4560000000001 -0.585189225678116 -3.30672578678082 -0.251233240614823 1.69100992205848 -1.43777079834795 -0.701558826125395
170525_150321079 17.4709999999995 -0.685187899159532 -3.30719075618811 -0.251011643215037 1.70317450704613 -1.52046781601878 -0.69039546485621
170525_150321127 17.5190000000002 -0.584974332996214 -3.30528823875454 -0.151243804788777 1.72775507227824 -1.63799969170399 -0.715040413212119
170525_150321143 17.5360000000001 -0.584974332996214 -3.30528823875454 -0.151243804788777 1.6928875664972 -1.67292133489739 -0.702022472331471
170525_150321235 17.6229999999996 -0.685656005015776 -3.20720217054384 -0.252448172986703 1.64764657781441 -1.86028239874139 -0.700657480553796
170525_150321282 17.6710000000003 -0.685909218190119 -3.10577603687341 -0.153895266932324 1.57990815831989 -2.11735535982205 -0.721985831477912
170525_150321345 17.7350000000006 -0.786590890209679 -3.00768996866293 -0.255099635130222 1.52258252736623 -2.22198727676964 -0.731539348786989
170525_150321425 17.8150000000005 -0.887310882721684 -2.80674021875575 -0.157761661447694 1.53444847260443 -2.30467301222108 -0.720603550659779
170525_150321441 17.8310000000001 -0.887778988577928 -2.70675163311148 -0.15919819121936 1.49946387053528 -2.33956453425814 -0.70746002640865
170525_150321458 17.848 -0.888247094434173 -2.60676304746733 -0.160634720990998 1.46446814880959 -2.37445103439837 -0.694307972558277
170525_150321505 17.8950000000004 -0.98943519280242 -2.3058247119161 -0.0647332770801654 1.44121933145721 -2.49201758272643 -0.670232082346034
170525_150321586 17.9750000000004 -0.989903298658665 -2.20583612627183 -0.0661698068518319 1.44121933145721 -2.49201758272643 -0.670232082346034
170525_150321615 18.0069999999996 -0.99037140451491 -2.10584754062768 -0.06760633662347 1.42858907626499 -2.45717450439834 -0.634431889823176
170525_150321647 18.0390000000007 -0.990839510371154 -2.00585895498364 -0.0690428663951366 1.38181511160419 -2.40935480929208 -0.632206918316268
170525_150321728 18.1190000000006 -0.892498367632817 -1.60400209497311 0.0249788529445141 1.3106218775851 -2.24401940342172 -0.605378996017305
170525_150321775 18.1669999999995 -0.89271326031472 -1.60543964299939 -0.0750105828815322 1.3106218775851 -2.24401940342172 -0.605378996017305
170525_150321841 18.232 -0.793650798545793 -1.40499750230367 -0.0781052398246231 1.25478914344728 -2.25315144589425 -0.70837886008938
170525_150321870 18.2630000000008 -0.794587010258283 -1.20502033101536 -0.0809782993679278 1.23319260254998 -2.27521769751135 -0.777706097739849
170525_150321918 18.3109999999997 -0.695056442633113 -1.10456677596369 -0.0826364265393806 1.21226057241008 -2.24966914837613 -0.893866662530752
170525_150321978 18.3670000000002 -0.695524548489358 -1.00457819031965 -0.0840729563110187 1.17737077045704 -2.28458045067482 -0.8806630661152
170525_150322011 18.3989999999994 -0.695739441171259 -1.00601573834581 -0.184062392137037 1.14312171750544 -2.2718704395663 -0.914318270716792
170525_150322057 18.4470000000001 -0.696890545565651 -0.807476115083659 -0.286924887506387 0.992188761299877 -2.2814651449745 -0.919611677752771
170525_150322135 18.527 -0.798508429297701 -0.509412875584758 -0.39100231524759 0.82855010912947 -2.25620677544726 -0.889469908701094
170525_150322167 18.5589999999993 -0.798293536615799 -0.507975327558597 -0.291012879421572 0.82855010912947 -2.25620677544726 -0.889469908701094
170525_150322215 18.6080000000002 -0.698509755816287 -0.508947906177355 -0.391223912647376 0.781590958842599 -2.20869973810797 -0.887732484975527
170525_150322300 18.6880000000001 -0.699914073385021 -0.208982149244775 -0.395533501962348 0.640620014273516 -2.06628074496915 -0.882864234773788
170525_150322327 18.7189999999991 -0.700128966066923 -0.21041969727105 -0.495522937788365 0.593598272153993 -2.0188419981871 -0.881356141793179
170525_150322374 18.768 -0.700128966066923 -0.21041969727105 -0.495522937788365 0.580901917910075 -1.98382703074594 -0.846013842564857
170525_150322486 18.8790000000008 -0.400639371971366 -0.00617252170820848 -0.299081917878965 0.408564308852174 -1.44409323034928 -0.633919307656471
170525_150322501 18.8950000000004 -0.30064069848995 -0.00570755230080522 -0.299303515278751 0.361440416388429 -1.39665810167814 -0.632929082672609
170525_150322521 18.9110000000001 -0.30064069848995 -0.00570755230080522 -0.299303515278751 0.348844451437274 -1.36156658764081 -0.597793812311688
170525_150322601 18.9920000000002 -0.30064069848995 -0.00570755230080522 -0.299303515278751 0.336502209978291 -1.27927957149189 -0.610042399191609
170525_150322675 19.0630000000001 -0.201325023546681 0.0933084547245926 -0.400951078276222 0.311763674552787 -1.02049637721544 -0.72959723563479
170525_150322721 19.1110000000008 -0.0013276765838528 0.0942383935392854 -0.401394273075795 0.286512247460485 -0.856093309836252 -0.754550530474629
170525_150322785 19.1749999999993 -0.00111278390195046 0.095675941565446 -0.301404837249777 0.321156102014054 -0.821190949767788 -0.767661306564486
170525_150322816 19.2070000000003 -0.00111278390195046 0.095675941565446 -0.301404837249777 0.273813480893566 -0.773912599875295 -0.767101414267848
170525_150322832 19.2240000000002 -0.101579563239609 0.195199557802312 -0.302619769621629 0.226453393081606 -0.726652376374026 -0.766599053925306
170525_150322912 19.3040000000001 -0.101579563239609 0.195199557802312 -0.302619769621629 0.15341977293047 -0.515165242624261 -0.791635822984425
170525_150322944 19.3349999999991 -0.102262561777756 0.293750595420306 -0.404045735219313 0.175469382901641 -0.445097699076714 -0.769837627553832
170525_150323023 19.4149999999991 -0.102262561777756 0.293750595420306 -0.404045735219313 0.175469382901641 -0.445097699076714 -0.769837627553832
170525_150323117 19.5110000000004 -0.102262561777756 0.293750595420306 -0.404045735219313 0.162554509600245 -0.36298678704003 -0.78266657560605
170525_150323202 19.5910000000003 -0.102262561777756 0.293750595420306 -0.404045735219313 0.137575654221037 -0.292657688460679 -0.712968821888912
170525_150323306 19.6949999999997 -0.00273199415258762 0.394204150471865 -0.405703862390737 0.0911374643710479 0.328183808700525 -0.430242957342241
170525_150323338 19.7270000000008 0.097266679328829 0.394669119879268 -0.405925459790524 0.101014165450074 0.433484574095086 -0.373739154334624
170525_150323431 19.8230000000003 0.0979496778669748 0.296118082261273 -0.304499494192868 0.0911374643710479 0.328183808700525 -0.430242957342241
170525_150323510 19.9030000000002 0.298415130686051 0.197059435431811 -0.303506159220774 0.166049177897909 0.0700554618675395 -0.590907463711345
170525_150323541 19.9349999999995 0.398413804167465 0.197524404839214 -0.30372775662056 0.143918453993082 -2.62113998230159E-05 -0.61271054672908
170525_150323562 19.9509999999991 0.398628696849366 0.198961952865488 -0.203738320794514 0.156345880839366 -0.0352068138802737 -0.647507905222871
170525_150323637 20.0229999999992 0.398413804167465 0.197524404839214 -0.30372775662056 0.165430811431333 0.117001525349921 -0.638734723706435
170525_150323666 20.0550000000003 0.398881910023709 0.0975358191949454 -0.302291226848894 0.222053330471723 0.222002889581802 -0.62988951390818
170525_150323745 20.1350000000002 0.398667017341808 0.0960982711687848 -0.402280662674912 0.278674194610429 0.3270071202069 -0.620990763669576
170525_150323777 20.1669999999995 0.398667017341808 0.0960982711687848 -0.402280662674912 0.278674194610429 0.3270071202069 -0.620990763669576
170525_150323870 20.2630000000008 0.298921557034735 -0.00579283190904789 -0.500611971329505 0.33863880890771 0.244609609949171 -0.655708627158858
170525_150323903 20.2950000000001 0.298921557034735 -0.00579283190904789 -0.500611971329505 0.385487405842433 0.244386952144261 -0.703488562049545
170525_150324019 20.4069999999992 0.299604555572882 -0.104343869526929 -0.399186005731821 0.442859154223039 0.302355245920866 -0.646682511908986
170525_150324043 20.4390000000003 0.300072661429128 -0.204332455171084 -0.397749475960183 0.474877897985982 0.477628032165322 -0.567901551888833
170525_150324141 20.5360000000001 0.300540767285373 -0.304321040815239 -0.396312946188516 0.560598711537202 0.945343768325308 -0.436115682549809
170525_150324172 20.5589999999993 0.300540767285373 -0.304321040815239 -0.396312946188516 0.526124807063581 0.910428471381061 -0.423330778166101
170525_150324258 20.646999999999 0.50125943327879 -0.504805821315131 -0.493872517270802 0.502861683948445 0.887436721546505 -0.493268499924881
170525_150324297 20.6880000000001 0.601941105298351 -0.602891889525495 -0.392668149072904 0.479614317301948 0.864403733709671 -0.56318896855547
170525_150324363 20.7510000000002 0.702407884636012 -0.702415505762474 -0.391453216701024 0.456382755903519 0.841329530642788 -0.633092175983046
170525_150324394 20.7829999999994 0.702622777317913 -0.700977957736313 -0.291463780875006 0.491861994022152 0.829248800203747 -0.597978644795028
170525_150324407 20.7989999999991 0.702622777317913 -0.700977957736313 -0.291463780875006 0.468647498126102 0.80617376288977 -0.667873042587361
170525_150324504 20.8950000000004 0.703558989030403 -0.900955129024737 -0.288590721331701 0.574201851235739 0.770675528961501 -0.798003445140246
170525_150324536 20.9269999999997 0.803772555193717 -0.89905261159106 -0.188822882905441 0.62081463621261 0.770532155098464 -0.845700869110892
170525_150324616 21.0069999999996 0.704027094886648 -1.00094371466889 -0.287154191560063 0.62081463621261 0.770532155098464 -0.845700869110892
170525_150324709 21.1029999999992 0.504751066954405 -1.20328837279806 -0.383827373043204 0.702909995017024 0.758341785890325 -0.858381670563003
170525_150324757 21.152 0.505219172810651 -1.30327695844221 -0.382390843271537 0.702909995017024 0.758341785890325 -0.858381670563003
170525_150324841 21.232 0.40568860518548 -1.40373051349377 -0.380732716100113 0.741976749522188 0.558868903124919 -0.867437251626884
170525_150324868 21.2549999999992 0.30615803756031 -1.50418406854544 -0.37907458892866 0.802966639235953 0.429418924579652 -0.854687134394615
170525_150324960 21.3510000000006 0.307094249272799 -1.70416123983375 -0.376201529385355 0.936891101002168 0.135272237611729 -0.864958371605115
170525_150324992 21.384 0.307562355129043 -1.80414982547791 -0.374764999613717 0.936891101002168 0.135272237611729 -0.864958371605115
170525_150325054 21.4470000000001 0.20849989336012 -2.00459196617362 -0.371670342670626 1.03269272747559 -0.00671838735821651 -0.818291333188519
170525_150325086 21.4789999999994 0.209436105072609 -2.20456913746182 -0.368797283127321 1.09313783737199 -0.136481160020252 -0.806560332403554
170525_150325181 21.5750000000007 0.210587209467 -2.40310876072408 -0.265934787757971 1.15346078168109 -0.266311791471332 -0.795054101549595
170525_150325259 21.646999999999 0.11199285355432 -2.70353948706395 -0.261403601043241 1.29162148774653 -0.888190171229855 -0.947317768591967
170525_150325373 21.7600000000002 0.01361339032354 -3.00253266537766 -0.156882978502438 1.4545728257719 -1.5796290535634 -1.17367936812261
170525_150325447 21.8400000000001 -0.186383956639288 -3.00346260419235 -0.156439783702893 1.45435597036819 -1.67489568960397 -1.07974717558684
170525_150325557 21.9509999999991 -0.385913197745875 -3.10438112865131 -0.154560059131654 1.45360504188035 -1.81793575987405 -0.938978998059079
170525_150325590 21.9830000000002 -0.386128090427777 -3.10581867667759 -0.254549494957701 1.46617419672827 -1.85278982157763 -0.974658326071117
170525_150325635 22.030999999999 -0.486594869765435 -3.00629506044083 -0.255764427329581 1.47797120732424 -1.98309051383495 -0.916630531163824
170525_150325664 22.0390000000007 -0.586593543246849 -3.00676002984824 -0.255542829929794 1.4900853506056 -2.06568711753951 -0.905529118570429
170525_150325783 22.1669999999995 -0.686592216728265 -3.00722499925553 -0.255321232530008 1.51353313530731 -2.27872629460507 -0.836719550260591
170525_150325825 22.2150000000001 -0.687060322584511 -2.90723641361137 -0.256757762301675 1.47637385199506 -2.12640604325225 -0.776180778832997
170525_150325888 22.2790000000005 -0.688249747471343 -2.60583310865252 -0.161077915790571 1.49088122009199 -1.63825423832155 -0.471370737637108
170525_150325918 22.3109999999997 -0.688249747471343 -2.60583310865252 -0.161077915790571 1.45401803389004 -1.48577728678499 -0.411329729260356
170525_150326030 22.4230000000007 -0.689400851865734 -2.40729348539048 -0.263940411159922 1.44201540960729 -1.4030703213643 -0.422661918766117
170525_150326045 22.4390000000003 -0.689400851865734 -2.40729348539048 -0.263940411159922 1.47694329160656 -1.36819945703334 -0.435640498732318
170525_150326169 22.5589999999993 -0.590123497414907 -2.20541379666849 -0.167045632276967 1.54705035965954 -1.25061534196213 -0.508545670454388
170525_150326295 22.6880000000001 -0.592893812059935 -1.70834596450015 -0.374207152787307 1.30379792561788 -1.35158795372085 -0.558682887922741
170525_150326324 22.7189999999991 -0.693360591397595 -1.60882234826317 -0.375422085159187 1.23437025176808 -1.37369329023607 -0.579689883942327
170525_150326404 22.7989999999991 -0.693828697253839 -1.50883376261913 -0.376858614930825 1.21199507238453 -1.4435124685887 -0.602164928513455
170525_150326436 22.8310000000001 -0.694081910428181 -1.4074076289487 -0.278305708876474 1.17713320934397 -1.47839988824115 -0.589115614342913
170525_150326576 22.9509999999991 -0.795699794160233 -1.10934438944969 -0.382383136617676 0.946333135795823 -1.66235707212115 -0.627115915461871
170525_150326625 23.0149999999994 -0.796167900016477 -1.00935580380565 -0.383819666389314 0.889137908018435 -1.767077726614 -0.636292389614208
170525_150326721 23.1110000000008 -0.697358651421895 -0.707487529439504 -0.288361417278054 0.645291368231839 -1.96363040885253 -0.591171982913799
170525_150326836 23.2240000000002 -0.597828083796725 -0.607033974387946 -0.290019544449478 0.621187279837233 -1.79879355095141 -0.614716490923757
170525_150326862 23.2549999999992 -0.497829410315311 -0.606569004980543 -0.290241141849265 0.596894245995416 -1.63400955662003 -0.638454193649021
170525_150326942 23.3349999999991 -0.39808395000824 -0.504677901902824 -0.191909833194671 0.616891890015708 -1.32944101221572 -0.618169993064688
170525_150326973 23.3670000000002 -0.39808395000824 -0.504677901902824 -0.191909833194671 0.616891890015708 -1.32944101221572 -0.618169993064688
170525_150327037 23.4310000000005 -0.298768275064971 -0.405661894877539 -0.293557396192142 0.550490637421711 -1.49191307180065 -0.731730283228282
170525_150327051 23.4390000000003 -0.299236380921215 -0.305673309233271 -0.294993925963809 0.493817695748566 -1.54947979938979 -0.787874920594771
170525_150327130 23.5190000000002 -0.199705813296044 -0.205219754181712 -0.296652053135233 0.440460719615804 -1.74716696610806 -0.936387114169706
170525_150327210 23.5990000000002 -0.199705813296044 -0.205219754181712 -0.296652053135233 0.371280317038626 -1.76981136132685 -0.957143582133837
170525_150327288 23.6790000000001 -0.20017391915229 -0.105231168537557 -0.2980885829069 0.242248040971992 -1.71014217774072 -0.941607234717439
170525_150327367 23.7600000000002 -0.200856917690436 -0.00668013091956254 -0.399514548504555 0.160355103386905 -1.69777990277656 -0.927285238177093
170525_150327446 23.8400000000001 -0.201325023546681 0.0933084547245926 -0.400951078276222 0.0908739435007789 -1.76756108606785 -0.900717313373457
170525_150327526 23.9200000000001 -0.201325023546681 0.0933084547245926 -0.400951078276222 -0.0130353532342132 -1.82521032089145 -0.908169030907487
170525_150327612 24 -0.201325023546681 0.0933084547245926 -0.400951078276222 -0.00376241301088742 -1.72006708676867 -0.851385739656109
170525_150327682 24.0720000000001 -0.00158088975819481 0.195664527209715 -0.302841367021415 0.0216639380204045 -1.12331565774574 -0.731847222275009
170525_150327779 24.1669999999995 0.0986326764051224 0.197567044643392 -0.203073528595155 0.0627695114889124 -0.795906659738351 -0.644283515307127
170525_150327857 24.2469999999994 0.198416457204637 0.196594466024521 -0.303284561820988 0.166540986227574 -0.644262713992045 -0.73123460804394
170525_150327983 24.3760000000002 0.398413804167465 0.197524404839214 -0.30372775662056 0.304531676698894 -0.457608406256206 -0.831202496470532
170525_150328015 24.4069999999992 0.298415130686051 0.197059435431811 -0.303506159220774 0.317034639356577 -0.492734622544373 -0.866143267240706
170525_150328088 24.4789999999994 0.198416457204637 0.196594466024521 -0.303284561820988 0.329546136643848 -0.527855947949637 -0.901094465689139
170525_150328175 24.5669999999991 0.198201564522735 0.195156917998361 -0.403273997647005 0.295013576957675 -0.562792140295004 -0.888007545388034
170525_150328204 24.5990000000002 0.198416457204637 0.196594466024521 -0.303284561820988 0.364481675498037 -0.53994617065449 -0.866558611475438
170525_150328288 24.6790000000001 0.198454777697076 0.0937307843278177 -0.501826903701357 0.411911031676062 -0.587175906585766 -0.867031584009393
170525_150328394 24.7829999999994 0.198922883553321 -0.00625780131633746 -0.500390373929719 0.481387504966064 -0.564397516814609 -0.845597041209299
170525_150328423 24.8150000000005 0.199137776235224 -0.00482025329006319 -0.400400938103701 0.446818870533715 -0.599328950983944 -0.832534566008635
170525_150328519 24.9110000000001 0.300072661429128 -0.204332455171084 -0.397749475960183 0.447119224290705 -0.646437668593946 -0.784985294912836
170525_150328551 24.9429999999993 0.299857768747225 -0.205770003197358 -0.4977389117862 0.412510689832729 -0.681354271759848 -0.771914789008841
170525_150328644 25.0390000000007 0.401690545161177 -0.502395694670099 -0.29367204821898 0.540929454360503 -0.599624258781151 -0.928748802762961
170525_150328706 25.0949999999993 0.502625430355083 -0.701907896551006 -0.291020586075462 0.66945953451899 -0.564864466436411 -1.03809782643266
170525_150328786 25.1749999999993 0.603307102374643 -0.799993964761484 -0.189816217877535 0.66945953451899 -0.564864466436411 -1.03809782643266
170525_150328851 25.2389999999996 0.502878643529426 -0.803334030221322 -0.389573492129813 0.625055315275697 -0.657799702232693 -1.12966641869452
170525_150328929 25.3189999999995 0.403133183222351 -0.905225133299268 -0.487904800784406 0.615673746117447 -0.762887465407624 -1.18677403067309
170525_150329007 25.3989999999994 0.403601289078598 -1.00521371894342 -0.48646827101274 0.650126871485334 -0.72789316320147 -1.19988345797038
170525_150329086 25.4789999999994 0.304538827309672 -1.20565585963914 -0.483373614069649 0.741911340709382 -0.68216654700583 -1.10905771979501
170525_150329148 25.5429999999997 0.204540153828258 -1.20612082904643 -0.483152016669862 0.776387422301291 -0.647177810516391 -1.12212718257877
170525_150329246 25.6389999999992 0.10522447888499 -1.30513683607171 -0.38150445367242 0.808390249862079 -0.519338291679326 -0.995269273172439
170525_150329308 25.6949999999997 0.105945797915577 -1.50655155538641 -0.478620829955133 0.853008053510721 -0.426589871957722 -0.903489303893271
170525_150329371 25.7600000000002 0.105945797915577 -1.50655155538641 -0.478620829955133 0.888006808605531 -0.438908537278921 -0.869005710415261
170525_150329387 25.7749999999996 0.105945797915577 -1.50655155538641 -0.478620829955133 0.888006808605531 -0.438908537278921 -0.869005710415261
170525_150329490 25.8709999999992 0.307815568303386 -1.90557595914834 -0.473317905668068 1.03212564227663 -0.626277160871422 -1.0589348370165
170525_150329558 25.9509999999991 0.408497240322948 -2.00366202735893 -0.37211353747017 1.05705272442322 -0.696228058665208 -1.12949390058456
170525_150329590 25.9830000000002 0.408965346179192 -2.10365061300297 -0.370677007698532 1.05705272442322 -0.696228058665208 -1.12949390058456
170525_150329677 26.0630000000001 0.209006319708806 -2.20744423351437 -0.568776154779385 1.14230730746983 -0.895761471436691 -1.18919780680393
170525_150329781 26.1749999999993 0.209689318246951 -2.30599527113236 -0.467350189181673 1.20217096599105 -0.97801450890895 -1.22575714964242
170525_150329855 26.232 0.00969197128411992 -2.30692520994717 -0.4669069943821 1.21525010140386 -1.10779168328269 -1.1667371029496
170525_150329939 26.3269999999993 -0.0902683817048526 -2.41025386105116 -0.66522773886274 1.15880256560608 -1.2601501750912 -1.12882311975839
170525_150329971 26.3590000000004 -0.0900534890229512 -2.408816313025 -0.565238303036722 1.15880256560608 -1.2601501750912 -1.12882311975839
170525_150330047 26.4390000000003 -0.290518941842025 -2.30975766619554 -0.566231638008816 1.18102646199033 -1.28518080593825 -1.01215709362114
170525_150330116 26.5030000000006 -0.390770828497784 -2.2087965019324 -0.467457134554621 1.25030231067538 -1.35785735962704 -0.896961431310864
170525_150330141 26.5360000000001 -0.390770828497784 -2.2087965019324 -0.467457134554621 1.25030231067538 -1.35785735962704 -0.896961431310864
170525_150330207 26.5990000000002 -0.390770828497784 -2.2087965019324 -0.467457134554621 1.21558104637062 -1.39280170422521 -0.883891173329908
170525_150330236 26.6309999999994 -0.390770828497784 -2.2087965019324 -0.467457134554621 1.19321053518526 -1.51022279686312 -0.859236191581232
170525_150330347 26.7350000000006 -0.291708366728858 -2.0083543612368 -0.470551791497712 1.13852726616989 -1.84981992353227 -0.867943585307693
170525_150330443 26.8310000000001 -0.292214793077544 -1.80550209389594 -0.273445979388981 1.1167178364832 -1.87210469521233 -0.937322063076495
170525_150330541 26.9269999999997 -0.19340554448296 -1.5036338195298 -0.177987730277692 1.14231229966646 -1.89439656629878 -1.05540676394295
170525_150330598 26.9920000000002 -0.193620437164862 -1.50507136755607 -0.277977166103739 1.10756138219677 -1.92934600631045 -1.04222387975368
170525_150330703 27.0949999999993 -0.396388098772721 -1.00893347420242 -0.484695491814477 0.852682445243842 -1.99664342730303 -1.05532339158792
170525_150330820 27.2150000000001 -0.396856204628966 -0.908944888558267 -0.486132021586116 0.770855904678611 -1.98417309236927 -1.04048794449075
170525_150330900 27.2870000000003 -0.498259195679115 -0.609444101032977 -0.4902200135013 0.625976185135095 -1.74938976028537 -0.896141671169598
170525_150330931 27.3189999999995 -0.498259195679115 -0.609444101032977 -0.4902200135013 0.613323295374032 -1.71437058698397 -0.860836944324315
170525_150330996 27.384 -0.498727301535359 -0.509455515388936 -0.491656543272967 0.613323295374032 -1.71437058698397 -0.860836944324315
170525_150331075 27.4639999999999 -0.299236380921215 -0.305673309233271 -0.294993925963809 0.44919994741425 -1.73659505061957 -0.784667344938887
170525_150331105 27.4950000000008 -0.299236380921215 -0.305673309233271 -0.294993925963809 0.414773396316261 -1.7242563420804 -0.818687893948065
170525_150331168 27.5589999999993 -0.299236380921215 -0.305673309233271 -0.294993925963809 0.379978230998176 -1.75913986237955 -0.805455124850204
170525_150331247 27.6389999999992 -0.0997071398146296 -0.204754784774423 -0.296873650535019 0.333210155401865 -1.66460684326016 -0.851583130613767
170525_150331278 27.6710000000003 -0.0997071398146296 -0.204754784774423 -0.296873650535019 0.311435962892865 -1.68744244694388 -0.920809900425374
170525_150331340 27.7350000000006 0.00029153366678436 -0.204289815367019 -0.297095247934806 0.311435962892865 -1.68744244694388 -0.920809900425374
170525_150331373 27.768 0.00029153366678436 -0.204289815367019 -0.297095247934806 0.311435962892865 -1.68744244694388 -0.920809900425374
170525_150331435 27.8230000000003 -0.000176572189461766 -0.104301229722864 -0.298531777706444 0.273642415751015 -1.53507868813767 -0.862716006624985
170525_150331466 27.8549999999996 -0.000644678045706115 -0.00431264407870913 -0.29996830747811 0.213956675918076 -1.40561837603779 -0.874069574530624
170525_150331513 27.9030000000002 -0.000897891220049019 0.0971134895917203 -0.201415401423731 0.176129515350156 -1.25322922576801 -0.816358841205767
170525_150331623 28.0149999999994 -0.00111278390195046 0.095675941565446 -0.301404837249777 0.163551144217409 -1.17107745047422 -0.828816466197582
170525_150331685 28.0799999999999 -0.00179578244009715 0.194226979183554 -0.402830802847433 0.103629752714742 -1.13569762442417 -0.745648988612646
170525_150331763 28.1589999999997 -0.00179578244009715 0.194226979183554 -0.402830802847433 0.138323140557175 -1.10081408438811 -0.758824407164879
170525_150331796 28.1829999999991 -0.00179578244009715 0.194226979183554 -0.402830802847433 0.0910411058896551 -1.05355431111176 -0.758206243424269
170525_150331860 28.2469999999994 0.0982028910413195 0.194691948590958 -0.403052400247219 0.0848994049973696 -0.725867437617314 -0.6224991264283
170525_150332001 28.3909999999996 0.197733458666489 0.295145503642516 -0.404710527418644 0.0818342595041338 -0.538497691777577 -0.578589532686726
170525_150332034 28.4230000000007 0.298415130686051 0.197059435431811 -0.303506159220774 0.0722123200812825 -0.643718025625784 -0.635244273506927
170525_150332113 28.5030000000006 0.498412477648881 0.197989374246617 -0.303949354020347 0.116231541647709 -1.07685881654556 -0.875666425046093
170525_150332132 28.5190000000002 0.498627370330782 0.199426922272892 -0.2039599181943 0.0815934526823379 -1.11176278389171 -0.86247544653916
170525_150332214 28.6080000000002 0.498627370330782 0.199426922272892 -0.2039599181943 0.116231541647709 -1.07685881654556 -0.875666425046093
170525_150332288 28.6790000000001 0.498627370330782 0.199426922272892 -0.2039599181943 0.125524438062339 -0.924705632939721 -0.86648531641978
170525_150332381 28.7749999999996 0.398881910023709 0.0975358191949454 -0.302291226848894 0.112751301081834 -0.842609698408827 -0.879140623236473
170525_150332410 28.7989999999991 0.398881910023709 0.0975358191949454 -0.302291226848894 0.147333002602576 -0.807692172137957 -0.892291553076062
170525_150332473 28.8629999999994 0.299136449716638 -0.00435528388277362 -0.400622535503487 0.216731410990708 -0.784823860764818 -0.870976037188418
170525_150332616 29.0069999999996 0.199605882091468 -0.104808838934218 -0.398964408332034 0.317747234736476 -0.586797014715227 -0.770911128017669
170525_150332695 29.0869999999995 0.200327201122056 -0.306223558248803 -0.496080784614747 0.494886202486281 -0.0265350305288428 -0.595337382312493
170525_150332811 29.1990000000005 0.300793980459714 -0.405747174485782 -0.494865852242867 0.573873878888097 0.148430481507977 -0.56421756319319
170525_150332868 29.2630000000008 0.402411864191766 -0.70381041398457 -0.390788424501693 0.652160899866725 0.370576761682204 -0.58070833317692
170525_150332980 29.3670000000002 0.603345422867086 -0.902857646458187 -0.388358559757933 0.708041398981449 0.522721168135181 -0.619240222275561
170525_150333057 29.4470000000001 0.704065415379088 -1.10380739636537 -0.485696533440432 0.813751300901414 0.487363718297929 -0.749829334402141
170525_150333141 29.527 0.704533521235332 -1.20379598200964 -0.484260003668794 0.884014900367714 0.464334575444382 -0.915435882820918
170525_150333216 29.6080000000002 0.60500295361016 -1.30424953706108 -0.482601876497341 0.919395977388136 0.452133340133878 -0.880574481528317
170525_150333311 29.7029999999995 0.405941818359821 -1.50515664716431 -0.479285622154464 0.941498512471328 0.522175417775353 -0.85839534532532
170525_150333388 29.7829999999994 0.305943144878407 -1.50562161657172 -0.479064024754678 0.941498512471328 0.522175417775353 -0.85839534532532
170525_150333489 29.8790000000008 0.306449571227093 -1.70847388391246 -0.676169836863437 1.10751517367684 0.402937765019031 -0.789179416265417
170525_150333586 29.9750000000004 0.206919003601925 -1.80892743896391 -0.674511709692013 1.15510257625542 0.355555710520062 -0.789531504361747
170525_150333663 30.0470000000005 0.207602002140071 -1.9074784765819 -0.573085744094328 1.16678387109733 0.365757695133516 -0.636840418056442
170525_150333743 30.1350000000002 0.108539540371144 -2.10792061727761 -0.569991087151237 1.2251717578789 0.375769289058516 -0.532100819960765
170525_150333866 30.2549999999992 0.309687991728365 -2.30553030172507 -0.467571786581459 1.32672738014222 -0.138930490143723 -0.812111010036216
170525_150333897 30.2870000000003 0.31015609758461 -2.40551888736923 -0.466135256809793 1.37657792963027 -0.326215120169416 -0.906108105625589
170525_150333959 30.3510000000006 0.310839096122757 -2.50406992498722 -0.364709291212137 1.42651313843941 -0.513436503235305 -1.00037265910758
170525_150334054 30.4470000000001 0.111309855016172 -2.60498844944595 -0.362829566640897 1.47431169715848 -0.608467892163898 -0.954239054338087
170525_150334086 30.4789999999994 0.111094962334271 -2.60642599747223 -0.462819002466944 1.52163764795554 -0.655970960826627 -0.955432651657503
170525_150334151 30.5429999999997 0.0110962888528547 -2.60689096687963 -0.462597405067157 1.48706177194917 -0.690960533307832 -0.942492100934425
170525_150334229 30.6229999999996 -0.0891172773104616 -2.60879348431331 -0.562365243493417 1.50002176016648 -0.821097291414611 -0.883631710149237
170525_150334294 30.6880000000001 -0.289329516955193 -2.61116097115416 -0.661911484519862 1.52525941179356 -1.03387316737762 -0.81335699590592
170525_150334374 30.768 -0.289329516955193 -2.61116097115416 -0.661911484519862 1.53770760736261 -1.11645591344828 -0.80186638790188
170525_150334467 30.8629999999994 -0.390049509467197 -2.4102112212471 -0.564573510837363 1.51835099091327 -0.710512500886168 -0.438054780945589
170525_150334547 30.9349999999995 -0.390302722641539 -2.30878508757667 -0.466020604782983 1.52663709921821 -0.513959385050184 -0.239079307948531
170525_150334643 31.030999999999 -0.291455153554516 -2.10978049490711 -0.56910469755212 1.45892760755659 -0.67557201943325 -0.354181925514132
170525_150334728 31.1110000000008 -0.192177799103686 -1.90790080618513 -0.472209918669165 1.41612519808315 -0.954834876966638 -0.492988107287986
170525_150334752 31.143 -0.192177799103686 -1.90790080618513 -0.472209918669165 1.41612519808315 -0.954834876966638 -0.492988107287986
170525_150334799 31.1910000000007 -0.192177799103686 -1.90790080618513 -0.472209918669165 1.38138834761302 -0.942022000899744 -0.527168367402851
170525_150334829 31.2240000000002 -0.192645904959932 -1.80791222054097 -0.473646448440803 1.35897102077378 -1.01184447726714 -0.549718397724239
170525_150334902 31.2950000000001 -0.194050222528666 -1.5079464636085 -0.477956037755774 1.26716845906346 -1.05618810577176 -0.64054257925478
170525_150334922 31.3189999999995 -0.19451832838491 -1.40795787796424 -0.479392567527412 1.23245352102979 -1.0434987936657 -0.674702433395507
170525_150334988 31.3760000000002 -0.19451832838491 -1.40795787796424 -0.479392567527412 1.23245352102979 -1.0434987936657 -0.674702433395507
170525_150335039 31.4310000000005 -0.294985107722571 -1.30843426172748 -0.480607499899293 1.12823985390471 -1.10067887147552 -0.682851729219354
170525_150335067 31.4560000000001 -0.295453213578816 -1.20844567608333 -0.482044029670959 1.09347922191018 -1.13558925549055 -0.669828844674899
170525_150335113 31.5030000000006 -0.395919992916476 -1.10892205984646 -0.483258962042811 1.0240455746881 -1.15789349527782 -0.69094764142461
170525_150335145 31.5360000000001 -0.396134885598379 -1.11035960787274 -0.583248397868857 0.954627483395975 -1.18023682539816 -0.712053167799287
170525_150335177 31.5669999999991 -0.496133559079793 -1.11082457728014 -0.583026800469071 0.989281393061784 -1.19279911324104 -0.677900557100069
170525_150335294 31.6880000000001 -0.497069770792282 -0.910847405991944 -0.585899860012404 0.877314921285056 -0.830309515244748 -0.40730190763518
170525_150335318 31.7109999999993 -0.39728598999277 -0.911819984610702 -0.68611089323818 0.887334766881436 -0.725396626046783 -0.349751713794071
170525_150335429 31.8230000000003 -0.39728598999277 -0.911819984610702 -0.68611089323818 0.840158181310041 -0.677758018305605 -0.34890427368827
170525_150335592 31.9830000000002 -0.0968601841847203 -0.907549980336171 -0.486796813785475 0.792954390484607 -0.677565077962033 -0.300735259678399
170525_150335651 32.0390000000007 -0.0973282900409655 -0.807561394691902 -0.488233343557141 0.807760592198775 -0.852590230702244 -0.428647292497115
170525_150335727 32.1190000000006 0.102669056921863 -0.806631455877096 -0.488676538356685 0.800454189783127 -1.09747804886192 -0.578883444820592
170525_150335752 32.1350000000002 0.102669056921863 -0.806631455877096 -0.488676538356685 0.800454189783127 -1.09747804886192 -0.578883444820592
170525_150335829 32.2240000000002 0.102200951065619 -0.70664287023294 -0.490113068128352 0.696350101588665 -1.10738639433213 -0.634285345504465
170525_150335907 32.2950000000001 0.101479632035032 -0.505228150918356 -0.392996691845639 0.639531414843724 -1.11759901400447 -0.737982584899747
170525_150335935 32.3269999999993 0.00126606587171452 -0.507130668352033 -0.49276453027187 0.60480829443966 -1.15249876180328 -0.724879677747557
170525_150335998 32.3909999999996 0.00126606587171452 -0.507130668352033 -0.49276453027187 0.592309681632452 -1.07018496380359 -0.737048825502346
170525_150336076 32.4709999999995 0.000114961477322595 -0.308591045089884 -0.595627025641221 0.529653748326733 -0.800378509370201 -0.656183645997378
170525_150336108 32.5030000000006 -0.100351817860336 -0.209067428853132 -0.596841958013101 0.469875440255008 -0.717893267646984 -0.620441998732657
170525_150336187 32.5750000000007 -0.100351817860336 -0.209067428853132 -0.596841958013101 0.492087519314113 -0.647909119374039 -0.598423739638125
170525_150336331 32.7189999999991 0.0993923159281493 -0.106711356367896 -0.498732246758266 0.46598480939496 0.277152719412825 -0.294066296683305
170525_150336396 32.7909999999993 0.0993923159281493 -0.106711356367896 -0.498732246758266 0.478278746020574 0.242008268979648 -0.328964952196045
170525_150336550 32.9429999999993 0.399350015879953 -0.00245276644920978 -0.300854697077256 0.466439274764367 -0.436205499579507 -0.670989958213003
170525_150336582 32.9750000000004 0.399350015879953 -0.00245276644920978 -0.300854697077256 0.453994559181345 -0.401097196344616 -0.635987857967772
170525_150336676 33.0630000000001 0.298883236542295 0.0970708497875421 -0.302069629449107 0.327354880375665 -0.481635253973212 -0.714052547647318
170525_150336807 33.1990000000005 0.298200238004149 0.19562188740565 -0.403495595046792 0.258135875321231 -0.551440463436872 -0.687934749742546
170525_150336898 33.2870000000003 0.197986671840832 0.193719369972086 -0.503263433473023 0.239179884204506 -0.808814583135997 -0.753990557900658
170525_150336929 33.3189999999995 0.197986671840832 0.193719369972086 -0.503263433473023 0.251731981823032 -0.843941886162292 -0.788970683759719
170525_150337024 33.4149999999991 0.198454777697076 0.0937307843278177 -0.501826903701357 0.270879474659355 -0.633626850799933 -0.675279163106349
170525_150337054 33.4470000000001 0.19866967037898 0.0951683323540919 -0.401837467875339 0.302709119275249 -0.458440391898932 -0.596533959016343
170525_150337101 33.4950000000008 0.199137776235224 -0.00482025329006319 -0.400400938103701 0.331715552581575 -0.095841840731977 -0.473674429288502
170525_150337133 33.527 0.299136449716638 -0.00435528388277362 -0.400622535503487 0.341595634383128 0.00933950354445148 -0.4168462537387
170525_150337197 33.5910000000003 0.299136449716638 -0.00435528388277362 -0.400622535503487 0.376227076666212 0.0442150291081267 -0.429780757502966
170525_150337212 33.6080000000002 0.399135123198052 -0.00389031447537036 -0.400844132903273 0.410847936225319 0.0790954297162421 -0.442707278924224
170525_150337321 33.7109999999993 0.601004893585861 -0.402914718237298 -0.395541208616208 0.642258786674394 0.265438300745868 -0.637731844568578
170525_150337415 33.8070000000007 0.601219786267762 -0.401477170211137 -0.295551772790191 0.689072866983617 0.265278921568695 -0.685590124259161
170525_150337447 33.8400000000001 0.601687892124007 -0.501465755855293 -0.294115243018553 0.748189583961266 0.230060592714143 -0.768465827813898
170525_150337514 33.9030000000002 0.602155997980253 -0.601454341499334 -0.292678713246886 0.749969212311424 0.137040146699597 -0.908268305228375
170525_150337607 34 0.502157324498837 -0.601919310906737 -0.2924571158471 0.762332780530014 0.101974549211673 -0.943289390772458
170525_150337636 34.0149999999994 0.502625430355083 -0.701907896551006 -0.291020586075462 0.797559064254021 0.0897917285433697 -0.908563767586817
170525_150337734 34.1270000000004 0.303349402422841 -0.904252554680397 -0.387693767558602 0.847064830758784 -0.0503990551761853 -1.04882494513639
170525_150337752 34.143 0.303349402422841 -0.904252554680397 -0.387693767558602 0.847064830758784 -0.0503990551761853 -1.04882494513639
170525_150337781 34.1749999999993 0.303349402422841 -0.904252554680397 -0.387693767558602 0.847064830758784 -0.0503990551761853 -1.04882494513639
170525_150337844 34.2389999999996 0.303602615597184 -1.00567868835083 -0.486246673612953 0.863751133066982 -0.319906526544299 -1.08115680327373
170525_150337877 34.2710000000006 0.304323934627771 -1.20709340766541 -0.583363049895695 0.867276469926678 -0.507171676683429 -1.12610816359878
170525_150337956 34.3510000000006 0.304323934627771 -1.20709340766541 -0.583363049895695 0.858750704224603 -0.706646377365682 -1.08854992616421
170525_150337988 34.384 0.204793367002603 -1.30754696271686 -0.581704922724271 0.893244325776758 -0.671657266141141 -1.10160309785508
170525_150338087 34.4789999999994 0.206880683109482 -1.70606375726732 -0.475969367811587 1.02932294210083 -0.486336170903112 -0.966163430376594
170525_150338114 34.5030000000006 0.207563681647629 -1.8046147948852 -0.374543402213931 1.06383469068251 -0.4513539790844 -0.979144850715358
170525_150338191 34.5830000000005 0.208031787503876 -1.90460338052935 -0.373106872442264 1.13336353833644 -0.428756778787126 -0.957678827234453
170525_150338304 34.6949999999997 0.210625529959442 -2.50597244242078 -0.464477129638368 1.42868647444155 -0.605653857950323 -1.14096841763786
170525_150338366 34.7600000000002 0.210625529959442 -2.50597244242078 -0.464477129638368 1.47607754661083 -0.653050153321393 -1.14213206472014
170525_150338459 34.8549999999996 0.0120325005653434 -2.80686813816806 -0.459724345523824 1.48934834596648 -0.783047553864314 -1.08318423038558
170525_150338476 34.8709999999992 -0.0879661729160697 -2.80733310757546 -0.459502748124066 1.5242532174123 -0.795628240030742 -1.04897735904087
170525_150338507 34.8950000000004 -0.0877129597417277 -2.90875924124589 -0.558055654178446 1.52456848330116 -0.843239235691771 -1.0018168263894
170525_150338571 34.9590000000007 -0.187458420048797 -3.01065034432349 -0.656386962833011 1.48997796018885 -0.878230726852274 -0.988844418264816
170525_150338587 34.9750000000004 -0.187458420048797 -3.01065034432349 -0.656386962833011 1.48997796018885 -0.878230726852274 -0.988844418264816
170525_150338679 35.0720000000001 -0.385621664079092 -3.30867094401844 -0.451655307066432 1.64439696734974 -1.24661839902344 -0.840653346456076
170525_150338711 35.1029999999992 -0.485620337560506 -3.30913591342585 -0.451433709666645 1.66920421512504 -1.36408302503233 -0.865026743752054
170525_150338791 35.1829999999991 -0.48515223170426 -3.40912449907 -0.449997179895007 1.66906833980984 -1.41188148208911 -0.818092285460272
170525_150338812 35.1990000000005 -0.485367124386163 -3.41056204709628 -0.549986615721053 1.66906833980984 -1.41188148208911 -0.818092285460272
170525_150338917 35.3109999999997 -0.584467906647528 -3.50814050609529 -0.348349616897536 1.58327315655181 -1.49876039140463 -0.474690447244876
170525_150338933 35.3269999999993 -0.584682799329429 -3.50957805412156 -0.448339052723554 1.58327315655181 -1.49876039140463 -0.474690447244876
170525_150338999 35.3909999999996 -0.584467906647528 -3.50814050609529 -0.348349616897536 1.61820144592305 -1.46387787639695 -0.487669454205148
170525_150339029 35.4230000000007 -0.584936012503773 -3.40815192045113 -0.349786146669203 1.6655355024409 -1.46383801556295 -0.536347328272444
170525_150339107 35.4950000000008 -0.4849756595148 -3.30482326934714 -0.151465402188563 1.78229196305412 -1.44188601950089 -0.564109678768543
170525_150339139 35.527 -0.485443765371045 -3.20483468370287 -0.15290193196023 1.81717828381536 -1.4069774856187 -0.577063569047813
170525_150339202 35.5910000000003 -0.486126763909191 -3.10628364608499 -0.254327897557914 1.78229196305412 -1.44188601950089 -0.564109678768543
170525_150339233 35.6229999999996 -0.486594869765435 -3.00629506044083 -0.255764427329581 1.78229196305412 -1.44188601950089 -0.564109678768543
170525_150339296 35.6880000000001 -0.588934072528073 -2.50681710162746 -0.26272547878807 1.60854278393342 -1.5206104128368 -0.592969993459681
170525_150339342 35.7350000000006 -0.589870284240563 -2.30683993033904 -0.265598538331375 1.57364914895955 -1.55550946935784 -0.57996768270091
170525_150339438 35.8310000000001 -0.591274601809298 -2.00687417340657 -0.269908127646318 1.43487222317061 -1.59948633612934 -0.621707963920132
170525_150339469 35.8629999999994 -0.592678919378033 -1.70690841647399 -0.274217716961289 1.36550655865609 -1.62153310075334 -0.642559019039553
170525_150339580 35.9750000000004 -0.694550016284427 -1.30741904330455 -0.279742238648112 1.26128001182521 -1.67851348554768 -0.650323174255691
170525_150339610 36.0069999999996 -0.594804555977355 -1.20552794022683 -0.181410929993518 1.17941487717905 -1.66571483121698 -0.635587781394406
170525_150339674 36.0630000000001 -0.497146411777164 -0.705120042598537 -0.18881517625158 0.829561424891493 -1.68448672044747 -0.599412925769007
