Time(s) x(mm) y(mm) z(mm) rx(deg) ry(deg) rz(deg)
0 -0.0369129554173497 0.0378628296842862 3.50245682912015 0 1.9878466759147E-16 4.11856983166077E-15
84.947 -0.0369129554173497 0.0378628296842862 3.50245682912015 0 1.9878466759147E-16 4.11856983166077E-15
85.0830000000001 -0.0369129554173497 0.0378628296842862 3.50245682912015 0 1.9878466759147E-16 4.11856983166077E-15
807.647 -0.0369129554173497 0.0378628296842862 3.50245682912015 0 1.9878466759147E-16 4.11856983166077E-15
807.876 -0.018280134018994 -0.0124857221912862 2.5038989483287 0 1.9878466759147E-16 4.11856983166077E-15
85.312 -0.018280134018994 -0.0124857221912862 2.5038989483287 0 1.9878466759147E-16 4.11856983166077E-15
807.894 -0.018280134018994 -0.0124857221912862 2.5038989483287 0 1.9878466759147E-16 4.11856983166077E-15
85.33 -0.018280134018994 -0.0124857221912862 2.5038989483287 0 1.9878466759147E-16 4.11856983166077E-15
807.908 -0.018280134018994 -0.0124857221912862 2.5038989483287 0 1.9878466759147E-16 4.11856983166077E-15
85.5410000000001 0.0536061466922888 0.0255795970693953 1.60202124369511 0 1.9878466759147E-16 4.11856983166077E-15
808.105 0.0536061466922888 0.0255795970693953 1.60202124369511 0 1.9878466759147E-16 4.11856983166077E-15
85.619 -0.026085949957718 0.0704879726256422 1.39798103310807 0 1.9878466759147E-16 4.11856983166077E-15
808.183 -0.026085949957718 0.0704879726256422 1.39798103310807 0 1.9878466759147E-16 4.11856983166077E-15
85.6370000000001 0.0591959931117998 0.0104750315067577 1.30245387945769 0 1.9878466759147E-16 4.11856983166077E-15
808.201 0.0591959931117998 0.0104750315067577 1.30245387945769 0 1.9878466759147E-16 4.11856983166077E-15
808.269 -0.022359385678044 0.0604182622505505 1.19826945694973 0 1.9878466759147E-16 4.11856983166077E-15
85.705 -0.022359385678044 0.0604182622505505 1.19826945694973 0 1.9878466759147E-16 4.11856983166077E-15
808.288 -0.020496103538207 0.0553834070628909 1.09841366887059 0 1.9878466759147E-16 4.11856983166077E-15
85.724 -0.020496103538207 0.0553834070628909 1.09841366887059 0 1.9878466759147E-16 4.11856983166077E-15
85.796 0.0647858395312966 -0.00462953405599364 1.00288651522021 0 1.9878466759147E-16 4.11856983166077E-15
808.36 0.0647858395312966 -0.00462953405599364 1.00288651522021 0 1.9878466759147E-16 4.11856983166077E-15
85.8680000000001 0.0666491216711336 -0.00966438924353952 0.903030727141072 0 1.9878466759147E-16 4.11856983166077E-15
808.432 0.0666491216711336 -0.00966438924353952 0.903030727141072 0 1.9878466759147E-16 4.11856983166077E-15
808.51 -0.0149062571187102 0.0402788415002533 0.798846304633173 0 1.9878466759147E-16 4.11856983166077E-15
85.946 -0.0149062571187102 0.0402788415002533 0.798846304633173 0 1.9878466759147E-16 4.11856983166077E-15
808.591 -0.0130429749788732 0.0352439863127074 0.698990516554034 0 1.9878466759147E-16 4.11856983166077E-15
86.027 -0.0130429749788732 0.0352439863127074 0.698990516554034 0 1.9878466759147E-16 4.11856983166077E-15
808.608 -0.0130429749788732 0.0352439863127074 0.698990516554034 0 1.9878466759147E-16 4.11856983166077E-15
86.044 -0.0130429749788732 0.0352439863127074 0.698990516554034 0 1.9878466759147E-16 4.11856983166077E-15
808.62 -0.0111796928390362 0.0302091311251615 0.599134728474837 0 1.9878466759147E-16 4.11856983166077E-15
86.0590000000001 -0.0111796928390362 0.0302091311251615 0.599134728474837 0 1.9878466759147E-16 4.11856983166077E-15
808.634 -0.0111796928390362 0.0302091311251615 0.599134728474837 0 1.9878466759147E-16 4.11856983166077E-15
808.702 -0.0167695392585472 0.0453136966877992 0.898702092712313 0 1.9878466759147E-16 4.11856983166077E-15
86.138 -0.0167695392585472 0.0453136966877992 0.898702092712313 0 1.9878466759147E-16 4.11856983166077E-15
86.1550000000001 0.0647858395312966 -0.00462953405599364 1.00288651522021 0 1.9878466759147E-16 4.11856983166077E-15
808.719 0.0629225573914738 0.000405321131552228 1.10274230329935 0 1.9878466759147E-16 4.11856983166077E-15
86.171 0.00407925165903578 -0.0729039844418367 1.30562949137891 0 1.9878466759147E-16 4.11856983166077E-15
808.735 0.00407925165903578 -0.0729039844418367 1.30562949137891 0 1.9878466759147E-16 4.11856983166077E-15
86.191 0.000352687379361782 -0.0628342740667449 1.50534106753719 0 1.9878466759147E-16 4.11856983166077E-15
808.755 0.000352687379361782 -0.0628342740667449 1.50534106753719 0 1.9878466759147E-16 4.11856983166077E-15
808.78 -0.00337387690031221 -0.0527645636916532 1.70505264369547 0 1.9878466759147E-16 4.11856983166077E-15
86.216 -0.00337387690031221 -0.0527645636916532 1.70505264369547 0 1.9878466759147E-16 4.11856983166077E-15
86.239 -0.00523715904014921 -0.0477297085041073 1.80490843177466 0 1.9878466759147E-16 4.11856983166077E-15
808.803 -0.00523715904014921 -0.0477297085041073 1.80490843177466 0 1.9878466759147E-16 4.11856983166077E-15
86.263 -0.00710044117997199 -0.0426948533165614 1.90476421985375 0 1.9878466759147E-16 4.11856983166077E-15
808.827 -0.00710044117997199 -0.0426948533165614 1.90476421985375 0 1.9878466759147E-16 4.11856983166077E-15
86.288 -0.00710044117997199 -0.0426948533165614 1.90476421985375 0 1.9878466759147E-16 4.11856983166077E-15
808.852 -0.00710044117997199 -0.0426948533165614 1.90476421985375 0 1.9878466759147E-16 4.11856983166077E-15
808.875 -0.00896372331980899 -0.0376599981290155 2.00462000793294 0 1.9878466759147E-16 4.11856983166077E-15
86.311 -0.00896372331980899 -0.0376599981290155 2.00462000793294 0 1.9878466759147E-16 4.11856983166077E-15
808.892 -0.00896372331980899 -0.0376599981290155 2.00462000793294 0 1.9878466759147E-16 4.11856983166077E-15
86.3280000000001 -0.00896372331980899 -0.0376599981290155 2.00462000793294 0 1.9878466759147E-16 4.11856983166077E-15
86.407 -0.018280134018994 -0.0124857221912862 2.5038989483287 0 1.9878466759147E-16 4.11856983166077E-15
808.971 -0.018280134018994 -0.0124857221912862 2.5038989483287 0 1.9878466759147E-16 4.11856983166077E-15
86.423 -0.020143416158831 -0.00745086700362663 2.60375473640778 0 1.9878466759147E-16 4.11856983166077E-15
808.987 -0.020143416158831 -0.00745086700362663 2.60375473640778 0 1.9878466759147E-16 4.11856983166077E-15
809.011 -0.020143416158831 -0.00745086700362663 2.60375473640778 0 1.9878466759147E-16 4.11856983166077E-15
86.447 -0.020143416158831 -0.00745086700362663 2.60375473640778 0 1.9878466759147E-16 4.11856983166077E-15
809.03 -0.020143416158831 -0.00745086700362663 2.60375473640778 0 1.9878466759147E-16 4.11856983166077E-15
86.466 -0.020143416158831 -0.00745086700362663 2.60375473640778 0 1.9878466759147E-16 4.11856983166077E-15
809.048 -0.020143416158831 -0.00745086700362663 2.60375473640778 0 1.9878466759147E-16 4.11856983166077E-15
86.484 -0.020143416158831 -0.00745086700362663 2.60375473640778 0 1.9878466759147E-16 4.11856983166077E-15
809.064 -0.022006698298668 -0.00241601181608075 2.70361052448698 0 1.9878466759147E-16 4.11856983166077E-15
86.5 -0.022006698298668 -0.00241601181608075 2.70361052448698 0 1.9878466759147E-16 4.11856983166077E-15
809.081 -0.022006698298668 -0.00241601181608075 2.70361052448698 0 1.9878466759147E-16 4.11856983166077E-15
86.5170000000001 -0.023869980438505 0.00261884337146512 2.80346631256612 0 1.9878466759147E-16 4.11856983166077E-15
809.097 -0.023869980438505 0.00261884337146512 2.80346631256612 0 1.9878466759147E-16 4.11856983166077E-15
86.533 -0.0257332625783278 0.00765369855901099 2.90332210064526 0 1.9878466759147E-16 4.11856983166077E-15
86.533 -0.0275965447181648 0.0126885537465569 3.00317788872439 0 1.9878466759147E-16 4.11856983166077E-15
809.12 -0.0275965447181648 0.0126885537465569 3.00317788872439 0 1.9878466759147E-16 4.11856983166077E-15
86.568 -0.0294598268580017 0.0177234089341027 3.10303367680353 0 1.9878466759147E-16 4.11856983166077E-15
809.135 -0.0294598268580017 0.0177234089341027 3.10303367680353 0 1.9878466759147E-16 4.11856983166077E-15
86.634 -0.0369129554173497 0.0378628296842862 3.50245682912015 0 1.9878466759147E-16 4.11856983166077E-15
809.198 0.046505705512331 -0.0171152562471661 3.50678546354897 0 1.9878466759147E-16 4.11856983166077E-15
86.652 -0.0369129554173497 0.0378628296842862 3.50245682912015 0 1.9878466759147E-16 4.11856983166077E-15
809.216 0.046505705512331 -0.0171152562471661 3.50678546354897 0 1.9878466759147E-16 4.11856983166077E-15
86.668 0.046505705512331 -0.0171152562471661 3.50678546354897 0 1.9878466759147E-16 4.11856983166077E-15
809.232 0.046505705512331 -0.0171152562471661 3.50678546354897 0 1.9878466759147E-16 4.11856983166077E-15
809.307 0.0409158590928342 -0.00201069068452853 3.80635282778644 0 1.9878466759147E-16 4.11856983166077E-15
86.7430000000001 0.0409158590928342 -0.00201069068452853 3.80635282778644 0 1.9878466759147E-16 4.11856983166077E-15
86.7610000000001 0.0390525769529972 0.00302416450301735 3.90620861586552 0 1.9878466759147E-16 4.11856983166077E-15
809.325 0.0390525769529972 0.00302416450301735 3.90620861586552 0 1.9878466759147E-16 4.11856983166077E-15
86.7850000000001 0.0353260126733232 0.0130938748782228 4.1059201920238 0 1.9878466759147E-16 4.11856983166077E-15
809.349 0.0353260126733232 0.0130938748782228 4.1059201920238 0 1.9878466759147E-16 4.11856983166077E-15
86.849 0.0315994483936493 0.0231635852533145 4.3056317681822 0 1.9878466759147E-16 4.11856983166077E-15
809.413 0.0315994483936493 0.0231635852533145 4.3056317681822 0 1.9878466759147E-16 4.11856983166077E-15
809.434 0.0315994483936493 0.0231635852533145 4.3056317681822 0 1.9878466759147E-16 4.11856983166077E-15
86.87 0.0315994483936493 0.0231635852533145 4.3056317681822 0 1.9878466759147E-16 4.11856983166077E-15
809.452 0.0315994483936493 0.0231635852533145 4.3056317681822 0 1.9878466759147E-16 4.11856983166077E-15
86.888 0.0315994483936493 0.0231635852533145 4.3056317681822 0 1.9878466759147E-16 4.11856983166077E-15
86.955 0.0315994483936493 0.0231635852533145 4.3056317681822 0 1.9878466759147E-16 4.11856983166077E-15
809.452 0.0315994483936493 0.0231635852533145 4.3056317681822 0 1.9878466759147E-16 4.11856983166077E-15
809.606 0.0315994483936493 0.0231635852533145 4.3056317681822 0 1.9878466759147E-16 4.11856983166077E-15
87.042 0.0315994483936493 0.0231635852533145 4.3056317681822 0 1.9878466759147E-16 4.11856983166077E-15
87.11 0.0334627305334863 0.0181287300657687 4.205775980103 0 1.9878466759147E-16 4.11856983166077E-15
809.674 0.0334627305334863 0.0181287300657687 4.205775980103 0 1.9878466759147E-16 4.11856983166077E-15
809.697 -0.0480926482563575 0.0680719608096751 4.10159155759499 0 1.9878466759147E-16 4.11856983166077E-15
87.133 -0.0480926482563575 0.0680719608096751 4.10159155759499 0 1.9878466759147E-16 4.11856983166077E-15
809.722 -0.0443660839766835 0.0580022504344697 3.90187998143671 0 1.9878466759147E-16 4.11856983166077E-15
87.158 -0.0443660839766835 0.0580022504344697 3.90187998143671 0 1.9878466759147E-16 4.11856983166077E-15
87.177 -0.0425028018368465 0.0529673952469238 3.80202419335762 0 1.9878466759147E-16 4.11856983166077E-15
809.741 0.0427791412326712 -0.0070455458720744 3.70649703970724 0 1.9878466759147E-16 4.11856983166077E-15
87.193 -0.0387762375571725 0.0428976848718321 3.60231261719929 0 1.9878466759147E-16 4.11856983166077E-15
809.769 -0.0369129554173497 0.0378628296842862 3.50245682912015 0 1.9878466759147E-16 4.11856983166077E-15
87.2080000000001 -0.0369129554173497 0.0378628296842862 3.50245682912015 0 1.9878466759147E-16 4.11856983166077E-15
809.783 -0.0350496732775127 0.0328279744967404 3.40260104104101 0 1.9878466759147E-16 4.11856983166077E-15
87.222 -0.0350496732775127 0.0328279744967404 3.40260104104101 0 1.9878466759147E-16 4.11856983166077E-15
809.801 -0.0350496732775127 0.0328279744967404 3.40260104104101 0 1.9878466759147E-16 4.11856983166077E-15
87.2370000000001 -0.0350496732775127 0.0328279744967404 3.40260104104101 0 1.9878466759147E-16 4.11856983166077E-15
809.813 -0.0350496732775127 0.0328279744967404 3.40260104104101 0 1.9878466759147E-16 4.11856983166077E-15
87.253 -0.0331863911376757 0.0277931193091945 3.30274525296187 0 1.9878466759147E-16 4.11856983166077E-15
809.831 -0.0350496732775127 0.0328279744967404 3.40260104104101 0 1.9878466759147E-16 4.11856983166077E-15
87.279 -0.0331863911376757 0.0277931193091945 3.30274525296187 0 1.9878466759147E-16 4.11856983166077E-15
809.855 -0.0331863911376757 0.0277931193091945 3.30274525296187 0 1.9878466759147E-16 4.11856983166077E-15
87.297 -0.0331863911376757 0.0277931193091945 3.30274525296187 0 1.9878466759147E-16 4.11856983166077E-15
809.87 -0.0331863911376757 0.0277931193091945 3.30274525296187 0 1.9878466759147E-16 4.11856983166077E-15
87.3760000000001 -0.022006698298668 -0.00241601181608075 2.70361052448698 0 1.9878466759147E-16 4.11856983166077E-15
809.94 -0.022006698298668 -0.00241601181608075 2.70361052448698 0 1.9878466759147E-16 4.11856983166077E-15
87.394 -0.018280134018994 -0.0124857221912862 2.5038989483287 0 1.9878466759147E-16 4.11856983166077E-15
809.958 -0.018280134018994 -0.0124857221912862 2.5038989483287 0 1.9878466759147E-16 4.11856983166077E-15
809.982 -0.016416851879157 -0.0175205773788321 2.4040431602495 0 1.9878466759147E-16 4.11856983166077E-15
87.418 -0.016416851879157 -0.0175205773788321 2.4040431602495 0 1.9878466759147E-16 4.11856983166077E-15
810 -0.01455356973932 -0.0225554325663779 2.30418737217042 0 1.9878466759147E-16 4.11856983166077E-15
87.436 -0.01455356973932 -0.0225554325663779 2.30418737217042 0 1.9878466759147E-16 4.11856983166077E-15
810.017 -0.01455356973932 -0.0225554325663779 2.30418737217042 0 1.9878466759147E-16 4.11856983166077E-15
87.4530000000001 -0.01455356973932 -0.0225554325663779 2.30418737217042 0 1.9878466759147E-16 4.11856983166077E-15
810.083 -0.012690287599483 -0.0275902877539238 2.20433158409122 0 1.9878466759147E-16 4.11856983166077E-15
87.519 -0.012690287599483 -0.0275902877539238 2.20433158409122 0 1.9878466759147E-16 4.11856983166077E-15
87.5360000000001 -0.010827005459646 -0.0326251429414697 2.10447579601203 0 1.9878466759147E-16 4.11856983166077E-15
810.1 -0.010827005459646 -0.0326251429414697 2.10447579601203 0 1.9878466759147E-16 4.11856983166077E-15
810.117 -0.00896372331980899 -0.0376599981290155 2.00462000793294 0 1.9878466759147E-16 4.11856983166077E-15
87.553 -0.00896372331980899 -0.0376599981290155 2.00462000793294 0 1.9878466759147E-16 4.11856983166077E-15
810.134 -0.00710044117997199 -0.0426948533165614 1.90476421985375 0 1.9878466759147E-16 4.11856983166077E-15
87.5700000000001 -0.00710044117997199 -0.0426948533165614 1.90476421985375 0 1.9878466759147E-16 4.11856983166077E-15
810.151 -0.00337387690031221 -0.0527645636916532 1.70505264369547 0 1.9878466759147E-16 4.11856983166077E-15
87.587 -0.00337387690031221 -0.0527645636916532 1.70505264369547 0 1.9878466759147E-16 4.11856983166077E-15
810.224 0.0554694288321258 0.0205447418818494 1.50216545561597 0 1.9878466759147E-16 4.11856983166077E-15
87.6600000000001 0.0554694288321258 0.0205447418818494 1.50216545561597 0 1.9878466759147E-16 4.11856983166077E-15
810.241 -0.027949232097555 0.0755228278131881 1.49783682118721 0 1.9878466759147E-16 4.11856983166077E-15
87.677 0.0554694288321258 0.0205447418818494 1.50216545561597 0 1.9878466759147E-16 4.11856983166077E-15
810.259 0.0554694288321258 0.0205447418818494 1.50216545561597 0 1.9878466759147E-16 4.11856983166077E-15
87.6950000000001 -0.027949232097555 0.0755228278131881 1.49783682118721 0 1.9878466759147E-16 4.11856983166077E-15
810.274 0.0536061466922888 0.0255795970693953 1.60202124369511 0 1.9878466759147E-16 4.11856983166077E-15
87.71 0.0536061466922888 0.0255795970693953 1.60202124369511 0 1.9878466759147E-16 4.11856983166077E-15
810.291 -0.00337387690031221 -0.0527645636916532 1.70505264369547 0 1.9878466759147E-16 4.11856983166077E-15
87.7270000000001 -0.00337387690031221 -0.0527645636916532 1.70505264369547 0 1.9878466759147E-16 4.11856983166077E-15
810.308 -0.00710044117997199 -0.0426948533165614 1.90476421985375 0 1.9878466759147E-16 4.11856983166077E-15
87.744 -0.00710044117997199 -0.0426948533165614 1.90476421985375 0 1.9878466759147E-16 4.11856983166077E-15
810.325 -0.010827005459646 -0.0326251429414697 2.10447579601203 0 1.9878466759147E-16 4.11856983166077E-15
87.7610000000001 -0.012690287599483 -0.0275902877539238 2.20433158409122 0 1.9878466759147E-16 4.11856983166077E-15
810.338 -0.016416851879157 -0.0175205773788321 2.4040431602495 0 1.9878466759147E-16 4.11856983166077E-15
87.778 -0.018280134018994 -0.0124857221912862 2.5038989483287 0 1.9878466759147E-16 4.11856983166077E-15
810.353 -0.022006698298668 -0.00241601181608075 2.70361052448698 0 1.9878466759147E-16 4.11856983166077E-15
87.796 -0.023869980438505 0.00261884337146512 2.80346631256612 0 1.9878466759147E-16 4.11856983166077E-15
810.368 -0.0257332625783278 0.00765369855901099 2.90332210064526 0 1.9878466759147E-16 4.11856983166077E-15
87.811 -0.0275965447181648 0.0126885537465569 3.00317788872439 0 1.9878466759147E-16 4.11856983166077E-15
810.384 -0.0294598268580017 0.0177234089341027 3.10303367680353 0 1.9878466759147E-16 4.11856983166077E-15
87.826 -0.0294598268580017 0.0177234089341027 3.10303367680353 0 1.9878466759147E-16 4.11856983166077E-15
87.883 -86.4432189657514 -575.684292658448 -385.581865602082 92.3100476520193 -1.64806056533265 -123.459050020515
810.447 -86.4432189657514 -575.684292658448 -385.581865602082 92.3100476520193 -1.64806056533265 -123.459050020515
813.424 0.0185564734148045 0.0584075715661356 5.00462228473617 0 1.9878466759147E-16 4.11856983166077E-15
91.972 -0.0093164106991992 0.0251742759376157 0.499278940395754 0 1.9878466759147E-16 4.11856983166077E-15
814.539 -0.0074531285593622 0.0201394207500698 0.399423152316558 0 1.9878466759147E-16 4.11856983166077E-15
91.9870000000001 -0.0074531285593622 0.0201394207500698 0.399423152316558 0 1.9878466759147E-16 4.11856983166077E-15
814.554 -0.0074531285593622 0.0201394207500698 0.399423152316558 0 1.9878466759147E-16 4.11856983166077E-15
92.004 -0.0055898464195252 0.0151045655625239 0.299567364237475 0 1.9878466759147E-16 4.11856983166077E-15
814.568 -0.0055898464195252 0.0151045655625239 0.299567364237475 0 1.9878466759147E-16 4.11856983166077E-15
92.0170000000001 -0.0055898464195252 0.0151045655625239 0.299567364237475 0 1.9878466759147E-16 4.11856983166077E-15
814.586 -0.0055898464195252 0.0151045655625239 0.299567364237475 0 1.9878466759147E-16 4.11856983166077E-15
814.586 -0.0055898464195252 0.0151045655625239 0.299567364237475 0 1.9878466759147E-16 4.11856983166077E-15
92.081 -0.0055898464195252 0.0151045655625239 0.299567364237475 0 1.9878466759147E-16 4.11856983166077E-15
814.586 -0.0037265642796882 0.0100697103749781 0.199711576158279 0 1.9878466759147E-16 4.11856983166077E-15
92.698 -0.0037265642796882 0.0100697103749781 0.199711576158279 0 1.9878466759147E-16 4.11856983166077E-15
815.278 -0.0037265642796882 0.0100697103749781 0.199711576158279 0 1.9878466759147E-16 4.11856983166077E-15
92.7140000000001 -0.0037265642796882 0.0100697103749781 0.199711576158279 0 1.9878466759147E-16 4.11856983166077E-15
815.294 -0.0055898464195252 0.0151045655625239 0.299567364237475 0 1.9878466759147E-16 4.11856983166077E-15
92.73 -0.0055898464195252 0.0151045655625239 0.299567364237475 0 1.9878466759147E-16 4.11856983166077E-15
815.312 -0.0074531285593622 0.0201394207500698 0.399423152316558 0 1.9878466759147E-16 4.11856983166077E-15
92.748 -0.0074531285593622 0.0201394207500698 0.399423152316558 0 1.9878466759147E-16 4.11856983166077E-15
92.825 0.0133956623582066 -0.0980782603796797 0.806350550983154 0 1.9878466759147E-16 4.11856983166077E-15
815.389 0.0133956623582066 -0.0980782603796797 0.806350550983154 0 1.9878466759147E-16 4.11856983166077E-15
92.841 0.0133956623582066 -0.0980782603796797 0.806350550983154 0 1.9878466759147E-16 4.11856983166077E-15
815.405 0.0133956623582066 -0.0980782603796797 0.806350550983154 0 1.9878466759147E-16 4.11856983166077E-15
92.859 0.0133956623582066 -0.0980782603796797 0.806350550983154 0 1.9878466759147E-16 4.11856983166077E-15
815.423 0.0133956623582066 -0.0980782603796797 0.806350550983154 0 1.9878466759147E-16 4.11856983166077E-15
92.921 0.0647858395312966 -0.00462953405599364 1.00288651522021 0 1.9878466759147E-16 4.11856983166077E-15
815.485 -86.4581252228701 -575.644013816947 -384.783019297449 92.3100476520193 -1.64806056533265 -123.459050020515
92.941 -0.077476127130808 -0.0229607536980438 1.20144506887095 0 1.9878466759147E-16 4.11856983166077E-15
