Time(s) x(mm) y(mm) z(mm) rx(deg) ry(deg) rz(deg)
0 -0.523571347289902 -4.1337190539565 -0.410170485596723 1.76462194551257 -0.948333970551745 -0.0453837474192993
0 -0.523571347289902 -4.1337190539565 -0.410170485596723 1.76462194551257 -0.948333970551745 -0.0453837474192993
0.0160000000014406 -0.523571347289902 -4.1337190539565 -0.410170485596723 1.76462194551257 -0.948333970551745 -0.0453837474192993
0.0320000000010623 -0.5253068918841 -4.03384591211949 -0.414897368774632 1.76462194551257 -0.948333970551745 -0.0453837474192993
0.0490000000008877 -0.5253068918841 -4.03384591211949 -0.414897368774632 1.72981391819981 -0.982962001565904 -0.0316682769509525
0.0640000000003056 -0.527042436478297 -3.93397277028254 -0.419624251952541 1.74219806652671 -1.0186321075068 -0.0668566548677025
0.0799999999999272 -0.528777981072494 -3.83409962844559 -0.424351135130451 1.70738688755556 -1.05326073391513 -0.0531250429545139
0.144000000000233 -0.53831549952551 -3.3300214065199 -0.348100352039296 1.6055484742075 -1.25172823370913 -0.151731981920387
0.400000000001455 -0.562613123844301 -1.93179742080252 -0.414276716529855 1.14891051901956 -1.04291123480351 -0.175228444345151
0.416000000001077 -0.562613123844301 -1.93179742080252 -0.414276716529855 1.14891051901956 -1.04291123480351 -0.175228444345151
0.463999999999942 -0.568679553108922 -1.6274654825508 -0.328572167082996 1.00720097226418 -0.899175850243585 -0.174153334779333
0.536000000000058 -0.580828365268303 -0.928353489692086 -0.361660349328247 0.676165141225807 -0.610936501510634 -0.125070828316315
0.592000000000553 -0.485178008514694 -0.722120499577954 -0.270451999702345 0.581414126985713 -0.515401884507445 -0.125396785411233
0.648000000001048 -0.485178008514694 -0.722120499577954 -0.270451999702345 0.534011534462195 -0.467662518359894 -0.125646571315689
0.665000000000873 -0.486913553108892 -0.62224735774106 -0.275178882880198 0.52121163664105 -0.385333711968513 -0.139778708998611
0.720000000001164 -0.392138945467465 -0.320853738530843 -0.288582615412793 0.365869700900049 -0.160030277111382 -0.155405327510412
0.768000000000029 -0.393874490061663 -0.220980596693835 -0.293309498590645 0.235684002035984 -0.0531884402779313 -0.191728211149351
0.840000000000146 -0.39561003465586 -0.12110745485694 -0.298036381768554 0.223210850051238 -0.0172120960092998 -0.157370944632282
0.880000000001019 -0.396485783768028 -0.0259468257608546 -0.402648463927051 0.118469220379319 -0.0287037212728415 -0.213744668444613
0.897000000000844 -0.396485783768028 -0.0259468257608546 -0.402648463927051 0.118469220379319 -0.0287037212728415 -0.213744668444613
0.952000000001135 -0.299115836050362 0.170861138871373 -0.511210512262267 0.0137523985891 -0.0403481595520312 -0.270116395212822
0.992000000000189 -0.299115836050362 0.170861138871373 -0.511210512262267 -0.0213655531911934 -0.0289149921975645 -0.305237738846439
1.00800000000163 -0.299115836050362 0.170861138871373 -0.511210512262267 -0.0213655531911934 -0.0289149921975645 -0.305237738846439
1.07200000000012 -0.299115836050362 0.170861138871373 -0.511210512262267 -0.0213655531911934 -0.0289149921975645 -0.305237738846439
1.11200000000099 -0.199134594626329 0.172635332570678 -0.510433595261134 -0.00883172252408072 -0.0649280538105451 -0.33948490540529
1.1200000000008 -0.199134594626329 0.172635332570678 -0.510433595261134 -0.00883172252408072 -0.0649280538105451 -0.33948490540529
1.1760000000013 -0.199134594626329 0.172635332570678 -0.510433595261134 -0.00883172252408072 -0.0649280538105451 -0.33948490540529
1.21600000000035 -0.199134594626329 0.172635332570678 -0.510433595261134 -0.00883172252408072 -0.0649280538105451 -0.33948490540529
1.23199999999997 -0.100013148684326 0.179122039010906 -0.409771479279414 -0.0439498625139673 -0.0535346830653657 -0.374597098596515
1.29600000000028 0.00343918192811543 -0.0188500509635787 -0.399540795922462 0.0281370202609695 -0.126905426368526 -0.491252653502126
1.32800000000134 0.00343918192811543 -0.0188500509635787 -0.399540795922462 0.0876660661553226 -0.164217327737198 -0.573735672541892
1.33600000000115 0.00517472652231277 -0.118723192800587 -0.394813912744553 0.100246587986804 -0.200195984494044 -0.608043394402832
1.39200000000164 0.00603452200434162 -0.12343570554151 -0.49469911172514 0.112835908193252 -0.236169778111126 -0.642361720819626
1.42400000000089 0.00603452200434162 -0.12343570554151 -0.49469911172514 0.112835908193252 -0.236169778111126 -0.642361720819626
1.44000000000051 0.00689431748637048 -0.128148218282433 -0.594584310705784 0.125434037061855 -0.272138702254379 -0.676690663918825
1.51300000000083 0.0121009512689625 -0.427767643793231 -0.580403661172113 0.271254977504316 -0.510544139485191 -0.813165534058213
1.54400000000169 0.0138364958631598 -0.52764078563024 -0.575676777994204 0.344191029191682 -0.629685080558356 -0.881730141686335
1.56000000000131 0.113817737287178 -0.525866591930935 -0.574899860993014 0.356851056949069 -0.66558921653468 -0.916222009606238
1.60800000000017 0.114677532769207 -0.530579104671801 -0.674785059973715 0.356851056949069 -0.66558921653468 -0.916222009606238
1.64000000000124 0.116413077363404 -0.630452246508753 -0.670058176795806 0.403837343504106 -0.666752941684891 -0.964717238189047
1.65600000000086 0.118148621957602 -0.730325388345648 -0.665331293617896 0.403837343504106 -0.666752941684891 -0.964717238189047
1.72800000000097 0.0277048989866131 -1.23617780397063 -0.742358993710127 0.615355756575596 -0.739205148613747 -0.992214425162586
1.75200000000041 0.0294404435808104 -1.33605094580764 -0.737632110532218 0.662319144194235 -0.740294823862766 -1.04081513829556
1.8080000000009 0.0311759881750078 -1.43592408764454 -0.732905227354365 0.697285385634007 -0.751802090801547 -1.00614294849868
1.84000000000015 0.0329115327692051 -1.53579722948155 -0.728178344176456 0.744240667441403 -0.752870400849464 -1.05477263324947
1.85600000000159 -0.0653341640606442 -1.63744456501786 -0.72422837799968 0.731599971110124 -0.717044021306346 -1.02010291020095
1.91200000000026 0.041589255740206 -2.0351629386663 -0.704543928286967 0.835881218878012 -0.705417026530459 -0.964707750147655
1.93600000000151 -0.054920896495446 -2.23668341603957 -0.695867078932281 0.905203131757563 -0.682282480365008 -0.943968962109914
2.00800000000163 -0.0514498073070513 -2.43642969971341 -0.686413312576519 0.940187393431413 -0.693940915029299 -0.909311947058216
2.03200000000106 -0.0514498073070513 -2.43642969971341 -0.686413312576519 0.974541034812677 -0.659186616932555 -0.923216110017481
2.09600000000137 -0.144488870354294 -2.83769646076058 -0.668282696866072 1.14762127544092 -0.578351253444658 -0.895532942151783
2.1200000000008 -0.1410177811659 -3.03744274443449 -0.658828930510253 1.29893170382572 -0.568169648316147 -0.888779221466311
2.18400000000111 -0.135811147383293 -3.33706216994534 -0.644648280976583 1.40269871797141 -0.510485456943836 -0.881784233763276
2.21600000000035 -0.136670942865322 -3.33234965720442 -0.544763081995995 1.40269871797141 -0.510485456943836 -0.881784233763276
2.27200000000084 -0.232321299618931 -3.53858264731855 -0.635971431621897 1.45090923759731 -0.604785783980522 -0.833664699941369
2.29600000000028 -0.330566996448766 -3.64022998285481 -0.632021465445177 1.49898885977962 -0.699182715298105 -0.785679936899681
2.36000000000058 -0.426201399572221 -3.9369110893241 -0.518732533932052 1.60724974769187 -0.923939769345112 -0.725200322939159
2.40000000000146 -0.426201399572221 -3.9369110893241 -0.518732533932052 1.60724974769187 -0.923939769345112 -0.725200322939159
2.41600000000108 -0.426201399572221 -3.9369110893241 -0.518732533932052 1.60724974769187 -0.923939769345112 -0.725200322939159
2.48000000000138 -0.524447096402071 -4.03855842486036 -0.514782567755276 1.6648071647967 -0.959472601677639 -0.572990240878156
2.50400000000081 -0.522711551807873 -4.13843156669736 -0.510055684577367 1.69964413795826 -0.971698194000564 -0.538575084998413
2.56800000000112 -0.720062740949558 -4.33701372502895 -0.402270553243227 1.82647221955223 -0.985301116058691 -0.365801348488831
2.60000000000036 -0.720062740949558 -4.33701372502895 -0.402270553243227 1.82647221955223 -0.985301116058691 -0.365801348488831
2.61599999999999 -0.719202945467529 -4.34172623776982 -0.502155752223871 1.83889676581713 -1.02094070239862 -0.401018342432444
2.68000000000029 -0.619221704043497 -4.33995204407051 -0.501378835222738 1.81941609862668 -1.32701399995994 -0.418263490102168
2.71200000000135 -0.620957248637708 -4.24007890223356 -0.506105718400647 1.79970379942334 -1.63307072334125 -0.435755877753306
2.76800000000003 -0.620957248637708 -4.24007890223356 -0.506105718400647 1.7797616451206 -1.93911047865548 -0.453493823105544
2.79200000000128 -0.620957248637708 -4.24007890223356 -0.506105718400647 1.75754283905859 -2.00939178026964 -0.474949313214367
2.84799999999996 -0.623552588713935 -4.1354932476558 -0.410947402597913 1.75754283905859 -2.00939178026964 -0.474949313214367
2.87200000000121 -0.627023677902329 -3.93574696398184 -0.420401168953674 1.70050972799564 -2.11434486715983 -0.482450526338124
2.94400000000132 -0.533984614855086 -3.53448020293473 -0.438531784664121 1.57431993363778 -2.24156503466849 -0.509824449265194
2.97600000000057 -0.534844410337115 -3.52976769019381 -0.338646585683478 1.57431993363778 -2.24156503466849 -0.509824449265194
2.99200000000019 -0.534844410337115 -3.52976769019381 -0.338646585683478 1.57431993363778 -2.24156503466849 -0.509824449265194
3.06400000000031 -0.540051044119707 -3.23014826468295 -0.352827235217205 1.52733708042861 -2.19356625826283 -0.508424058248845
3.08800000000156 -0.543522133308116 -3.03040198100905 -0.362281001572967 1.39850646806423 -2.13227820271228 -0.491808285278292
3.09600000000137 -0.546993222496511 -2.83065569733515 -0.371734767928785 1.35148679659915 -2.08432995190596 -0.490581548311329
3.16000000000167 -0.555670945467497 -2.33128998815039 -0.395369183818275 1.18822626669898 -2.01095590411792 -0.508372325116702
3.18400000000111 -0.557406490061695 -2.23141684631344 -0.400096066996184 1.17554387160921 -1.9752389474109 -0.473252685446909
3.19200000000092 -0.557406490061695 -2.23141684631344 -0.400096066996184 1.17554387160921 -1.9752389474109 -0.473252685446909
3.26400000000103 -0.561737374732118 -2.02695804989861 -0.309664634371359 1.0940612415642 -1.91523543513419 -0.506380336105797
3.28800000000047 -0.566944008514724 -1.72733862438776 -0.323845283905086 0.965080214575455 -1.85423260826787 -0.490609376922992
3.30400000000009 -0.570415097703119 -1.52759234071385 -0.333299050260848 0.905267812934551 -1.77065765366756 -0.454850127580388
3.36000000000058 -0.477376034655862 -1.12632557966674 -0.351429665971295 0.69456082206332 -1.65005263318604 -0.47319971978249
3.38400000000001 -0.479111579250059 -1.02645243782979 -0.356156549149205 0.647359936586627 -1.60234198158823 -0.472694181574444
3.40000000000146 -0.479111579250059 -1.02645243782979 -0.356156549149205 0.647359936586627 -1.60234198158823 -0.472694181574444
3.47200000000157 -0.481706919326285 -0.921866783251858 -0.260998233346527 0.60958678318299 -1.40185326351625 -0.465111962609438
3.48800000000119 -0.385196767090676 -0.720346305878593 -0.269675082701156 0.537019190109626 -1.23603740300196 -0.443847718554765
3.50400000000081 -0.386932311684873 -0.620473164041698 -0.274401965879065 0.524332796010489 -1.15376009033139 -0.457664417362947
3.56800000000112 -0.391279149985436 -0.325566251271766 -0.38846781439338 0.413337686132779 -0.787652513517477 -0.430333720254374
3.58500000000095 -0.392138945467465 -0.320853738530843 -0.288582615412793 0.413031673355458 -0.741351779999598 -0.478998379678228
3.60000000000036 -0.392138945467465 -0.320853738530843 -0.288582615412793 0.413031673355458 -0.741351779999598 -0.478998379678228
3.66500000000087 -0.293033453155601 -0.223918915735453 -0.392417780570099 0.343638799351748 -0.764386792562676 -0.499800465351731
3.6880000000001 -0.294768997749799 -0.124045773898558 -0.397144663748009 0.261636669016854 -0.751531075256702 -0.486093048593665
3.76000000000022 -0.297380291456165 0.0709879970344787 -0.506483629084414 0.0880526249903436 -0.786304472339012 -0.562450336272321
3.78400000000147 -0.299115836050362 0.170861138871373 -0.511210512262267 0.0880526249903436 -0.786304472339012 -0.562450336272321
3.84000000000015 -0.299115836050362 0.170861138871373 -0.511210512262267 0.0753949289851342 -0.750343614208651 -0.528037523352801
3.8640000000014 -0.299115836050362 0.170861138871373 -0.511210512262267 0.0278740280112952 -0.702932295744599 -0.528453832280265
3.88000000000102 -0.299115836050362 0.170861138871373 -0.511210512262267 0.0370861337606931 -0.596338069854007 -0.473687965278466
3.94400000000132 -0.199994390108358 0.177347845311601 -0.410548396280547 -0.0269070221617984 -0.324261371756379 -0.399809655240609
3.97600000000057 -0.199134594626329 0.172635332570678 -0.510433595261134 -0.0745158055807829 -0.276858953773282 -0.400546674695233
3.99200000000019 -0.199134594626329 0.172635332570678 -0.510433595261134 -0.0400586439048582 -0.24222372165729 -0.414468833285191
4.05600000000049 -0.0982776040901285 0.0792488971740113 -0.405044596101504 -0.0493242516790191 -0.348873230343619 -0.469088445376725
4.07999999999993 -0.0982776040901285 0.0792488971740113 -0.405044596101504 -0.0235638938028779 -0.466892025105396 -0.488772913551169
4.13600000000042 0.00343918192811543 -0.0188500509635787 -0.399540795922462 -0.094468978047142 -0.928046784871359 -0.693424421643114
4.16800000000148 0.104280218834162 -0.0217883700051971 -0.498649077901916 -0.0817356376801258 -0.964024369077402 -0.727790194659
4.22400000000016 0.10601576342836 -0.121661511842206 -0.493922194724007 -0.0686787897073876 -1.04599350716048 -0.713393970140886
4.24800000000141 0.10601576342836 -0.121661511842206 -0.493922194724007 -0.0559289697276778 -1.08196140442716 -0.747792249879337
4.32000000000153 0.112082192692981 -0.425993450093927 -0.579626744170923 0.0211990932224767 -1.38971954500884 -0.857068630659941
4.34400000000096 0.113817737287178 -0.525866591930935 -0.574899860993014 0.0468286928247794 -1.46158162436053 -0.926072252637973
4.40800000000127 0.115553281881375 -0.625739733767887 -0.570172977815162 0.107100427016533 -1.54478707992806 -0.960674501436666
4.4330000000009 0.115553281881375 -0.625739733767887 -0.570172977815162 0.107100427016533 -1.54478707992806 -0.960674501436666
4.44800000000032 0.117288826475573 -0.725612875604781 -0.565446094637252 0.107100427016533 -1.54478707992806 -0.960674501436666
4.50400000000081 0.124215051222237 -1.03465732659748 -0.751035843064756 0.249120603477932 -1.59445221034935 -1.05832357191291
4.54400000000169 0.129421685004829 -1.33427675210834 -0.736855193531085 0.365598415061615 -1.61848602633564 -1.03836255746692
4.5520000000015 0.129421685004829 -1.33427675210834 -0.736855193531085 0.378425125364583 -1.65434245997909 -1.07304388345356
4.61599999999999 0.0311759881750078 -1.43592408764454 -0.732905227354365 0.378425125364583 -1.65434245997909 -1.07304388345356
4.64000000000124 0.131157229599026 -1.43414989394523 -0.732128310353175 0.400051896349345 -1.5837639101025 -1.05249461814717
4.64800000000105 0.0329115327692051 -1.53579722948155 -0.728178344176456 0.469119892735998 -1.56053836155665 -1.03224620922794
4.70400000000154 0.0398537111459945 -1.9352897968293 -0.709270811464876 0.616032633092491 -1.361509965899 -0.984741285864836
4.73600000000079 0.0450603449286007 -2.23490922234021 -0.695090161931148 0.754057174102938 -1.26891096781981 -0.992431717812802
4.75200000000041 0.046795889522798 -2.33478236417716 -0.690363278753239 0.775778851829374 -1.19836674484521 -0.971672091311905
4.76800000000003 0.0476556850048269 -2.33949487691808 -0.790248477733826 0.810194770645556 -1.16362451415293 -0.985677821663431
4.84799999999996 0.0511267741932215 -2.53924116059198 -0.780794711378064 0.879404458464377 -1.14054354780663 -0.965198131933042
4.8640000000014 -0.0471189226366278 -2.6408884961283 -0.776844745201288 0.935566220413422 -1.03526388819824 -0.958334451841841
4.88000000000102 0.0545978633816162 -2.73898744426589 -0.771340945022246 0.970407003600318 -1.04697904191129 -0.923832410280541
4.94400000000132 -0.137546691977491 -3.23718902810839 -0.649375164154492 1.23402829002256 -0.826273174104409 -0.903435915098136
4.96900000000096 -0.0349701104772322 -3.34000048898696 -0.74375656295598 1.25586826907704 -0.755775586248696 -0.882406851601499
4.98400000000038 -0.0349701104772322 -3.34000048898696 -0.74375656295598 1.29082555808988 -0.76763708924888 -0.847841886141949
5 -0.0349701104772322 -3.34000048898696 -0.74375656295598 1.25586826907704 -0.755775586248696 -0.882406851601499
5.01600000000144 -0.0349701104772322 -3.34000048898696 -0.74375656295598 1.29082555808988 -0.76763708924888 -0.847841886141949
5.07200000000012 -0.231461504136902 -3.54329516005947 -0.735856630602484 1.37323743679204 -0.827181129714664 -0.81370681588748
5.09600000000137 -0.228850210430537 -3.73832893099245 -0.626517665266135 1.46851454248875 -0.969292112106756 -0.766414748295491
5.11200000000099 -0.228850210430537 -3.73832893099245 -0.626517665266135 1.50337210377294 -0.981336972171732 -0.73197457636074
5.1760000000013 -0.325360362666174 -3.93984940836566 -0.61784081591145 1.59834898288558 -1.12374160140834 -0.685123783248775
5.20800000000054 -0.325360362666174 -3.93984940836566 -0.61784081591145 1.59834898288558 -1.12374160140834 -0.685123783248775
5.22400000000016 -0.323624818071977 -4.03972255020261 -0.613113932733597 1.58583019812705 -1.0880718332183 -0.650002236859405
5.2400000000016 -0.423606059495995 -4.04149674390197 -0.61389084973473 1.6206236661828 -1.10024243193159 -0.615629464160584
5.25600000000122 -0.423606059495995 -4.04149674390197 -0.61389084973473 1.6081226595694 -1.0645732568969 -0.580499961121493
5.3119999999999 -0.420134970307601 -4.24124302757588 -0.604437083378912 1.67510013762128 -0.994319350477477 -0.37189565814628
5.32800000000134 -0.520116211731647 -4.24301722127518 -0.605214000380101 1.73224687525161 -0.983351157987768 -0.26791454027894
5.38400000000001 -0.518380667137436 -4.34289036311213 -0.600487117202192 1.71987622362719 -0.994748172327317 -0.184584261574943
5.41600000000108 -0.518380667137436 -4.34289036311213 -0.600487117202192 1.71987622362719 -0.994748172327317 -0.184584261574943
5.4330000000009 -0.518380667137436 -4.34289036311213 -0.600487117202192 1.73228794516693 -1.03041402955132 -0.219764490632347
5.44000000000051 -0.519240462619464 -4.33817785037121 -0.500601918221605 1.73228794516693 -1.03041402955132 -0.219764490632347
5.45600000000013 -0.519240462619464 -4.33817785037121 -0.500601918221605 1.74469284368512 -1.11315668384073 -0.206833480748593
5.47200000000157 -0.517504918025267 -4.43805099220816 -0.495875035043696 1.77940713139482 -1.12561208000005 -0.172484824757842
5.53600000000006 -0.516629168913099 -4.53321162130425 -0.391262952885143 1.84086106437421 -1.49244131638647 -0.156714021690934
5.56000000000131 -0.416647927489052 -4.53143742760494 -0.39048603588401 1.85332950984298 -1.52806525506137 -0.192039680185574
5.57600000000093 -0.516629168913099 -4.53321162130425 -0.391262952885143 1.81847276174719 -1.56270477253386 -0.178233884058463
5.63200000000143 -0.418383472083249 -4.43156428576799 -0.395212919061919 1.83095867584899 -1.59832927063251 -0.213562283984655
5.66500000000087 -0.420119016677447 -4.33169114393104 -0.399939802239771 1.83059947239565 -1.64552396161293 -0.165618378825271
5.68000000000029 -0.421854561271658 -4.23181800209409 -0.404666685417681 1.79571018123744 -1.68015407927161 -0.151795562450776
5.7450000000008 -0.42706119505425 -3.93219857658323 -0.418847334951408 1.66857493513127 -1.85427137796579 -0.131731406653549
5.76800000000003 -0.428796739648448 -3.83232543474628 -0.423574218129261 1.63363706059351 -1.88888169727279 -0.117859136241045
5.78400000000147 -0.329675293706458 -3.825838728306 -0.322912102147484 1.64618908320528 -1.92453001174419 -0.153172107704185
5.84799999999996 -0.431392079724674 -3.72773978016841 -0.328415902326526 1.61181176363954 -1.91201648998521 -0.187213085907149
5.87200000000121 -0.434863168913068 -3.5279934964945 -0.337869668682345 1.57688826229148 -1.94663231844402 -0.173317268766456
5.93600000000151 -0.445276436478267 -2.92875464547279 -0.366230967749743 1.41602608499861 -2.0612451214638 -0.234871238403211
5.96000000000095 -0.448747525666661 -2.72900836179889 -0.375684734105505 1.34679213747564 -2.08347342351829 -0.254936344651729
5.97600000000057 -0.348766284242643 -2.72723416809953 -0.374907817104372 1.34679213747564 -2.08347342351829 -0.254936344651729
6.03200000000106 -0.35050182883684 -2.62736102626258 -0.379634700282281 1.34679213747564 -2.08347342351829 -0.254936344651729
6.05600000000049 -0.354832713507264 -2.42290222984769 -0.289203267657513 1.25285978450136 -1.98739314950242 -0.252662553907307
6.07200000000012 -0.356568258101461 -2.3230290880108 -0.293930150835365 1.20586965331145 -1.93937899800291 -0.251612209404812
6.13600000000042 -0.370452614855054 -1.52404395331519 -0.331745216258582 0.958403713499054 -1.61705268648391 -0.260476648662531
6.16000000000167 -0.372188159449252 -1.42417081147818 -0.336472099436492 0.911288993826602 -1.56916241521824 -0.25982975060118
6.22400000000016 -0.273942462619416 -1.32252347594198 -0.340422065613211 0.86415761521525 -1.52128999122719 -0.259240541732199
6.24800000000141 -0.276537802695643 -1.21793782136405 -0.245263749810533 0.864393482196891 -1.47462850342293 -0.307541694060229
6.3119999999999 -0.285215525666644 -0.718572112179288 -0.268898165700023 0.60632168979746 -1.2596682310696 -0.374841369574516
6.34400000000096 -0.187845577948977 -0.52176414754706 -0.377460214035239 0.489703563896528 -1.18839910369219 -0.443688575402543
6.39200000000164 -0.190440918025203 -0.417178492969128 -0.282301898232561 0.4769893270147 -1.10614084648463 -0.457562892740967
6.41600000000108 -0.190440918025203 -0.417178492969128 -0.282301898232561 0.442370652749733 -1.14077923234768 -0.443587085654519
6.4330000000009 -0.190440918025203 -0.417178492969128 -0.282301898232561 0.464356113884569 -1.07025702654044 -0.422918096814154
6.496000000001 -0.194771802695627 -0.212719696554302 -0.191870465607792 0.309381631471616 -0.845288895135007 -0.437166059467791
6.52800000000025 -0.197383096401992 -0.017685925621322 -0.301209430944141 0.223814994833484 -0.643712916232666 -0.382671492561974
6.59200000000055 -0.200854185590387 0.182060358052524 -0.310663197299959 0.12839899032696 -0.502553565774268 -0.432328052495507
6.61599999999999 -0.19911864099619 0.0821872162156296 -0.30593631412205 0.12839899032696 -0.502553565774268 -0.432328052495507
6.68000000000029 -0.199994390108358 0.177347845311601 -0.410548396280547 0.0244626399478518 -0.560357754330784 -0.439328807212282
6.71200000000135 -0.101748693278523 0.278995180847915 -0.414498362457323 -0.0449535991788925 -0.58356333075649 -0.460251949798963
6.78400000000147 -0.00350299644867391 0.380642516384171 -0.418448328634042 -0.149261980365471 -0.595454697594465 -0.516055420703749
6.8080000000009 -0.101748693278523 0.278995180847915 -0.414498362457323 -0.114353758969018 -0.60680783914137 -0.481160497156934
6.87200000000121 -0.00176745185447658 0.280769374547276 -0.413721445456133 -0.149261980365471 -0.595454697594465 -0.516055420703749
6.89700000000084 -0.00262724733650543 0.285481887288199 -0.313836246475546 -0.136596737821194 -0.63146110190406 -0.550342704295045
6.91200000000026 0.099949334163739 0.182670426409572 -0.408217645277091 -0.136596737821194 -0.63146110190406 -0.550342704295045
6.97600000000057 0.099949334163739 0.182670426409572 -0.408217645277091 -0.15882210566881 -0.656154160468812 -0.619507807977704
7 0.0990895386817101 0.187382939150496 -0.308332446296504 -0.15882210566881 -0.656154160468812 -0.619507807977704
7.01600000000144 0.0990895386817101 0.187382939150496 -0.308332446296504 -0.15882210566881 -0.656154160468812 -0.619507807977704
7.08800000000156 0.102544674239965 0.0780847718317546 -0.503375961079769 -0.180565587833849 -0.726813087896013 -0.639765112186891
7.11200000000099 0.203401664776166 -0.0153016635649692 -0.397986961920139 -0.13299409179594 -0.774108748251764 -0.639236555936535
7.12900000000081 0.204261460258195 -0.0200141763058923 -0.497872160900727 -0.154736073605983 -0.844758880178708 -0.659510791517551
7.19200000000092 0.205121255740224 -0.0247266890468154 -0.597757359881371 -0.154736073605983 -0.844758880178708 -0.659510791517551
7.21600000000035 0.204261460258195 -0.0200141763058923 -0.497872160900727 -0.154736073605983 -0.844758880178708 -0.659510791517551
7.23199999999997 0.204261460258195 -0.0200141763058923 -0.497872160900727 -0.154736073605983 -0.844758880178708 -0.659510791517551
7.30400000000009 0.211203638634984 -0.419506743653699 -0.478964628189146 0.0310190248919354 -0.799434801963026 -0.6664083490784
7.32800000000134 0.21379897871121 -0.52409239823163 -0.574122943991881 0.100337044388109 -0.776166231452401 -0.645644534479039
7.39200000000164 0.215534523305408 -0.623965540068582 -0.569396060813972 0.100337044388109 -0.776166231452401 -0.645644534479039
7.42400000000089 0.217270067899605 -0.723838681905477 -0.564669177636119 0.134789098471181 -0.74149698839684 -0.659644841652398
7.44000000000051 0.317251309323638 -0.722064488206172 -0.56389226063493 0.169229882363525 -0.706822728877329 -0.673637276115207
7.44800000000032 0.219005612493817 -0.823711823742485 -0.55994229445821 0.169229882363525 -0.706822728877329 -0.673637276115207
7.51300000000083 0.327664576888836 -1.32130333922794 -0.535530961567531 0.376256443012299 -0.544844157570708 -0.708654363076489
7.53600000000006 0.331995461559259 -1.52576213564271 -0.625962394192413 0.480047156594308 -0.486951738790909 -0.70168708254153
7.5520000000015 0.333731006153457 -1.62563527747966 -0.621235511014504 0.514434674624173 -0.452246988486146 -0.715600536490873
7.62400000000162 0.335466550747654 -1.72550841931661 -0.616508627836595 0.548811028040192 -0.417537270942686 -0.729506187270759
7.65600000000086 0.33806189082388 -1.83009407389449 -0.711666943639273 0.618240436491395 -0.394382769536359 -0.708555332779914
7.66500000000087 0.339797435418078 -1.92996721573138 -0.70694006046142 0.665164572846101 -0.395533580662136 -0.75701895338175
7.73600000000079 0.251965006153441 -2.6308534022894 -0.674628795217245 1.00556830372466 -0.482299746685934 -0.846714724778343
7.76800000000003 0.253700550747638 -2.73072654412636 -0.669901912039336 1.04062429419193 -0.494022959898856 -0.81198728451382
7.78400000000147 0.253700550747638 -2.73072654412636 -0.669901912039336 1.08750904555435 -0.495056625551133 -0.860614526535943
7.84000000000015 0.255436095341835 -2.83059968596331 -0.665175028861484 1.12256519217277 -0.506813395052663 -0.825907731685119
7.8640000000014 0.157190398512 -2.93224702149956 -0.661225062684707 1.17012676326478 -0.554370407661427 -0.826037039944667
7.88000000000102 0.158925943106198 -3.03212016333651 -0.656498179506798 1.2051555603498 -0.566190297844659 -0.7913691112151
7.89700000000084 0.162397032294606 -3.23186644701042 -0.647044413151036 1.25268146676062 -0.613794301731734 -0.791585285824954
7.91200000000026 0.164132576888804 -3.33173958884737 -0.642317529973127 1.30018984380277 -0.661416445233944 -0.791859528947839
7.9280000000017 0.0658868800589829 -3.43338692438363 -0.638367563796351 1.36960174083379 -0.638581459329671 -0.771083698869091
8.00800000000163 -0.030623272176669 -3.63490740175689 -0.629690714441722 1.41708500760567 -0.686249591050078 -0.771444696269019
8.03200000000106 -0.030623272176669 -3.63490740175689 -0.629690714441722 1.45205925595688 -0.698228752078442 -0.736875603518892
8.10400000000118 -0.223643576647945 -4.03794835650331 -0.612337015732408 1.51999249704989 -0.674110911369131 -0.479815471457941
8.13600000000042 -0.321013524365611 -4.23475632113559 -0.503774967397192 1.61236496837314 -0.675007050946813 -0.341080268827405
8.15200000000004 -0.320153728883582 -4.23946883387652 -0.603660166377779 1.56533715565841 -0.673985369005712 -0.292292511780811
8.21600000000035 -0.318418184289371 -4.33934197571347 -0.598933283199869 1.60024184691852 -0.686256521453934 -0.25772837133761
8.2400000000016 -0.3192779797714 -4.33462946297254 -0.499048084219282 1.63513688931639 -0.69856180263288 -0.223174634053072
8.25600000000122 -0.3192779797714 -4.33462946297254 -0.499048084219282 1.64752099634418 -0.734253952675601 -0.258262402129004
8.32800000000134 -0.316666686065034 -4.52966323390558 -0.389709118882877 1.78935498035945 -0.925434783692247 -0.212053481329499
8.35200000000077 -0.314931141470836 -4.62953637574259 -0.384982235704967 1.8017933470437 -1.00819128154141 -0.199118124761947
8.36800000000039 -0.314931141470836 -4.62953637574259 -0.384982235704967 1.8141982510927 -1.04384071362936 -0.234335384067473
8.4330000000009 -0.314931141470836 -4.62953637574259 -0.384982235704967 1.84894867194985 -1.05630595448634 -0.199971449996978
8.45600000000013 -0.316666686065034 -4.52966323390558 -0.389709118882877 1.81418345469804 -1.09096152989404 -0.186232205434265
8.52800000000025 -0.420119016677447 -4.33169114393104 -0.399939802239771 1.75673184692969 -1.29017161717595 -0.0978169811763602
8.5520000000015 -0.420119016677447 -4.33169114393104 -0.399939802239771 1.75673184692969 -1.29017161717595 -0.0978169811763602
8.56800000000112 -0.420978812159476 -4.32697863119012 -0.300054603259127 1.75673184692969 -1.29017161717595 -0.0978169811763602
8.65600000000086 -0.424449901347884 -4.12723234751627 -0.309508369614946 1.721882811783 -1.32479775080299 -0.0840441020914743
8.68000000000029 -0.427920990536279 -3.92748606384231 -0.318962135970764 1.721882811783 -1.32479775080299 -0.0840441020914743
8.69599999999991 -0.429656535130476 -3.82761292200536 -0.323689019148674 1.68726827175102 -1.31230010117483 -0.118323040946714
8.76000000000022 -0.44006980269566 -3.22837407098365 -0.352050318216016 1.6053585476696 -1.29878923316804 -0.103625515775401
8.78400000000147 -0.440929598177689 -3.22366155824272 -0.252165119235428 1.6053585476696 -1.29878923316804 -0.103625515775401
8.85600000000159 -0.446136231960296 -2.92404213273187 -0.266345768769156 1.47635064066962 -1.2371865606224 -0.088186001647254
8.88800000000083 -0.349626079724672 -2.72252165535861 -0.275022618123785 1.42924313368901 -1.18910133228659 -0.0874513856406575
8.90400000000045 -0.454813954931282 -2.42467642354706 -0.289980184658646 1.35991400185844 -1.16445302952014 -0.1562409046056
8.96000000000095 -0.363510436478265 -1.92353652066294 -0.312837683547002 1.18362533563626 -1.05509436300646 -0.140739687534221
8.98400000000038 -0.46522722249648 -1.8254375725254 -0.318341483726044 1.14891051901956 -1.04291123480351 -0.175228444345151
9.05600000000049 -0.367841321148688 -1.71907772424817 -0.222406250922177 1.07945453758283 -1.06538802796818 -0.19588590269777
9.07999999999993 -0.371312410337083 -1.51933144057426 -0.231860017277995 0.97530684451682 -1.07583236278907 -0.251033564729595
9.14400000000023 -0.381725677902267 -0.920092589552496 -0.260221316345394 0.685041998295629 -1.03757820706272 -0.395683143809482
9.1760000000013 -0.283479981072432 -0.818445254016297 -0.264171282522113 0.615675453006349 -1.06039372454415 -0.416323619112673
9.19200000000092 -0.284339776554461 -0.813732741275373 -0.164286083541526 0.615675453006349 -1.06039372454415 -0.416323619112673
9.25600000000122 -0.386932311684873 -0.620473164041698 -0.274401965879065 0.520965752131079 -0.965097997293526 -0.416180043079009
9.28100000000086 -0.388667856279071 -0.520600022204746 -0.279128849056974 0.413586786996239 -0.833972863620176 -0.381686881170005
9.35200000000077 -0.297364337826025 -0.0194601193206267 -0.301986347945331 0.0938949530258898 -0.537191129765466 -0.418391116077085
9.3760000000002 -0.398221328362226 0.073926316076097 -0.40737534710496 0.0463524653444378 -0.489740543735587 -0.418925355527529
9.4330000000009 -0.298240086938193 0.0757005097754018 -0.406598430103827 0.0337541895441853 -0.453755790594638 -0.384579615075683
9.45600000000013 -0.298240086938193 0.0757005097754018 -0.406598430103827 -0.0138067596292314 -0.406314312817513 -0.385200932832273
9.52800000000025 -0.202589730184584 0.281933499889533 -0.315390080477869 -0.260039840251545 -0.3679647785974 -0.345573444047943
9.5520000000015 -0.204325274778796 0.381806641726428 -0.320116963655778 -0.32950433340597 -0.391264320520522 -0.366629816044565
9.61599999999999 -0.203465479296767 0.377094128985505 -0.420002162636365 -0.377114268763846 -0.343927807366895 -0.36750901803004
9.64000000000124 -0.204325274778796 0.381806641726428 -0.320116963655778 -0.389743833635251 -0.307862078538786 -0.333371497732564
9.69599999999991 -0.104344033354749 0.383580835425732 -0.319340046654588 -0.338001772816978 0.0319941963673176 -0.336892416819528
9.72000000000116 -0.104344033354749 0.383580835425732 -0.319340046654588 -0.329476053219204 0.184621216126052 -0.331770297714359
9.73600000000079 -0.105203828836778 0.388293348166656 -0.219454847674001 -0.28575425724392 0.3260193786234 -0.291385129453604
9.80000000000109 -0.00348704281853429 0.290194400029122 -0.213951047494959 -0.277304604126824 0.478665563682698 -0.286330822564125
9.82400000000052 -0.00348704281853429 0.290194400029122 -0.213951047494959 -0.277304604126824 0.478665563682698 -0.286330822564125
9.89700000000084 0.0964941986054839 0.291968593728427 -0.213174130493826 -0.264806171547728 0.442589147904368 -0.32037548736115
9.9280000000017 0.0964941986054839 0.291968593728427 -0.213174130493826 -0.230454332696403 0.477224968348738 -0.334214166082175
9.94400000000132 -0.00262724733650543 0.285481887288199 -0.313836246475546 -0.300128418007345 0.453799954979189 -0.355750148905377
10 0.0973539940875128 0.287256080987504 -0.313059329474413 -0.300128418007345 0.453799954979189 -0.355750148905377
10.0240000000013 0.0973539940875128 0.287256080987504 -0.313059329474413 -0.230454332696403 0.477224968348738 -0.334214166082175
10.0960000000014 0.0990895386817101 0.187382939150496 -0.308332446296504 -0.186726749231833 0.618637854524537 -0.293741376925719
10.1290000000008 0.101684878757936 0.0827972845726777 -0.403490762099182 -0.141861777337029 0.714127658233601 -0.203963860985948
10.1440000000002 0.102560627870105 -0.0123633445233509 -0.298878679940742 -0.107504926930442 0.748757628502819 -0.217731107295917
10.2240000000002 0.103420423352134 -0.017075857264274 -0.398763878921329 -0.107504926930442 0.748757628502819 -0.217731107295917
10.2480000000014 0.204261460258195 -0.0200141763058923 -0.497872160900727 -0.0950792618681116 0.712698100879505 -0.251803927142101
10.264000000001 0.205997004852392 -0.119887318142901 -0.493145277722817 -0.0826450465607524 0.676643317196845 -0.285887097244119
10.2720000000008 0.205997004852392 -0.119887318142901 -0.493145277722817 -0.0826450465607524 0.676643317196845 -0.285887097244119
10.3360000000011 0.312044675541046 -0.422445062695317 -0.578072910168657 0.0847111191883274 0.508489526183141 -0.399584279516805
10.3600000000006 0.313780220135243 -0.522318204532326 -0.573346026990748 0.109638532178927 0.436473126732411 -0.467977562472711
10.4330000000009 0.31551576472944 -0.622191346369277 -0.568619143812839 0.169930927755083 0.353133208241275 -0.501157668140536
10.4639999999999 0.317251309323638 -0.722064488206172 -0.56389226063493 0.2302115466021 0.269798665977336 -0.534464930912607
10.5280000000002 0.324193487700441 -1.12155705555404 -0.54498472792335 0.379939554055004 -0.157364193429012 -0.710655394585082
10.5520000000015 0.328524372370865 -1.3260158519688 -0.635416160548175 0.440196050583024 -0.240642032357831 -0.74457603970407
10.5680000000011 0.328524372370865 -1.3260158519688 -0.635416160548175 0.487874376481544 -0.288016623629064 -0.744127457357766
10.6240000000016 0.330259916965062 -1.4258889938057 -0.630689277370323 0.500442795963851 -0.323913567228276 -0.778623901608045
10.6560000000009 0.331995461559259 -1.52576213564271 -0.625962394192413 0.535534409111576 -0.335410165408964 -0.743736792201013
10.7200000000012 0.241551738588257 -2.03161455126769 -0.702990094284644 0.747144887536834 -0.408257103264673 -0.770683345869802
10.7450000000008 0.245022827776651 -2.2313608349416 -0.693536327928882 0.794043367352049 -0.409366062517531 -0.819194524223313
10.7600000000002 0.246758372370849 -2.33123397677855 -0.688809444750973 0.841662835342632 -0.456822445458762 -0.819063923400031
10.768 0.246758372370849 -2.33123397677855 -0.688809444750973 0.876007497687204 -0.422080700143643 -0.832937474567208
10.7840000000015 0.146777130946816 -2.33300817047785 -0.689586361752106 0.876007497687204 -0.422080700143643 -0.832937474567208
10.8000000000011 0.146777130946816 -2.33300817047785 -0.689586361752106 0.876007497687204 -0.422080700143643 -0.832937474567208
10.8170000000009 0.146777130946816 -2.33300817047785 -0.689586361752106 0.876007497687204 -0.422080700143643 -0.832937474567208
10.8320000000003 0.146777130946816 -2.33300817047785 -0.689586361752106 0.911081437966927 -0.43374138284816 -0.79816072877381
10.848 0.148512675541014 -2.43288131231475 -0.684859478574197 0.876718530210012 -0.4684784239131 -0.784295331250625
10.8640000000014 0.150248220135211 -2.53275445415176 -0.680132595396287 0.91176495937142 -0.480168779723114 -0.749536698163289
10.8720000000012 0.151983764729408 -2.63262759598871 -0.675405712218435 0.924301999702229 -0.515982312786181 -0.78425139324377
10.8880000000008 0.0528782724175585 -2.72956241878404 -0.571570547061071 0.959330335834229 -0.527701573724956 -0.749521459938291
10.9040000000005 0.0563493616059532 -2.92930870245794 -0.562116780705253 0.959928382122346 -0.574178476113114 -0.700944786837151
10.9200000000001 0.0580849062001505 -3.0291818442949 -0.557389897527401 1.00744744422077 -0.621759202443523 -0.701016481752243
10.9920000000002 0.0615559953885594 -3.2289281279688 -0.547936131171582 1.04290599653414 -0.680126943723235 -0.617831923042368
11.0240000000013 0.0615559953885594 -3.2289281279688 -0.547936131171582 1.07738499005399 -0.645417447452341 -0.63168028828526
11.0320000000011 0.0615559953885594 -3.2289281279688 -0.547936131171582 1.08990425505158 -0.681199011377285 -0.666501767858803
11.0880000000016 -0.0340943613650637 -3.43516111808299 -0.63914448079754 1.19428344623605 -0.670272876632538 -0.611075566820355
11.112000000001 -0.0314830676586979 -3.63019488901597 -0.529805515461135 1.298686650441 -0.659497803342466 -0.555650080492826
11.1290000000008 -0.0297475230645006 -3.73006803085292 -0.525078632283225 1.33319722512575 -0.624787071994252 -0.569450672908002
11.2010000000009 -0.0262764338761059 -3.92981431452682 -0.515624865927464 1.45009483988716 -0.649889003523789 -0.548977977794894
11.2240000000002 -0.127993219894336 -3.83171536638918 -0.521128666106506 1.45009483988716 -0.649889003523789 -0.548977977794894
11.2400000000016 -0.127993219894336 -3.83171536638918 -0.521128666106506 1.45009483988716 -0.649889003523789 -0.548977977794894
11.2960000000003 -0.226238916724171 -3.93336270192543 -0.51717869992973 1.45114635015647 -0.790349507104766 -0.403942915250215
11.3200000000015 -0.326220158148203 -3.93513689562474 -0.517955616930863 1.46383485766907 -0.87292439313979 -0.390663015312354
11.3360000000011 -0.327079953630232 -3.93042438288387 -0.418070417950219 1.46401395708136 -0.919802777619532 -0.342382675159107
11.4000000000015 -0.327079953630232 -3.93042438288387 -0.418070417950219 1.47659612418681 -1.00241100968721 -0.329181084352732
11.4240000000009 -0.327079953630232 -3.93042438288387 -0.418070417950219 1.47659612418681 -1.00241100968721 -0.329181084352732
11.4800000000014 -0.330551042818627 -3.73067809920997 -0.427524184306037 1.49634271154353 -0.837177889766885 -0.168239755360497
11.5130000000008 -0.333146382894853 -3.62609244463209 -0.332365868503302 1.55349874266729 -0.779147823882664 -0.112393637720484
11.5280000000002 -0.434863168913068 -3.5279934964945 -0.337869668682345 1.52874665986749 -0.707716404663625 -0.0422810535378263
11.5920000000006 -0.435738918025237 -3.43283286739847 -0.442481750840898 1.55113837173903 -0.637368887056216 -0.0209383230134591
11.616 -0.435738918025237 -3.43283286739847 -0.442481750840898 1.55113837173903 -0.637368887056216 -0.0209383230134591
11.6320000000014 -0.435738918025237 -3.43283286739847 -0.442481750840898 1.55113837173903 -0.637368887056216 -0.0209383230134591
11.6959999999999 -0.345295195054248 -2.92698045177343 -0.36545405074861 1.41191670051081 -0.681961840476746 -0.0627181105696015
11.728000000001 -0.349626079724672 -2.72252165535861 -0.275022618123785 1.34242671425265 -0.751205196877966 -0.0352507797766438
11.7450000000008 -0.351361624318869 -2.62264851352165 -0.279749501301694 1.3075969421981 -0.738940972883351 -0.0698425022854272
11.8080000000009 -0.352237373431038 -2.52748788442563 -0.384361583460191 1.27285354474289 -0.773560064470491 -0.0560889347661667
11.8320000000003 -0.354832713507264 -2.42290222984769 -0.289203267657513 1.2380322641671 -0.761334905369772 -0.0906831344198552
11.848 -0.356568258101461 -2.3230290880108 -0.293930150835365 1.2380322641671 -0.761334905369772 -0.0906831344198552
11.9120000000003 -0.267000284242627 -1.72201604328978 -0.321514532901631 0.982150894283842 -0.780864886781759 -0.15291065496039
11.9440000000013 -0.270471373431022 -1.52226975961588 -0.330968299257449 0.877826281404525 -0.79143648742425 -0.208368533282746
11.9600000000009 -0.273066713507248 -1.41768410503795 -0.235809983454715 0.877826281404525 -0.79143648742425 -0.208368533282746
12.0240000000013 -0.273942462619416 -1.32252347594198 -0.340422065613211 0.795832846874403 -0.778248173974466 -0.194429829273289
12.0560000000005 -0.275678007213614 -1.22265033410497 -0.34514894879112 0.726346699688252 -0.800931919032808 -0.215246555088704
12.0720000000001 -0.277413551807811 -1.12277719226807 -0.34987583196903 0.691531199282397 -0.789032627311359 -0.249921884256273
12.1440000000002 -0.187845577948977 -0.52176414754706 -0.377460214035239 0.296985479762039 -0.8556356236091 -0.353966190989798
12.1680000000015 -0.189581122543174 -0.421891005710052 -0.382187097213148 0.227595236833789 -0.878619963313935 -0.374729284438315
12.1840000000011 -0.189581122543174 -0.421891005710052 -0.382187097213148 0.227595236833789 -0.878619963313935 -0.374729284438315
12.2480000000014 -0.191316667137372 -0.322017863873157 -0.386913980391057 0.167554267378189 -0.795122613301819 -0.340506025065831
12.2720000000008 -0.193052211731569 -0.222144722036148 -0.391640863568966 0.0507111194161985 -0.770653753808413 -0.361670313390447
12.2880000000005 -0.193052211731569 -0.222144722036148 -0.391640863568966 0.0380829638496903 -0.734677914294156 -0.327268259255276
12.3520000000008 -0.19911864099619 0.0821872162156296 -0.30593631412205 -0.151878326024436 -0.544788914535163 -0.329404583294385
12.3760000000002 -0.0991373995721574 0.0839614099149344 -0.305159397120917 -0.164497738996671 -0.508768029919878 -0.295130734890294
12.3920000000016 -0.0991373995721574 0.0839614099149344 -0.305159397120917 -0.199414376292525 -0.497364715823737 -0.330082725802208
12.4639999999999 -0.0991373995721574 0.0839614099149344 -0.305159397120917 -0.212455924794791 -0.415349738423611 -0.344779813700829
12.4880000000012 -3.19072602792403E-05 0.180896232710268 -0.408994562278224 -0.238693578323871 -0.251365828940376 -0.37432492421483
12.5040000000008 -0.000891702742308098 0.185608745451191 -0.309109363297637 -0.239289992407444 -0.205441726849529 -0.423342595276649
12.5680000000011 -0.000891702742308098 0.185608745451191 -0.309109363297637 -0.30024732666832 -0.0761980704081502 -0.439216299325862
12.5920000000006 -0.000891702742308098 0.185608745451191 -0.309109363297637 -0.278438153750112 -0.00550589022114338 -0.419021698567129
12.6240000000016 0.0990895386817101 0.187382939150496 -0.308332446296504 -0.278438153750112 -0.00550589022114338 -0.419021698567129
12.6320000000014 -0.000891702742308098 0.185608745451191 -0.309109363297637 -0.278438153750112 -0.00550589022114338 -0.419021698567129
12.7040000000015 0.0990895386817101 0.187382939150496 -0.308332446296504 -0.279211112770617 0.0403575602643996 -0.468127286729589
12.728000000001 0.0990895386817101 0.187382939150496 -0.308332446296504 -0.280041198928838 0.0862008133142819 -0.517251538456094
12.7450000000008 0.0990895386817101 0.187382939150496 -0.308332446296504 -0.280041198928838 0.0862008133142819 -0.517251538456094
12.8170000000009 0.0990895386817101 0.187382939150496 -0.308332446296504 -0.280041198928838 0.0862008133142819 -0.517251538456094
12.8400000000001 0.0990895386817101 0.187382939150496 -0.308332446296504 -0.245708647791961 0.120858167172537 -0.53116923362638
12.8560000000016 0.0990895386817101 0.187382939150496 -0.308332446296504 -0.258282202298059 0.156911567374034 -0.497067051173818
12.9120000000003 0.0990895386817101 0.187382939150496 -0.308332446296504 -0.250011366999374 0.309521529315677 -0.491957810315053
12.9360000000015 0.0990895386817101 0.187382939150496 -0.308332446296504 -0.22824263466145 0.380240171444356 -0.471761473069732
12.9520000000011 0.0990895386817101 0.187382939150496 -0.308332446296504 -0.240768688372335 0.416302207158753 -0.437696314030341
13.0080000000016 0.199930575587771 0.184444620108877 -0.407440728275958 -0.240768688372335 0.416302207158753 -0.437696314030341
13.0400000000009 0.199930575587771 0.184444620108877 -0.407440728275958 -0.22824263466145 0.380240171444356 -0.471761473069732
13.0560000000005 0.199930575587771 0.184444620108877 -0.407440728275958 -0.250011366999374 0.309521529315677 -0.491957810315053
13.1200000000008 0.30250715708803 0.0816331592303641 -0.501822127077503 -0.237149678374041 -0.256422313600221 -0.609968533904557
13.152 0.40422394310626 -0.0164657889072828 -0.496318326898461 -0.220214464851122 -0.481060423060056 -0.68377409190154
13.1600000000017 0.405083738588289 -0.0211783016482059 -0.596203525879105 -0.241900900680669 -0.551747527193546 -0.703976301395237
13.2400000000016 0.40422394310626 -0.0164657889072828 -0.496318326898461 -0.194253308676443 -0.598974137932465 -0.703303826244653
13.264000000001 0.405959487700457 -0.116338930744291 -0.491591443720552 -0.133921706186412 -0.682216837576923 -0.736979030419813
13.3280000000013 0.411166121483049 -0.415958356255089 -0.477410794186881 -0.0349555894423837 -0.919336215568232 -0.825028973524743
13.3520000000008 0.313780220135243 -0.522318204532326 -0.573346026990748 -0.0566120475700489 -0.989987982962158 -0.845333994389227
13.3680000000004 0.313780220135243 -0.522318204532326 -0.573346026990748 -0.00905821255570427 -1.03724245982535 -0.845039749831559
13.4400000000005 0.31551576472944 -0.622191346369277 -0.568619143812839 0.0164741719455132 -1.10914260167453 -0.91388470399927
13.4639999999999 0.317251309323638 -0.722064488206172 -0.56389226063493 0.0423784772889463 -1.22703003445055 -0.934065166508758
13.4800000000014 0.318986853917849 -0.82193763004318 -0.55916537745702 0.0554529328566399 -1.30899001637298 -0.919856852028228
13.496000000001 0.221600952570043 -0.928297478320246 -0.655100610260945 0.115738289223393 -1.39218999384756 -0.954346769434903
13.5040000000008 0.321582193994075 -0.926523284620941 -0.654323693259812 0.106940329455699 -1.49871975392002 -1.00927651322519
13.5200000000004 0.225072041758438 -1.12804376199421 -0.645646843905126 0.16723451216941 -1.58188872472578 -1.04396731654839
13.5920000000006 0.228543130946832 -1.32779004566811 -0.636193077549365 0.218881341001787 -1.81764543674247 -1.08536493435891
13.616 0.228543130946832 -1.32779004566811 -0.636193077549365 0.218881341001787 -1.81764543674247 -1.08536493435891
13.6320000000014 0.228543130946832 -1.32779004566811 -0.636193077549365 0.240481397043647 -1.7470553760786 -1.06490122575928
13.7040000000015 0.138975157087984 -1.92880309038907 -0.608608695483099 0.495302809108392 -1.14878473618762 -0.96347113168769
13.7450000000008 0.142446246276393 -2.12854937406303 -0.599154929127337 0.595266851282856 -0.948588799873859 -0.866991215490669
13.7520000000004 0.14418179087059 -2.22842251589998 -0.594428045949428 0.617021867341744 -0.878017475001843 -0.846316822006833
13.768 0.14418179087059 -2.22842251589998 -0.594428045949428 0.638789914831828 -0.807446917742338 -0.825629710441912
13.8320000000003 0.145917335464787 -2.32829565773693 -0.589701162771519 0.673189913990617 -0.77272379735729 -0.83958148376692
13.8560000000016 0.147652880058985 -2.42816879957383 -0.584974279593609 0.755128437598342 -0.785442873530457 -0.853542200221279
13.9120000000003 0.154595058435774 -2.82766136692169 -0.566066746882029 0.918982151023115 -0.8109173080165 -0.881612174798863
13.9520000000011 0.0589606553123332 -3.12434247339098 -0.452777815368847 1.07022231215528 -0.800671985974915 -0.875043203109495
14 0.0589606553123332 -3.12434247339098 -0.452777815368847 1.08280477798072 -0.836439504959787 -0.909880442479747
14.0320000000011 0.0606961999065305 -3.22421561522793 -0.448050932190938 1.11772612195415 -0.848218507706244 -0.875319302354891
14.0960000000014 -0.0366897014412899 -3.33057546350511 -0.543986164994806 1.24755831539438 -0.955236380959058 -0.841551629828429
14.1200000000008 -0.133199853676928 -3.53209594087832 -0.535309315640177 1.29536040861028 -1.0495384739993 -0.793688262353803
14.1920000000009 -0.132324104564759 -3.62725656997441 -0.430697233481624 1.36499497307166 -1.07349752102223 -0.72482442931419
14.2240000000002 -0.231445550506763 -3.63374327641458 -0.531359349463457 1.36499497307166 -1.07349752102223 -0.72482442931419
14.2720000000008 -0.232305345988792 -3.62903076367371 -0.431474150482813 1.37800825919366 -1.20272729860392 -0.66330808094955
14.3040000000001 -0.330551042818627 -3.73067809920997 -0.427524184306037 1.41286300994355 -1.26162985306871 -0.580721540497557
14.3680000000004 -0.428796739648448 -3.83232543474628 -0.423574218129261 1.46011919294641 -1.40322246883683 -0.485149380834541
14.3920000000016 -0.428796739648448 -3.83232543474628 -0.423574218129261 1.42542323514651 -1.4379000972464 -0.471267990568845
14.4480000000003 -0.428796739648448 -3.83232543474628 -0.423574218129261 1.47259341004221 -1.48581490302817 -0.472149602852437
14.4720000000016 -0.430532284242645 -3.73245229290933 -0.42830110130717 1.47245283567627 -1.53273983267129 -0.424034004375497
14.4880000000012 -0.430532284242645 -3.73245229290933 -0.42830110130717 1.47245283567627 -1.53273983267129 -0.424034004375497
14.5520000000015 -0.431392079724674 -3.72773978016841 -0.328415902326526 1.48456744246709 -1.66232814715184 -0.363040437064417
14.5760000000009 -0.432251875206703 -3.72302726742748 -0.228530703345939 1.49683143972458 -1.74498624226564 -0.350194215865968
14.5920000000006 -0.431392079724674 -3.72773978016841 -0.328415902326526 1.49683143972458 -1.74498624226564 -0.350194215865968
14.648000000001 -0.333146382894853 -3.62609244463209 -0.332365868503302 1.48456744246709 -1.66232814715184 -0.363040437064417
14.6800000000003 -0.336617472083248 -3.42634616095819 -0.341819634859121 1.47200152697202 -1.62664680341269 -0.327854182308389
14.6959999999999 -0.338353016677445 -3.32647301912124 -0.346546518036973 1.42491495161173 -1.57864524581252 -0.326887432711528
14.768 -0.346154990536277 -2.92226793903251 -0.265568851768023 1.35271372649866 -1.45924023723402 -0.255754984641897
14.7920000000013 -0.345295195054248 -2.92698045177343 -0.36545405074861 1.35271372649866 -1.45924023723402 -0.255754984641897
14.8560000000016 -0.348766284242643 -2.72723416809953 -0.374907817104372 1.34037557974145 -1.37661694177419 -0.268829085717638
14.8880000000008 -0.353097168913067 -2.5227753716847 -0.284476384479603 1.2335469980473 -1.24495069844339 -0.232400660541729
14.8970000000008 -0.354832713507264 -2.42290222984769 -0.289203267657513 1.25579503970327 -1.17457339923068 -0.21123742012918
14.9760000000006 -0.363510436478265 -1.92353652066294 -0.312837683547002 1.08917259244918 -0.912444839955999 -0.188279033822199
15 -0.363510436478265 -1.92353652066294 -0.312837683547002 1.08917259244918 -0.912444839955999 -0.188279033822199
15.0160000000014 -0.363510436478265 -1.92353652066294 -0.312837683547002 1.08917259244918 -0.912444839955999 -0.188279033822199
15.0720000000001 -0.369576865742886 -1.61920458241121 -0.227133134100086 0.947327529119628 -0.768819659855396 -0.187550885093174
15.0960000000014 -0.37304795493128 -1.41945829873725 -0.236586900455904 0.840202062221458 -0.637317499268153 -0.15261759482495
15.112000000001 -0.276537802695643 -1.21793782136405 -0.245263749810533 0.745480601553436 -0.541710996015336 -0.152711819858655
15.1290000000008 -0.378254588713872 -1.11983887322646 -0.250767549989575 0.685628814328905 -0.458056398131321 -0.118206531348868
15.1440000000002 -0.37999013330807 -1.0199657313895 -0.255494433167485 0.638223350082393 -0.410289117608716 -0.118427654961874
15.2010000000009 -0.282620185590403 -0.82315776675722 -0.364056481502701 0.543357799593382 -0.314810589101497 -0.119043665192781
15.2240000000002 -0.283479981072432 -0.818445254016297 -0.264171282522113 0.543357799593382 -0.314810589101497 -0.119043665192781
15.2400000000016 -0.283479981072432 -0.818445254016297 -0.264171282522113 0.495897554347294 -0.267099471236151 -0.119438550430924
15.3040000000001 -0.288686614855038 -0.518825828505442 -0.278351932055841 0.400425742626251 -0.125414052224595 -0.169214426451605
15.3360000000011 -0.190440918025203 -0.417178492969128 -0.282301898232561 0.270200188795294 -0.0185682719435303 -0.205545938765113
15.344000000001 -0.1921764626194 -0.317305351132234 -0.28702878141047 0.292247421574965 0.0520225799300158 -0.184982487089579
15.4160000000011 -0.1921764626194 -0.317305351132234 -0.28702878141047 0.222599171168238 0.028988893980919 -0.206287915785443
15.4400000000005 -0.193912007213598 -0.217432209295225 -0.291755664588379 0.174979267364655 0.076526807646975 -0.207087818743586
15.5130000000008 -0.196523300919964 -0.0223984383622451 -0.401094629924728 0.0092716488185627 0.194436476156452 -0.279277007556074
15.5440000000017 -0.197399050032132 0.0727621907337834 -0.505706712083224 -0.0384426763282802 0.241857205378505 -0.280307863125349
15.5600000000013 -0.199134594626329 0.172635332570678 -0.510433595261134 -0.0736808199310828 0.253221516764307 -0.315558789280315
15.6320000000014 -0.199134594626329 0.172635332570678 -0.510433595261134 -0.0861762505458614 0.28925833643796 -0.281396630324948
15.6650000000009 -0.199994390108358 0.177347845311601 -0.410548396280547 -0.0642522591791558 0.359926918367696 -0.261065590649022
15.6800000000003 -0.19911864099619 0.0821872162156296 -0.30593631412205 -0.0767228648604111 0.395968060417718 -0.226916278562769
15.7360000000008 -0.199994390108358 0.177347845311601 -0.410548396280547 -0.0805928974235275 0.584722074907716 -0.187484117743156
15.768 -0.199994390108358 0.177347845311601 -0.410548396280547 -0.0586260732081741 0.655397502874974 -0.167144919233832
15.8400000000001 -0.100013148684326 0.179122039010906 -0.409771479279414 -0.0462031943640947 0.619347834556576 -0.2012579700121
15.8640000000014 -0.100013148684326 0.179122039010906 -0.409771479279414 -0.0337717285140493 0.583302920041691 -0.235381380136681
15.880000000001 -0.100013148684326 0.179122039010906 -0.409771479279414 -0.0213316656399342 0.547262765523223 -0.269515161463321
15.9360000000015 0.000827888221749618 0.176183719969345 -0.508879761258811 -0.0183116651789693 0.404519029950288 -0.358164666521554
15.969000000001 -3.19072602792403E-05 0.180896232710268 -0.408994562278224 -0.00582954860401075 0.368492748328711 -0.392332023246937
15.9920000000002 0.000827888221749618 0.176183719969345 -0.508879761258811 -0.0411417845138047 0.379801922745685 -0.427627765510904
16.0490000000009 0.00168768370377848 0.171471207228421 -0.608764960239455 -0.0151795352859514 0.261791922711493 -0.446852184640249
16.0720000000001 0.00168768370377848 0.171471207228421 -0.608764960239455 -0.0119351382182165 0.119081592015187 -0.535578365332153
16.0880000000016 0.00254747918580733 0.166758694487555 -0.708650159220099 -0.021152519655668 0.0123916801509742 -0.590116402644837
16.1440000000002 0.00254747918580733 0.166758694487555 -0.708650159220099 -0.000768672823026297 -0.354891102778277 -0.753044006447875
16.1760000000013 0.00254747918580733 0.166758694487555 -0.708650159220099 -0.00978204318023167 -0.461547915787369 -0.80765407020087
16.1920000000009 0.00254747918580733 0.166758694487555 -0.708650159220099 -0.00978204318023167 -0.461547915787369 -0.80765407020087
16.2080000000005 0.00254747918580733 0.166758694487555 -0.708650159220099 -0.00978204318023167 -0.461547915787369 -0.80765407020087
16.2720000000008 0.00254747918580733 0.166758694487555 -0.708650159220099 -0.0187414578451322 -0.568201223801258 -0.86226791110674
16.2960000000003 0.00514281926203353 0.0621730399097373 -0.803808475022834 0.00666575482877448 -0.64013835465782 -0.930927131622859
16.3680000000004 0.00514281926203353 0.0621730399097373 -0.803808475022834 0.0239014130480217 -0.864623444933677 -1.00547989633848
16.4000000000015 -0.0948384221620131 0.0603988462103757 -0.804585392023967 0.0239014130480217 -0.864623444933677 -1.00547989633848
16.4080000000013 0.00428302378000467 0.0668855526506604 -0.703923276042246 0.0239014130480217 -0.864623444933677 -1.00547989633848
16.4800000000014 -0.0931028775678158 -0.0394742956265759 -0.799858508846057 0.0327385154725678 -0.758001375801987 -0.95078455314648
16.5040000000008 -0.0931028775678158 -0.0394742956265759 -0.799858508846057 0.0416297242004221 -0.651375698391042 -0.896093575884309
16.5760000000009 -0.0931028775678158 -0.0394742956265759 -0.799858508846057 0.107250378103424 -0.48537545387944 -0.786164302599679
16.6000000000004 -0.0931028775678158 -0.0394742956265759 -0.799858508846057 0.072231986049094 -0.474078814725336 -0.821060896452911
16.6560000000009 -0.0896317883794211 -0.239220579300479 -0.790404742490296 0.16689679614127 -0.522567610544336 -0.868901918518475
16.6800000000003 0.0120849976388229 -0.337319527438126 -0.784900942311197 0.261547331542031 -0.571033601169459 -0.916877280491958
16.7040000000015 0.0146803377150491 -0.441905182015944 -0.880059258113931 0.321182517652338 -0.608128391554228 -0.999776716827505
16.7600000000002 0.0190271760156122 -0.736812094785876 -0.765993409599616 0.523112983204435 -0.740750561952191 -1.13089000842095
16.7840000000015 0.0190271760156122 -0.736812094785876 -0.765993409599616 0.535804201544732 -0.776608986102571 -1.16546957619003
16.8000000000011 0.11900841743963 -0.735037901086571 -0.765216492598483 0.535804201544732 -0.776608986102571 -1.16546957619003
16.8640000000014 0.0216225160918526 -0.841397749363807 -0.861151725402294 0.596162455522365 -0.859694582901539 -1.2000237132084
16.8970000000008 0.0259534007622761 -1.04585654577863 -0.95158315802712 0.690764173331199 -0.907984119264354 -1.24872778591525
16.9120000000003 0.0276889453564735 -1.14572968761559 -0.94685627484921 0.751109816875597 -0.991049364236078 -1.28354408007908
16.969000000001 -0.0679614113971496 -1.35196267772977 -1.03806462447523 0.82417857091065 -1.10989372550168 -1.35324678228051
16.9920000000002 0.032019830026897 -1.35018848403041 -1.03728770747404 0.836918151884354 -1.14567518993762 -1.38801655630108
17.0160000000014 -0.0688212068791785 -1.34725016498885 -0.938179425494582 0.836918151884354 -1.14567518993762 -1.38801655630108
17.0799999999999 -0.164471563632787 -1.55348315510298 -1.02938777512054 0.958157279308624 -1.35805450492638 -1.41002532569271
17.112000000001 -0.260981715868425 -1.75500363247619 -1.02071092576591 1.04448889414373 -1.55893936087954 -1.46696479386616
17.1680000000015 -0.256650831198002 -1.9594624288909 -1.11114235839074 1.16507608470249 -1.72497582596829 -1.53848128872635
17.2010000000009 -0.356632072622034 -1.96123662259021 -1.11191927539193 1.14360119072469 -1.79550418625415 -1.55939633984569
17.2080000000005 -0.25491528660379 -2.05933557072791 -1.10641547521288 1.14360119072469 -1.79550418625415 -1.55939633984569
17.2810000000009 -0.352285234321457 -2.25614353536025 -0.997853426877555 1.2343897940627 -1.74830168169508 -1.4701896796599
17.3040000000001 -0.350549689727259 -2.3560166771972 -0.993126543699645 1.2343897940627 -1.74830168169508 -1.4701896796599
17.3920000000016 -0.447059841962883 -2.55753715457047 -0.984449694345017 1.3036679417112 -1.77176301593274 -1.4019375931359
17.4160000000011 -0.446200046480854 -2.56224966731133 -1.08433489332566 1.3036679417112 -1.77176301593274 -1.4019375931359
17.496000000001 -0.441853208180291 -2.85715658008132 -0.970269044811346 1.46744129991102 -1.84368212787216 -1.38401269301579
17.5280000000002 -0.538363360415943 -3.05867705745453 -0.96159219545666 1.59655447135938 -1.90388067817365 -1.40042186306026
17.6000000000004 -0.534892271227534 -3.25842334112843 -0.952138429100899 1.67829904378695 -1.91658582987625 -1.41572941472437
17.6240000000016 -0.534892271227534 -3.25842334112843 -0.952138429100899 1.71288359670868 -1.92855559815188 -1.38174766722036
17.6880000000001 -0.633137968057369 -3.36007067666469 -0.948188462924122 1.72576849738802 -2.01096596681212 -1.36906786976605
17.7200000000012 -0.733119209481401 -3.361844870364 -0.948965379925255 1.76036093917088 -2.06986801782382 -1.28718077517408
17.7360000000008 -0.731383664887204 -3.46171801220095 -0.944238496747403 1.79486557163507 -2.08195767715335 -1.25327299985957
17.7920000000013 -0.832224701793265 -3.45877969315933 -0.845130214767892 1.80760850690954 -2.11752469790433 -1.28864893657076
17.8170000000009 -0.731383664887204 -3.46171801220095 -0.944238496747403 1.79486557163507 -2.08195767715335 -1.25327299985957
17.8320000000003 -0.831364906311237 -3.46349220590025 -0.945015413748536 1.82936113303104 -2.09408097033693 -1.21937539045002
17.848 -0.832224701793265 -3.45877969315933 -0.845130214767892 1.82936113303104 -2.09408097033693 -1.21937539045002
17.8640000000014 -0.832224701793265 -3.45877969315933 -0.845130214767892 1.816635865695 -2.05851442775561 -1.18399202177642
17.880000000001 -0.932205943217284 -3.46055388685869 -0.845907131769025 1.83842273139835 -2.0351110137897 -1.11469540067033
17.8970000000008 -0.932205943217284 -3.46055388685869 -0.845907131769025 1.86022612149298 -2.01174745898857 -1.0453831396268
17.969000000001 -1.03218718464133 -3.462328080558 -0.846684048770157 1.9258713459536 -1.89481740172666 -0.885244913680483
17.9920000000002 -1.03218718464133 -3.462328080558 -0.846684048770157 1.9258713459536 -1.89481740172666 -0.885244913680483
18.0560000000005 -1.03478252471756 -3.35774242598012 -0.75152573296748 1.90371650846999 -2.01220892458942 -0.858829292640848
18.0799999999999 -1.03651806931175 -3.25786928414317 -0.756252616145389 1.84704159799186 -2.11726706987648 -0.866325140867908
18.1440000000002 -0.941743461670313 -2.95647566493301 -0.769656348677927 1.79303889609763 -2.45788435617062 -0.870406476218627
18.1680000000015 -0.941743461670313 -2.95647566493301 -0.769656348677927 1.75829504624131 -2.49261150012057 -0.856372635863305
18.232 -0.943479006264511 -2.85660252309606 -0.774383231855836 1.75829504624131 -2.49261150012057 -0.856372635863305
18.264000000001 -0.945214550858708 -2.75672938125911 -0.779110115033745 1.71127560342642 -2.44471255796651 -0.854707897737386
18.3360000000012 -0.856506372481903 -2.15100382379711 -0.706809298119367 1.57012614300012 -2.30111689534256 -0.850060246665066
18.3600000000006 -0.958223158500118 -2.05290487565952 -0.712313098298409 1.5354108049745 -2.33583524354996 -0.836019570733962
18.4240000000009 -0.859977461670312 -1.95125754012315 -0.716263064475186 1.50108904428654 -2.32363521011768 -0.869886249155871
18.4560000000001 -0.861713006264509 -1.85138439828626 -0.720989947653095 1.43206684150526 -2.34619140094265 -0.889699401408674
18.5200000000004 -0.872126273829693 -1.25214554726449 -0.749351246720494 1.1904054072201 -2.44880346534022 -0.934942583000805
18.5440000000017 -0.773880576999858 -1.15049821172829 -0.753301212897213 1.12144899739349 -2.47151056722924 -0.954688255137065
18.5600000000013 -0.775616121594055 -1.05062506989134 -0.758028096075122 1.08717942667426 -2.45953989596259 -0.988570790134964
18.616 -0.776475917076084 -1.04591255715042 -0.658142897094535 1.04005037607459 -2.41189815743673 -0.98733700942456
18.648000000001 -0.777351666188252 -0.950751928054331 -0.762754979253032 1.01471388928354 -2.29384007856365 -0.965208763479683
18.6560000000009 -0.779947006264479 -0.846166273476513 -0.667596663450354 1.00189161737133 -2.25812002591826 -0.930126609477225
18.728000000001 -0.786889184641282 -0.446673706128649 -0.686504196161934 0.811393704766173 -1.39581726168245 -0.74351633999282
18.7520000000004 -0.789500478347648 -0.251639935195669 -0.795843161498283 0.678502600632466 -1.1467726694807 -0.686928652955988
18.8080000000009 -0.790360273829677 -0.246927422454746 -0.695957962517696 0.700385866749229 -1.07625017957409 -0.666165789744093
18.8320000000003 -0.690379032405644 -0.245153228755441 -0.695181045516563 0.665610723305032 -1.06453615098649 -0.700713298963632
18.848 -0.690379032405644 -0.245153228755441 -0.695181045516563 0.678260297648135 -1.10037329841243 -0.735432582673589
18.9120000000003 -0.592133335575809 -0.143505893219242 -0.699131011693339 0.599606019451031 -1.18345484173132 -0.859902252277827
18.9440000000013 -0.49388763874596 -0.0418585576829287 -0.703080977870059 0.54311737583712 -1.24242832838959 -0.915065867765863
18.9600000000009 -0.495623183340157 0.0580145841540229 -0.707807861047968 0.508376344235344 -1.23088161067172 -0.949562359689346
19.0240000000013 -0.495623183340157 0.0580145841540229 -0.707807861047968 0.508376344235344 -1.23088161067172 -0.949562359689346
19.0490000000009 -0.495623183340157 0.0580145841540229 -0.707807861047968 0.53007961287004 -1.16030729771416 -0.928938463253493
19.0640000000003 -0.494763387858129 0.0533020714130998 -0.807693060028555 0.495302809108392 -1.14878473618762 -0.96347113168769
19.1360000000004 -0.495623183340157 0.0580145841540229 -0.707807861047968 0.456303731184462 -0.948766776490439 -0.95684250715124
19.1600000000017 -0.495623183340157 0.0580145841540229 -0.707807861047968 0.490667902005321 -0.914033892996636 -0.970857547656746
19.1760000000013 -0.495623183340157 0.0580145841540229 -0.707807861047968 0.477981781558577 -0.878165105764716 -0.936263718313875
19.2480000000014 -0.497358727934355 0.157887725990918 -0.712534744225877 0.512342212127086 -0.843432579741619 -0.950263149218392
19.2720000000008 -0.395641941916139 0.0597887778533845 -0.707030944046835 0.464752522514928 -0.796099097110551 -0.950359208872041
19.2880000000005 -0.495623183340157 0.0580145841540229 -0.707807861047968 0.499091064827344 -0.761362280369523 -0.964351122873958
19.3520000000008 -0.397377486510337 0.159661919690279 -0.711757827224744 0.473135805067256 -0.643428790319481 -0.943942186302502
19.3760000000002 -0.397377486510337 0.159661919690279 -0.711757827224744 0.494811442418324 -0.572810082826448 -0.923366438229342
19.3920000000016 -0.396517691028308 0.154949406949356 -0.811643026205331 0.494811442418324 -0.572810082826448 -0.923366438229342
19.4720000000016 -0.396517691028308 0.154949406949356 -0.811643026205331 0.481453330175278 -0.490755912873512 -0.93759169161705
19.496000000001 -0.396517691028308 0.154949406949356 -0.811643026205331 0.537411681161343 -0.385384368221968 -0.930947915857259
19.5130000000008 -0.296536449604275 0.156723600648661 -0.810866109204142 0.523966973640568 -0.303331911091741 -0.945231124399146
19.5680000000011 -0.294800905010078 0.0568504588117662 -0.806139226026289 0.601563323626946 -0.127309081433772 -0.917926475253162
19.6080000000002 -0.294800905010078 0.0568504588117662 -0.806139226026289 0.601563323626946 -0.127309081433772 -0.917926475253162
19.6240000000016 -0.294800905010078 0.0568504588117662 -0.806139226026289 0.601563323626946 -0.127309081433772 -0.917926475253162
19.6800000000003 -0.294800905010078 0.0568504588117662 -0.806139226026289 0.60504034472908 -0.269691527680732 -1.00757626979603
19.7040000000015 -0.293941109528049 0.0521379460708431 -0.906024425006876 0.643743494009962 -0.423465985401437 -1.06244808589616
19.7200000000012 -0.294800905010078 0.0568504588117662 -0.806139226026289 0.622129588311661 -0.494093166744107 -1.08307744956287
19.7360000000008 -0.294800905010078 0.0568504588117662 -0.806139226026289 0.634763301973663 -0.529945286029006 -1.1176557891896
19.7920000000013 -0.193959868104017 0.0539121397701479 -0.905247508005687 0.604283900513833 -0.707050264763083 -1.19347775171783
19.8240000000005 -0.193959868104017 0.0539121397701479 -0.905247508005687 0.604283900513833 -0.707050264763083 -1.19347775171783
19.8400000000001 -0.193959868104017 0.0539121397701479 -0.905247508005687 0.673527734964618 -0.683671609360649 -1.17277112613148
19.8970000000008 -0.19136452802779 -0.0506735148077269 -1.00040582380836 0.673527734964618 -0.683671609360649 -1.17277112613148
19.9200000000001 -0.19136452802779 -0.0506735148077269 -1.00040582380836 0.686196276543897 -0.719503766668129 -1.20740323956342
19.9360000000015 -0.19136452802779 -0.0506735148077269 -1.00040582380836 0.686196276543897 -0.719503766668129 -1.20740323956342
20.0080000000016 -0.19136452802779 -0.0506735148077269 -1.00040582380836 0.720418453720139 -0.684711326191623 -1.22138747556782
20.0320000000011 -0.189628983433593 -0.150546656644735 -0.995678940630512 0.686196276543897 -0.719503766668129 -1.20740323956342
20.0490000000009 -0.289610224857626 -0.15232085034404 -0.9964558576316