Time(s) x(mm) y(mm) z(mm) rx(deg) ry(deg) rz(deg)
0 5.32907051820075E-15 5.6843418860808E-14 0 3.9756933518294E-16 0 1.49088500693602E-15
0 0.00580781346448411 -0.00607165836004242 -0.099646396159244 3.9756933518294E-16 0 1.49088500693602E-15
0.00800000000162981 5.32907051820075E-15 5.6843418860808E-14 0 3.9756933518294E-16 0 1.49088500693602E-15
0.0250000000014552 5.32907051820075E-15 5.6843418860808E-14 0 3.9756933518294E-16 0 1.49088500693602E-15
0.0410000000010768 5.32907051820075E-15 5.6843418860808E-14 0 3.9756933518294E-16 0 1.49088500693602E-15
0.113000000001193 5.32907051820075E-15 5.6843418860808E-14 0 3.9756933518294E-16 0 1.49088500693602E-15
0.695999999999913 5.32907051820075E-15 5.6843418860808E-14 0 3.9756933518294E-16 0 1.49088500693602E-15
0.768000000000029 5.32907051820075E-15 5.6843418860808E-14 0 3.9756933518294E-16 0 1.49088500693602E-15
0.959999999999127 -0.00580781346447345 0.00607165836009926 0.0996463961591871 3.9756933518294E-16 0 1.49088500693602E-15
1.07200000000012 -0.00580781346447345 0.00607165836009926 0.0996463961591871 3.9756933518294E-16 0 1.49088500693602E-15
1.08799999999974 -0.00580781346447345 0.00607165836009926 0.0996463961591871 3.9756933518294E-16 0 1.49088500693602E-15
1.15200000000186 5.32907051820075E-15 5.6843418860808E-14 0 3.9756933518294E-16 0 1.49088500693602E-15
1.20100000000093 5.32907051820075E-15 5.6843418860808E-14 0 3.9756933518294E-16 0 1.49088500693602E-15
1.32900000000154 5.32907051820075E-15 5.6843418860808E-14 0 3.9756933518294E-16 0 1.49088500693602E-15
1.38400000000183 5.32907051820075E-15 5.6843418860808E-14 0 3.9756933518294E-16 0 1.49088500693602E-15
1.55199999999968 -0.00580781346447345 0.00607165836009926 0.0996463961591871 3.9756933518294E-16 0 1.49088500693602E-15
1.5679999999993 -0.00580781346447345 0.00607165836009926 0.0996463961591871 3.9756933518294E-16 0 1.49088500693602E-15
1.6239999999998 5.32907051820075E-15 5.6843418860808E-14 0 3.9756933518294E-16 0 1.49088500693602E-15
1.66500000000087 5.32907051820075E-15 5.6843418860808E-14 0 3.9756933518294E-16 0 1.49088500693602E-15
1.68000000000029 5.32907051820075E-15 5.6843418860808E-14 0 3.9756933518294E-16 0 1.49088500693602E-15
1.73700000000099 -0.00580781346447345 0.00607165836009926 0.0996463961591871 3.9756933518294E-16 0 1.49088500693602E-15
1.88100000000122 5.32907051820075E-15 5.6843418860808E-14 0 3.9756933518294E-16 0 1.49088500693602E-15
1.89700000000084 5.32907051820075E-15 5.6843418860808E-14 0 3.9756933518294E-16 0 1.49088500693602E-15
1.95999999999913 5.32907051820075E-15 5.6843418860808E-14 0 3.9756933518294E-16 0 1.49088500693602E-15
2 5.32907051820075E-15 5.6843418860808E-14 0 3.9756933518294E-16 0 1.49088500693602E-15
2.01599999999962 0.00580781346448411 -0.00607165836004242 -0.099646396159244 3.9756933518294E-16 0 1.49088500693602E-15
2.07200000000012 0.0290390673224028 -0.0303582918002689 -0.498231980796163 3.9756933518294E-16 0 1.49088500693602E-15
2.09700000000157 0.0348468807868816 -0.0364299501603682 -0.597878376955407 3.9756933518294E-16 0 1.49088500693602E-15
2.11300000000119 0.0348468807868816 -0.0364299501603682 -0.597878376955407 3.9756933518294E-16 0 1.49088500693602E-15
2.18500000000131 0.0348468807868816 -0.0364299501603682 -0.597878376955407 3.9756933518294E-16 0 1.49088500693602E-15
2.22400000000198 0.0522703211803215 -0.0546449252405523 -0.896817565433082 3.9756933518294E-16 0 1.49088500693602E-15
2.2400000000016 -0.0393665930447238 -0.0393671185948961 -1.00344431899617 3.9756933518294E-16 0 1.49088500693602E-15
2.30400000000009 -0.000245356719924317 0.0399234718518642 -1.30706008132586 3.9756933518294E-16 0 1.49088500693602E-15
2.32900000000154 -0.000245356719924317 0.0399234718518642 -1.30706008132586 3.9756933518294E-16 0 1.49088500693602E-15
2.34500000000116 -0.000245356719924317 0.0399234718518642 -1.30706008132586 3.9756933518294E-16 0 1.49088500693602E-15
2.40000000000146 0.0171780836735156 0.0217084967716801 -1.60599926980353 3.9756933518294E-16 0 1.49088500693602E-15
2.44000000000233 0.0287937106024732 0.00956518005153839 -1.80529206212196 3.9756933518294E-16 0 1.49088500693602E-15
2.45600000000195 0.0404093375314307 -0.00257813666860329 -2.0045848544404 3.9756933518294E-16 0 1.49088500693602E-15
2.52000000000044 -0.0396119497646357 0.000556353256968123 -2.31050440032197 3.9756933518294E-16 0 1.49088500693602E-15
2.55199999999968 -0.0396119497646357 0.000556353256968123 -2.31050440032197 3.9756933518294E-16 0 1.49088500693602E-15
2.6160000000018 -0.00476506897775941 -0.0358735969034001 -2.90838277727732 3.9756933518294E-16 0 1.49088500693602E-15
2.63999999999942 0.0343561673470258 0.0434169935433601 -3.21199853960701 3.9756933518294E-16 0 1.49088500693602E-15
2.65599999999904 0.0517796077404586 0.025202018463176 -3.51093772808463 3.9756933518294E-16 0 1.49088500693602E-15
2.71199999999953 0.0866264885273385 -0.011227931697249 -4.10881610503998 3.9756933518294E-16 0 1.49088500693602E-15
2.73700000000099 0.0866264885273385 -0.011227931697249 -4.10881610503998 3.9756933518294E-16 0 1.49088500693602E-15
2.75200000000041 -0.0108182391621821 0.0101215333084497 -4.11579646244388 3.9756933518294E-16 0 1.49088500693602E-15
2.82400000000052 0.029836455089173 -0.032380075211961 -4.81332123555842 3.9756933518294E-16 0 1.49088500693602E-15
2.85599999999977 -0.0052557824176187 0.0439733468002714 -5.52250293992887 3.9756933518294E-16 0 1.49088500693602E-15
2.87199999999939 0.0121676579758176 0.0257583717200873 -5.82144212840655 3.9756933518294E-16 0 1.49088500693602E-15
2.93600000000151 0.0412067252982151 -0.00459992008023846 -6.31967410920265 3.9756933518294E-16 0 1.49088500693602E-15
2.95999999999913 0.0353989118337363 0.00147173827980396 -6.22002771304346 3.9756933518294E-16 0 1.49088500693602E-15
2.97600000000239 0.0470145387626975 -0.0106715784402809 -6.4193205053619 3.9756933518294E-16 0 1.49088500693602E-15
3.0480000000025 0.046769182042782 0.0292518934114696 -7.7263805866877 3.9756933518294E-16 0 1.49088500693602E-15
3.07200000000012 -0.021636478324341 0.0202430666168425 -8.23159292488771 3.9756933518294E-16 0 1.49088500693602E-15
3.14400000000023 0.00740258899805291 -0.0101152251834833 -8.72982490568381 3.9756933518294E-16 0 1.49088500693602E-15
3.16800000000148 0.00740258899805291 -0.0101152251834833 -8.72982490568381 3.9756933518294E-16 0 1.49088500693602E-15
3.22400000000198 0.0538650967138867 -0.0586884920639932 -9.52699607495754 3.9756933518294E-16 0 1.49088500693602E-15
3.26399999999921 0.0361962996005349 -0.000550045131888055 -10.5351169678057 3.9756933518294E-16 0 1.49088500693602E-15
3.27300000000105 0.0420041130650137 -0.00662170349193048 -10.6347633639649 3.9756933518294E-16 0 1.49088500693602E-15
3.33599999999933 -0.0264015473021093 -0.0156305302865576 -11.1399757021649 3.9756933518294E-16 0 1.49088500693602E-15
3.36000000000058 -0.0264015473021093 -0.0156305302865576 -11.1399757021649 3.9756933518294E-16 0 1.49088500693602E-15
3.36800000000221 -0.0264015473021093 -0.0156305302865576 -11.1399757021649 3.9756933518294E-16 0 1.49088500693602E-15
3.4330000000009 0.0475665698095629 0.0272301099997776 -12.0414698414499 3.9756933518294E-16 0 1.49088500693602E-15
3.46399999999994 -0.00341565016410961 6.30812502322442E-06 -12.8456213681276 3.9756933518294E-16 0 1.49088500693602E-15
3.47999999999956 0.00819997676485151 -0.0121370085950616 -13.044914160446 3.9756933518294E-16 0 1.49088500693602E-15
3.53600000000006 0.0314312306227702 -0.036423642035345 -13.4434997450829 3.9756933518294E-16 0 1.49088500693602E-15
3.56100000000151 0.0314312306227702 -0.036423642035345 -13.4434997450829 3.9756933518294E-16 0 1.49088500693602E-15
3.57700000000114 0.0372390440872454 -0.0424953003953874 -13.5431461412421 3.9756933518294E-16 0 1.49088500693602E-15
3.63999999999942 0.0137624335094007 0.0217148048965896 -14.4516206379311 3.9756933518294E-16 0 1.49088500693602E-15
3.66500000000087 0.0486093142962769 -0.0147151452637786 -15.0494990148864 3.9756933518294E-16 0 1.49088500693602E-15
3.68000000000029 -0.0372197864642825 -0.00550899697816476 -15.2557721646087 3.9756933518294E-16 0 1.49088500693602E-15
3.74400000000242 -0.0197963460708461 -0.0237239720583489 -15.5547113530864 3.9756933518294E-16 0 1.49088500693602E-15
3.77600000000166 -0.0139885326063673 -0.0297956304183913 -15.6543577492456 3.9756933518294E-16 0 1.49088500693602E-15
3.79300000000148 0.0193248902539498 0.0555666183884114 -15.858327115416 3.9756933518294E-16 0 1.49088500693602E-15
3.85599999999977 -0.0258495162552403 0.0222711581535577 -16.762125038253 3.9756933518294E-16 0 1.49088500693602E-15
3.88100000000122 -0.00842607586180399 0.00405618307337363 -17.0610642267306 3.9756933518294E-16 0 1.49088500693602E-15
3.89700000000084 0.00318955106715713 -0.00808713364676805 -17.2603570190491 3.9756933518294E-16 0 1.49088500693602E-15
3.96900000000096 0.0148051779961147 -0.0202304503669097 -17.4596498113675 3.9756933518294E-16 0 1.49088500693602E-15
3.99200000000201 0.0148051779961147 -0.0202304503669097 -17.4596498113675 3.9756933518294E-16 0 1.49088500693602E-15
4.06400000000212 -0.00261826239732521 -0.00201547528672563 -17.1607106228898 3.9756933518294E-16 0 1.49088500693602E-15
4.08799999999974 -0.00261826239732521 -0.00201547528672563 -17.1607106228898 3.9756933518294E-16 0 1.49088500693602E-15
4.15999999999985 -0.00261826239732521 -0.00201547528672563 -17.1607106228898 3.9756933518294E-16 0 1.49088500693602E-15
4.18500000000131 -0.00842607586180399 0.00405618307337363 -17.0610642267306 3.9756933518294E-16 0 1.49088500693602E-15
4.20100000000093 -0.0142338893262828 0.0101278414334161 -16.9614178305714 3.9756933518294E-16 0 1.49088500693602E-15
4.20800000000236 -0.0200417027907616 0.0161994997934585 -16.8617714344122 3.9756933518294E-16 0 1.49088500693602E-15
4.28000000000247 0.0483639575763473 0.0252083265880856 -16.3565590962122 3.9756933518294E-16 0 1.49088500693602E-15
4.31200000000172 0.0425561441118685 0.0312799849481848 -16.256912700053 3.9756933518294E-16 0 1.49088500693602E-15
4.36800000000221 -0.0548885835776378 0.0526294499538835 -16.2638930574569 3.9756933518294E-16 0 1.49088500693602E-15
4.39199999999983 0.0251327037184321 0.049494960028369 -15.9579735115753 3.9756933518294E-16 0 1.49088500693602E-15
4.40799999999945 -0.00818071914188501 -0.0358672887784905 -15.7540041454048 3.9756933518294E-16 0 1.49088500693602E-15
4.42399999999907 -0.0197963460708461 -0.0237239720583489 -15.5547113530864 3.9756933518294E-16 0 1.49088500693602E-15
4.44000000000233 -0.0372197864642825 -0.00550899697816476 -15.2557721646087 3.9756933518294E-16 0 1.49088500693602E-15
4.50500000000102 0.0137624335094007 0.0217148048965896 -14.4516206379311 3.9756933518294E-16 0 1.49088500693602E-15
4.53600000000006 0.00795462004492187 0.0277864632566889 -14.3519742417718 3.9756933518294E-16 0 1.49088500693602E-15
4.56100000000151 0.00795462004492187 0.0277864632566889 -14.3519742417718 3.9756933518294E-16 0 1.49088500693602E-15
4.60800000000017 -0.0210844472774756 0.0581447550570147 -13.8537422609757 3.9756933518294E-16 0 1.49088500693602E-15
4.63200000000143 0.0314312306227702 -0.036423642035345 -13.4434997450829 3.9756933518294E-16 0 1.49088500693602E-15
4.64900000000125 0.0256234171582879 -0.0303519836752457 -13.3438533489237 3.9756933518294E-16 0 1.49088500693602E-15
4.72799999999916 -0.0266469040220247 0.0242929415653066 -12.4470357834907 3.9756933518294E-16 0 1.49088500693602E-15
4.75200000000041 -0.0266469040220247 0.0242929415653066 -12.4470357834907 3.9756933518294E-16 0 1.49088500693602E-15
4.76800000000003 -0.0266469040220247 0.0242929415653066 -12.4470357834907 3.9756933518294E-16 0 1.49088500693602E-15
4.84000000000015 -0.0147859203731517 -0.0277738470066993 -11.3392684944833 3.9756933518294E-16 0 1.49088500693602E-15
4.8650000000016 0.0478119265294961 -0.0126933618520297 -10.7344097601242 3.9756933518294E-16 0 1.49088500693602E-15
4.88100000000122 0.0303884861360562 0.00552161322815437 -10.4354705716465 3.9756933518294E-16 0 1.49088500693602E-15
4.95999999999913 0.0129650457426163 0.0237365883083953 -10.1365313831688 3.9756933518294E-16 0 1.49088500693602E-15
4.98400000000038 0.00134941881365869 0.0358799050284802 -9.93723859085037 3.9756933518294E-16 0 1.49088500693602E-15
5.05600000000049 0.00159477553357412 -0.00404356682344087 -8.63017850952457 3.9756933518294E-16 0 1.49088500693602E-15
5.08799999999974 -0.021636478324341 0.0202430666168425 -8.23159292488771 3.9756933518294E-16 0 1.49088500693602E-15
5.15200000000186 -0.0332521052533021 0.0323863833369842 -8.03230013256922 3.9756933518294E-16 0 1.49088500693602E-15
5.17599999999948 -0.0390599187177809 0.0384580416970266 -7.93265373641003 3.9756933518294E-16 0 1.49088500693602E-15
5.1919999999991 -0.0506755456467385 0.0506013584171683 -7.7333609440916 3.9756933518294E-16 0 1.49088500693602E-15
5.24799999999959 -0.0271989350688937 -0.0136087468748656 -6.82488644740266 3.9756933518294E-16 0 1.49088500693602E-15
5.27300000000105 -0.0504301889268088 0.0106778865654178 -6.4263008627658 3.9756933518294E-16 0 1.49088500693602E-15
5.28800000000047 0.0353989118337363 0.00147173827980396 -6.22002771304346 3.9756933518294E-16 0 1.49088500693602E-15
5.36000000000058 0.0237832849047752 0.0136150549999456 -6.02073492072498 3.9756933518294E-16 0 1.49088500693602E-15
5.38400000000183 0.0179754714403 0.0196867133599881 -5.92108852456579 3.9756933518294E-16 0 1.49088500693602E-15
5.40000000000146 0.00635984451134242 0.0318300300801297 -5.72179573224736 3.9756933518294E-16 0 1.49088500693602E-15
5.45600000000195 -0.0676082726003333 -0.0110306102062054 -4.82030159296232 3.9756933518294E-16 0 1.49088500693602E-15
5.47999999999956 0.0124130146957331 -0.0141651001317769 -4.51438204708074 3.9756933518294E-16 0 1.49088500693602E-15
5.49599999999919 0.000797387766775515 -0.00202178341163517 -4.31508925476231 3.9756933518294E-16 0 1.49088500693602E-15
5.51200000000244 0.000797387766775515 -0.00202178341163517 -4.31508925476231 3.9756933518294E-16 0 1.49088500693602E-15
5.58400000000256 -0.00501042569770327 0.00404987494840725 -4.21544285860313 3.9756933518294E-16 0 1.49088500693602E-15
5.60800000000017 -0.00501042569770327 0.00404987494840725 -4.21544285860313 3.9756933518294E-16 0 1.49088500693602E-15
5.68000000000029 -0.0340494930201007 0.034408166748733 -3.71721087780702 3.9756933518294E-16 0 1.49088500693602E-15
5.70400000000154 -0.0398573064845795 0.0404798251087755 -3.61756448164778 3.9756933518294E-16 0 1.49088500693602E-15
5.76000000000204 -0.0398573064845795 0.0404798251087755 -3.61756448164778 3.9756933518294E-16 0 1.49088500693602E-15
5.79300000000148 0.0517796077404586 0.025202018463176 -3.51093772808463 3.9756933518294E-16 0 1.49088500693602E-15
5.80900000000111 -0.0514729334135371 0.0526231418289171 -3.41827168932934 3.9756933518294E-16 0 1.49088500693602E-15
5.8650000000016 0.0343561673470258 0.0434169935433601 -3.21199853960701 3.9756933518294E-16 0 1.49088500693602E-15
5.88800000000265 0.0285483538825435 0.0494886519034026 -3.11235214344777 3.9756933518294E-16 0 1.49088500693602E-15
5.90400000000227 0.0285483538825435 0.0494886519034026 -3.11235214344777 3.9756933518294E-16 0 1.49088500693602E-15
5.91200000000026 0.0285483538825435 0.0494886519034026 -3.11235214344777 3.9756933518294E-16 0 1.49088500693602E-15
5.93600000000151 0.0285483538825435 0.0494886519034026 -3.11235214344777 3.9756933518294E-16 0 1.49088500693602E-15
6 0.0285483538825435 0.0494886519034026 -3.11235214344777 3.9756933518294E-16 0 1.49088500693602E-15
6.02500000000146 0.0227405404180647 0.055560310263445 -3.01270574728852 3.9756933518294E-16 0 1.49088500693602E-15
6.10399999999936 -0.00476506897775941 -0.0358735969034001 -2.90838277727732 3.9756933518294E-16 0 1.49088500693602E-15
6.12800000000061 -0.0105728824422417 -0.0298019385433577 -2.80873638111808 3.9756933518294E-16 0 1.49088500693602E-15
6.22400000000198 -0.00476506897775941 -0.0358735969034001 -2.90838277727732 3.9756933518294E-16 0 1.49088500693602E-15
6.2400000000016 0.00104274448671937 -0.0419452552634993 -3.00802917343651 3.9756933518294E-16 0 1.49088500693602E-15
6.2960000000021 0.0343561673470258 0.0434169935433601 -3.21199853960701 3.9756933518294E-16 0 1.49088500693602E-15
6.31999999999971 0.0184661848801557 -0.0601602303436835 -3.30696836191419 3.9756933518294E-16 0 1.49088500693602E-15
6.33599999999933 0.0401639808115011 0.0373453351832609 -3.3116449357662 3.9756933518294E-16 0 1.49088500693602E-15
6.40799999999945 0.0692030481338985 0.0069870433829351 -3.8098769165623 3.9756933518294E-16 0 1.49088500693602E-15
6.4330000000009 -0.0108182391621821 0.0101215333084497 -4.11579646244388 3.9756933518294E-16 0 1.49088500693602E-15
6.44800000000032 0.0066052012312543 -0.00809344177173443 -4.41473565092156 3.9756933518294E-16 0 1.49088500693602E-15
6.50500000000102 0.0472598954826093 -0.0505950502922019 -5.11226042403609 3.9756933518294E-16 0 1.49088500693602E-15
6.52800000000207 0.0530677089470917 -0.0566667086522443 -5.21190682019534 3.9756933518294E-16 0 1.49088500693602E-15
6.54400000000169 0.0472598954826093 -0.0505950502922019 -5.11226042403609 3.9756933518294E-16 0 1.49088500693602E-15
6.6160000000018 0.00055203104686008 0.037901688440229 -5.62214933608811 3.9756933518294E-16 0 1.49088500693602E-15
6.63999999999942 0.0237832849047752 0.0136150549999456 -6.02073492072498 3.9756933518294E-16 0 1.49088500693602E-15
6.70400000000154 -0.0330067485333725 -0.00753708851482315 -6.72524005124347 3.9756933518294E-16 0 1.49088500693602E-15
6.72799999999916 -0.0330067485333725 -0.00753708851482315 -6.72524005124347 3.9756933518294E-16 0 1.49088500693602E-15
6.73700000000099 -0.0330067485333725 -0.00753708851482315 -6.72524005124347 3.9756933518294E-16 0 1.49088500693602E-15
6.80900000000111 -0.00977549467545735 -0.0318237219550497 -7.12382563588034 3.9756933518294E-16 0 1.49088500693602E-15
6.83200000000215 0.0235379281848633 0.0535385268516961 -7.32779500205078 3.9756933518294E-16 0 1.49088500693602E-15
6.89700000000084 -0.0332521052533021 0.0323863833369842 -8.03230013256922 3.9756933518294E-16 0 1.49088500693602E-15
6.92000000000189 -0.0274442917888234 0.0263147249768849 -8.13194652872846 3.9756933518294E-16 0 1.49088500693602E-15
6.99200000000201 -0.0158286648598658 0.0141714082567432 -8.33123932104689 3.9756933518294E-16 0 1.49088500693602E-15
7.02500000000146 0.00740258899805291 -0.0101152251834833 -8.72982490568381 3.9756933518294E-16 0 1.49088500693602E-15
7.04100000000108 0.019018215927014 -0.022258541903625 -8.92911769800224 3.9756933518294E-16 0 1.49088500693602E-15
7.0480000000025 0.0364416563204504 -0.0404735169838091 -9.22805688647992 3.9756933518294E-16 0 1.49088500693602E-15
7.10399999999936 0.0871785195742074 0.0266737567429232 -9.73096544112803 3.9756933518294E-16 0 1.49088500693602E-15
7.12800000000061 -0.0044583946508201 0.0419515633885794 -9.83759219469113 3.9756933518294E-16 0 1.49088500693602E-15
7.14400000000023 -0.0102662081152989 0.0480232217486218 -9.73794579853194 3.9756933518294E-16 0 1.49088500693602E-15
7.21600000000035 0.0245806726715738 0.0115932715882536 -10.3358241754872 3.9756933518294E-16 0 1.49088500693602E-15
7.2400000000016 0.0478119265294961 -0.0126933618520297 -10.7344097601242 3.9756933518294E-16 0 1.49088500693602E-15
7.25700000000143 0.0594275534584536 -0.0248366785721146 -10.9337025524426 3.9756933518294E-16 0 1.49088500693602E-15
7.31999999999971 -0.00317029344419417 -0.039917163726841 -11.5385612868018 3.9756933518294E-16 0 1.49088500693602E-15
7.34500000000116 -0.00317029344419417 -0.039917163726841 -11.5385612868018 3.9756933518294E-16 0 1.49088500693602E-15
7.36000000000058 -0.00317029344419417 -0.039917163726841 -11.5385612868018 3.9756933518294E-16 0 1.49088500693602E-15
7.4330000000009 0.059182196738524 0.0150867932796928 -12.2407626337684 3.9756933518294E-16 0 1.49088500693602E-15
7.45600000000195 -0.00341565016410961 6.30812502322442E-06 -12.8456213681276 3.9756933518294E-16 0 1.49088500693602E-15
7.47200000000157 0.00819997676485151 -0.0121370085950616 -13.044914160446 3.9756933518294E-16 0 1.49088500693602E-15
7.55199999999968 0.0256234171582879 -0.0303519836752457 -13.3438533489237 3.9756933518294E-16 0 1.49088500693602E-15
7.57700000000114 0.0256234171582879 -0.0303519836752457 -13.3438533489237 3.9756933518294E-16 0 1.49088500693602E-15
7.63999999999942 -0.00946882034851804 0.046001438336873 -14.0530350532941 3.9756933518294E-16 0 1.49088500693602E-15
7.66500000000087 0.00795462004492187 0.0277864632566889 -14.3519742417718 3.9756933518294E-16 0 1.49088500693602E-15
7.68000000000029 0.0195702469738794 0.0156431465365472 -14.5512670340902 3.9756933518294E-16 0 1.49088500693602E-15
7.74400000000242 0.0311858739028406 0.00349982981640551 -14.7505598264087 3.9756933518294E-16 0 1.49088500693602E-15
7.76800000000003 0.0311858739028406 0.00349982981640551 -14.7505598264087 3.9756933518294E-16 0 1.49088500693602E-15
7.78399999999965 0.0369936873673193 -0.00257182854363691 -14.8502062225679 3.9756933518294E-16 0 1.49088500693602E-15
7.85599999999977 0.0193248902539498 0.0555666183884114 -15.858327115416 3.9756933518294E-16 0 1.49088500693602E-15
7.88800000000265 0.0425561441118685 0.0312799849481848 -16.256912700053 3.9756933518294E-16 0 1.49088500693602E-15
7.90400000000227 0.0483639575763473 0.0252083265880856 -16.3565590962122 3.9756933518294E-16 0 1.49088500693602E-15
7.97600000000239 0.0541717710408296 0.0191366682280432 -16.4562054923714 3.9756933518294E-16 0 1.49088500693602E-15
8 -0.0258495162552403 0.0222711581535577 -16.762125038253 3.9756933518294E-16 0 1.49088500693602E-15
8.07200000000012 0.0322286183895546 -0.0384454254470938 -17.7585889998452 3.9756933518294E-16 0 1.49088500693602E-15
8.09700000000157 0.0713498547143505 0.0408451649996664 -18.0622047621748 3.9756933518294E-16 0 1.49088500693602E-15
8.15200000000186 -0.0202870595106912 0.0561229716453227 -18.168831515738 3.9756933518294E-16 0 1.49088500693602E-15
8.17599999999948 -0.0144792460462089 0.0500513132852802 -18.2684779118972 3.9756933518294E-16 0 1.49088500693602E-15
8.1919999999991 -0.00867143258173364 0.0439796549252378 -18.3681243080564 3.9756933518294E-16 0 1.49088500693602E-15
8.20800000000236 0.00294419434722393 0.0318363382050961 -18.5674171003748 3.9756933518294E-16 0 1.49088500693602E-15
8.22400000000198 0.014559821276185 0.0196930214849544 -18.7667098926933 3.9756933518294E-16 0 1.49088500693602E-15
8.2400000000016 0.0319832616696214 0.00147804640477034 -19.0656490811709 3.9756933518294E-16 0 1.49088500693602E-15
8.31200000000172 -0.0189989583040475 -0.0257457554700409 -19.8698006078486 3.9756933518294E-16 0 1.49088500693602E-15
8.33599999999933 -0.0131911448395687 -0.0318174138300833 -19.9694470040079 3.9756933518294E-16 0 1.49088500693602E-15
8.40799999999945 0.0201222780207484 0.0535448349767194 -20.1734163701783 3.9756933518294E-16 0 1.49088500693602E-15
8.4330000000009 0.0259300914852307 0.0474731766166201 -20.2730627663375 3.9756933518294E-16 0 1.49088500693602E-15
8.51200000000244 0.0549691588076282 0.0171148848163512 -20.7712947471337 3.9756933518294E-16 0 1.49088500693602E-15
8.53600000000006 0.0549691588076282 0.0171148848163512 -20.7712947471337 3.9756933518294E-16 0 1.49088500693602E-15
8.59200000000055 -0.0308599419529063 0.026321033101965 -20.977567896856 3.9756933518294E-16 0 1.49088500693602E-15
8.6160000000018 -0.0250521284884311 0.0202493747419226 -21.0772142930152 3.9756933518294E-16 0 1.49088500693602E-15
8.63200000000143 0.0782004126655433 -0.00717174862393222 -21.1698803317705 3.9756933518294E-16 0 1.49088500693602E-15
8.69599999999991 0.00398693883396639 -0.0101089170584032 -21.5754462738113 3.9756933518294E-16 0 1.49088500693602E-15
8.72799999999916 0.00398693883396639 -0.0101089170584032 -21.5754462738113 3.9756933518294E-16 0 1.49088500693602E-15
8.79300000000148 0.00979475229844873 -0.0161805754185025 -21.6750926699705 3.9756933518294E-16 0 1.49088500693602E-15
8.82400000000052 0.0214103792274063 -0.0283238921386442 -21.874385462289 3.9756933518294E-16 0 1.49088500693602E-15
8.89700000000084 -0.0469952811397167 -0.0373327189332144 -22.379597800489 3.9756933518294E-16 0 1.49088500693602E-15
8.92000000000189 -0.041187467675238 -0.0434043772933137 -22.4792441966482 3.9756933518294E-16 0 1.49088500693602E-15
8.97600000000239 -0.041187467675238 -0.0434043772933137 -22.4792441966482 3.9756933518294E-16 0 1.49088500693602E-15
9.00800000000163 -0.0194896717438784 0.0541011882336306 -22.4839207705002 3.9756933518294E-16 0 1.49088500693602E-15
9.02500000000146 -0.0194896717438784 0.0541011882336306 -22.4839207705002 3.9756933518294E-16 0 1.49088500693602E-15
9.09700000000157 -0.0194896717438784 0.0541011882336306 -22.4839207705002 3.9756933518294E-16 0 1.49088500693602E-15
9.12000000000262 -0.0252974852083572 0.0601728465937299 -22.384274374341 3.9756933518294E-16 0 1.49088500693602E-15
9.12800000000061 -0.0252974852083572 0.0601728465937299 -22.384274374341 3.9756933518294E-16 0 1.49088500693602E-15
9.1919999999991 -0.031105298672836 0.0662445049537723 -22.2846279781818 3.9756933518294E-16 0 1.49088500693602E-15
9.21600000000035 -0.0586109080686779 -0.0251894022131296 -22.1803050081705 3.9756933518294E-16 0 1.49088500693602E-15
9.28800000000047 0.00979475229844873 -0.0161805754185025 -21.6750926699705 3.9756933518294E-16 0 1.49088500693602E-15
9.31200000000172 0.00979475229844873 -0.0161805754185025 -21.6750926699705 3.9756933518294E-16 0 1.49088500693602E-15
9.32900000000154 0.00979475229844873 -0.0161805754185025 -21.6750926699705 3.9756933518294E-16 0 1.49088500693602E-15
9.40000000000146 -0.00762868809499118 0.00203439966168162 -21.3761534814929 3.9756933518294E-16 0 1.49088500693602E-15
9.42399999999907 -0.0192443150239487 0.0141777163818233 -21.1768606891744 3.9756933518294E-16 0 1.49088500693602E-15
9.44000000000233 -0.0308599419529063 0.026321033101965 -20.977567896856 3.9756933518294E-16 0 1.49088500693602E-15
9.45600000000195 -0.0424755688818639 0.0384643498221067 -20.7782751045376 3.9756933518294E-16 0 1.49088500693602E-15
9.47200000000157 0.0491613453431459 0.0231865431763936 -20.6716483509744 3.9756933518294E-16 0 1.49088500693602E-15
9.4890000000014 0.0433535318786635 0.029258201536436 -20.5720019548152 3.9756933518294E-16 0 1.49088500693602E-15
9.5679999999993 0.0375457184141883 0.0353298598965353 -20.472355558656 3.9756933518294E-16 0 1.49088500693602E-15
9.60000000000218 0.0201222780207484 0.0535448349767194 -20.1734163701783 3.9756933518294E-16 0 1.49088500693602E-15
9.6160000000018 -0.0131911448395687 -0.0318174138300833 -19.9694470040079 3.9756933518294E-16 0 1.49088500693602E-15
9.68800000000192 0.0319832616696214 0.00147804640477034 -19.0656490811709 3.9756933518294E-16 0 1.49088500693602E-15
9.71199999999953 0.0203676347406638 0.013621363124912 -18.8663562888525 3.9756933518294E-16 0 1.49088500693602E-15
9.72799999999916 0.0203676347406638 0.013621363124912 -18.8663562888525 3.9756933518294E-16 0 1.49088500693602E-15
9.79999999999927 -0.0028636191172513 0.0379079965651385 -18.4677707042156 3.9756933518294E-16 0 1.49088500693602E-15
9.83200000000215 -0.02609487297517 0.0621946300054219 -18.0691851195787 3.9756933518294E-16 0 1.49088500693602E-15
9.84000000000015 -0.0319026864396488 0.0682662883654643 -17.9695387234195 3.9756933518294E-16 0 1.49088500693602E-15
9.92000000000189 -0.00842607586180399 0.00405618307337363 -17.0610642267306 3.9756933518294E-16 0 1.49088500693602E-15
9.94399999999951 -0.0142338893262828 0.0101278414334161 -16.9614178305714 3.9756933518294E-16 0 1.49088500693602E-15
9.95999999999913 -0.00842607586180399 0.00405618307337363 -17.0610642267306 3.9756933518294E-16 0 1.49088500693602E-15
10.0319999999992 -0.0432729566486767 0.0404861332337418 -16.4631858497753 3.9756933518294E-16 0 1.49088500693602E-15
10.0640000000021 0.0150505347160301 -0.0601539222187171 -16.1525897300417 3.9756933518294E-16 0 1.49088500693602E-15
10.1130000000012 -0.00237290567740978 -0.041938947138533 -15.853650541564 3.9756933518294E-16 0 1.49088500693602E-15
10.1360000000022 -0.00818071914188501 -0.0358672887784905 -15.7540041454048 3.9756933518294E-16 0 1.49088500693602E-15
10.1520000000019 -0.00818071914188501 -0.0358672887784905 -15.7540041454048 3.9756933518294E-16 0 1.49088500693602E-15
10.1680000000015 -0.00818071914188501 -0.0358672887784905 -15.7540041454048 3.9756933518294E-16 0 1.49088500693602E-15
10.2400000000016 0.0486093142962769 -0.0147151452637786 -15.0494990148864 3.9756933518294E-16 0 1.49088500693602E-15
10.2639999999992 0.0253780604383582 0.00957148817650477 -14.6509134302495 3.9756933518294E-16 0 1.49088500693602E-15
10.2800000000025 0.0195702469738794 0.0156431465365472 -14.5512670340902 3.9756933518294E-16 0 1.49088500693602E-15
10.3359999999993 0.00214680658044308 0.0338581216167313 -14.2523278456126 3.9756933518294E-16 0 1.49088500693602E-15
10.3600000000006 0.00214680658044308 0.0338581216167313 -14.2523278456126 3.9756933518294E-16 0 1.49088500693602E-15
10.3680000000022 0.00214680658044308 0.0338581216167313 -14.2523278456126 3.9756933518294E-16 0 1.49088500693602E-15
10.4480000000003 0.0256234171582879 -0.0303519836752457 -13.3438533489237 3.9756933518294E-16 0 1.49088500693602E-15
10.4720000000016 0.00239216330037273 -0.0060653502350192 -12.9452677642868 3.9756933518294E-16 0 1.49088500693602E-15
10.4890000000014 -0.00341565016410961 6.30812502322442E-06 -12.8456213681276 3.9756933518294E-16 0 1.49088500693602E-15
10.5440000000017 0.0824134505964391 -0.00919984016059061 -12.6393482184052 3.9756933518294E-16 0 1.49088500693602E-15
10.5770000000011 -0.020839090557546 0.0182212832052642 -12.5466821796499 3.9756933518294E-16 0 1.49088500693602E-15
10.5920000000006 0.0649900102030028 0.00901513491959349 -12.3404090299276 3.9756933518294E-16 0 1.49088500693602E-15
10.6720000000023 0.0478119265294961 -0.0126933618520297 -10.7344097601242 3.9756933518294E-16 0 1.49088500693602E-15
10.6959999999999 0.0303884861360562 0.00552161322815437 -10.4354705716465 3.9756933518294E-16 0 1.49088500693602E-15
10.7520000000004 0.0245806726715738 0.0115932715882536 -10.3358241754872 3.9756933518294E-16 0 1.49088500693602E-15
10.7839999999997 0.0129650457426163 0.0237365883083953 -10.1365313831688 3.9756933518294E-16 0 1.49088500693602E-15
10.8480000000018 0.019018215927014 -0.022258541903625 -8.92911769800224 3.9756933518294E-16 0 1.49088500693602E-15
10.8810000000012 -0.021636478324341 0.0202430666168425 -8.23159292488771 3.9756933518294E-16 0 1.49088500693602E-15
10.9360000000015 0.0583848089717396 0.0171085766913279 -7.92567337900613 3.9756933518294E-16 0 1.49088500693602E-15
10.9599999999991 0.0583848089717396 0.0171085766913279 -7.92567337900613 3.9756933518294E-16 0 1.49088500693602E-15
10.969000000001 0.0583848089717396 0.0171085766913279 -7.92567337900613 3.9756933518294E-16 0 1.49088500693602E-15
11.0480000000025 -0.00396768121097502 -0.0378953803150921 -7.22347203203958 3.9756933518294E-16 0 1.49088500693602E-15
11.0720000000001 -0.00977549467545735 -0.0318237219550497 -7.12382563588034 3.9756933518294E-16 0 1.49088500693602E-15
11.0879999999997 -0.0155833081399361 -0.0257520635950073 -7.02417923972109 3.9756933518294E-16 0 1.49088500693602E-15
11.1440000000002 -0.0213911216044149 -0.019680405234908 -6.92453284356191 3.9756933518294E-16 0 1.49088500693602E-15
11.1680000000015 -0.0213911216044149 -0.019680405234908 -6.92453284356191 3.9756933518294E-16 0 1.49088500693602E-15
11.2479999999996 0.0237832849047752 0.0136150549999456 -6.02073492072498 3.9756933518294E-16 0 1.49088500693602E-15
11.273000000001 0.00635984451134242 0.0318300300801297 -5.72179573224736 3.9756933518294E-16 0 1.49088500693602E-15
11.2880000000005 -0.0052557824176187 0.0439733468002714 -5.52250293992887 3.9756933518294E-16 0 1.49088500693602E-15
11.3040000000001 -0.0110635958820975 0.0500450051603138 -5.42285654376968 3.9756933518294E-16 0 1.49088500693602E-15
11.3600000000006 -0.0168714093465798 0.0561166635204131 -5.32321014761044 3.9756933518294E-16 0 1.49088500693602E-15
11.3919999999998 -0.0226792228110551 0.0621883218804555 -5.22356375145125 3.9756933518294E-16 0 1.49088500693602E-15
11.456000000002 0.0182208281602119 -0.0202367584918761 -4.61402844323999 3.9756933518294E-16 0 1.49088500693602E-15
11.4799999999996 0.000797387766775515 -0.00202178341163517 -4.31508925476231 3.9756933518294E-16 0 1.49088500693602E-15
11.5440000000017 -0.00501042569770327 0.00404987494840725 -4.21544285860313 3.9756933518294E-16 0 1.49088500693602E-15
11.5770000000011 -0.00501042569770327 0.00404987494840725 -4.21544285860313 3.9756933518294E-16 0 1.49088500693602E-15
11.6320000000014 0.0066052012312543 -0.00809344177173443 -4.41473565092156 3.9756933518294E-16 0 1.49088500693602E-15
11.6650000000009 0.0124130146957331 -0.0141651001317769 -4.51438204708074 3.9756933518294E-16 0 1.49088500693602E-15
11.737000000001 0.0182208281602119 -0.0202367584918761 -4.61402844323999 3.9756933518294E-16 0 1.49088500693602E-15
11.760000000002 0.0182208281602119 -0.0202367584918761 -4.61402844323999 3.9756933518294E-16 0 1.49088500693602E-15
11.8320000000022 0.0356442685536518 -0.0384517335720602 -4.91296763171766 3.9756933518294E-16 0 1.49088500693602E-15
11.8559999999998 0.0472598954826093 -0.0505950502922019 -5.11226042403609 3.9756933518294E-16 0 1.49088500693602E-15
11.9279999999999 0.0530677089470917 -0.0566667086522443 -5.21190682019534 3.9756933518294E-16 0 1.49088500693602E-15
11.9530000000013 -0.0443770187424146 -0.0353172436464888 -5.21888717759924 3.9756933518294E-16 0 1.49088500693602E-15
12.0319999999992 0.0121676579758176 0.0257583717200873 -5.82144212840655 3.9756933518294E-16 0 1.49088500693602E-15
12.0560000000005 0.0353989118337363 0.00147173827980396 -6.22002771304346 3.9756933518294E-16 0 1.49088500693602E-15
12.0640000000021 0.0412067252982151 -0.00459992008023846 -6.31967410920265 3.9756933518294E-16 0 1.49088500693602E-15
12.1280000000006 -0.0388145619978513 -0.00146543015472389 -6.62559365508423 3.9756933518294E-16 0 1.49088500693602E-15
12.1599999999999 -0.0388145619978513 -0.00146543015472389 -6.62559365508423 3.9756933518294E-16 0 1.49088500693602E-15
12.1680000000015 0.058630165691655 -0.0228148951604226 -6.61861329768033 3.9756933518294E-16 0 1.49088500693602E-15
12.2400000000016 0.0351535551138209 0.0413952101315545 -7.52708779436921 3.9756933518294E-16 0 1.49088500693602E-15
12.2639999999992 0.0583848089717396 0.0171085766913279 -7.92567337900613 3.9756933518294E-16 0 1.49088500693602E-15
12.3290000000015 -0.00421303793090821 0.00202809153665839 -8.53053211336533 3.9756933518294E-16 0 1.49088500693602E-15
12.3680000000022 -0.00421303793090821 0.00202809153665839 -8.53053211336533 3.9756933518294E-16 0 1.49088500693602E-15
12.4330000000009 0.0639472657162887 0.0509603901832065 -9.33237985649112 3.9756933518294E-16 0 1.49088500693602E-15
12.456000000002 -0.0044583946508201 0.0419515633885794 -9.83759219469113 3.9756933518294E-16 0 1.49088500693602E-15
12.5360000000001 0.0420041130650137 -0.00662170349193048 -10.6347633639649 3.9756933518294E-16 0 1.49088500693602E-15
12.5610000000015 0.0420041130650137 -0.00662170349193048 -10.6347633639649 3.9756933518294E-16 0 1.49088500693602E-15
12.6320000000014 -0.0147859203731517 -0.0277738470066993 -11.3392684944833 3.9756933518294E-16 0 1.49088500693602E-15
12.655999999999 0.0359509428806053 0.0393734267199193 -11.8421770491315 3.9756933518294E-16 0 1.49088500693602E-15
12.6720000000023 0.0475665698095629 0.0272301099997776 -12.0414698414499 3.9756933518294E-16 0 1.49088500693602E-15
12.7279999999992 0.0707978236674816 0.00294347655955107 -12.4400554260868 3.9756933518294E-16 0 1.49088500693602E-15
12.760000000002 -0.0266469040220247 0.0242929415653066 -12.4470357834907 3.9756933518294E-16 0 1.49088500693602E-15
12.8320000000022 0.0198156036938126 -0.0242803253152033 -13.2442069527645 3.9756933518294E-16 0 1.49088500693602E-15
12.8650000000016 0.0705524669475519 0.0428669484113584 -13.7471155074126 3.9756933518294E-16 0 1.49088500693602E-15
12.9279999999999 0.00214680658044308 0.0338581216167313 -14.2523278456126 3.9756933518294E-16 0 1.49088500693602E-15
12.9530000000013 0.00214680658044308 0.0338581216167313 -14.2523278456126 3.9756933518294E-16 0 1.49088500693602E-15
12.969000000001 0.00214680658044308 0.0338581216167313 -14.2523278456126 3.9756933518294E-16 0 1.49088500693602E-15
13.0410000000011 0.0428015008317981 -0.00864348690373618 -14.9498526187272 3.9756933518294E-16 0 1.49088500693602E-15
13.0640000000021 -0.0430275999287648 0.000562661381934504 -15.1561257684495 3.9756933518294E-16 0 1.49088500693602E-15
13.0800000000017 -0.0372197864642825 -0.00550899697816476 -15.2557721646087 3.9756933518294E-16 0 1.49088500693602E-15
13.1520000000019 -0.0256041595353249 -0.0176523136982496 -15.4550649569272 3.9756933518294E-16 0 1.49088500693602E-15
13.1759999999995 -0.0314119729998072 -0.0115806553382072 -15.3554185607679 3.9756933518294E-16 0 1.49088500693602E-15
13.1919999999991 -0.0314119729998072 -0.0115806553382072 -15.3554185607679 3.9756933518294E-16 0 1.49088500693602E-15
13.2639999999992 0.0195702469738794 0.0156431465365472 -14.5512670340902 3.9756933518294E-16 0 1.49088500693602E-15
13.2880000000005 0.00795462004492187 0.0277864632566889 -14.3519742417718 3.9756933518294E-16 0 1.49088500693602E-15
13.3680000000022 -0.0036610068840357 0.0399297799768306 -14.1526814494534 3.9756933518294E-16 0 1.49088500693602E-15
13.3919999999998 -0.042782243208821 -0.0393608104698728 -13.8490656871237 3.9756933518294E-16 0 1.49088500693602E-15
13.4079999999994 -0.0543978701377785 -0.027217493749788 -13.6497728948053 3.9756933518294E-16 0 1.49088500693602E-15
13.4720000000016 0.059182196738524 0.0150867932796928 -12.2407626337684 3.9756933518294E-16 0 1.49088500693602E-15
13.4959999999992 -0.061493784808901 0.0607228917256748 -11.8491574065354 3.9756933518294E-16 0 1.49088500693602E-15
13.5770000000011 -0.00317029344419417 -0.039917163726841 -11.5385612868018 3.9756933518294E-16 0 1.49088500693602E-15
13.6000000000022 -0.0264015473021093 -0.0156305302865576 -11.1399757021649 3.9756933518294E-16 0 1.49088500693602E-15
13.6650000000009 0.00715723227813747 0.0298082466684377 -10.0368849870096 3.9756933518294E-16 0 1.49088500693602E-15
13.6959999999999 -0.0160740215797812 0.0540948801087211 -9.6382994023727 3.9756933518294E-16 0 1.49088500693602E-15
13.760000000002 -0.0276896485087388 0.0662381968288059 -9.43900661005426 3.9756933518294E-16 0 1.49088500693602E-15
13.7839999999997 -0.0668108848335347 -0.0130523936180111 -9.13539084772458 3.9756933518294E-16 0 1.49088500693602E-15
13.8559999999998 -0.0390599187177809 0.0384580416970266 -7.93265373641003 3.9756933518294E-16 0 1.49088500693602E-15
13.8880000000026 0.00764794571798255 -0.0500386970352338 -7.42276482435801 3.9756933518294E-16 0 1.49088500693602E-15
13.9599999999991 -0.00396768121097502 -0.0378953803150921 -7.22347203203958 3.9756933518294E-16 0 1.49088500693602E-15
13.9840000000004 -0.0155833081399361 -0.0257520635950073 -7.02417923972109 3.9756933518294E-16 0 1.49088500693602E-15
14.0640000000021 0.0121676579758176 0.0257583717200873 -5.82144212840655 3.9756933518294E-16 0 1.49088500693602E-15
14.0879999999997 0.00055203104686008 0.037901688440229 -5.62214933608811 3.9756933518294E-16 0 1.49088500693602E-15
14.1520000000019 -0.0110635958820975 0.0500450051603138 -5.42285654376968 3.9756933518294E-16 0 1.49088500693602E-15
14.1759999999995 -0.0168714093465798 0.0561166635204131 -5.32321014761044 3.9756933518294E-16 0 1.49088500693602E-15
14.1919999999991 -0.0226792228110551 0.0621883218804555 -5.22356375145125 3.9756933518294E-16 0 1.49088500693602E-15
14.2570000000014 0.0066052012312543 -0.00809344177173443 -4.41473565092156 3.9756933518294E-16 0 1.49088500693602E-15
14.2880000000005 -0.00501042569770327 0.00404987494840725 -4.21544285860313 3.9756933518294E-16 0 1.49088500693602E-15
14.3520000000026 -0.0108182391621821 0.0101215333084497 -4.11579646244388 3.9756933518294E-16 0 1.49088500693602E-15
14.3760000000002 -0.0108182391621821 0.0101215333084497 -4.11579646244388 3.9756933518294E-16 0 1.49088500693602E-15
14.3919999999998 -0.0108182391621821 0.0101215333084497 -4.11579646244388 3.9756933518294E-16 0 1.49088500693602E-15
14.4079999999994 -0.0166260526266644 0.0161931916685489 -4.01615006628464 3.9756933518294E-16 0 1.49088500693602E-15
14.4239999999991 -0.0224338660911396 0.0222648500285914 -3.91650367012545 3.9756933518294E-16 0 1.49088500693602E-15
14.4400000000023 -0.0224338660911396 0.0222648500285914 -3.91650367012545 3.9756933518294E-16 0 1.49088500693602E-15
14.5120000000024 0.0633952346694198 0.0130587017430344 -3.71023052040312 3.9756933518294E-16 0 1.49088500693602E-15
14.5360000000001 0.0633952346694198 0.0130587017430344 -3.71023052040312 3.9756933518294E-16 0 1.49088500693602E-15
14.6080000000002 0.0530677089470917 -0.0566667086522443 -5.21190682019534 3.9756933518294E-16 0 1.49088500693602E-15
14.6320000000014 0.0644379791561338 -0.0288865535205218 -6.71825969383957 3.9756933518294E-16 0 1.49088500693602E-15
14.7119999999995 0.07685099385189 -0.0430516536523555 -11.2326417409203 3.9756933518294E-16 0 1.49088500693602E-15
14.737000000001 0.121780043641168 0.0301672784343623 -11.6359038994091 3.9756933518294E-16 0 1.49088500693602E-15
14.8090000000011 0.0649900102030028 0.00901513491959349 -12.3404090299276 3.9756933518294E-16 0 1.49088500693602E-15
14.8320000000022 0.105644704454358 -0.0334864736008171 -13.0379338030421 3.9756933518294E-16 0 1.49088500693602E-15
14.8400000000001 0.0647446534830731 0.0489386067714008 -13.6474691112534 3.9756933518294E-16 0 1.49088500693602E-15
14.8559999999998 0.0763602804120307 0.036795290051316 -13.8467619035718 3.9756933518294E-16 0 1.49088500693602E-15
14.9360000000015 0.060224941225238 -0.0268584619839203 -15.2487918072048 3.9756933518294E-16 0 1.49088500693602E-15
14.9599999999991 0.0544171277607557 -0.020786803623821 -15.1491454110456 3.9756933518294E-16 0 1.49088500693602E-15
15.0250000000015 0.0369936873673193 -0.00257182854363691 -14.8502062225679 3.9756933518294E-16 0 1.49088500693602E-15
15.0480000000025 0.0311858739028406 0.00349982981640551 -14.7505598264087 3.9756933518294E-16 0 1.49088500693602E-15
15.0640000000021 0.0195702469738794 0.0156431465365472 -14.5512670340902 3.9756933518294E-16 0 1.49088500693602E-15
15.1360000000022 0.00795462004492187 0.0277864632566889 -14.3519742417718 3.9756933518294E-16 0 1.49088500693602E-15
15.1599999999999 0.00795462004492187 0.0277864632566889 -14.3519742417718 3.9756933518294E-16 0 1.49088500693602E-15
15.1759999999995 0.00795462004492187 0.0277864632566889 -14.3519742417718 3.9756933518294E-16 0 1.49088500693602E-15
15.232 -0.0152766338129933 0.0520730966969154 -13.953388657135 3.9756933518294E-16 0 1.49088500693602E-15
15.2639999999992 0.0705524669475519 0.0428669484113584 -13.7471155074126 3.9756933518294E-16 0 1.49088500693602E-15
15.3290000000015 0.0372390440872454 -0.0424953003953874 -13.5431461412421 3.9756933518294E-16 0 1.49088500693602E-15
15.3600000000006 -0.0602056836022609 -0.0211458353896887 -13.550126498646 3.9756933518294E-16 0 1.49088500693602E-15
15.3760000000002 -0.0443157011353907 0.0824313884972412 -13.4551566763388 3.9756933518294E-16 0 1.49088500693602E-15
15.4480000000003 0.00239216330037273 -0.0060653502350192 -12.9452677642868 3.9756933518294E-16 0 1.49088500693602E-15
15.4799999999996 -0.00922346362858484 0.00607796648512249 -12.7459749719684 3.9756933518294E-16 0 1.49088500693602E-15
15.5519999999997 -0.0150312770930672 0.0121496248451649 -12.6463285758092 3.9756933518294E-16 0 1.49088500693602E-15
15.5770000000011 -0.0150312770930672 0.0121496248451649 -12.6463285758092 3.9756933518294E-16 0 1.49088500693602E-15
15.5920000000006 -0.020839090557546 0.0182212832052642 -12.5466821796499 3.9756933518294E-16 0 1.49088500693602E-15
15.6650000000009 -0.0556859713444222 0.0546512333656324 -11.9488038026946 3.9756933518294E-16 0 1.49088500693602E-15
15.6880000000019 0.0359509428806053 0.0393734267199193 -11.8421770491315 3.9756933518294E-16 0 1.49088500693602E-15
15.7040000000015 -0.0889993942047393 -0.0307110154411703 -11.7448344365242 3.9756933518294E-16 0 1.49088500693602E-15
15.768 0.0301431294161265 0.0454450850800185 -11.7425306529723 3.9756933518294E-16 0 1.49088500693602E-15
15.7930000000015 0.0243353159516477 0.051516743440061 -11.642884256813 3.9756933518294E-16 0 1.49088500693602E-15
15.8650000000016 -0.0264015473021093 -0.0156305302865576 -11.1399757021649 3.9756933518294E-16 0 1.49088500693602E-15
15.8880000000026 -0.0380171742310669 -0.0034872135664159 -10.9406829098465 3.9756933518294E-16 0 1.49088500693602E-15
15.9599999999991 0.0536197399939713 -0.0187650202120722 -10.8340561562833 3.9756933518294E-16 0 1.49088500693602E-15
15.9840000000004 -0.0438249876955492 0.00258444479362652 -10.8410365136872 3.9756933518294E-16 0 1.49088500693602E-15
16.0410000000011 -0.0670562415534643 0.026871078233853 -10.4424509290504 3.9756933518294E-16 0 1.49088500693602E-15
16.0640000000021 0.0187728592070986 0.017664929948296 -10.236177779328 3.9756933518294E-16 0 1.49088500693602E-15
16.0879999999997 0.0129650457426163 0.0237365883083953 -10.1365313831688 3.9756933518294E-16 0 1.49088500693602E-15
16.1520000000019 0.00715723227813747 0.0298082466684377 -10.0368849870096 3.9756933518294E-16 0 1.49088500693602E-15
16.1759999999995 0.00715723227813747 0.0298082466684377 -10.0368849870096 3.9756933518294E-16 0 1.49088500693602E-15
16.2570000000014 -0.0276896485087388 0.0662381968288059 -9.43900661005426 3.9756933518294E-16 0 1.49088500693602E-15
16.2880000000005 0.0364416563204504 -0.0404735169838091 -9.22805688647992 3.9756933518294E-16 0 1.49088500693602E-15
16.3520000000026 0.0306338428559716 -0.0344018586237667 -9.12841049032068 3.9756933518294E-16 0 1.49088500693602E-15
16.3760000000002 0.0523316387873312 0.0631037069032914 -9.13308706417268 3.9756933518294E-16 0 1.49088500693602E-15
16.4400000000023 0.00159477553357412 -0.00404356682344087 -8.63017850952457 3.9756933518294E-16 0 1.49088500693602E-15
16.4639999999999 -0.0100208513953834 0.00809974989670081 -8.43088571720614 3.9756933518294E-16 0 1.49088500693602E-15
16.5360000000001 -0.0158286648598658 0.0141714082567432 -8.33123932104689 3.9756933518294E-16 0 1.49088500693602E-15
16.5610000000015 -0.0158286648598658 0.0141714082567432 -8.33123932104689 3.9756933518294E-16 0 1.49088500693602E-15
16.6239999999998 0.0583848089717396 0.0171085766913279 -7.92567337900613 3.9756933518294E-16 0 1.49088500693602E-15
16.6490000000013 0.046769182042782 0.0292518934114696 -7.7263805866877 3.9756933518294E-16 0 1.49088500693602E-15
16.6650000000009 0.0351535551138209 0.0413952101315545 -7.52708779436921 3.9756933518294E-16 0 1.49088500693602E-15
16.737000000001 0.00764794571798255 -0.0500386970352338 -7.42276482435801 3.9756933518294E-16 0 1.49088500693602E-15
16.768 0.0293457416493421 0.0474668684916537 -7.42744139821002 3.9756933518294E-16 0 1.49088500693602E-15
16.8320000000022 -0.0155833081399361 -0.0257520635950073 -7.02417923972109 3.9756933518294E-16 0 1.49088500693602E-15
16.8559999999998 -0.0271989350688937 -0.0136087468748656 -6.82488644740266 3.9756933518294E-16 0 1.49088500693602E-15
16.9200000000019 -0.0446223754623336 0.00460622820531853 -6.52594725892499 3.9756933518294E-16 0 1.49088500693602E-15
16.9530000000013 -0.0446223754623336 0.00460622820531853 -6.52594725892499 3.9756933518294E-16 0 1.49088500693602E-15
17.0250000000015 0.058630165691655 -0.0228148951604226 -6.61861329768033 3.9756933518294E-16 0 1.49088500693602E-15
17.0480000000025 -0.0271989350688937 -0.0136087468748656 -6.82488644740266 3.9756933518294E-16 0 1.49088500693602E-15
17.0720000000001 -0.0213911216044149 -0.019680405234908 -6.92453284356191 3.9756933518294E-16 0 1.49088500693602E-15
17.1360000000022 -0.0155833081399361 -0.0257520635950073 -7.02417923972109 3.9756933518294E-16 0 1.49088500693602E-15
17.1599999999999 -0.0155833081399361 -0.0257520635950073 -7.02417923972109 3.9756933518294E-16 0 1.49088500693602E-15
17.2400000000016 0.0641926224362184 0.0110369183312855 -8.02531977516531 3.9756933518294E-16 0 1.49088500693602E-15
17.2639999999992 -0.00421303793090821 0.00202809153665839 -8.53053211336533 3.9756933518294E-16 0 1.49088500693602E-15
17.3290000000015 0.0248260293914893 -0.0283302002636674 -9.02876409416143 3.9756933518294E-16 0 1.49088500693602E-15
17.3600000000006 0.0248260293914893 -0.0283302002636674 -9.02876409416143 3.9756933518294E-16 0 1.49088500693602E-15
17.4170000000013 -0.0044583946508201 0.0419515633885794 -9.83759219469113 3.9756933518294E-16 0 1.49088500693602E-15
17.4400000000023 0.0245806726715738 0.0115932715882536 -10.3358241754872 3.9756933518294E-16 0 1.49088500693602E-15
17.456000000002 0.0478119265294961 -0.0126933618520297 -10.7344097601242 3.9756933518294E-16 0 1.49088500693602E-15
17.5280000000021 0.0826588073163688 -0.0491233120123979 -11.3322881370794 3.9756933518294E-16 0 1.49088500693602E-15
17.5679999999993 -0.0147859203731517 -0.0277738470066993 -11.3392684944833 3.9756933518294E-16 0 1.49088500693602E-15
17.6239999999998 0.0301431294161265 0.0454450850800185 -11.7425306529723 3.9756933518294E-16 0 1.49088500693602E-15
17.6490000000013 0.0533743832740416 0.0211584516397352 -12.1411162376091 3.9756933518294E-16 0 1.49088500693602E-15
17.655999999999 0.0649900102030028 0.00901513491959349 -12.3404090299276 3.9756933518294E-16 0 1.49088500693602E-15
17.737000000001 -0.00922346362858484 0.00607796648512249 -12.7459749719684 3.9756933518294E-16 0 1.49088500693602E-15
17.760000000002 -0.00922346362858484 0.00607796648512249 -12.7459749719684 3.9756933518294E-16 0 1.49088500693602E-15
17.8160000000025 0.00239216330037273 -0.0060653502350192 -12.9452677642868 3.9756933518294E-16 0 1.49088500693602E-15
17.8400000000001 0.00819997676485151 -0.0121370085950616 -13.044914160446 3.9756933518294E-16 0 1.49088500693602E-15
17.9200000000019 0.0256234171582879 -0.0303519836752457 -13.3438533489237 3.9756933518294E-16 0 1.49088500693602E-15
17.9439999999995 0.0256234171582879 -0.0303519836752457 -13.3438533489237 3.9756933518294E-16 0 1.49088500693602E-15
17.9599999999991 0.0256234171582879 -0.0303519836752457 -13.3438533489237 3.9756933518294E-16 0 1.49088500693602E-15
18.0250000000015 -0.0036610068840357 0.0399297799768306 -14.1526814494534 3.9756933518294E-16 0 1.49088500693602E-15
18.0480000000025 0.0195702469738794 0.0156431465365472 -14.5512670340902 3.9756933518294E-16 0 1.49088500693602E-15
18.1130000000012 -0.0314119729998072 -0.0115806553382072 -15.3554185607679 3.9756933518294E-16 0 1.49088500693602E-15
18.1440000000002 -0.0314119729998072 -0.0115806553382072 -15.3554185607679 3.9756933518294E-16 0 1.49088500693602E-15
18.2010000000009 0.0135170767894746 0.0616382767484538 -15.7586807192569 3.9756933518294E-16 0 1.49088500693602E-15
18.224000000002 0.0425561441118685 0.0312799849481848 -16.256912700053 3.9756933518294E-16 0 1.49088500693602E-15
18.2400000000016 0.0599795845053048 0.0130650098679439 -16.5558518885306 3.9756933518294E-16 0 1.49088500693602E-15
18.2570000000014 -0.0142338893262828 0.0101278414334161 -16.9614178305714 3.9756933518294E-16 0 1.49088500693602E-15
18.273000000001 0.00899736453163591 -0.0141587920068673 -17.3600034152083 3.9756933518294E-16 0 1.49088500693602E-15
18.2880000000005 0.0206129914605935 -0.0263021087269522 -17.5592962075267 3.9756933518294E-16 0 1.49088500693602E-15
18.3040000000001 0.0322286183895546 -0.0384454254470938 -17.7585889998452 3.9756933518294E-16 0 1.49088500693602E-15
18.3199999999997 0.0380364318540298 -0.0445170838071363 -17.8582353960044 3.9756933518294E-16 0 1.49088500693602E-15
18.3359999999993 -0.0536004823710083 -0.02923927716148 -17.9648621495675 3.9756933518294E-16 0 1.49088500693602E-15
18.3520000000026 0.0438442453185122 -0.0505887421672355 -17.9578817921636 3.9756933518294E-16 0 1.49088500693602E-15
18.3680000000022 0.0655420412498717 0.0469168233597088 -17.9625583660156 3.9756933518294E-16 0 1.49088500693602E-15
18.3760000000002 0.0438442453185122 -0.0505887421672355 -17.9578817921636 3.9756933518294E-16 0 1.49088500693602E-15
18.3919999999998 0.0496520587829909 -0.0566604005272779 -18.0575281883228 3.9756933518294E-16 0 1.49088500693602E-15
18.4170000000013 0.0713498547143505 0.0408451649996664 -18.0622047621748 3.9756933518294E-16 0 1.49088500693602E-15
18.4330000000009 0.0829654816433116 0.0287018482795247 -18.2614975544933 3.9756933518294E-16 0 1.49088500693602E-15
18.5120000000024 0.00875200781170626 0.0257646798450537 -18.6670634965341 3.9756933518294E-16 0 1.49088500693602E-15
18.5360000000001 0.00875200781170626 0.0257646798450537 -18.6670634965341 3.9756933518294E-16 0 1.49088500693602E-15
18.5610000000015 0.00875200781170626 0.0257646798450537 -18.6670634965341 3.9756933518294E-16 0 1.49088500693602E-15
18.6239999999998 0.0203676347406638 0.013621363124912 -18.8663562888525 3.9756933518294E-16 0 1.49088500693602E-15
18.6490000000013 0.0319832616696214 0.00147804640477034 -19.0656490811709 3.9756933518294E-16 0 1.49088500693602E-15
18.655999999999 0.0319832616696214 0.00147804640477034 -19.0656490811709 3.9756933518294E-16 0 1.49088500693602E-15
18.6800000000003 -0.0596536525554026 0.0167558530504266 -19.1722758347341 3.9756933518294E-16 0 1.49088500693602E-15
18.6959999999999 0.0435988885985825 -0.0106652703153713 -19.2649418734894 3.9756933518294E-16 0 1.49088500693602E-15
18.768 0.0435988885985825 -0.0106652703153713 -19.2649418734894 3.9756933518294E-16 0 1.49088500693602E-15
18.7930000000015 0.0435988885985825 -0.0106652703153713 -19.2649418734894 3.9756933518294E-16 0 1.49088500693602E-15
18.7999999999993 -0.0538458390909238 0.0106841946903273 -19.2719222308933 3.9756933518294E-16 0 1.49088500693602E-15
18.8719999999994 -0.0538458390909238 0.0106841946903273 -19.2719222308933 3.9756933518294E-16 0 1.49088500693602E-15
18.9040000000023 0.0435988885985825 -0.0106652703153713 -19.2649418734894 3.9756933518294E-16 0 1.49088500693602E-15
18.9760000000024 -0.0596536525554026 0.0167558530504266 -19.1722758347341 3.9756933518294E-16 0 1.49088500693602E-15
19.0080000000016 0.0377910751341037 -0.00459361195527208 -19.1652954773302 3.9756933518294E-16 0 1.49088500693602E-15
19.0250000000015 0.0319832616696214 0.00147804640477034 -19.0656490811709 3.9756933518294E-16 0 1.49088500693602E-15
19.0879999999997 0.014559821276185 0.0196930214849544 -18.7667098926933 3.9756933518294E-16 0 1.49088500693602E-15
19.1130000000012 0.014559821276185 0.0196930214849544 -18.7667098926933 3.9756933518294E-16 0 1.49088500693602E-15
19.1280000000006 0.00875200781170626 0.0257646798450537 -18.6670634965341 3.9756933518294E-16 0 1.49088500693602E-15
19.1440000000002 0.014559821276185 0.0196930214849544 -18.7667098926933 3.9756933518294E-16 0 1.49088500693602E-15
19.2080000000024 -0.0028636191172513 0.0379079965651385 -18.4677707042156 3.9756933518294E-16 0 1.49088500693602E-15
19.232 -0.0202870595106912 0.0561229716453227 -18.168831515738 3.9756933518294E-16 0 1.49088500693602E-15
19.2479999999996 -0.02609487297517 0.0621946300054219 -18.0691851195787 3.9756933518294E-16 0 1.49088500693602E-15
19.3120000000017 -0.0652161092999659 -0.0170959604413383 -17.7655693572491 3.9756933518294E-16 0 1.49088500693602E-15
19.3450000000012 0.0322286183895546 -0.0384454254470938 -17.7585889998452 3.9756933518294E-16 0 1.49088500693602E-15
19.3600000000006 0.0322286183895546 -0.0384454254470938 -17.7585889998452 3.9756933518294E-16 0 1.49088500693602E-15
19.4239999999991 0.00899736453163591 -0.0141587920068673 -17.3600034152083 3.9756933518294E-16 0 1.49088500693602E-15
19.4480000000003 0.00318955106715713 -0.00808713364676805 -17.2603570190491 3.9756933518294E-16 0 1.49088500693602E-15
19.5200000000004 -0.0142338893262828 0.0101278414334161 -16.9614178305714 3.9756933518294E-16 0 1.49088500693602E-15
19.5440000000017 -0.0142338893262828 0.0101278414334161 -16.9614178305714 3.9756933518294E-16 0 1.49088500693602E-15
19.6080000000002 -0.0258495162552403 0.0222711581535577 -16.762125038253 3.9756933518294E-16 0 1.49088500693602E-15
19.6320000000014 0.0599795845053048 0.0130650098679439 -16.5558518885306 3.9756933518294E-16 0 1.49088500693602E-15
19.6490000000013 0.0483639575763473 0.0252083265880856 -16.3565590962122 3.9756933518294E-16 0 1.49088500693602E-15
19.7210000000014 0.0309405171829074 0.0434233016682697 -16.0576199077345 3.9756933518294E-16 0 1.49088500693602E-15
19.7440000000024 0.0309405171829074 0.0434233016682697 -16.0576199077345 3.9756933518294E-16 0 1.49088500693602E-15
19.760000000002 0.0309405171829074 0.0434233016682697 -16.0576199077345 3.9756933518294E-16 0 1.49088500693602E-15
19.8320000000022 -0.0314119729998072 -0.0115806553382072 -15.3554185607679 3.9756933518294E-16 0 1.49088500693602E-15
19.8650000000016 0.0369936873673193 -0.00257182854363691 -14.8502062225679 3.9756933518294E-16 0 1.49088500693602E-15
19.8810000000012 0.0311858739028406 0.00349982981640551 -14.7505598264087 3.9756933518294E-16 0 1.49088500693602E-15
19.8880000000026 0.0253780604383582 0.00957148817650477 -14.6509134302495 3.9756933518294E-16 0 1.49088500693602E-15
19.9530000000013 0.0137624335094007 0.0217148048965896 -14.4516206379311 3.9756933518294E-16 0 1.49088500693602E-15
19.9760000000024 0.0137624335094007 0.0217148048965896 -14.4516206379311 3.9756933518294E-16 0 1.49088500693602E-15
19.992000000002 0.00795462004492187 0.0277864632566889 -14.3519742417718 3.9756933518294E-16 0 1.49088500693602E-15
20.0640000000021 0.0430468575517278 -0.0485669587554867 -13.6427925374014 3.9756933518294E-16 0 1.49088500693602E-15
20.0970000000016 0.0256234171582879 -0.0303519836752457 -13.3438533489237 3.9756933518294E-16 0 1.49088500693602E-15
20.1520000000019 0.0256234171582879 -0.0303519836752457 -13.3438533489237 3.9756933518294E-16 0 1.49088500693602E-15
20.1850000000013 0.0140077902293303 -0.0182086669551609 -13.1445605566053 3.9756933518294E-16 0 1.49088500693602E-15
20.2479999999996 -0.020839090557546 0.0182212832052642 -12.5466821796499 3.9756933518294E-16 0 1.49088500693602E-15
20.273000000001 0.059182196738524 0.0150867932796928 -12.2407626337684 3.9756933518294E-16 0 1.49088500693602E-15
20.3520000000026 0.0417587563450841 0.0333017683598769 -11.9418234452907 3.9756933518294E-16 0 1.49088500693602E-15
20.3760000000002 0.0359509428806053 0.0393734267199193 -11.8421770491315 3.9756933518294E-16 0 1.49088500693602E-15
20.4480000000003 -0.0322093607665916 -0.00955887192651517 -11.0403293060057 3.9756933518294E-16 0 1.49088500693602E-15
20.4720000000016 0.0420041130650137 -0.00662170349193048 -10.6347633639649 3.9756933518294E-16 0 1.49088500693602E-15
20.5360000000001 0.0303884861360562 0.00552161322815437 -10.4354705716465 3.9756933518294E-16 0 1.49088500693602E-15
20.5610000000015 0.0303884861360562 0.00552161322815437 -10.4354705716465 3.9756933518294E-16 0 1.49088500693602E-15
20.6320000000014 -0.0102662081152989 0.0480232217486218 -9.73794579853194 3.9756933518294E-16 0 1.49088500693602E-15
20.6650000000009 -0.0276896485087388 0.0662381968288059 -9.43900661005426 3.9756933518294E-16 0 1.49088500693602E-15
20.737000000001 0.0248260293914893 -0.0283302002636674 -9.02876409416143 3.9756933518294E-16 0 1.49088500693602E-15
20.760000000002 0.0248260293914893 -0.0283302002636674 -9.02876409416143 3.9756933518294E-16 0 1.49088500693602E-15
20.8320000000022 0.0248260293914893 -0.0283302002636674 -9.02876409416143 3.9756933518294E-16 0 1.49088500693602E-15
20.8559999999998 0.0248260293914893 -0.0283302002636674 -9.02876409416143 3.9756933518294E-16 0 1.49088500693602E-15
20.9279999999999 0.00740258899805291 -0.0101152251834833 -8.72982490568381 3.9756933518294E-16 0 1.49088500693602E-15
21.0480000000025 -0.00421303793090821 0.00202809153665839 -8.53053211336533 3.9756933518294E-16 0 1.49088500693602E-15
21.1130000000012 -0.0100208513953834 0.00809974989670081 -8.43088571720614 3.9756933518294E-16 0 1.49088500693602E-15
21.1360000000022 -0.0100208513953834 0.00809974989670081 -8.43088571720614 3.9756933518294E-16 0 1.49088500693602E-15
21.1520000000019 -0.0100208513953834 0.00809974989670081 -8.43088571720614 3.9756933518294E-16 0 1.49088500693602E-15
21.2570000000014 -0.0100208513953834 0.00809974989670081 -8.43088571720614 3.9756933518294E-16 0 1.49088500693602E-15
21.273000000001 -0.0100208513953834 0.00809974989670081 -8.43088571720614 3.9756933518294E-16 0 1.49088500693602E-15
21.3359999999993 -0.0100208513953834 0.00809974989670081 -8.43088571720614 3.9756933518294E-16 0 1.49088500693602E-15
21.3600000000006 -0.0100208513953834 0.00809974989670081 -8.43088571720614 3.9756933518294E-16 0 1.49088500693602E-15
21.3760000000002 -0.0100208513953834 0.00809974989670081 -8.43088571720614 3.9756933518294E-16 0 1.49088500693602E-15
21.456000000002 -0.021636478324341 0.0202430666168425 -8.23159292488771 3.9756933518294E-16 0 1.49088500693602E-15
21.4890000000014 -0.021636478324341 0.0202430666168425 -8.23159292488771 3.9756933518294E-16 0 1.49088500693602E-15
21.5519999999997 -0.021636478324341 0.0202430666168425 -8.23159292488771 3.9756933518294E-16 0 1.49088500693602E-15
21.6880000000019 -0.021636478324341 0.0202430666168425 -8.23159292488771 3.9756933518294E-16 0 1.49088500693602E-15
21.7520000000004 -0.0274442917888234 0.0263147249768849 -8.13194652872846 3.9756933518294E-16 0 1.49088500693602E-15
22.0250000000015 -0.0332521052533021 0.0323863833369842 -8.03230013256922 3.9756933518294E-16 0 1.49088500693602E-15
22.0410000000011 -0.0390599187177809 0.0384580416970266 -7.93265373641003 3.9756933518294E-16 0 1.49088500693602E-15
22.0560000000005 -0.0448677321822633 0.044529700057069 -7.83300734025079 3.9756933518294E-16 0 1.49088500693602E-15
22.1280000000006 -0.0506755456467385 0.0506013584171683 -7.7333609440916 3.9756933518294E-16 0 1.49088500693602E-15
22.2080000000024 -0.0622911725756996 0.0627446751372531 -7.53406815177311 3.9756933518294E-16 0 1.49088500693602E-15
22.2400000000016 0.00184013225350377 -0.0439670386751914 -7.32311842819877 3.9756933518294E-16 0 1.49088500693602E-15
22.2570000000014 -0.00396768121097502 -0.0378953803150921 -7.22347203203958 3.9756933518294E-16 0 1.49088500693602E-15
22.3359999999993 -0.00977549467545735 -0.0318237219550497 -7.12382563588034 3.9756933518294E-16 0 1.49088500693602E-15
22.3520000000026 -0.00977549467545735 -0.0318237219550497 -7.12382563588034 3.9756933518294E-16 0 1.49088500693602E-15
22.3680000000022 -0.00977549467545735 -0.0318237219550497 -7.12382563588034 3.9756933518294E-16 0 1.49088500693602E-15
22.3840000000018 -0.0155833081399361 -0.0257520635950073 -7.02417923972109 3.9756933518294E-16 0 1.49088500693602E-15
22.4000000000015 -0.0213911216044149 -0.019680405234908 -6.92453284356191 3.9756933518294E-16 0 1.49088500693602E-15
22.4720000000016 -0.0562380023912912 0.0167495449254602 -6.32665446660656 3.9756933518294E-16 0 1.49088500693602E-15
22.4959999999992 0.0353989118337363 0.00147173827980396 -6.22002771304346 3.9756933518294E-16 0 1.49088500693602E-15
22.5120000000024 0.0295910983692576 0.00754339663990322 -6.12038131688422 3.9756933518294E-16 0 1.49088500693602E-15
22.5840000000026 0.0295910983692576 0.00754339663990322 -6.12038131688422 3.9756933518294E-16 0 1.49088500693602E-15
22.6239999999998 0.0353989118337363 0.00147173827980396 -6.22002771304346 3.9756933518294E-16 0 1.49088500693602E-15
22.7040000000015 0.0353989118337363 0.00147173827980396 -6.22002771304346 3.9756933518294E-16 0 1.49088500693602E-15
22.737000000001 0.0295910983692576 0.00754339663990322 -6.12038131688422 3.9756933518294E-16 0 1.49088500693602E-15
22.8090000000011 -0.0388145619978513 -0.00146543015472389 -6.62559365508423 3.9756933518294E-16 0 1.49088500693602E-15
22.8480000000018 -0.00396768121097502 -0.0378953803150921 -7.22347203203958 3.9756933518294E-16 0 1.49088500693602E-15
22.8650000000016 0.0351535551138209 0.0413952101315545 -7.52708779436921 3.9756933518294E-16 0 1.49088500693602E-15
22.9360000000015 0.0700004359006972 0.00496525997118624 -8.12496617132456 3.9756933518294E-16 0 1.49088500693602E-15
22.9599999999991 0.0641926224362184 0.0110369183312855 -8.02531977516531 3.9756933518294E-16 0 1.49088500693602E-15
22.9760000000024 0.0758082493651795 -0.00110639838885618 -8.2246125674838 3.9756933518294E-16 0 1.49088500693602E-15
23.0560000000005 -0.0102662081152989 0.0480232217486218 -9.73794579853194 3.9756933518294E-16 0 1.49088500693602E-15
23.0800000000017 0.0187728592070986 0.017664929948296 -10.236177779328 3.9756933518294E-16 0 1.49088500693602E-15
23.0970000000016 0.0303884861360562 0.00552161322815437 -10.4354705716465 3.9756933518294E-16 0 1.49088500693602E-15
23.1680000000015 0.0420041130650137 -0.00662170349193048 -10.6347633639649 3.9756933518294E-16 0 1.49088500693602E-15
23.1919999999991 0.0594275534584536 -0.0248366785721146 -10.9337025524426 3.9756933518294E-16 0 1.49088500693602E-15
23.2080000000024 0.0710431803874112 -0.0369799952922563 -11.132995344761 3.9756933518294E-16 0 1.49088500693602E-15
23.2880000000005 0.0882212640609215 -0.015271498520633 -12.7389946145645 3.9756933518294E-16 0 1.49088500693602E-15
23.3120000000017 0.00239216330037273 -0.0060653502350192 -12.9452677642868 3.9756933518294E-16 0 1.49088500693602E-15
23.3760000000002 0.0140077902293303 -0.0182086669551609 -13.1445605566053 3.9756933518294E-16 0 1.49088500693602E-15
23.4170000000013 0.0372390440872454 -0.0424953003953874 -13.5431461412421 3.9756933518294E-16 0 1.49088500693602E-15
23.4799999999996 0.0253780604383582 0.00957148817650477 -14.6509134302495 3.9756933518294E-16 0 1.49088500693602E-15
23.505000000001 0.0369936873673193 -0.00257182854363691 -14.8502062225679 3.9756933518294E-16 0 1.49088500693602E-15
23.5120000000024 0.0428015008317981 -0.00864348690373618 -14.9498526187272 3.9756933518294E-16 0 1.49088500693602E-15
23.5840000000026 -0.0372197864642825 -0.00550899697816476 -15.2557721646087 3.9756933518294E-16 0 1.49088500693602E-15
23.6160000000018 -0.0197963460708461 -0.0237239720583489 -15.5547113530864 3.9756933518294E-16 0 1.49088500693602E-15
23.6320000000014 0.0193248902539498 0.0555666183884114 -15.858327115416 3.9756933518294E-16 0 1.49088500693602E-15
23.7040000000015 -0.00842607586180399 0.00405618307337363 -17.0610642267306 3.9756933518294E-16 0 1.49088500693602E-15
23.737000000001 0.00318955106715713 -0.00808713364676805 -17.2603570190491 3.9756933518294E-16 0 1.49088500693602E-15
23.7520000000004 0.00318955106715713 -0.00808713364676805 -17.2603570190491 3.9756933518294E-16 0 1.49088500693602E-15
23.8240000000005 0.0655420412498717 0.0469168233597088 -17.9625583660156 3.9756933518294E-16 0 1.49088500693602E-15
23.8480000000018 -0.00867143258173364 0.0439796549252378 -18.3681243080564 3.9756933518294E-16 0 1.49088500693602E-15
23.8650000000016 0.014559821276185 0.0196930214849544 -18.7667098926933 3.9756933518294E-16 0 1.49088500693602E-15
23.9439999999995 0.0435988885985825 -0.0106652703153713 -19.2649418734894 3.9756933518294E-16 0 1.49088500693602E-15
23.969000000001 0.0494067020630613 -0.0167369286754138 -19.3645882696486 3.9756933518294E-16 0 1.49088500693602E-15
23.9840000000004 0.0552145155275401 -0.022808587035513 -19.4642346658079 3.9756933518294E-16 0 1.49088500693602E-15
24.0560000000005 0.031737904949706 0.0414015182565777 -20.3727091624967 3.9756933518294E-16 0 1.49088500693602E-15
24.0879999999997 0.0491613453431459 0.0231865431763936 -20.6716483509744 3.9756933518294E-16 0 1.49088500693602E-15
24.1039999999994 0.0549691588076282 0.0171148848163512 -20.7712947471337 3.9756933518294E-16 0 1.49088500693602E-15
24.1130000000012 -0.0366677554173886 0.0323926914620074 -20.8779215006967 3.9756933518294E-16 0 1.49088500693602E-15
24.1280000000006 -0.0366677554173886 0.0323926914620074 -20.8779215006967 3.9756933518294E-16 0 1.49088500693602E-15
24.2010000000009 -0.0250521284884311 0.0202493747419226 -21.0772142930152 3.9756933518294E-16 0 1.49088500693602E-15
24.224000000002 -0.00762868809499118 0.00203439966168162 -21.3761534814929 3.9756933518294E-16 0 1.49088500693602E-15
24.2400000000016 -0.00182087463051239 -0.0040372586983608 -21.4757998776521 3.9756933518294E-16 0 1.49088500693602E-15
24.3120000000017 0.0330260061563639 -0.040467208858729 -22.0736782546074 3.9756933518294E-16 0 1.49088500693602E-15
24.3359999999993 -0.0586109080686779 -0.0251894022131296 -22.1803050081705 3.9756933518294E-16 0 1.49088500693602E-15
24.3520000000026 0.0330260061563639 -0.040467208858729 -22.0736782546074 3.9756933518294E-16 0 1.49088500693602E-15
24.3680000000022 0.0330260061563639 -0.040467208858729 -22.0736782546074 3.9756933518294E-16 0 1.49088500693602E-15
24.4400000000023 -0.00787404481492082 0.041957871513489 -22.6832135628187 3.9756933518294E-16 0 1.49088500693602E-15
24.4639999999999 0.00954939557851908 0.0237428964333049 -22.9821527512963 3.9756933518294E-16 0 1.49088500693602E-15
24.5440000000017 0.0153572090429943 0.0176712380732624 -23.0817991474555 3.9756933518294E-16 0 1.49088500693602E-15
24.5679999999993 0.0153572090429943 0.0176712380732624 -23.0817991474555 3.9756933518294E-16 0 1.49088500693602E-15
24.5840000000026 0.0211650225074767 0.01159957971322 -23.1814455436148 3.9756933518294E-16 0 1.49088500693602E-15
24.6490000000013 0.0385884629009166 -0.00661539536702094 -23.4803847320924 3.9756933518294E-16 0 1.49088500693602E-15
24.6800000000003 0.0443962763653918 -0.0126870537270634 -23.5800311282516 3.9756933518294E-16 0 1.49088500693602E-15
24.6959999999999 -0.0530484513241145 0.00866241127869216 -23.5870114856555 3.9756933518294E-16 0 1.49088500693602E-15
24.760000000002 0.0502040898298741 -0.0187587120871058 -23.6796775244109 3.9756933518294E-16 0 1.49088500693602E-15
24.7930000000015 0.0560119032943529 -0.024830370447205 -23.7793239205701 3.9756933518294E-16 0 1.49088500693602E-15
24.8719999999994 -0.00658594360827713 -0.0399108556018177 -24.3841826549293 3.9756933518294E-16 0 1.49088500693602E-15
24.9200000000019 -0.00077813014379835 -0.0459825139618602 -24.4838290510885 3.9756933518294E-16 0 1.49088500693602E-15
25.0159999999996 0.0151118523230682 0.0575947099251266 -24.3888592287813 3.9756933518294E-16 0 1.49088500693602E-15
25.0410000000011 0.0151118523230682 0.0575947099251266 -24.3888592287813 3.9756933518294E-16 0 1.49088500693602E-15
25.1200000000026 0.00349622539411065 0.0697380266452683 -24.1895664364629 3.9756933518294E-16 0 1.49088500693602E-15
25.1520000000019 -0.0182015705372347 -0.027767538881676 -24.1848898626109 3.9756933518294E-16 0 1.49088500693602E-15
25.1680000000015 -0.0182015705372347 -0.027767538881676 -24.1848898626109 3.9756933518294E-16 0 1.49088500693602E-15
25.224000000002 -0.0298171974661958 -0.0156242221615344 -23.9855970702924 3.9756933518294E-16 0 1.49088500693602E-15
25.2479999999996 -0.0356250109306746 -0.00955256380149194 -23.8859506741332 3.9756933518294E-16 0 1.49088500693602E-15
25.2639999999992 -0.0414328243951534 -0.00348090544144952 -23.786304277974 3.9756933518294E-16 0 1.49088500693602E-15
25.3450000000012 -0.0472406378596322 0.00259075291864974 -23.6866578818148 3.9756933518294E-16 0 1.49088500693602E-15
25.3680000000022 -0.0414328243951534 -0.00348090544144952 -23.786304277974 3.9756933518294E-16 0 1.49088500693602E-15
25.4239999999991 -0.0530484513241145 0.00866241127869216 -23.5870114856555 3.9756933518294E-16 0 1.49088500693602E-15
25.4480000000003 0.0385884629009166 -0.00661539536702094 -23.4803847320924 3.9756933518294E-16 0 1.49088500693602E-15
25.4720000000016 0.0327806494364342 -0.000543737006921674 -23.3807383359332 3.9756933518294E-16 0 1.49088500693602E-15
25.5519999999997 0.0327806494364342 -0.000543737006921674 -23.3807383359332 3.9756933518294E-16 0 1.49088500693602E-15
25.5770000000011 0.0327806494364342 -0.000543737006921674 -23.3807383359332 3.9756933518294E-16 0 1.49088500693602E-15
25.6490000000013 -0.0762797051820296 0.0329490447189755 -23.1884259010187 3.9756933518294E-16 0 1.49088500693602E-15
25.6720000000023 0.0153572090429943 0.0176712380732624 -23.0817991474555 3.9756933518294E-16 0 1.49088500693602E-15
25.6880000000019 0.0153572090429943 0.0176712380732624 -23.0817991474555 3.9756933518294E-16 0 1.49088500693602E-15
25.768 0.00954939557851908 0.0237428964333049 -22.9821527512963 3.9756933518294E-16 0 1.49088500693602E-15
25.7999999999993 0.00374158211403675 0.0298145547934041 -22.8825063551371 3.9756933518294E-16 0 1.49088500693602E-15
25.8810000000012 -0.0136818582793996 0.0480295298735882 -22.5835671666594 3.9756933518294E-16 0 1.49088500693602E-15
25.9040000000023 -0.0136818582793996 0.0480295298735882 -22.5835671666594 3.9756933518294E-16 0 1.49088500693602E-15
25.9200000000019 -0.0194896717438784 0.0541011882336306 -22.4839207705002 3.9756933518294E-16 0 1.49088500693602E-15
26 -0.0528030946041955 -0.031261060573172 -22.2799514043298 3.9756933518294E-16 0 1.49088500693602E-15
26.0250000000015 0.0489159886232446 0.0631100150282577 -21.9787084323002 3.9756933518294E-16 0 1.49088500693602E-15
26.0410000000011 -0.081842161926593 -0.00090276877284623 -21.7817194235337 3.9756933518294E-16 0 1.49088500693602E-15
26.1039999999994 -0.00762868809499118 0.00203439966168162 -21.3761534814929 3.9756933518294E-16 0 1.49088500693602E-15
26.1280000000006 -0.01343650155947 0.00810605802178088 -21.2765070853337 3.9756933518294E-16 0 1.49088500693602E-15
26.1440000000002 -0.01343650155947 0.00810605802178088 -21.2765070853337 3.9756933518294E-16 0 1.49088500693602E-15
26.224000000002 -0.0657068227397861 0.0627509832623332 -20.3796895199006 3.9756933518294E-16 0 1.49088500693602E-15
26.2570000000014 -0.0189989583040475 -0.0257457554700409 -19.8698006078486 3.9756933518294E-16 0 1.49088500693602E-15
26.2639999999992 -0.0364223986974874 -0.00753078038985677 -19.5708614193709 3.9756933518294E-16 0 1.49088500693602E-15
26.2800000000025 -0.048038025626445 0.00461253633028491 -19.3715686270525 3.9756933518294E-16 0 1.49088500693602E-15
26.2960000000021 -0.0538458390909238 0.0106841946903273 -19.2719222308933 3.9756933518294E-16 0 1.49088500693602E-15
26.3120000000017 0.0377910751341037 -0.00459361195527208 -19.1652954773302 3.9756933518294E-16 0 1.49088500693602E-15
26.3290000000015 -0.0654614660198849 0.022827511410469 -19.0726294385748 3.9756933518294E-16 0 1.49088500693602E-15
26.3919999999998 0.0261754482051426 0.00754970476481276 -18.9660026850117 3.9756933518294E-16 0 1.49088500693602E-15
26.4239999999991 0.00875200781170626 0.0257646798450537 -18.6670634965341 3.9756933518294E-16 0 1.49088500693602E-15
26.4959999999992 0.0264208049250723 -0.0323737670870514 -17.6589426036859 3.9756933518294E-16 0 1.49088500693602E-15
26.5200000000004 0.0206129914605935 -0.0263021087269522 -17.5592962075267 3.9756933518294E-16 0 1.49088500693602E-15
26.5360000000001 0.0206129914605935 -0.0263021087269522 -17.5592962075267 3.9756933518294E-16 0 1.49088500693602E-15
26.6000000000022 0.00318955106715713 -0.00808713364676805 -17.2603570190491 3.9756933518294E-16 0 1.49088500693602E-15
