Time(s) x(mm) y(mm) z(mm) rx(deg) ry(deg) rz(deg)
0 0 0 -5.6843418860808E-14 0 4.96961668978674E-17 -5.83929961049943E-16
0 0 0 -5.6843418860808E-14 0 4.96961668978674E-17 -5.83929961049943E-16
0.00799999999981083 0 0 -5.6843418860808E-14 0 4.96961668978674E-17 -5.83929961049943E-16
0.0240000000012515 0 0 -5.6843418860808E-14 0.0101385468113929 -0.0364138950630895 -0.0348948506155704
0.0400000000008731 0 0 -5.6843418860808E-14 0.0101385468113929 -0.0364138950630895 -0.0348948506155704
0.104000000001179 -0.0681848983282265 0.114931046023457 -0.205284374222572 0.0194820137460072 -0.163068780571275 -0.210355404790312
0.712000000001353 -0.109911218677752 0.330190279025544 -0.314474011081757 -0.28224174615425 -0.533339147859971 -0.681932592264697
0.77599999999984 -0.109911218677752 0.330190279025544 -0.314474011081757 -0.302731076294719 -0.637320874027774 -0.740126476688898
0.952000000001135 -0.0130816439222912 0.299110024669403 -0.412749395801654 -0.272528978185319 -0.574253881630467 -0.869268758330514
1.00799999999981 -0.109364694065633 0.326070930197716 -0.414387635158221 -0.272528978185319 -0.574253881630467 -0.869268758330514
1.06400000000031 -0.0125351193101721 0.294990675841575 -0.512663019878005 -0.272528978185319 -0.574253881630467 -0.869268758330514
1.12900000000081 -0.039540221901035 0.198781837690774 -0.508844133164871 -0.179323744276427 -0.634522147116115 -0.914817310854973
1.1760000000013 -0.039540221901035 0.198781837690774 -0.508844133164871 -0.168932436795785 -0.670924606584244 -0.949702144671641
1.23199999999997 -0.0665453244918695 0.102572999539973 -0.505025246451737 -0.179323744276427 -0.634522147116115 -0.914817310854973
1.27200000000084 -0.0935504270827607 0.006364161389115 -0.501206359738603 -0.107422143038535 -0.535780951869713 -0.902884190588766
1.28900000000067 -0.0930039024706417 0.00224481256128684 -0.601119983815124 -0.0766437789230644 -0.468215841882849 -0.879435060583553
1.35300000000097 -0.0777361600998603 -0.313342607419429 -0.588025084319156 0.0157849717304737 -0.265547597544119 -0.808926565095456
1.38400000000001 -0.0777361600998603 -0.313342607419429 -0.588025084319156 0.046625994575327 -0.198000604913188 -0.785369893299676
1.40000000000146 -0.0777361600998603 -0.313342607419429 -0.588025084319156 0.046625994575327 -0.198000604913188 -0.785369893299676
1.41600000000108 -0.0777361600998603 -0.313342607419429 -0.588025084319156 0.046625994575327 -0.198000604913188 -0.785369893299676
1.48000000000138 0.0338146324142485 -0.655890932928344 -0.573291945466679 0.21174772500386 -0.336144202132747 -0.947158118619094
1.51300000000083 0.0766340019879692 -0.8793888635862 -0.663929556760309 0.325515863959204 -0.468965246215905 -1.06304803138466
1.52800000000025 0.146458474152581 -1.00667795609309 -0.758386054767016 0.387243296089357 -0.510321522590248 -1.14462787562456
1.58500000000095 0.188184794502092 -1.22193718909517 -0.649196417907831 0.480379550301098 -0.570399984013203 -1.19075166637032
1.61599999999999 0.188184794502092 -1.22193718909517 -0.649196417907831 0.490728477253955 -0.606667997969108 -1.22589774446462
1.68000000000029 0.0807109087507598 -1.61089189052632 -0.733834495131759 0.584547992620451 -0.753045687769804 -1.26050619472588
1.71200000000135 -0.000304399021828772 -1.89951840497872 -0.722377834992415 0.719365797528898 -0.868163462766402 -1.30695317393052
1.76800000000003 0.0419684459398013 -2.11889698680864 -0.71310182220958 0.813081620626376 -1.01457810178184 -1.34226471652786
1.80000000000109 0.0425149705519203 -2.12301633563646 -0.813015446285988 0.813081620626376 -1.01457810178184 -1.34226471652786
1.81700000000092 0.0155098679610575 -2.21922517378727 -0.809196559572854 0.813081620626376 -1.01457810178184 -1.34226471652786
1.88000000000102 -0.0660519644236359 -2.50373233941184 -0.697826275357102 0.999838644928594 -1.22101162630145 -1.42515303544666
1.90500000000065 -0.146520747584105 -2.79647820269219 -0.786283239294164 1.08301062999985 -1.33133835347387 -1.42585533628592
1.92000000000007 -0.26980890031831 -2.86572613531473 -0.784102591937597 1.15568037134126 -1.40562446390778 -1.39122598643353
1.99200000000019 -0.323819105500036 -3.05814381161633 -0.776464818511386 1.2491250808305 -1.55217618253554 -1.42793013549394
2.01600000000144 -0.351370732703003 -3.15023330093925 -0.672732307721844 1.2491250808305 -1.55217618253554 -1.42793013549394
2.03200000000106 -0.350824208090884 -3.15435264976713 -0.772645931798252 1.27982924890702 -1.48481017225007 -1.40391910506296
2.04900000000089 -0.377829310681747 -3.25056148791799 -0.768827045085118 1.30048746134032 -1.4679285544227 -1.33329547348704
2.06400000000031 -0.404834413272624 -3.34677032606879 -0.765008158371984 1.32086609838056 -1.36451237898989 -1.27361258784053
2.14400000000023 -0.444123400695702 -3.85065607352328 -0.644361861373454 1.56896653804348 -0.997262693188785 -0.905334985166322
2.16800000000148 -0.567958078042011 -3.91578465731794 -0.542267589940479 1.55873450934042 -0.961212125686597 -0.869663195242717
2.18400000000111 -0.567958078042011 -3.91578465731794 -0.542267589940479 1.59999033603897 -0.93002626235593 -0.881018362253431
2.25600000000122 -0.498680130489532 -4.03895440099706 -0.536810463870779 1.67254337079501 -1.00506054834095 -0.846423072998466
2.28100000000086 -0.552690335671258 -4.23137207729866 -0.529172690444568 1.7965286476605 -1.08502623176697 -0.8590938160885
2.35300000000098 -0.634252168055951 -4.51587924292329 -0.417802406228759 2.02394748266562 -1.17324611893353 -0.81336710266732
2.38400000000001 -0.538515642524729 -4.53872079962377 -0.316250542795785 2.03415081434839 -1.20919634871778 -0.849268856629394
2.40000000000146 -0.538515642524729 -4.53872079962377 -0.316250542795785 2.03415081434839 -1.20919634871778 -0.849268856629394
2.46399999999994 -0.730535218199293 -4.48891833739503 -0.419440645585325 2.01352319799926 -1.31098269203886 -0.75661375469783
2.48800000000119 -0.702983590996311 -4.396828848072 -0.523173156374867 2.03407342375968 -1.3816755013712 -0.675380046833001
2.50400000000081 -0.799266641139653 -4.36986794254369 -0.524811395731433 2.02357322199409 -1.43260248256918 -0.629089272763262
2.56800000000112 -0.799266641139653 -4.36986794254369 -0.524811395731433 2.01260980770704 -1.57042209106773 -0.57248844558189
2.60000000000036 -0.799266641139653 -4.36986794254369 -0.524811395731433 2.01260980770704 -1.57042209106773 -0.57248844558189
2.60800000000017 -0.868544588692146 -4.24669819886464 -0.530268521801133 2.01260980770704 -1.57042209106773 -0.57248844558189
2.67300000000068 -0.911363958265866 -4.02320026820684 -0.439630910507503 2.03272304714314 -1.64126618376729 -0.491401755590574
2.69599999999991 -0.857353753084155 -3.83078259190523 -0.447268683933771 1.94964520935101 -1.70335564401132 -0.468530737717581
2.71200000000135 -0.830348650493306 -3.73457375375443 -0.451087570646848 1.94906002875903 -1.79025266892148 -0.458243177950768
2.77599999999984 -0.846162917476178 -3.41486698494589 -0.364268846066295 1.93817349185315 -1.84119619967829 -0.412000351788167
2.80000000000109 -0.846162917476178 -3.41486698494589 -0.364268846066295 1.93817349185315 -1.84119619967829 -0.412000351788167
2.81700000000092 -0.845616392864059 -3.41898633377372 -0.464182470142759 1.90748967753465 -1.82127994061553 -0.446770200159562
2.87200000000121 -0.738142507112727 -3.03003163234263 -0.379544392918774 1.82496390843338 -1.79644356268213 -0.434139631033176
2.90500000000065 -0.753410249483494 -2.71444421236191 -0.392639292414742 1.73217486181686 -1.73561522824197 -0.385693064390198
2.92000000000007 -0.822688197035973 -2.59127446868285 -0.398096418484386 1.73217486181686 -1.73561522824197 -0.385693064390198
2.98400000000038 -0.741672889263384 -2.30264795423039 -0.40955307862373 1.69120577523823 -1.67977858904837 -0.384693129954362
3.00799999999981 -0.742219413875503 -2.29852860540257 -0.30963945454738 1.69120577523823 -1.67977858904837 -0.384693129954362
3.08799999999974 -0.703476951064559 -1.79052350912019 -0.330372127469559 1.45435253583673 -1.64320819849388 -0.536258442597996
3.11200000000099 -0.718744693435312 -1.47493608913948 -0.34346702696547 1.38245694526959 -1.56791703927953 -0.570450590333819
3.16800000000148 -0.637729385662752 -1.18630957468707 -0.354923687104815 1.28965370427017 -1.59598511380637 -0.664576336993403
3.20100000000093 -0.637729385662752 -1.18630957468707 -0.354923687104815 1.25881232195329 -1.57649554124332 -0.699563445760263
3.20900000000074 -0.734012435806093 -1.15934866915876 -0.356561926461382 1.24849022203786 -1.54039450124277 -0.663926503600518
3.27200000000084 -0.652450603421386 -0.874841503534128 -0.467932210677134 1.10412944321402 -1.4770734347344 -0.721920062944081
3.30400000000009 -0.667718345792139 -0.559254083553412 -0.481027110173045 0.918379358380365 -1.35859074524648 -0.779784189815224
3.36100000000079 -0.682439563550787 -0.247786012400468 -0.59403563374542 0.763413781021347 -1.25969209836062 -0.802950734700999
3.39199999999983 -0.682986088162906 -0.24366666357264 -0.494122009668956 0.732402270674786 -1.2405394069466 -0.838167623750596
3.44800000000032 -0.751717511103266 -0.124616268721411 -0.599492759815121 0.608424345733778 -1.24746149025352 -0.815002907059918
3.47199999999975 -0.724712408512403 -0.0284074305705531 -0.603311646528198 0.463819678972146 -1.27161710852724 -0.86240700443736
3.496000000001 -0.69770730592154 0.0678014075803048 -0.607130533241332 0.381127995290193 -1.24748467066104 -0.850880598852352
3.56000000000131 -0.643697100739814 0.260219083881907 -0.6147683066676 0.153847899564528 -1.24782796575321 -0.886889018644285
3.59300000000076 -0.616691998148966 0.356427922032708 -0.618587193380677 0.112578802106952 -1.27895672173322 -0.875282141639307
3.60800000000017 -0.616691998148966 0.356427922032708 -0.618587193380677 0.112578802106952 -1.27895672173322 -0.875282141639307
3.67300000000068 -0.616691998148966 0.356427922032708 -0.618587193380677 0.0813445001751319 -1.17384183722179 -0.92249777737621
3.69599999999991 -0.520408948005624 0.329467016504395 -0.61694895402411 0.0398451459402879 -1.11871256332449 -0.922824366941375
3.71200000000135 -0.520408948005624 0.329467016504395 -0.61694895402411 0.00875778454394338 -1.09995484511049 -0.958232870116911
3.78400000000147 -0.493403845414761 0.425675854655196 -0.620767840737244 -0.0327850259809405 -1.04486766456236 -0.958644340341518
3.8080000000009 -0.493403845414761 0.425675854655196 -0.620767840737244 0.00840868778082844 -1.01370587781001 -0.970222077484529
3.83200000000033 -0.520408948005624 0.329467016504395 -0.61694895402411 0.00840868778082844 -1.01370587781001 -0.970222077484529
3.89700000000084 -0.424125897862282 0.302506110976083 -0.615310714667544 -0.0435839693858059 -0.922265308776164 -0.935694414884865
3.92000000000007 -0.424125897862282 0.302506110976083 -0.615310714667544 -0.044003706212394 -0.836033279854634 -0.947772383830914
3.93600000000151 -0.424125897862282 0.302506110976083 -0.615310714667544 -0.044003706212394 -0.836033279854634 -0.947772383830914
4.00799999999981 -0.424125897862282 0.302506110976083 -0.615310714667544 -0.0752198042817879 -0.817359720115215 -0.983306131180766
4.03200000000106 -0.424125897862282 0.302506110976083 -0.615310714667544 -0.044473506827256 -0.749806590383657 -0.95987819907603
4.04900000000089 -0.451131000453131 0.206297272825282 -0.611491827954467 -0.0548629560022964 -0.713430705779694 -0.924928672280098
4.10400000000118 -0.381853052900667 0.0831275291461679 -0.606034701884766 0.0375188492202147 -0.510808066612057 -0.854474224662991
4.13600000000042 -0.408858155491515 -0.0130813090045763 -0.602215815171633 0.109490718412853 -0.412108615038012 -0.842337461630173
4.20100000000093 -0.408858155491515 -0.0130813090045763 -0.602215815171633 0.140330570654153 -0.344582681004659 -0.818748810832961
4.23199999999997 -0.311482056123921 -0.0482809121886021 -0.800404823967938 0.140330570654153 -0.344582681004659 -0.818748810832961
4.24800000000141 -0.339033683326903 -0.140370401511575 -0.696672313178397 0.150629075899242 -0.380934884736355 -0.853728189044298
4.3119999999999 -0.227482890812809 -0.482918727020603 -0.681939174325919 0.212369364389477 -0.422432308249105 -0.935117696949513
4.33600000000115 -0.158204943260316 -0.606088470699603 -0.676482048256219 0.263787947515384 -0.427556634764205 -0.981541538917889
4.40000000000146 -0.0883804710957179 -0.733377563206659 -0.770938546262926 0.3054982045215 -0.482650686499803 -0.980976617008067
4.4330000000009 -0.115385573686595 -0.82958640135746 -0.767119659549849 0.315822191724 -0.518961823398975 -1.01604186508521
4.496000000001 -0.030839883763349 -1.26834356501729 -0.748567633984237 0.523358143459328 -0.798155831153156 -1.16691296204765
4.52100000000064 -0.0848500889450605 -1.46076124131889 -0.740929860557969 0.626854766954074 -0.894490248958736 -1.24868313754778
4.57600000000093 -0.0420307193713114 -1.68425917197663 -0.831567471851599 0.730932103280212 -1.0771386275812 -1.31919322066662
4.60800000000017 -0.0420307193713114 -1.68425917197663 -0.831567471851599 0.730932103280212 -1.0771386275812 -1.31919322066662
4.6239999999998 -0.0420307193713114 -1.68425917197663 -0.831567471851599 0.730932103280212 -1.0771386275812 -1.31919322066662
4.68000000000029 -0.150597654346882 -2.06497517575201 -0.716378300922713 0.876080289973577 -1.22846567546465 -1.40175420167636
4.70400000000154 -0.231066437507351 -2.35772103903236 -0.804835264859776 0.959250130029004 -1.33875291540609 -1.40231107541568
4.72000000000116 -0.2580715400982 -2.45392987718316 -0.801016378146642 1.01124888823973 -1.43005306099457 -1.43816077727894
4.73700000000099 -0.188793592545736 -2.57709962086227 -0.795559252076941 1.02170143931365 -1.4661820210196 -1.47365733681558
4.75200000000041 -0.215798695136584 -2.67330845901307 -0.791740365363864 1.06324562095166 -1.52134420122494 -1.47412771997535
4.81700000000092 -0.242803797727447 -2.76951729716393 -0.78792147865073 1.09431083108958 -1.54041292003243 -1.4391049190841
4.84000000000015 -0.242803797727447 -2.76951729716393 -0.78792147865073 1.1253593833284 -1.55951280528103 -1.40409454184757
4.89700000000084 -0.377829310681747 -3.25056148791799 -0.768827045085118 1.26957183995544 -1.44625143851016 -1.21547909582001
4.92799999999988 -0.501663988028085 -3.31569007171265 -0.666732773652143 1.36249249494975 -1.41751458640851 -1.12134786810354
4.93600000000151 -0.432386040475592 -3.43885981539177 -0.661275647582499 1.36249249494975 -1.41751458640851 -1.12134786810354
5.01600000000144 -0.459391143066455 -3.53506865354257 -0.657456760869366 1.43476366735401 -1.40564277936718 -1.09785300852048
5.04000000000087 -0.486396245657303 -3.63127749169337 -0.653637874156232 1.4657890681283 -1.42502270318014 -1.06284789028153
5.10400000000118 -0.594963180632874 -4.0119934954688 -0.538448703227346 1.6103032693089 -1.66160852841237 -0.98385564150533
5.1200000000008 -0.525685233080381 -4.1351632391478 -0.532991577157645 1.69275275076988 -1.77271671590407 -0.985793978644984
5.14400000000023 -0.6489733858146 -4.2044111717704 -0.530810929801135 1.72359626888773 -1.79230517851652 -0.95097884287116
5.20900000000074 -0.552690335671258 -4.23137207729866 -0.529172690444568 1.76477088004753 -1.84790623414981 -0.952061333960359
5.23199999999997 -0.579695438262121 -4.32758091544946 -0.525353803731434 1.76477088004753 -1.84790623414981 -0.952061333960359
5.24800000000141 -0.579695438262121 -4.32758091544946 -0.525353803731434 1.79557488809372 -1.86755045574192 -0.917288578164829
5.30400000000009 -0.70353011560843 -4.39270949924418 -0.423259532298459 1.84642989719396 -1.95778209000037 -0.8014881166557
5.34400000000096 -0.730535218199293 -4.48891833739503 -0.419440645585325 1.8663513349905 -2.02841614049595 -0.720499365251848
5.40000000000146 -0.730535218199293 -4.48891833739503 -0.419440645585325 1.89701864115906 -2.04822523607241 -0.685808819565165
5.42400000000089 -0.799813165751772 -4.36574859371586 -0.424897771655026 1.89701864115906 -2.04822523607241 -0.685808819565165
5.496000000001 -0.841539486101283 -4.15048936071383 -0.53408740851421 1.89674428831377 -1.96020262133714 -0.543168174362195
5.52800000000025 -0.814534383510406 -4.05428052256298 -0.537906295227344 1.92739405378616 -1.98009099675144 -0.508452170735522
5.59300000000076 -0.910817433653747 -4.02731961703466 -0.539544534583911 1.91711160255598 -1.9441341269428 -0.472465530887895
5.61599999999999 -0.884358855675018 -3.92699143005609 -0.443449797220637 1.91711160255598 -1.9441341269428 -0.472465530887895
5.68000000000029 -0.803343547902429 -3.63836491560363 -0.454906457359982 1.86591068378098 -1.85230102541968 -0.43528592556106
5.70400000000154 -0.845616392864059 -3.41898633377372 -0.464182470142759 1.81405785818112 -1.84733212652252 -0.387859713387965
5.72000000000116 -0.791606187682348 -3.22656865747211 -0.471820243569027 1.81405785818112 -1.84733212652252 -0.387859713387965
5.79200000000128 -0.737595982500608 -3.03415098117046 -0.479458016995238 1.73153169336373 -1.82246927709165 -0.375263309308288
5.81700000000092 -0.738142507112727 -3.03003163234263 -0.379544392918774 1.73153169336373 -1.82246927709165 -0.375263309308288
5.83200000000033 -0.711137404521878 -2.93382279419183 -0.383363279631908 1.77312552478503 -1.79146642546501 -0.38674859495019
5.88800000000083 -0.699400044301768 -2.52202653606025 -0.400277065840953 1.67072327698126 -1.6960019172019 -0.455411932566217
5.91200000000026 -0.618384736529194 -2.23340002160785 -0.411733725980298 1.598934125702 -1.62047943297344 -0.489379693030345
5.99200000000019 -0.633652478899961 -1.91781260162713 -0.424828625476209 1.49584756931642 -1.61215761443513 -0.547751976046921
6.01600000000144 -0.606647376309098 -1.82160376347633 -0.428647512189343 1.46503934413405 -1.59252456092375 -0.582695107179252
6.03200000000106 -0.70293042645244 -1.79464285794802 -0.43028575154591 1.46503934413405 -1.59252456092375 -0.582695107179252
6.08799999999974 -0.594910016088988 -1.40980750534476 -0.445561298398388 1.21710149861777 -1.69424104666706 -0.677145909523878
6.1200000000008 -0.61017775845977 -1.09422008536404 -0.4586561978943 1.03120609684346 -1.7486042441503 -0.712341809764383
6.18400000000111 -0.624898976218404 -0.782752014211098 -0.571664721466675 0.855793131256137 -1.83932505441327 -0.782953147012606
6.20900000000074 -0.624898976218404 -0.782752014211098 -0.571664721466675 0.886800513850707 -1.77207205261164 -0.75907996850646
6.26400000000103 -0.570888771036678 -0.590334337909496 -0.579302494892943 0.752790853024783 -1.5695262857353 -0.722330454416706
6.29600000000028 -0.613161615998308 -0.370955756079638 -0.58857850767572 0.618704154077834 -1.28057542542642 -0.697670903312815
6.3119999999999 -0.682439563550787 -0.247786012400468 -0.59403563374542 0.56703322194176 -1.18894876924174 -0.662313054689047
6.38400000000001 -0.628429358369061 -0.0553683360988657 -0.601673407171631 0.401419168282637 -0.881143180795604 -0.674420824385816
6.40000000000146 -0.627882833756942 -0.0594876849266939 -0.701587031248039 0.401419168282637 -0.881143180795604 -0.674420824385816
6.42400000000089 -0.628429358369061 -0.0553683360988657 -0.601673407171631 0.360122527477666 -0.912244221346684 -0.662961688847371
6.48800000000119 -0.601424255778198 0.0408405020519922 -0.605492293884765 0.267131111417443 -1.02809315288483 -0.745691605935805
6.51300000000083 -0.505141205634857 0.0138795965236795 -0.603854054528199 0.205155533775671 -1.07660929639388 -0.804683326741062
6.52100000000064 -0.478136103044008 0.110088434674424 -0.607672941241333 0.184475287831046 -1.09405619467935 -0.875182570631364
6.60000000000036 -0.478136103044008 0.110088434674424 -0.607672941241333 0.112155260817361 -1.10636194272052 -0.899006662987212
6.6239999999998 -0.451131000453131 0.206297272825282 -0.611491827954467 0.122576822825845 -1.14269467535174 -0.93408871416601
6.64000000000124 -0.451131000453131 0.206297272825282 -0.611491827954467 0.0813445001751319 -1.17384183722179 -0.92249777737621
6.69599999999991 -0.451131000453131 0.206297272825282 -0.611491827954467 0.0195089971283846 -1.2225580105568 -0.981320522259541
6.72000000000116 -0.354847950309789 0.179336367297026 -0.6098535885979 0.0299704241930035 -1.25890276920516 -1.01637888099848
6.73700000000099 -0.354847950309789 0.179336367297026 -0.6098535885979 0.0299704241930035 -1.25890276920516 -1.01637888099848
6.8080000000009 -0.451131000453131 0.206297272825282 -0.611491827954467 0.0299704241930035 -1.25890276920516 -1.01637888099848
6.83200000000033 -0.354847950309789 0.179336367297026 -0.6098535885979 0.0299704241930035 -1.25890276920516 -1.01637888099848
6.84799999999996 -0.354847950309789 0.179336367297026 -0.6098535885979 -0.011247148082287 -1.29006226293675 -1.00473755598499
6.91200000000026 -0.381306528288548 0.0790081803183398 -0.705948325961174 -0.00050775008466971 -1.41265442674878 -1.0278808066096
6.93600000000151 -0.381306528288548 0.0790081803183398 -0.705948325961174 -0.00050775008466971 -1.41265442674878 -1.0278808066096
7 -0.381306528288548 0.0790081803183398 -0.705948325961174 0.00999023115335397 -1.44899598981258 -1.06295908205796
7.02400000000125 -0.408311630879396 -0.0172006578324044 -0.70212943924804 -0.00050775008466971 -1.41265442674878 -1.0278808066096
7.09600000000137 -0.366038785917766 -0.236579239662433 -0.692853426465263 0.102230628672799 -1.24650964734004 -0.992664350343535
7.1200000000008 -0.269755735774424 -0.263540145190689 -0.691215187108696 0.174224325372095 -1.14786241789103 -0.980771886428208
7.19200000000092 -0.296760838365287 -0.359748983341433 -0.687396300395562 0.277340041367886 -1.0680704050241 -0.933413166595336
7.21600000000035 -0.296760838365287 -0.359748983341433 -0.687396300395562 0.277340041367886 -1.0680704050241 -0.933413166595336
7.27200000000084 -0.281493095994534 -0.675336403322206 -0.674301400899651 0.380548520634251 -1.07830729867165 -1.02683604059118
7.29600000000028 -0.211668623829937 -0.802625495829147 -0.768757898906415 0.504452745623732 -1.07109296211725 -1.04979454323264
7.3119999999999 -0.238673726420785 -0.898834333979949 -0.764939012193281 0.556018074734486 -1.07613860484106 -1.09657656368532
7.38400000000001 -0.0995713067036945 -1.149293170166 -0.853938384130345 0.700236272306681 -1.05491354944656 -1.20174276099433
7.41600000000108 -0.0995713067036945 -1.149293170166 -0.853938384130345 0.700236272306681 -1.05491354944656 -1.20174276099433
7.48800000000119 -0.138313769514653 -1.65729826644838 -0.833205711208166 0.876029626435155 -1.13894538156754 -1.26035393200541
7.51300000000083 -0.192323974696393 -1.84971594275004 -0.825567937781898 0.969109819560842 -1.1990301918553 -1.30753277368295
7.58500000000095 -0.245787655265985 -2.04625296787947 -0.917843788432094 1.14484832849031 -1.28301326955131 -1.36680018760143
7.60800000000017 -0.272792757856848 -2.14246180603027 -0.91402490171896 1.14484832849031 -1.28301326955131 -1.36680018760143
7.63200000000143 -0.272792757856848 -2.14246180603027 -0.91402490171896 1.14484832849031 -1.28301326955131 -1.36680018760143
7.68000000000029 -0.284530118076958 -2.55425806416179 -0.897111115509915 1.2790219661416 -1.22265501522661 -1.28409633734919
7.71200000000135 -0.366091950461652 -2.83876522978642 -0.785740831294163 1.35132087399508 -1.21059941294281 -1.2604974195067
7.79200000000128 -0.446560733622107 -3.13151109306665 -0.874197795231225 1.42362956664056 -1.19858839725016 -1.23689290365358
7.81700000000092 -0.446560733622107 -3.13151109306665 -0.874197795231225 1.42362956664056 -1.19858839725016 -1.23689290365358
7.83200000000033 -0.446560733622107 -3.13151109306665 -0.874197795231225 1.45478126245105 -1.21787890210545 -1.20180953008423
7.88800000000083 -0.458844618454336 -3.53918800237039 -0.757370384945773 1.55823596200163 -1.22531605785481 -1.14314712662636
7.92000000000007 -0.512854823636047 -3.73160567867205 -0.749732611519505 1.64086657971005 -1.24949662833409 -1.15528340722064
7.93600000000151 -0.539859926226924 -3.82781451682285 -0.745913724806428 1.67197986713798 -1.26892540784056 -1.12026107541945
8.00799999999981 -0.566865028817773 -3.92402335497366 -0.742094838093294 1.7443061617363 -1.25715730380217 -1.09669734335249
8.03200000000106 -0.593870131408636 -4.02023219312451 -0.73827595138016 1.70307621806112 -1.28838530878506 -1.08525151189152
8.07999999999993 -0.620875233999485 -4.11644103127526 -0.734457064667026 1.78598318431537 -1.39771842745054 -0.933897713069464
8.11200000000099 -0.771715013936685 -4.27777845322078 -0.628543906520974 1.80660153045581 -1.46811711085972 -0.852578015901519
8.12900000000081 -0.771715013936685 -4.27777845322078 -0.628543906520974 1.80660153045581 -1.46811711085972 -0.852578015901519
8.20100000000093 -0.798173591915415 -4.37810664019941 -0.724638643884248 1.8270730356048 -1.53859414820362 -0.771311381667031
8.22400000000016 -0.798720116527534 -4.37398729137158 -0.62472501980784 1.8270730356048 -1.53859414820362 -0.771311381667031
8.23999999999978 -0.798720116527534 -4.37398729137158 -0.62472501980784 1.85796370274348 -1.55830363733561 -0.736426859990833
8.29600000000028 -0.798720116527534 -4.37398729137158 -0.62472501980784 1.84664379585062 -1.78281020244557 -0.669288042207091
8.32800000000134 -0.895003166670875 -4.34702638584326 -0.626363259164407 1.85578391877491 -1.90437610058943 -0.541944197937103
8.34400000000096 -0.895003166670875 -4.34702638584326 -0.626363259164407 1.86607743470368 -1.94034492327044 -0.577896910924406
8.40800000000127 -0.895549691282994 -4.34290703701544 -0.526449635087999 1.85517912357472 -1.9912412348443 -0.531635834445598
8.4330000000009 -0.868544588692146 -4.24669819886464 -0.530268521801133 1.84488365912452 -1.95527047628004 -0.495678395184882
8.496000000001 -0.814534383510406 -4.05428052256298 -0.537906295227344 1.8447123357558 -1.86723445111902 -0.353078815897722
8.52100000000064 -0.761070702940813 -3.85774349743355 -0.445630444577205 1.83446280624472 -1.83125229190669 -0.317140124168345
8.57600000000093 -0.830348650493306 -3.73457375375443 -0.451087570646848 1.81399398521626 -1.75927499861543 -0.24528939631185
8.60000000000036 -0.830348650493306 -3.73457375375443 -0.451087570646848 1.81399398521626 -1.75927499861543 -0.24528939631185
8.68000000000029 -0.722874764741974 -3.34561905232334 -0.366449493422863 1.7103115508017 -1.83731532441746 -0.293073846623576
8.70400000000154 -0.764601085091471 -3.13035981932131 -0.475639130282161 1.6380450347952 -1.84843431300605 -0.316399883374768
8.71200000000135 -0.738142507112727 -3.03003163234263 -0.379544392918774 1.64831807842701 -1.88445637071097 -0.352258832098509
8.78400000000147 -0.684132301931015 -2.83761395604103 -0.387182166345042 1.57607370117123 -1.89563359335961 -0.375551014387594
8.81700000000092 -0.657127199340152 -2.74140511789022 -0.391001053058176 1.54543200157698 -1.87585729969769 -0.410375030483764
8.83200000000033 -0.657673723952271 -2.7372857690624 -0.291087428981825 1.53514026632042 -1.83981557590666 -0.37456231440005
8.88800000000083 -0.71466778667255 -2.20643911607959 -0.413371965336864 1.32966051771526 -1.64768930298214 -0.359675488283862
8.91200000000026 -0.729935529043303 -1.89085169609882 -0.426466864832776 1.21682428180511 -1.51662868750819 -0.393355410420624
8.92799999999988 -0.70293042645244 -1.79464285794802 -0.43028575154591 1.17574689708206 -1.46094175883966 -0.392794220309142
8.99200000000019 -0.649466745882833 -1.59810583281853 -0.338009900895827 1.09353466986422 -1.34961323675692 -0.391838516568882
9.02400000000125 -0.62246164329197 -1.50189699466773 -0.341828787608904 1.06266385992107 -1.33012812171856 -0.426968157135778
9.08799999999974 -0.610724283071889 -1.09010073653621 -0.358742573817949 0.815019576085704 -1.16981451184523 -0.402984329557446
9.11200000000099 -0.652997128033505 -0.8707221547063 -0.368018586600783 0.691127960738073 -1.08975510715607 -0.391362845783868
9.1760000000013 -0.668264870404258 -0.555134734725584 -0.381113486096694 0.525913905842889 -0.954278808155991 -0.380103611765827
9.20100000000093 -0.571981820260916 -0.58209564025384 -0.379475246740128 0.525913905842889 -0.954278808155991 -0.380103611765827
9.21600000000035 -0.544976717670053 -0.485886802102982 -0.383294133453262 0.525913905842889 -0.954278808155991 -0.380103611765827
9.28900000000067 -0.490966512488342 -0.29346912580138 -0.390931906879473 0.370868754473893 -0.768817587425079 -0.416267427397464
9.3119999999999 -0.463961409897479 -0.197260287650636 -0.394750793592607 0.329436124724212 -0.626998323847226 -0.428430470008453
9.32800000000134 -0.463961409897479 -0.197260287650636 -0.394750793592607 0.288004467092858 -0.57163456292347 -0.42890060446692
9.39199999999983 -0.436956307306616 -0.101051449499778 -0.398569680305741 0.246552053115787 -0.516286955011189 -0.429426420219847
9.41600000000108 -0.436956307306616 -0.101051449499778 -0.398569680305741 0.246552053115787 -0.516286955011189 -0.429426420219847
9.4330000000009 -0.409951204715753 -0.00484261134891995 -0.402388567018818 0.205078790086544 -0.460955555754037 -0.430007929409161
9.51300000000083 -0.286116527369444 0.0602859724456835 -0.504482838451736 0.0802428724355358 -0.20872070562582 -0.444192452782435
9.53600000000006 -0.355394474921908 0.183455716124854 -0.509939964521436 0.0799024828390831 -0.122387436483033 -0.456326013069334
9.5520000000015 -0.355394474921908 0.183455716124854 -0.509939964521436 0.0484966595588873 -0.103540129640386 -0.492131079759966
9.60800000000017 -0.355394474921908 0.183455716124854 -0.509939964521436 0.0382814432130897 -0.067149212141538 -0.457225068158669
9.64000000000124 -0.259111424778553 0.156494810596541 -0.50830172516487 0.0382814432130897 -0.067149212141538 -0.457225068158669
9.65600000000086 -0.259111424778553 0.156494810596541 -0.50830172516487 0.0480641393309189 -0.0172282306936484 -0.504326524450539
9.72800000000098 -0.259111424778553 0.156494810596541 -0.50830172516487 -0.00381568936894896 0.0743725705049756 -0.470436406893928
9.75200000000041 -0.259111424778553 0.156494810596541 -0.50830172516487 0.0373857276902183 0.105473712027612 -0.48167118966259
9.76800000000003 -0.259111424778553 0.156494810596541 -0.50830172516487 0.0373857276902183 0.105473712027612 -0.48167118966259
9.83200000000033 -0.162828374635211 0.129533905068286 -0.506663485808303 0.0373857276902183 0.105473712027612 -0.48167118966259
9.8640000000014 -0.162828374635211 0.129533905068286 -0.506663485808303 0.0368620483536129 0.191777207939276 -0.493936643142729
9.88000000000102 -0.162828374635211 0.129533905068286 -0.506663485808303 0.0780368356348016 0.222893060747718 -0.505141270252996
9.94400000000132 -0.0248190041423726 -0.112686233462057 -0.395835609592609 0.159732510289009 0.371466935791239 -0.539754202040944
9.96900000000096 -0.0248190041423726 -0.112686233462057 -0.395835609592609 0.159732510289009 0.371466935791239 -0.539754202040944
9.98400000000038 -0.0248190041423726 -0.112686233462057 -0.395835609592609 0.159732510289009 0.371466935791239 -0.539754202040944
10.0640000000003 0.0450054680222252 -0.239975325969056 -0.490292107599259 0.20106988314912 0.139665373826871 -0.667180849772063
10.0879999999997 0.114283415574704 -0.363145069648169 -0.484834981529616 0.304982950733945 -0.0433580630050131 -0.735398604484649
10.1680000000015 0.130644207169709 -0.686971187284485 -0.671567330186519 0.419665604591489 -0.525392336210221 -0.956313179259101
10.1920000000009 0.130644207169709 -0.686971187284485 -0.671567330186519 0.388856504044536 -0.592887581376829 -0.980014359266874
10.2560000000012 0.172917052131311 -0.906349769114456 -0.662291317403742 0.471636945468908 -0.616825796628747 -0.991045173794818
10.2890000000007 0.118906846949599 -1.09876744541606 -0.654653543977474 0.564729801557765 -0.677035869928002 -1.0373318862887
10.3040000000001 0.0654431663799926 -1.29530447054549 -0.746929394627671 0.60636074673309 -0.732205641262402 -1.03708910091218
10.3610000000008 0.0807109087507598 -1.61089189052632 -0.733834495131759 0.730710795214314 -0.811378158342255 -1.04822317965278
10.384 0.0812574333628788 -1.61501123935415 -0.833748119208167 0.730710795214314 -0.811378158342255 -1.04822317965278
10.4000000000015 0.0812574333628788 -1.61501123935415 -0.833748119208167 0.730710795214314 -0.811378158342255 -1.04822317965278
10.4160000000011 0.0812574333628788 -1.61501123935415 -0.833748119208167 0.730710795214314 -0.811378158342255 -1.04822317965278
10.4330000000009 0.0542523307720302 -1.71122007750495 -0.829929232495033 0.741043043401876 -0.847593931416109 -1.08351684966091
10.496000000001 0.0149633433489385 -2.21510582495944 -0.709282935496447 0.855724019784675 -1.06355737242776 -1.03680500563136
10.5210000000006 -0.0390468618327873 -2.40752350126104 -0.701645162070236 0.897467719416639 -1.20532870598294 -1.0256424418353
10.5360000000001 -0.0655054398115169 -2.50785168823973 -0.797739899433509 0.907835146414173 -1.24149990546876 -1.0610682885618
10.5930000000008 -0.093057067014513 -2.59994117756264 -0.694007388643968 0.949280394663366 -1.29679907039266 -1.06134531786901
10.6239999999998 -0.120062169605362 -2.69615001571344 -0.690188501930891 0.980331646055747 -1.31596249592924 -1.02620003045121
10.6400000000012 -0.023232594849901 -2.72723027006964 -0.788463886650732 1.0112132871979 -1.24862384632338 -1.00225030395886
10.7120000000014 -0.185809735007183 -3.30036395014668 -0.665636942295578 1.25900613626028 -1.05895668688654 -0.918223961644331
10.7520000000004 -0.266825042779772 -3.58899046459908 -0.654180282156233 1.36239084409328 -0.979843934825122 -0.870275993256857
10.768 -0.266825042779772 -3.58899046459908 -0.654180282156233 1.39353959404606 -0.999234020175518 -0.835084051155549
10.8400000000001 -0.29383014537062 -3.68519930274988 -0.650361395443099 1.43481078490758 -0.968064223963955 -0.8464637688701
10.8640000000014 -0.320288723349364 -3.78552748972862 -0.746456132806429 1.45573243366846 -0.951420884358326 -0.775651272791363
10.880000000001 -0.34784035055236 -3.8776169790516 -0.642723622016888 1.48687068163167 -0.970889135774497 -0.740464159030348
10.9520000000011 -0.455860760915797 -4.2624523316548 -0.627448075164409 1.61135484737152 -0.962314815682537 -0.61061656681207
10.9840000000004 -0.455860760915797 -4.2624523316548 -0.627448075164409 1.65271239260891 -0.931197787495315 -0.621932039946765
11.0490000000009 -0.48286586350666 -4.3586611698056 -0.623629188451275 1.66350798735985 -0.878736286023118 -0.51533522368754
11.0799999999999 -0.579695438262121 -4.32758091544946 -0.525353803731434 1.71576476212566 -0.795240611564716 -0.419965382688173
11.0960000000014 -0.606154016240851 -4.42790910242809 -0.621448541094708 1.73677913917094 -0.778920107921694 -0.349024406461121
11.1680000000015 -0.702437066384192 -4.40094819689989 -0.623086780451274 1.77912516995651 -0.659531800214044 -0.217789865226019
11.2010000000009 -0.606154016240851 -4.42790910242809 -0.621448541094708 1.77912516995651 -0.659531800214044 -0.217789865226019
11.2090000000007 -0.60670054085297 -4.42378975360026 -0.5215349170183 1.77912516995651 -0.659531800214044 -0.217789865226019
11.2810000000009 -0.675978488405462 -4.3006200099212 -0.526992043088001 1.75833299003517 -0.761192459185853 -0.124940309729832
11.3119999999999 -0.649519910426719 -4.20029182294257 -0.430897305724727 1.77886505626439 -0.831904084948914 -0.0433256128774591
11.3760000000002 -0.649519910426719 -4.20029182294257 -0.430897305724727 1.77834286983698 -0.918802970023855 -0.0327131969266869
11.4160000000011 -0.622514807835842 -4.10408298479172 -0.434716192437804 1.77834286983698 -0.918802970023855 -0.0327131969266869
11.4719999999998 -0.5420460246754 -3.81133712151149 -0.346259228500742 1.71534546505333 -1.05280683315364 -0.0817853983873631
11.496000000001 -0.584318869637002 -3.59195853968151 -0.355535241283519 1.68387201226018 -1.11981679089733 -0.106280302430448
11.5040000000008 -0.557313767046153 -3.49574970153071 -0.359354127996653 1.65241530442124 -1.18683207341647 -0.130747798904462
11.5760000000009 -0.476298459273565 -3.20712318707831 -0.370810788135998 1.58955185987451 -1.32087853501443 -0.179600738780583
11.6080000000002 -0.476298459273565 -3.20712318707831 -0.370810788135998 1.58955185987451 -1.32087853501443 -0.179600738780583
11.6239999999998 -0.573128034029025 -3.17604293272223 -0.272535403416214 1.57938575006947 -1.28482139287633 -0.143848727269954
11.6880000000001 -0.507380468627204 -2.57182899828899 -0.29708696305147 1.3940135482494 -1.16462491890124 -0.201504538172218
11.7120000000014 -0.522648210997971 -2.25624157830833 -0.310181862547381 1.27030077714778 -1.08405806317318 -0.189266144554443
11.737000000001 -0.564921055959587 -2.03686299647836 -0.319457875330215 1.18766117214451 -1.05928859090853 -0.177571731409762
11.7450000000008 -0.564921055959587 -2.03686299647836 -0.319457875330215 1.18766117214451 -1.05928859090853 -0.177571731409762
11.8250000000007 -0.510910850777861 -1.84444532017676 -0.327095648756426 1.11557589644889 -0.983999175226717 -0.212535009339166
11.848 -0.580188798330354 -1.7212755764977 -0.332552774826127 1.07441323247162 -0.928306042793557 -0.212324363589523
11.8640000000014 -0.553730220351611 -1.62094738951902 -0.236458037462796 0.98156673155589 -0.867430635910982 -0.165412640980379
11.9279999999999 -0.557260602502282 -0.893563711406784 -0.266466723167753 0.692685484144434 -0.564638549594889 -0.154595091914963
11.9600000000009 -0.530255499911419 -0.797354873255927 -0.27028560988083 0.599785864872239 -0.503776092641418 -0.108384224675257
12.0240000000013 -0.503250397320556 -0.701146035105182 -0.274104496593964 0.527299013466022 -0.42896062514494 -0.144347332957286
12.0570000000007 -0.476245294729694 -0.604937196954324 -0.277923383307098 0.485946494925987 -0.373437380329719 -0.144801905488241
12.1200000000008 -0.395229986957105 -0.316310682501864 -0.289380043446442 0.32032643356081 -0.151505334906028 -0.147177648952883
12.1440000000002 -0.368224884366242 -0.22010184435112 -0.293198930159576 0.278868455621363 -0.0960628352554637 -0.147911013762025
12.1599999999999 -0.464507934509598 -0.193140938822808 -0.294837169516143 0.237389106403165 -0.040636651804022 -0.148700176970108
12.2240000000002 -0.34067325716326 -0.12801235502809 -0.396931440949174 0.206024988426996 -0.0215988144662924 -0.184516048346925
12.2560000000012 -0.313668154572397 -0.0318035168772326 -0.400750327662308 0.133319736980678 -0.0336199333971147 -0.209135717769912
12.3200000000015 -0.286116527369444 0.0602859724456835 -0.504482838451736 0.0292438818412435 -0.0267640970392245 -0.269594453910909
12.353000000001 -0.259111424778553 0.156494810596541 -0.50830172516487 -0.00215405839024126 -0.00787303675548558 -0.305452439333398
12.4080000000013 -0.259111424778553 0.156494810596541 -0.50830172516487 -0.043440810199708 -0.0389184988198123 -0.294209642389624
12.4410000000007 -0.259111424778553 0.156494810596541 -0.50830172516487 -0.00215405839024126 -0.00787303675548558 -0.305452439333398
12.5040000000008 -0.259111424778553 0.156494810596541 -0.50830172516487 -0.0332454109374121 -0.0753308725056126 -0.329082096580755
12.5360000000001 -0.162828374635211 0.129533905068286 -0.506663485808303 -0.0332454109374121 -0.0753308725056126 -0.329082096580755
12.6000000000004 -0.162828374635211 0.129533905068286 -0.506663485808303 0.00803392475748242 -0.0442780109555654 -0.340337421595776
12.6239999999998 -0.16337489924733 0.133653253896114 -0.406749861731953 -0.0233744875630671 -0.0254241579379048 -0.376190516457084
12.6800000000003 -0.0935504270827607 0.006364161389115 -0.501206359738603 0.0484966595588873 -0.103540129640386 -0.492131079759966
12.7120000000014 0.00218609844847606 -0.0164773953113126 -0.399654496305743 0.0689549996861743 -0.176309741062044 -0.561969071599328
12.768 0.072010570613088 -0.143766487818198 -0.494110994312393 0.130643771856207 -0.21793620273704 -0.643166530675658
12.7920000000013 0.072010570613088 -0.143766487818198 -0.494110994312393 0.130643771856207 -0.21793620273704 -0.643166530675658
12.8559999999998 0.072557095225207 -0.147885836646026 -0.594024618388858 0.151161883905157 -0.290658291249892 -0.713098875765694
12.880000000001 0.114829940186823 -0.367264418475997 -0.584748605606023 0.213372375939961 -0.418517935902114 -0.782409839781362
12.9440000000013 0.157102785148439 -0.586643000305912 -0.575472592823246 0.368712357249555 -0.606637640894794 -0.897941637665437
12.969000000001 0.157649309760558 -0.59076234913374 -0.675386216899653 0.379033472800482 -0.642935270594339 -0.933055329976816
13.0400000000009 0.130644207169709 -0.686971187284485 -0.671567330186519 0.420647924554407 -0.698101518596037 -0.932679288051099
13.0640000000003 0.0766340019879692 -0.8793888635862 -0.663929556760309 0.472132467740287 -0.703189158031189 -0.979275472077892
13.1440000000002 0.0384380637891297 -1.3915133086964 -0.743110507914537 0.689110058693569 -0.75617422786876 -1.04834582420498
13.1760000000013 0.0384380637891297 -1.3915133086964 -0.743110507914537 0.689110058693569 -0.75617422786876 -1.04834582420498
13.2480000000014 -0.0155721413925818 -1.58393098499801 -0.735472734488326 0.720388136874972 -0.775158174303949 -1.01293834058484
13.2720000000008 -0.0695823465743075 -1.77634866129961 -0.727834961062058 0.761535990301744 -0.743944764550644 -1.02436716328027
13.2890000000007 -0.000304399021828772 -1.89951840497872 -0.722377834992415 0.833971904021354 -0.731760308215863 -1.00038239186387
13.2960000000003 -0.0273095016126774 -1.99572724312952 -0.718558948279281 0.823680203063067 -0.695556878884675 -0.965064564039128
13.3119999999999 -0.0548611288156593 -2.0878167324525 -0.614826437489739 0.896139974107575 -0.683430715114515 -0.941044200989705
13.3760000000002 -0.0390468618327873 -2.40752350126104 -0.701645162070236 0.927426585547947 -0.702544193953451 -0.905645723597686
13.4080000000013 -0.0390468618327873 -2.40752350126104 -0.701645162070236 0.927426585547947 -0.702544193953451 -0.905645723597686
13.4160000000011 -0.0390468618327873 -2.40752350126104 -0.701645162070236 0.968609686923852 -0.671349611969478 -0.917017853325783
13.4800000000014 -0.147613796808344 -2.78823950503647 -0.586455991141349 1.12344890459594 -0.596913824355416 -0.915667213933683
13.5040000000008 -0.104794427234609 -3.01173743569427 -0.677093602434979 1.23713360470341 -0.553725367972661 -0.902909044674437
13.5210000000006 -0.131799529825471 -3.10794627384507 -0.673274715721846 1.30966097741845 -0.54179098905864 -0.878820827273137
13.5280000000002 -0.15880463241632 -3.20415511199587 -0.669455829008712 1.30966097741845 -0.54179098905864 -0.878820827273137
13.5439999999999 -0.15880463241632 -3.20415511199587 -0.669455829008712 1.38219823492476 -0.52990174373823 -0.854726920666527
13.616 -0.185809735007183 -3.30036395014668 -0.665636942295578 1.42338515633804 -0.498698268082836 -0.865995883699437
13.648000000001 -0.240366464801028 -3.48866227762045 -0.558085544792959 1.42371986252938 -0.585345705110718 -0.854911464176382
13.7120000000014 -0.321381772573602 -3.77728879207291 -0.546628884653614 1.55919100026509 -0.785812179763978 -0.73836936781811
13.737000000001 -0.34784035055236 -3.8776169790516 -0.642723622016888 1.55927688454897 -0.872528777379791 -0.727488862810138
13.8000000000011 -0.47112850328655 -3.94686491167408 -0.64054297466032 1.60062967596371 -0.928105448304001 -0.727970373929719
13.8250000000007 -0.471675027898669 -3.9427455628462 -0.540629350583913 1.63176880903693 -0.947655859461346 -0.69280194348093
13.8400000000001 -0.498680130489532 -4.03895440099706 -0.536810463870779 1.62158442376656 -0.911610275726676 -0.657104764542779
13.9120000000003 -0.6489733858146 -4.2044111717704 -0.530810929801135 1.77705188278426 -1.00985910199599 -0.481370234552171
13.9440000000013 -0.676525013017582 -4.29650066109338 -0.427078419011593 1.79795490187299 -0.993588056345784 -0.41047070590674
13.9600000000009 -0.676525013017582 -4.29650066109338 -0.427078419011593 1.82898519661582 -1.01336812813252 -0.375358415359481
13.9770000000008 -0.676525013017582 -4.29650066109338 -0.427078419011593 1.82898519661582 -1.01336812813252 -0.375358415359481
14.0320000000011 -0.676525013017582 -4.29650066109338 -0.427078419011593 1.82864461555856 -1.10022861198109 -0.364792767935729
14.0570000000007 -0.676525013017582 -4.29650066109338 -0.427078419011593 1.83841300981173 -1.22309667640992 -0.390088975530895
14.1290000000008 -0.552690335671258 -4.23137207729866 -0.529172690444568 1.75269741697625 -1.80761959393245 -0.457459723621856
14.1599999999999 -0.6489733858146 -4.2044111717704 -0.530810929801135 1.79300946362555 -1.95031196098781 -0.448210750690506
14.1760000000013 -0.552690335671258 -4.23137207729866 -0.529172690444568 1.75141193106009 -1.981322342339 -0.436680281530728
14.2399999999998 -0.622514807835842 -4.10408298479172 -0.434716192437804 1.76171222863176 -2.01731325744813 -0.472604256685131
14.2720000000008 -0.56850460265413 -3.91166530849011 -0.442353965864072 1.72011342959861 -2.04832531897697 -0.461050205881302
14.2890000000007 -0.56850460265413 -3.91166530849011 -0.442353965864072 1.68883115002493 -2.11533351590108 -0.485393278413146
14.344000000001 -0.556767242434034 -3.49986905035854 -0.459267752073117 1.57433565630016 -2.24435892966969 -0.486473092325325
14.3680000000004 -0.557313767046153 -3.49574970153071 -0.359354127996653 1.57433565630016 -2.24435892966969 -0.486473092325325
14.384 -0.557313767046153 -3.49574970153071 -0.359354127996653 1.57433565630016 -2.24435892966969 -0.486473092325325
14.4000000000015 -0.557313767046153 -3.49574970153071 -0.359354127996653 1.57433565630016 -2.24435892966969 -0.486473092325325
14.4719999999998 -0.545576406826044 -3.0839534433992 -0.376267914205698 1.45094026900246 -2.16377400042752 -0.472561098497721
14.496000000001 -0.560844149196811 -2.76836602341848 -0.389362813701609 1.3794573781628 -2.08831686427433 -0.50627961769052
14.5600000000013 -0.618384736529194 -2.23340002160785 -0.411733725980298 1.17342148637419 -1.98319231646554 -0.480335781124836
14.5850000000009 -0.618384736529194 -2.23340002160785 -0.411733725980298 1.17342148637419 -1.98319231646554 -0.480335781124836
14.6650000000009 -0.537915953368724 -1.94065415832756 -0.323276762043292 1.01922385274029 -1.88334753983631 -0.502145946305636
14.6959999999999 -0.526178593148629 -1.52885790019604 -0.340190548252394 0.895605634728027 -1.80312835102029 -0.489334616372404
14.7520000000004 -0.514987757540666 -1.11294229323664 -0.257190710384918 0.73085237784546 -1.6674142514853 -0.476373564130183
14.7920000000013 -0.487982654949775 -1.01673345508584 -0.261009597098052 0.648238672175039 -1.64288057738644 -0.464452127796752
14.8559999999998 -0.460977552358941 -0.92052461693504 -0.264828483811186 0.638595586893072 -1.43357891706246 -0.451698233932059
14.8880000000008 -0.503250397320556 -0.701146035105182 -0.274104496593964 0.556451263259889 -1.23607401445052 -0.462891972680772
14.9520000000011 -0.394683462344986 -0.320430031329693 -0.389293667522907 0.412228403138192 -0.824227010114275 -0.415955528573879
14.9770000000008 -0.395229986957105 -0.316310682501864 -0.289380043446442 0.412237541905176 -0.737774082459196 -0.427657197229642
15.0400000000009 -0.367678359754123 -0.224221193178948 -0.393112554236041 0.339753832723138 -0.749740793785282 -0.451763632876842
15.0640000000003 -0.367678359754123 -0.224221193178948 -0.393112554236041 0.339753832723138 -0.749740793785282 -0.451763632876842
15.0799999999999 -0.34067325716326 -0.12801235502809 -0.396931440949174 0.267279934384888 -0.761752728430179 -0.47586396104399
15.1440000000002 -0.286116527369444 0.0602859724456835 -0.504482838451736 0.122361652946012 -0.785912229584413 -0.52404603596106
15.1680000000015 -0.259111424778553 0.156494810596541 -0.50830172516487 0.0499173110383038 -0.79805977679129 -0.548127653337475
15.1920000000009 -0.259111424778553 0.156494810596541 -0.50830172516487 0.0499173110383038 -0.79805977679129 -0.548127653337475
15.2010000000009 -0.259111424778553 0.156494810596541 -0.50830172516487 0.0499173110383038 -0.79805977679129 -0.548127653337475
15.2160000000003 -0.259111424778553 0.156494810596541 -0.50830172516487 0.0499173110383038 -0.79805977679129 -0.548127653337475
15.2720000000008 -0.259111424778553 0.156494810596541 -0.50830172516487 0.0291533933117122 -0.638988133828897 -0.490137680258117
15.2960000000003 -0.259111424778553 0.156494810596541 -0.50830172516487 -0.0228211313885526 -0.461026443890948 -0.467943496970269
15.3760000000002 -0.162828374635211 0.129533905068286 -0.506663485808303 -0.0538249439940762 -0.265514388911902 -0.37535616271904
15.4000000000015 -0.259111424778553 0.156494810596541 -0.50830172516487 -0.0538249439940762 -0.265514388911902 -0.37535616271904
15.4560000000001 -0.16337489924733 0.133653253896114 -0.406749861731953 -0.0230752378027035 -0.374718419460149 -0.480080586970117
15.4880000000012 -0.0940969516948797 0.0104835102169432 -0.40129273566231 -0.0332317093915278 -0.601269677734911 -0.561371363410667
15.5040000000008 -0.0940969516948797 0.0104835102169432 -0.40129273566231 -0.0538625671233652 -0.70512903118861 -0.619834590306892
15.5600000000013 0.0990156732039367 -0.0475576496674535 -0.497929881025527 -0.0947307176989561 -0.999127714017416 -0.724621158276134
15.5850000000009 0.0984691485918177 -0.0434383008396253 -0.398016256949177 -0.0947307176989561 -0.999127714017416 -0.724621158276134
15.6650000000009 0.072010570613088 -0.143766487818198 -0.494110994312393 -0.0737272115656486 -1.15814602573964 -0.782586767885165
15.6880000000001 0.114283415574704 -0.363145069648169 -0.484834981529616 -0.0218541426525075 -1.24967449021461 -0.817252507325313
15.7040000000015 0.114829940186823 -0.367264418475997 -0.584748605606023 0.0300145576833583 -1.34119561910234 -0.852035093004862
15.7600000000002 0.157102785148439 -0.586643000305912 -0.575472592823246 0.0615436010490443 -1.53649386573653 -0.9454992941623
15.7920000000013 0.157102785148439 -0.586643000305912 -0.575472592823246 0.0615436010490443 -1.53649386573653 -0.9454992941623
15.8720000000012 0.0766340019879692 -0.8793888635862 -0.663929556760309 0.154714548329176 -1.59684181798339 -0.992271886121795
15.8970000000008 0.146458474152581 -1.00667795609309 -0.758386054767016 0.237382289486478 -1.6208756792878 -1.00397947961003
15.9120000000003 0.0924482689708697 -1.19909563239469 -0.750748281340805 0.289153298213235 -1.62601221075175 -1.05089712074386
15.9770000000008 0.134721113932471 -1.41847421422472 -0.74147226855797 0.371811567062923 -1.65003892068556 -1.06270227665649
16 0.0384380637891297 -1.3915133086964 -0.743110507914537 0.371811567062923 -1.65003892068556 -1.06270227665649
16.0240000000013 0.0384380637891297 -1.3915133086964 -0.743110507914537 0.41307751678973 -1.61887561586886 -1.07439368849721
16.0879999999997 -0.000304399021828772 -1.89951840497872 -0.722377834992415 0.588146251527691 -1.44070888853493 -1.01523408716735
16.1200000000008 0.0149633433489385 -2.21510582495944 -0.709282935496447 0.691086423069943 -1.27476331342707 -0.979313508414916
16.1920000000009 0.0572361883105543 -2.43448440678935 -0.700006922713669 0.804427782535089 -1.14503335124123 -0.978551852479645
16.2240000000002 0.0572361883105543 -2.43448440678935 -0.700006922713669 0.845652305748859 -1.11384964840367 -0.990056434265209
16.2399999999998 0.0302310857197057 -2.53069324494015 -0.696188036000535 0.876761987826557 -1.1329735514148 -0.95481749058588
16.3040000000001 -0.104794427234609 -3.01173743569427 -0.677093602434979 1.1346692008666 -0.892746477774699 -0.917371673776548
16.3280000000013 -0.0349699550700109 -3.13902652820116 -0.771550100441686 1.19684198307824 -0.844694134649413 -0.85799166580497
16.344000000001 -0.0625215822729785 -3.23111601752407 -0.667817589652145 1.23807387435231 -0.813513929403372 -0.869360017961611
16.4080000000013 -0.0895266848638414 -3.32732485567499 -0.663998702939011 1.35176611424337 -0.770468907597049 -0.856774473699709
16.4410000000007 -0.116531787454718 -3.42353369382579 -0.660179816225934 1.31053341582843 -0.801651383140059 -0.845431879500492
16.4480000000003 -0.239819940188909 -3.49278162644828 -0.657999168869367 1.34175239252571 -0.821006416063754 -0.810159211086137
16.5280000000002 -0.34784035055236 -3.8776169790516 -0.642723622016888 1.55930524079285 -1.04597596304702 -0.705809662526312
16.5600000000013 -0.374845453143209 -3.9738258172024 -0.638904735303754 1.59038602480401 -1.0655317832503 -0.670678157479852
16.6239999999998 -0.374845453143209 -3.9738258172024 -0.638904735303754 1.62144964415946 -1.08511871641391 -0.635559483660332
16.648000000001 -0.401850555734072 -4.0700346553532 -0.63508584859062 1.64230453717747 -1.06869772201937 -0.564720907581117
16.7200000000012 -0.456407285527916 -4.25833298282697 -0.527534451088002 1.69476223992051 -0.983628672595635 -0.316379767788862
16.7450000000008 -0.483412388118779 -4.35454182097777 -0.523715564374868 1.71565091606326 -0.967364169097756 -0.245482067711148
16.8170000000009 -0.579695438262121 -4.32758091544946 -0.525353803731434 1.70511876030818 -1.01817692609921 -0.199073212604594
16.848 -0.483412388118779 -4.35454182097777 -0.523715564374868 1.74619361640251 -1.07403927866228 -0.199724971475719
16.9120000000003 -0.510417490709628 -4.45075065912857 -0.519896677661734 1.79568329184761 -1.42658866882708 -0.204744045744648
16.9360000000015 -0.414680965178405 -4.473592215829 -0.41834481422876 1.8366375941945 -1.48250776677257 -0.205672496787285
16.9520000000011 -0.414680965178405 -4.473592215829 -0.41834481422876 1.83595005348172 -1.56941333022189 -0.195269834221473
17.0160000000014 -0.414680965178405 -4.473592215829 -0.41834481422876 1.83595005348172 -1.56941333022189 -0.195269834221473
17.0490000000009 -0.483412388118779 -4.35454182097777 -0.523715564374868 1.79431836680799 -1.60037907259339 -0.183871782211727
17.0640000000003 -0.456407285527916 -4.25833298282697 -0.527534451088002 1.79356542429565 -1.68728044594562 -0.173474115329379
17.1290000000008 -0.375938502367447 -3.96558711954668 -0.439077487150939 1.70940245131572 -1.8360655862244 -0.140189136345884
17.152 -0.348933399776598 -3.86937828139588 -0.442896373864073 1.66770797502495 -1.86699611462934 -0.128715744781623
17.1680000000015 -0.348933399776598 -3.86937828139588 -0.442896373864073 1.62600487040088 -1.89792042187709 -0.117231018387645
17.2480000000014 -0.391752769350319 -3.64588035073808 -0.352258762570386 1.60568915982041 -1.9140483357103 -0.187902674111308
17.2810000000009 -0.310737461577759 -3.35725383628568 -0.363715422709731 1.5325881767124 -2.01196025209435 -0.200703269761585
17.344000000001 -0.368278048910128 -2.82228783447505 -0.386086334988477 1.35679662662026 -2.10121502795012 -0.271386584178241
17.3760000000002 -0.341272946319265 -2.72607899632425 -0.389905221701611 1.35679662662026 -2.10121502795012 -0.271386584178241
17.3919999999998 -0.341272946319265 -2.72607899632425 -0.389905221701611 1.35679662662026 -2.10121502795012 -0.271386584178241
17.4560000000001 -0.357087213302137 -2.4063722275157 -0.303086497121171 1.26476189750196 -1.95347204840655 -0.233796813427966
17.4800000000014 -0.372354955672904 -2.09078480753493 -0.316181396617083 1.19328536596871 -1.87798296954024 -0.267870248419382
17.496000000001 -0.345349853082041 -1.99457596938413 -0.320000283330216 1.11141830337671 -1.76645600671626 -0.266444338096269
17.5680000000011 -0.280148812292339 -1.38624268612313 -0.244638218889008 0.864850659843374 -1.51886671917352 -0.252352720104148
17.6000000000004 -0.280148812292339 -1.38624268612313 -0.244638218889008 0.864850659843374 -1.51886671917352 -0.252352720104148
17.616 -0.280148812292339 -1.38624268612313 -0.244638218889008 0.834096315817799 -1.49940486138022 -0.28746718221939
17.6730000000007 -0.199680029131869 -1.09349682284289 -0.156181254952003 0.772925895928859 -1.37398973163132 -0.368975508395007
17.7040000000015 -0.214401246890532 -0.782028751690007 -0.269189778524265 0.618253111039382 -1.27456628899579 -0.39237444129228
17.7120000000014 -0.214401246890532 -0.782028751690007 -0.269189778524265 0.58736073084376 -1.25530459066956 -0.427627015386529
17.728000000001 -0.160391041708792 -0.589611075388291 -0.276827551950532 0.546139031870036 -1.19981490916392 -0.427597234551192
17.7920000000013 -0.229668989261285 -0.466441331709291 -0.282284678020233 0.473941442128497 -1.12516139112643 -0.462946910656893
17.8250000000007 -0.202663886670422 -0.370232493558433 -0.286103564733367 0.463636014283875 -1.08888265465489 -0.427704192740805
17.8400000000001 -0.203210411282541 -0.366113144730605 -0.186189940656959 0.422354510192538 -1.03344019175906 -0.427840952585762
17.8970000000008 -0.244936731632038 -0.150853911728518 -0.295379577516144 0.298394309476885 -0.780788162546683 -0.440359077760353
17.9200000000001 -0.217931629041175 -0.0546450735776602 -0.299198464229278 0.205320406015207 -0.633730420349248 -0.406162134541387
17.9440000000013 -0.19092652645034 0.041563764573084 -0.303017350942355 0.163888666605871 -0.578387868404344 -0.406705230942561
18 -0.163921423859449 0.137772602723942 -0.306836237655489 0.122436095088691 -0.523061555702212 -0.407303969525851
18.0240000000013 -0.16337489924733 0.133653253896114 -0.406749861731953 0.0912205787475392 -0.504124060905887 -0.442944565741267
18.0400000000009 -0.16337489924733 0.133653253896114 -0.406749861731953 0.0912205787475392 -0.504124060905887 -0.442944565741267
18.0960000000014 -0.109364694065633 0.326070930197716 -0.414387635158221 -0.0639324241745489 -0.578391228385949 -0.444435683726086
18.1290000000008 -0.0130816439222912 0.299110024669403 -0.412749395801654 -0.126124982589826 -0.62701135364046 -0.50358675802343
18.1440000000002 -0.109364694065633 0.326070930197716 -0.414387635158221 -0.126124982589826 -0.62701135364046 -0.50358675802343
18.2090000000007 -0.109364694065633 0.326070930197716 -0.414387635158221 -0.126124982589826 -0.62701135364046 -0.50358675802343
18.232 -0.0130816439222912 0.299110024669403 -0.412749395801654 -0.126124982589826 -0.62701135364046 -0.50358675802343
18.2480000000014 -0.0130816439222912 0.299110024669403 -0.412749395801654 -0.126124982589826 -0.62701135364046 -0.50358675802343
18.3280000000013 0.0837479308331837 0.268029770313319 -0.511024780521439 -0.178188156065051 -0.62586381201465 -0.609773406934787
18.353000000001 0.0832014062210646 0.272149119141147 -0.411111156445088 -0.178188156065051 -0.62586381201465 -0.609773406934787
18.4240000000009 0.0561963036302018 0.175940280990346 -0.407292269731954 -0.146988457814026 -0.644624351852646 -0.574133711227856
18.4480000000003 0.0561963036302018 0.175940280990346 -0.407292269731954 -0.177927973562067 -0.712112272897014 -0.597579367401204
18.5130000000008 0.125474251182695 0.0527705373112326 -0.401835143662254 -0.157215008082099 -0.784927548626627 -0.6674032628801
18.5360000000001 0.194752198735159 -0.0703992063678811 -0.39637801759261 -0.146844464373305 -0.821329005071848 -0.702328540567961
18.6000000000004 0.195298723347278 -0.0745185551957093 -0.496291641668961 -0.115705885361399 -0.840089251854177 -0.666773921575233
18.6320000000014 0.195298723347278 -0.0745185551957093 -0.496291641668961 -0.115705885361399 -0.840089251854177 -0.666773921575233
18.648000000001 0.16829362075643 -0.170727393346453 -0.492472754955827 -0.0744352143067 -0.808995440036471 -0.678272612274344
18.7040000000015 0.183561363127183 -0.486314813327226 -0.479377855459916 0.0392553976986031 -0.765610825816043 -0.665682928281149
18.737000000001 0.25338583529178 -0.613603905834168 -0.57383435346668 0.1116938036569 -0.753371349191962 -0.641599135938857
18.7520000000004 0.25338583529178 -0.613603905834168 -0.57383435346668 0.1116938036569 -0.753371349191962 -0.641599135938857
18.768 0.25338583529178 -0.613603905834168 -0.57383435346668 0.1116938036569 -0.753371349191962 -0.641599135938857
18.848 0.29565868025341 -0.832982487664083 -0.564558340683902 0.194229670980424 -0.691168121925653 -0.66448184604871
18.8720000000012 0.310926422624163 -1.1485699076448 -0.551463441187991 0.276731781574985 -0.628940388946833 -0.687320441079763
18.8880000000008 0.310926422624163 -1.1485699076448 -0.551463441187991 0.317970208447069 -0.597817350679203 -0.698723208256311
18.9600000000009 0.272730484425324 -1.660694352755 -0.630644392342219 0.545130926837301 -0.424829412108009 -0.684832588412166
18.9920000000002 0.369013534568666 -1.68765525828326 -0.629006152985653 0.545130926837301 -0.424829412108009 -0.684832588412166
19.0079999999998 0.369013534568666 -1.68765525828326 -0.629006152985653 0.5863443405386 -0.393687265772966 -0.696153077590032
19.0720000000001 0.35727617434857 -2.09945151641483 -0.612092366776608 0.720558355587444 -0.422934769760789 -0.753625630240697
19.0960000000014 0.303265969166844 -2.29186919271643 -0.604454593350397 0.84452547605008 -0.415916167966784 -0.775964101217375
19.112000000001 0.249255763985119 -2.48428686901809 -0.596816819924129 0.937507614872947 -0.476273571356974 -0.822384542286904
19.1840000000011 0.265070030968005 -2.80399363782669 -0.683635544504625 1.09280223352649 -0.488443582572157 -0.809426250984429
19.2160000000003 0.264523506355886 -2.79987428899881 -0.583721920428218 1.10300815647035 -0.524604532211937 -0.844831228064146
19.2240000000002 0.264523506355886 -2.79987428899881 -0.583721920428218 1.10300815647035 -0.524604532211937 -0.844831228064146
19.2960000000003 0.130044518013705 -3.2850378285807 -0.664541110939012 1.24838891281433 -0.587348524198668 -0.785367441341795
19.3280000000013 0.0760343128319647 -3.47745550488241 -0.656903337512802 1.37258487724516 -0.667085285377864 -0.796996064974896
19.344000000001 0.048482685628997 -3.56954499420533 -0.55317082672326 1.40385153081514 -0.686471829377931 -0.761681651774722
19.3610000000008 0.0220241076502532 -3.66987318118402 -0.649265564086534 1.40385153081514 -0.686471829377931 -0.761681651774722
19.4160000000011 0.0220241076502532 -3.66987318118402 -0.649265564086534 1.43510101265098 -0.705889689752345 -0.72638008314717
19.4410000000007 -0.101264045083937 -3.7391211138065 -0.647084916730023 1.4561637290716 -0.689252616831279 -0.65549769608166
19.4560000000001 -0.101264045083937 -3.7391211138065 -0.647084916730023 1.4561637290716 -0.689252616831279 -0.65549769608166
19.5360000000001 -0.236836082650356 -4.21604595573268 -0.528076859088003 1.60279858698316 -0.66239406547767 -0.301231573234765
19.5600000000013 -0.360124235384575 -4.28529388835523 -0.525896211731435 1.63394035666378 -0.682091447463066 -0.265947313851033
19.616 -0.263841185241233 -4.31225479388354 -0.524257972374869 1.63394035666378 -0.682091447463066 -0.265947313851033
19.648000000001 -0.290846287832096 -4.40846363203434 -0.520439085661735 1.66506469805754 -0.701819998757646 -0.230676046720045
19.7120000000014 -0.318397915035064 -4.50055312135731 -0.416706574872251 1.74705196163434 -0.900311341885473 -0.220977398895206
19.7450000000008 -0.345403017625927 -4.59676195950817 -0.412887688159117 1.82926054334238 -1.01203008343155 -0.222261655026466
19.8080000000009 -0.249119967482585 -4.62372286503648 -0.41124944880255 1.82926054334238 -1.01203008343155 -0.222261655026466
19.848 -0.345403017625927 -4.59676195950817 -0.412887688159117 1.8186861432235 -1.0629027486689 -0.175897869555024
19.9120000000003 -0.387675862587557 -4.3773833776782 -0.422163700941894 1.7658698780412 -1.23164738414972 -0.107722760581332
19.9360000000015 -0.387675862587557 -4.3773833776782 -0.422163700941894 1.76522260604168 -1.31854344249405 -0.0972078370109327
20 -0.388222387199676 -4.37326402885037 -0.32225007686543 1.76522260604168 -1.31854344249405 -0.0972078370109327
20.0400000000009 -0.430495232161277 -4.15388544702046 -0.331526089648264 1.72359657930107 -1.34949598801886 -0.0858768801561253
20.1040000000012 -0.392299293962438 -3.64176100191025 -0.252345138494036 1.64102154916203 -1.32451161115345 -0.0737577830839451
20.1360000000004 -0.407567036333219 -3.3261735819296 -0.265440037989947 1.61021233413029 -1.30465106101165 -0.108796841423942
20.2010000000009 -0.380561933742342 -3.22996474377879 -0.269258924703081 1.61021233413029 -1.30465106101165 -0.108796841423942
20.2240000000002 -0.353556831151479 -3.13375590562794 -0.273077811416215 1.60006196795264 -1.26859558362987 -0.0730365255358576
20.2960000000003 -0.453370263445478 -2.37941132198739 -0.304724736477738 1.33212193091084 -1.12338368302827 -0.118898138312776
20.3280000000013 -0.372354955672904 -2.09078480753493 -0.316181396617083 1.2185862113809 -1.07890062125867 -0.142354854778641
20.384 -0.415174325246639 -1.86728687687724 -0.225543785323396 1.18766117214451 -1.05928859090853 -0.177571731409762
20.4080000000013 -0.415174325246639 -1.86728687687724 -0.225543785323396 1.18766117214451 -1.05928859090853 -0.177571731409762
20.4240000000009 -0.318891275103297 -1.8942477824055 -0.223905545966886 1.11519832957137 -1.07069331741918 -0.201453232836304
20.5040000000008 -0.349973284456951 -1.25895359361624 -0.150181720882358 0.835966911970012 -1.06637589544378 -0.343611721898324
20.5280000000002 -0.268411452072243 -0.974446427991609 -0.261552005098054 0.691127960738073 -1.08975510715607 -0.391362845783868
20.5439999999999 -0.337689399624736 -0.851276684312495 -0.267009131167754 0.660153290736754 -1.07048326240269 -0.42667251834636
20.6080000000002 -0.310684297033873 -0.755067846161751 -0.270828017880831 0.618884343290613 -1.01499227330131 -0.426697619747484
20.6320000000014 -0.310684297033873 -0.755067846161751 -0.270828017880831 0.577595382099367 -0.959516994233381 -0.426778311258912
20.7200000000012 -0.341219781775379 -0.123893006200262 -0.29701781687271 0.195063295129165 -0.597382753341342 -0.371106657359226
20.7450000000008 -0.314214679184516 -0.0276841680494044 -0.300836703585787 0.122436095088691 -0.523061555702212 -0.407303969525851
20.8080000000009 -0.286663051981563 0.0644053212735116 -0.404569214375385 0.0394680855165159 -0.41245787070998 -0.408668422111093
20.8400000000001 -0.286663051981563 0.0644053212735116 -0.404569214375385 -0.00184501375051664 -0.443506844531187 -0.39731707909725
20.9050000000007 -0.233199371411956 0.260942346402999 -0.312293363725189 -0.250319804153698 -0.370866138771495 -0.365763737824095
20.9360000000015 -0.206740793433212 0.361270533381628 -0.216198626361916 -0.291634905562043 -0.401898505103137 -0.354393999896671
21 -0.179189166230231 0.453360022704658 -0.3199311371514 -0.374475105412114 -0.377712964686423 -0.343997109461461
21.0320000000011 -0.206194268821093 0.3571511845538 -0.316112250438323 -0.374710860523651 -0.291486319590509 -0.356400256292651
21.0960000000014 -0.110457743289871 0.334309627853372 -0.214560387005406 -0.313698635671681 0.10222528625441 -0.346876555458209
21.1290000000008 -0.0141746931465292 0.30734872232506 -0.21292214764884 -0.293310803253739 0.292457739375665 -0.301166438846915
21.1840000000011 -0.0141746931465292 0.30734872232506 -0.21292214764884 -0.294378245155675 0.464922144724706 -0.326272890340334
21.2090000000007 -0.0141746931465292 0.30734872232506 -0.21292214764884 -0.294378245155675 0.464922144724706 -0.326272890340334
21.2960000000003 0.0821083569968266 0.280387816796804 -0.211283908292273 -0.294378245155675 0.464922144724706 -0.326272890340334
21.3200000000015 0.0821083569968266 0.280387816796804 -0.211283908292273 -0.24303574594396 0.459535070001101 -0.372129112474763
21.4000000000015 0.0826548816089456 0.276268467968976 -0.311197532368624 -0.24303574594396 0.459535070001101 -0.372129112474763
21.4330000000009 0.0826548816089456 0.276268467968976 -0.311197532368624 -0.253190800154944 0.496001496725698 -0.337426930196272
21.4880000000012 0.0556497790180828 0.180059629818174 -0.30737864565549 -0.191092783641953 0.631093830762165 -0.290273202850475
21.5210000000006 0.125474251182695 0.0527705373112326 -0.401835143662254 -0.160019561005611 0.698633048477787 -0.266654962462783
21.5360000000001 0.125474251182695 0.0527705373112326 -0.401835143662254 -0.170115674737097 0.735093516458074 -0.231948888610487
21.6000000000004 0.125474251182695 0.0527705373112326 -0.401835143662254 -0.12893010502846 0.766167608631137 -0.243009079986582
21.6320000000014 0.222303825938155 0.0216902829551486 -0.500110528382095 -0.12893010502846 0.766167608631137 -0.243009079986582
21.648000000001 0.195298723347278 -0.0745185551957093 -0.496291641668961 -0.0871210565806337 0.710956820412897 -0.241552224880125
21.7120000000014 0.334401143064369 -0.324977391381708 -0.585291013606081 0.0362587836905144 0.541120295820066 -0.390400578611072
21.737000000001 0.307396040473506 -0.421186229532566 -0.581472126892947 0.129328308741807 0.480624305496496 -0.435136948974067
21.7520000000004 0.307396040473506 -0.421186229532566 -0.581472126892947 0.129328308741807 0.480624305496496 -0.435136948974067
21.8170000000009 0.376673988025985 -0.544355973211623 -0.576015000823247 0.181229274664137 0.389024992411665 -0.468884484445805
21.848 0.349122360823003 -0.636445462534653 -0.472282490033649 0.233122102273522 0.297432297255677 -0.502748505773063
21.9200000000001 0.310926422624163 -1.1485699076448 -0.551463441187991 0.378181418230729 -0.117416614031475 -0.698907397928132
21.9440000000013 0.284467844645434 -1.24889809462343 -0.647558178551265 0.43007842761127 -0.20894487464804 -0.733320589364652
22 0.353745792197898 -1.37206783830254 -0.642101052481564 0.440801580159288 -0.33163022792817 -0.756530511159328
22.0320000000011 0.326740689607036 -1.4682766764534 -0.638282165768487 0.481969272553778 -0.300465771608759 -0.767850427954318
22.0490000000009 0.326740689607036 -1.4682766764534 -0.638282165768487 0.523607410159534 -0.355700401600998 -0.76735161071684
22.1200000000008 0.137704971471024 -2.14173854350906 -0.611549958776607 0.77197318647186 -0.42800028176436 -0.80018573000355
22.1440000000002 0.207529443635622 -2.26902763601595 -0.706006456783371 0.823374132391331 -0.433040536939376 -0.846768212574604
22.1599999999999 0.180524341044759 -2.36523647416675 -0.702187570070237 0.854744653590074 -0.452129662752932 -0.811254170845047
22.2240000000002 0.180524341044759 -2.36523647416675 -0.702187570070237 0.854744653590074 -0.452129662752932 -0.811254170845047
22.2560000000012 0.126514135863047 -2.55765415046847 -0.694549796643969 0.886098063871828 -0.471250291757164 -0.775752797490556
22.2720000000008 0.0995090332721702 -2.65386298861927 -0.690730909930892 0.927650215204556 -0.526600225647326 -0.775597451475808
22.3360000000012 0.0602200458490927 -3.15774873607376 -0.570084612932305 1.02172184099167 -0.67080277303493 -0.657929663002567
22.3610000000008 -0.0360630042942489 -3.13078783054544 -0.571722852288872 1.05294195287985 -0.690090461492871 -0.622542725414376
22.3760000000002 -0.0630681068850976 -3.22699666869624 -0.567903965575738 1.05294195287985 -0.690090461492871 -0.622542725414376
22.4560000000001 0.00620984066738117 -3.35016641237542 -0.562446839506094 1.12545663132044 -0.6782971293137 -0.598481412559033
22.4800000000014 -0.0207952619234959 -3.44637525052622 -0.558627952792961 1.23929377021505 -0.635434414521555 -0.585701627305385
22.496000000001 -0.0478003645143446 -3.54258408867702 -0.554809066079827 1.27051520015883 -0.65484593509335 -0.550342008723832
22.5130000000008 -0.0748054671052074 -3.63879292682782 -0.550990179366693 1.31183723848702 -0.623735299773248 -0.561614455062435
22.5680000000011 -0.128815672286919 -3.83121060312948 -0.543352405940482 1.46708742782436 -0.636565619947336 -0.549008761938502
22.6080000000002 -0.129362196899038 -3.82709125430165 -0.443438781864074 1.46708742782436 -0.636565619947336 -0.549008761938502
22.616 -0.129362196899038 -3.82709125430165 -0.443438781864074 1.46708742782436 -0.636565619947336 -0.549008761938502
22.6800000000003 -0.156367299489915 -3.92330009245245 -0.43961989515094 1.47790436300092 -0.75740263881003 -0.420602921478792
22.7040000000015 -0.252650349633257 -3.89633918692414 -0.441258134507507 1.47775576207153 -0.844152494637356 -0.409695768441395
22.7200000000012 -0.279655452224105 -3.99254802507494 -0.437439247794373 1.46740555409132 -0.894820939321706 -0.363176785057938
22.728000000001 -0.279655452224105 -3.99254802507494 -0.437439247794373 1.49845882437154 -0.914460442371916 -0.327957753309783
22.7450000000008 -0.279655452224105 -3.99254802507494 -0.437439247794373 1.46714977323158 -0.981582206454049 -0.352309805652279
22.8080000000009 -0.279655452224105 -3.99254802507494 -0.437439247794373 1.49816213725682 -1.00123689678862 -0.317124148320369
22.8400000000001 -0.348933399776598 -3.86937828139588 -0.442896373864073 1.48801289536906 -0.965154989353666 -0.281463571785681
22.8559999999998 -0.321928297185721 -3.77316944324508 -0.446715260577207 1.4778734825274 -0.929068853977717 -0.245811669837813
22.9200000000001 -0.364201142147351 -3.55379086141511 -0.455991273359984 1.54144272719835 -0.706361497785671 -0.0547978234806116
