Time(s) x(mm) y(mm) z(mm) rx(deg) ry(deg) rz(deg)
0 0 0 0 9.93923337957349E-17 1.9878466759147E-16 -1.39770469400252E-16
0 0 0 0 9.93923337957349E-17 1.9878466759147E-16 -1.39770469400252E-16
0.0159999999996217 0 0 0 9.93923337957349E-17 1.9878466759147E-16 -1.39770469400252E-16
0.032999999999447 0 0 0 9.93923337957349E-17 1.9878466759147E-16 -1.39770469400252E-16
0.047999999998865 0 0 0 9.93923337957349E-17 1.9878466759147E-16 -1.39770469400252E-16
0.0559999999986758 0 0 0 0.0238031026906388 0.069510392095972 0.0226495961881531
0.143999999998414 0.00556488308358638 0.0998422600652589 -0.00074510491373303 0.0454334969523485 0.0910141745073313 0.092925026549579
0.559999999999491 0.00556488308358638 0.0998422600652589 -0.00074510491373303 0.0795424316804243 0.0772215249372159 0.128484247616302
0.631999999999607 0.00556488308358638 0.0998422600652589 -0.00074510491373303 0.0454334969523485 0.0910141745073313 0.092925026549579
0.863999999999578 0 0 0 0.0579158338161045 0.0557568461403653 0.0582012284221268
0.943999999999505 0.00556488308358638 0.0998422600652589 -0.00074510491373303 0.0795424316804243 0.0772215249372159 0.128484247616302
1.01599999999962 0.105389263140474 0.0942938639829549 0.00133057501642497 0.0454334969523485 0.0910141745073313 0.092925026549579
1.02399999999943 0.105389263140474 0.0942938639829549 0.00133057501642497 0.0579158338161045 0.0557568461403653 0.0582012284221268
1.09599999999955 0.0998243800568872 -0.00554839608230395 0.002075679930158 0.0704065524981292 0.0205045239431511 0.023466947995977
1.23199999999997 0.097793315674739 -0.0046890905600776 0.102051358830067 0.0363018238659196 0.0342529355336069 -0.0120663106466021
1.32799999999952 0.00353381870143821 0.100701565587485 0.0992305739861763 0.0454334969523485 0.0910141745073313 0.092925026549579
1.3839999999982 0.103358198758325 0.0951531695051813 0.101306253916334 0.0795424316804243 0.0772215249372159 0.128484247616302
1.39999999999964 0.103358198758325 0.0951531695051813 0.101306253916334 0.0795424316804243 0.0772215249372159 0.128484247616302
1.46399999999994 0.105389263140474 0.0942938639829549 0.00133057501642497 0.0579158338161045 0.0557568461403653 0.0582012284221268
1.59999999999854 0.0998243800568872 -0.00554839608230395 0.002075679930158 0.0363018238659196 0.0342529355336069 -0.0120663106466021
1.68799999999828 0 0 0 0.0579158338161045 0.0557568461403653 0.0582012284221268
1.73699999999917 0.00556488308358638 0.0998422600652589 -0.00074510491373303 0.0454334969523485 0.0910141745073313 0.092925026549579
1.75199999999859 0.00556488308358638 0.0998422600652589 -0.00074510491373303 0.0795424316804243 0.0772215249372159 0.128484247616302
1.80899999999929 0.00556488308358638 0.0998422600652589 -0.00074510491373303 0.0795424316804243 0.0772215249372159 0.128484247616302
1.95299999999952 0.0998243800568872 -0.00554839608230395 0.002075679930158 0.0363018238659196 0.0342529355336069 -0.0120663106466021
1.96899999999914 0.0998243800568872 -0.00554839608230395 0.002075679930158 0.0363018238659196 0.0342529355336069 -0.0120663106466021
2.05599999999868 -0.107420327522622 -0.0934345584607286 0.0986451038835412 0.146392175387151 -0.138501855297068 0.154759561761698
2.09599999999955 -0.416520479541159 -0.174913019234566 0.293114526806619 0.31106686745125 -0.304841846670364 0.426675197349052
2.15199999999822 -0.723589567177555 -0.257250785530687 0.387608270829844 0.487014823471717 -0.507810159916406 0.662861753580486
2.23999999999978 -0.833040959082314 -0.349826038469075 0.586229053613238 0.520766327281767 -0.522149535034505 0.698108135668605
2.31999999999971 -1.25512632170707 -0.624581317768843 0.88008868533359 0.717194872829131 -0.616052228758788 0.756732871947451
2.35999999999876 -1.45477508182084 -0.613484525604292 0.875937325473274 0.784570930486897 -0.645091885996087 0.827044738807166
2.37599999999838 -1.45680614620299 -0.612625220082066 0.975913004373126 0.784570930486897 -0.645091885996087 0.827044738807166
2.43999999999869 -1.56422647372561 -0.706059778542681 1.07455810825672 0.818240648300805 -0.65966189126774 0.86218393218622
2.47199999999975 -1.67164680124823 -0.799494337003352 1.17320321214021 0.894665030100732 -0.772732558032562 0.944208367425313
2.48799999999937 -1.77350224568727 -0.793086635398765 1.27110321110996 0.940621562195993 -0.822523741030265 0.943987738001866
2.5049999999992 -1.77906712877085 -0.892928895464024 1.27184831602375 1.00776008078173 -0.85199552347415 1.01405672021519
2.51999999999862 -1.88092257320989 -0.886521193859551 1.36974831499344 1.00437296807918 -0.900810835256282 1.06101079593809
2.60799999999836 -1.98631183635036 -0.980815057842506 1.36841773997708 1.05024268203974 -0.950702277462112 1.06064664993695
2.64899999999943 -1.98631183635036 -0.980815057842506 1.36841773997708 1.1172315753119 -0.980415520394965 1.13057596250306
2.65699999999924 -1.98631183635036 -0.980815057842506 1.36841773997708 1.1172315753119 -0.980415520394965 1.13057596250306
2.72099999999955 -2.29338092398675 -1.06315282413857 1.46291148400024 1.24740141947314 -1.08925451579501 1.31710352238523
2.7599999999984 -2.29894580707034 -1.16299508420383 1.46365658891403 1.28079691453277 -1.10431977791781 1.3519878639888
2.83199999999852 -2.39523636842579 -1.05674512253404 1.56081148297 1.34755041135535 -1.13454958637448 1.42172228132416
2.87199999999939 -2.59894725730386 -1.04392971932498 1.7566114809095 1.3981082407322 -1.17904969231492 1.57369182212016
2.88899999999921 -2.70636758482648 -1.13736427778565 1.85525658479304 1.42745483842279 -1.24350871531794 1.65519650583298
2.95299999999952 -2.9039852805581 -1.12712679114333 1.75112954603276 1.47350077488995 -1.33770999139658 1.85367091446806
2.97599999999875 -2.9039852805581 -1.12712679114333 1.75112954603276 1.45705858438404 -1.35198051757409 1.93592608120735
2.99199999999837 -2.9039852805581 -1.12712679114333 1.75112954603276 1.42388457035925 -1.33653799135721 1.90115698229038
3.08799999999974 -3.00380966061499 -1.12157839506108 1.7490538661026 1.40312292601126 -1.4000701099946 2.03001870550204
3.12799999999879 -3.10363404067187 -1.11602999897877 1.74697818617244 1.34905295124232 -1.44812232661314 2.1241021508599
3.1929999999993 -3.10363404067187 -1.11602999897877 1.74697818617244 1.33682053382371 -1.41307467503397 2.15971675027876
3.22399999999834 -3.10160297628973 -1.116889304501 1.64700250727253 1.33682053382371 -1.41307467503397 2.15971675027876
3.3119999999999 -3.09957191190758 -1.11774861002328 1.54702682837262 1.14591927540027 -1.44838858842212 2.16130811012195
3.35299999999916 -3.09400702882399 -1.01790634995803 1.54628172345889 1.14591927540027 -1.44838858842212 2.16130811012195
3.36799999999857 -3.09400702882399 -1.01790634995803 1.54628172345889 1.14591927540027 -1.44838858842212 2.16130811012195
3.43199999999888 -3.09603809320614 -1.01704704443574 1.6462574023588 1.13366696221562 -1.41330002856598 2.19683777798917
3.45599999999831 -3.09047321012255 -0.91720478437054 1.64551229744501 1.16673532485205 -1.42875273806172 2.23164210352135
3.55199999999968 -3.07528131519108 -0.719238875284532 1.44407072981761 1.13777432623189 -1.40780217733028 2.3493752835253
3.58499999999913 -3.07528131519108 -0.719238875284532 1.44407072981761 1.13777432623189 -1.40780217733028 2.3493752835253
3.64899999999943 -3.06008942025961 -0.521272966198637 1.24262916219027 0.980681399386041 -1.31927749833605 2.48016427823823
3.67999999999847 -3.03933264224455 -0.223464797047427 1.04044248964919 0.752885017388448 -1.2488034695006 2.58741073107803
3.69599999999991 -3.03173669477882 -0.124481842504508 0.939721705835439 0.740676425339749 -1.21361444846984 2.62275067721022
3.78399999999965 -3.00894885238161 0.172467021124419 0.637559354394455 0.533648735893795 -1.12306897500817 2.79961751468809
3.8239999999987 -3.00135290491587 0.271449975667451 0.536838570580812 0.405462258277309 -1.05546408916067 2.81165870799048
3.83999999999833 -2.99375695745014 0.37043293021037 0.436117786767113 0.314895773636412 -0.954304364800657 2.81165013766037
3.90399999999863 -2.83925819081382 1.15932608703866 -0.067645767112424 -0.413575437502406 -0.468453781793542 2.81842492472914
3.93599999999969 -2.71867703274187 1.45158586010763 -0.267756759723397 -0.678867078530611 -0.250736667688506 2.82554247076614
3.94399999999951 -2.71664596835972 1.45072655458534 -0.367732438623364 -0.724473480695748 -0.200524600322992 2.82442919866249
4.03299999999945 -2.59959862898922 1.64228476206677 -0.667074005220343 -0.965793554911714 -0.0544894703338572 2.76101223517779
4.0719999999983 -2.38122415524254 1.92985544457559 -0.765133639001249 -1.35400918046157 0.183711503380023 2.58729462927199
4.07999999999993 -2.3736282077768 2.02883839911857 -0.865854422814948 -1.46716230970866 0.261930468360444 2.51355232418247
4.15199999999822 -1.93228882145629 2.49984097645972 -1.56110697996246 -2.1309277481237 0.700303683493457 2.18483766339503
4.18499999999949 -1.82689955831582 2.59413484044273 -1.55977640494609 -2.17720924120776 0.749675198939109 2.18227841619525
4.1929999999993 -1.82689955831582 2.59413484044273 -1.55977640494609 -2.21111994645047 0.763257505643588 2.14596610932762
4.28799999999865 -1.19553842372941 2.95591697659859 -2.05018113951974 -2.64932197788714 1.31337005071813 1.75253099943284
4.31999999999971 -0.978666704302018 3.14192678799782 -2.34744702618667 -2.88791860737745 1.59255213023286 1.53506396388821
4.33699999999953 -0.869215312397255 3.23450204093621 -2.54606780897007 -3.0036577017715 1.66684797275757 1.45790854278754
4.39999999999964 -0.76735986795822 3.22809433933162 -2.64396780793976 -3.08308386435815 1.77480732423251 1.36854256857424
4.43199999999888 -0.659939540435598 3.3215288977924 -2.7426129118233 -3.09366882872904 1.85731443071927 1.35277146977316
4.4479999999985 -0.558084095996563 3.31512119618782 -2.84051291079305 -3.12637485692345 1.91649071100979 1.26694567807241
4.53599999999824 0.169567599945289 3.57065337067399 -3.4280725394226 -3.37573609978127 2.41303397964731 0.882148067909553
4.56899999999951 0.276987927467911 3.66408792913461 -3.52671764330609 -3.42199792273784 2.50741603861154 0.828579425595475
4.58499999999913 0.276987927467911 3.66408792913461 -3.52671764330609 -3.42199792273784 2.50741603861154 0.828579425595475
4.64899999999943 0.480698816345974 3.65127252592555 -3.72251764124559 -3.46736603906993 2.64787335909245 0.725592074704588
4.67199999999866 0.590150208250741 3.74384777886394 -3.92113842402898 -3.52571495054649 2.82408778815504 0.65507265233888
4.76799999999821 1.1049923135295 3.81165153090643 -4.41138352379147 -3.6300642193248 3.23184709851451 0.381295556272531
4.80099999999948 1.10296124914735 3.81251083642866 -4.31140784489162 -3.59429095427395 3.26604153144191 0.369305039032679
4.85599999999977 1.30667213802542 3.7996954332196 -4.50720784283106 -3.64142204828559 3.45142738236154 0.215449177517095
4.88899999999921 1.50835196252133 3.78773933553276 -4.60303216187054 -3.6411631025109 3.54311756297274 0.116117017487107
4.90399999999863 1.60817634257822 3.78219093945052 -4.60095648194039 -3.64114334571948 3.63473572775871 0.0167034206312184
4.99199999999837 1.80782510269199 3.77109414728591 -4.59680512208007 -3.6541801345927 3.80800505479497 -0.100115611733492
5.03299999999945 1.80985616707414 3.77023484176362 -4.69678080097998 -3.55758623657628 3.71314181457267 -0.0895169579957929
5.09599999999955 1.89042652343526 3.56843914763994 -4.29331219562278 -3.19733688958729 3.54258269887876 -0.13266296272744
5.12799999999879 1.98821983911 3.56375005707991 -4.19126083679271 -3.01736031736368 3.43408904898034 -0.130134790741776
5.21599999999853 1.88079951158738 3.4703154986193 -4.09261573290911 -2.92118101770427 3.33876388852783 -0.12076210896539
5.23999999999978 1.77337918406475 3.37688094015857 -3.99397062902563 -2.77709747127963 3.19560404583515 -0.107141603745624
5.2559999999994 1.76781430098117 3.27703868009331 -3.99322552411184 -2.76474665842778 3.11352941067082 -0.0907504896561823
5.31999999999971 1.42983311341898 2.90118927225728 -3.19666671304805 -2.21545005711556 2.65665803763157 -0.024629596063615
5.34499999999935 1.4202061015711 2.80306562323653 -2.99597025033449 -2.08492889945915 2.54816636323515 0.0198164271957456
5.42499999999927 1.21296139399159 2.71517946085822 -2.89940082638117 -1.94290061045075 2.35696570230896 0.0793066029486553
5.46399999999994 1.0903491715375 2.42377899331154 -2.59931415487023 -1.69510560962962 1.98614778264594 0.159458292242545
5.47999999999956 0.977363960931289 2.23050217478561 -2.49992394607301 -1.51957817463265 1.78104397081475 0.253487494796895
5.54399999999987 0.633817890285513 1.75481050688444 -1.70262003009543 -0.970231251138379 1.13834476372454 0.413612893278216
5.57699999999932 0.526397562762892 1.66137594842365 -1.60397492621189 -0.876455734170181 1.0407192674439 0.41769094819047
5.59199999999873 0.526397562762892 1.66137594842365 -1.60397492621189 -0.876455734170181 1.0407192674439 0.41769094819047
5.68799999999828 -0.0258959697816863 0.996237247034287 -0.909307839166956 -0.249494008601751 0.377866623408053 0.556579058141958
5.72099999999955 -0.248332572292664 0.710385175569968 -0.611296847586232 0.0510464103598763 0.103886992016652 0.633043549354337
5.78399999999965 -0.370944794746752 0.418984708023288 -0.311210176075463 0.282846890266739 -0.142869407820629 0.636568623190061
5.8169999999991 -0.378540742212486 0.320001753480369 -0.210489392261707 0.350648892014857 -0.171268268043781 0.707429638237524
5.89599999999882 -0.919704508589884 -0.145452427778594 0.482687484955591 0.885386209094844 -0.5494996483481 1.02621814841721
5.92799999999988 -1.03472078357824 -0.337869940782298 0.682053372652774 1.05358490294589 -0.762587037233922 1.10784397375205
5.93599999999969 -1.04028566666183 -0.437712200847557 0.682798477566564 1.08715614966061 -0.77742401999009 1.14289312980787
6 -1.14770599418445 -0.531146759308228 0.781443581450105 1.16656232513927 -0.842263790966792 1.17755992523786
6.03299999999945 -1.24753037424134 -0.525598363225924 0.779367901519947 1.19657568034803 -0.906153402437264 1.25942739376533
6.04099999999926 -1.35495070176396 -0.619032921686539 0.878013005403432 1.21416772987395 -0.935086184205125 1.37668390147754
6.1359999999986 -1.96908887703674 -0.783708454278724 1.06700049344988 1.44095769308595 -1.18337354316831 1.9139088451874
6.16799999999967 -2.07094432147577 -0.777300752674194 1.16490049241958 1.5074185189325 -1.21427677576388 1.98355512238571
6.18499999999949 -2.07094432147577 -0.777300752674194 1.16490049241958 1.5074185189325 -1.21427677576388 1.98355512238571
6.24799999999959 -2.17076870153266 -0.771752356591946 1.16282481248942 1.42459879879326 -1.1976135412314 1.9961642466352
6.27299999999923 -2.2726241459717 -0.765344654987359 1.26072481145911 1.30854474919224 -1.16556398522739 1.97385483060709
6.28799999999865 -2.37447959041073 -0.758936953382829 1.35862481042886 1.29632897539772 -1.13050421899333 2.00939646939517
6.37599999999838 -2.58375536237238 -0.845963810239027 1.5551699132821 1.13475075004316 -1.04814998764136 1.98744817846111
6.41699999999946 -2.48189991793335 -0.852371511843501 1.45726991431235 1.13475075004316 -1.04814998764136 1.98744817846111
6.43199999999888 -2.48189991793335 -0.852371511843501 1.45726991431235 1.13475075004316 -1.04814998764136 1.98744817846111
6.49699999999939 -2.48543373663479 -0.953073077431043 1.35803934032629 1.06001523069867 -1.11579334200117 2.01112190454146
6.52799999999843 -2.48543373663479 -0.953073077431043 1.35803934032629 1.0226329643846 -1.14960702701779 2.02297322820437
6.54399999999987 -2.48746480101694 -0.95221377190876 1.45801501922614 1.0226329643846 -1.14960702701779 2.02297322820437
6.6239999999998 -2.48746480101694 -0.95221377190876 1.45801501922614 1.03488430680603 -1.18471939336768 1.98754387415272
6.66399999999885 -2.49302968410053 -1.05205603197396 1.45876012413993 1.12998252135677 -1.23637435821735 1.93965404634485
6.67999999999847 -2.49506074848268 -1.05119672645174 1.55873580303984 1.14224574521603 -1.27145943219663 1.90416602786256
6.68799999999828 -2.49506074848268 -1.05119672645174 1.55873580303984 1.17543683014524 -1.28676545432424 1.9390163190163
6.75199999999859 -2.50265669594841 -1.15017968099471 1.65945658685354 1.29506509966659 -1.40849997205063 1.81975708150492
6.77599999999984 -2.50265669594841 -1.15017968099471 1.65945658685354 1.29506509966659 -1.40849997205063 1.81975708150492
6.79199999999946 -2.50265669594841 -1.15017968099471 1.65945658685354 1.29506509966659 -1.40849997205063 1.81975708150492
6.88899999999921 -2.61007702347103 -1.24361423945544 1.75810169073702 1.59668409167935 -1.63725025135991 1.99031182055337
6.91199999999844 -2.70787033914576 -1.23892514889536 1.65605033190695 1.68271822435809 -1.78788269567353 2.03436472309266
6.92799999999988 -2.70787033914576 -1.23892514889536 1.65605033190695 1.68271822435809 -1.78788269567353 2.03436472309266
7.00799999999981 -2.81325960228624 -1.33321901287832 1.65471975689059 1.74863469125145 -1.81927939170192 2.10343217272785
7.03299999999945 -2.80769471920265 -1.23337675281306 1.6539746519768 1.78157370467658 -1.8350266685679 2.13794845610476
7.11299999999937 -3.30531386516779 -1.10407390129188 1.84280250521203 1.93257553477466 -1.92484217031145 2.54526085126656
7.14399999999841 -3.40310718084253 -1.09938481073192 1.74075114638197 1.9481956321681 -1.95570467695237 2.66194587384235
7.15999999999985 -3.40310718084253 -1.09938481073192 1.74075114638197 1.98096371991218 -1.97181059647161 2.69638722113157
7.21599999999853 -3.40310718084253 -1.09938481073192 1.74075114638197 1.89820018131594 -1.95442529361427 2.70971768758395
7.24799999999959 -3.49736667781583 -0.993994154584357 1.73793036153802 1.85326432753856 -1.90340316244415 2.7111910451845
7.26499999999942 -3.49736667781583 -0.993994154584357 1.73793036153802 1.80326478836031 -1.90208938847045 2.75891135511013
7.34499999999935 -3.68791673614457 -0.782353536767062 1.83226447075009 1.53056375750664 -1.77994097293512 2.86987024288729
7.37599999999838 -3.68032078867884 -0.683370582224086 1.73154368693639 1.48560903074644 -1.72895288089641 2.87101283394895
7.39199999999983 -3.68032078867884 -0.683370582224086 1.73154368693639 1.49776877575092 -1.76398900610961 2.83525647670542
7.45599999999831 -3.5784653442398 -0.689778283828559 1.63364368796664 1.32497399090014 -1.64477272049275 2.85021874411495
7.48799999999937 -3.46344906925145 -0.497360770824969 1.4342778002694 1.13136098091664 -1.54507463878941 2.79429918006443
7.49699999999939 -3.46344906925145 -0.497360770824969 1.4342778002694 1.09846429837145 -1.52937064747346 2.75951540163408
7.59199999999873 -3.35046385864524 -0.304083952299095 1.33488759147218 0.892426338805784 -1.39508370323429 2.73846853504483
7.6239999999998 -3.25063947858835 -0.309632348381342 1.33696327140234 0.814280271314868 -1.32884385335676 2.70407436919997
7.63999999999942 -3.24507459550476 -0.209790088316083 1.33621816648855 0.736063623582393 -1.26270860977885 2.66955268953015
7.71199999999953 -3.01504204552805 0.175044937691212 0.937486391094126 0.269517072252412 -0.819330213477108 2.41268517999747
7.73699999999917 -2.90559065362328 0.267620190629657 0.738865608310732 0.0744774240854299 -0.722484268215744 2.35350236154278
7.8239999999987 -2.89799470615755 0.366603145172576 0.638144824497033 -0.0248928285039128 -0.538085800601111 2.34036128533057
7.85599999999977 -2.7774135480856 0.658862918241539 0.438033831886116 -0.199201378214185 -0.421319330132463 2.35039784725845
7.87199999999939 -2.77538248370345 0.658003612719313 0.338058152986264 -0.244881801875841 -0.371188715176623 2.34967881983053
7.93599999999969 -2.53775398626101 1.14182159326953 -0.161394406221802 -0.581149991769613 -0.0336036725398408 2.42511162593102
7.96899999999914 -2.53015803879527 1.24080454781256 -0.262115190035502 -0.664258323042085 -0.0173078166047404 2.435746148964
7.98399999999856 -2.52459315571169 1.34064680787776 -0.262860294949292 -0.69782821668909 -0.00280066785869283 2.4000116665218
8.0719999999983 -2.29659167011712 1.7263411394074 -0.561616391443806 -1.07777047762643 0.291559366893627 2.33149988320146
8.10499999999956 -2.07618613198829 2.01305251639394 -0.759651704124565 -1.36658114985672 0.485054264165501 2.26417849421716
8.12099999999919 -2.06302530143897 2.21187773100223 -0.861117592852054 -1.49265610286611 0.598329127046127 2.22406233471007
8.18499999999949 -2.0478334065075 2.40984364008813 -1.0625591604794 -1.68985315818691 0.69143863859517 2.15925723180395
8.20799999999872 -2.04580234212535 2.40898433456584 -1.16253483937925 -1.73609427756365 0.740929096432978 2.15696952150472
8.29599999999846 -1.5026075113658 2.87357921030258 -1.95568739549651 -2.42911329148317 1.24543929962259 1.8900431830709
8.33699999999953 -1.28220197323698 3.16029058728918 -2.15372270817727 -2.68178829933838 1.51480244850171 1.75546150492263
8.39199999999983 -1.27460602577124 3.2592735418321 -2.25444349199097 -2.81200496158984 1.57871042640087 1.76056664793397
8.41699999999946 -1.17275058133221 3.25286584022757 -2.35234349096078 -2.85653330273288 1.67439381916971 1.70834967462769
8.43199999999888 -1.07089513689317 3.24645813862304 -2.45024348993047 -2.89093393526003 1.68731293501068 1.67154582243305
8.51199999999881 -0.335647493485585 3.60097326765225 -3.13852390237372 -3.43142943596975 2.37163491077843 1.2102233685752
8.54399999999987 -0.226196101580815 3.69354852059058 -3.33714468515717 -3.60704566051475 2.57489818456371 1.11046180192056
8.55999999999949 -0.224165037198667 3.6926892150683 -3.43712036405702 -3.6419523230589 2.58706316792517 1.07316583409081
8.6239999999998 -0.124340657141779 3.68714081898599 -3.43504468412686 -3.68823389291958 2.68133611406696 1.01923049722356
8.64899999999943 0.0849351148198743 3.77416767584219 -3.6315897869801 -3.73466679688536 2.7755095517494 0.965162395224928
8.66399999999885 0.086966179202026 3.77330837031997 -3.73156546588001 -3.7461866951422 2.85759840789209 0.948398172294198
8.75199999999859 0.707197547621245 3.93540598634536 -4.22047999062613 -3.91050621540178 3.30328960512228 0.750938115883448
8.78399999999965 0.707197547621245 3.93540598634536 -4.22047999062613 -3.90992363310412 3.34916577407727 0.701318786002941
8.84799999999996 0.910908436499316 3.9225905831363 -4.41627998856558 -3.95692948022402 3.48857913236512 0.596718190199634
8.8809999999994 1.31426808549115 3.89867838776263 -4.60792862664465 -3.95581290026737 3.67164594342494 0.397766304859103
8.89599999999882 1.42168841301378 3.9921129462233 -4.70657373052819 -3.96828476381162 3.75341453748722 0.380325618290174
8.98399999999856 1.72522368194873 3.97374914693194 -4.90029804853754 -4.01670681739457 3.98354074440023 0.175274940465053
9.02399999999943 1.72725474633088 3.97288984140971 -5.00027372743745 -3.96878534032099 4.02736170291427 0.081101665861236
9.09599999999955 2.12504951223913 3.84913538597078 -5.19117726060279 -3.923487593881 4.2989628959786 -0.263088610533857
9.12099999999919 2.22337113797672 3.74202611877871 -5.3883078335586 -3.92490540622955 4.38993353595483 -0.363234752141209
9.1929999999993 2.32319551803361 3.73647772269646 -5.38623215362844 -3.87872656441305 4.47921095512523 -0.507668466550643
9.23199999999997 2.42301989809049 3.73092932661416 -5.38415647369828 -3.84355066281505 4.51361793206335 -0.519658539561111
9.24799999999959 2.42301989809049 3.73092932661416 -5.38415647369828 -3.84452435392633 4.5590600158383 -0.569801540564727
9.3119999999999 2.61507271073853 3.62084957990658 -5.27928433002432 -3.69255867352693 4.70626351719697 -0.70011622158371
9.33699999999953 2.61507271073853 3.62084957990658 -5.27928433002432 -3.64487567662306 4.7047466478192 -0.744348336031394
9.35299999999916 2.6074767632728 3.5218666253636 -5.17856354621063 -3.60982773902599 4.73921434501732 -0.756315225729338
9.43999999999869 2.6074767632728 3.5218666253636 -5.17856354621063 -3.55109180496767 4.79861230792704 -0.697757474272582
9.47999999999956 2.50562131883376 3.52827432696813 -5.08066354724087 -3.47852436853814 4.77642300401192 -0.621321563428934
9.48799999999937 2.50562131883376 3.52827432696813 -5.08066354724087 -3.47852436853814 4.77642300401192 -0.621321563428934
9.5049999999992 2.50562131883376 3.52827432696813 -5.08066354724087 -3.4548103872341 4.80122706027172 -0.550764109299354
9.56899999999951 2.40579693877688 3.53382272305043 -5.08273922717103 -3.38339858049009 4.82447313249545 -0.52443215711703
9.59199999999873 2.40579693877688 3.53382272305043 -5.08273922717103 -3.38339858049009 4.82447313249545 -0.52443215711703
9.60799999999836 2.40579693877688 3.53382272305043 -5.08273922717103 -3.41854355687641 4.79003688805875 -0.512550135699755
9.68799999999828 2.20208604989881 3.5466381262595 -4.88693922923164 -3.46003118314712 4.46662333279374 -0.353382026905891
9.72899999999936 2.10023060545977 3.55304582786408 -4.78903923026189 -3.4813094617778 4.30486291207689 -0.273980721503704
9.74399999999878 2.10023060545977 3.55304582786408 -4.78903923026189 -3.51664163655554 4.27049803250351 -0.262053391898012
9.8169999999991 1.99837516102074 3.55945352946861 -4.69113923129214 -3.46812258109574 4.22316971081676 -0.256514847997035
9.83999999999833 1.990779213555 3.46047057492575 -4.59041844747844 -3.40706497618229 4.13987189241991 -0.283524190715967
9.85599999999977 1.98874814917286 3.46132988044798 -4.49044276857859 -3.35860194785743 4.09250409671785 -0.27813282503619
9.94399999999951 1.76224941789758 3.17719642002811 -3.99248041919805 -3.12466124638985 3.60714682581839 -0.391565306481212
9.98399999999856 1.76021835351543 3.17805572555039 -3.89250474029814 -3.07639413798893 3.55968254660774 -0.386674985684762
10.0479999999989 1.53575068662231 2.8930629596083 -3.49451806981756 -2.79988041636881 3.31023315935229 -0.325655427328026
10.0799999999999 1.41464121848751 2.70322336317133 -2.99522514542076 -2.47625383159898 3.01208050891498 -0.262209139437098
10.1519999999982 1.07718834098818 2.22495377870337 -2.49784826614285 -1.91643399416222 2.37917495518304 -0.0853044347414731
10.1849999999995 1.07162345790459 2.12511151863811 -2.49710316122906 -1.90393660377467 2.34351090992348 -0.118768530044708
10.2649999999994 0.643444902133396 1.85293415590513 -1.90331649280898 -1.43272958460543 1.90815034641409 0.0987573777320503
10.2879999999986 0.311556907717648 1.47450683150237 -1.40668471844486 -1.03404057571142 1.49521430245983 0.238357226183544
10.3759999999984 0.0759594746573491 0.989829545429757 -1.00720783813676 -0.556365991460728 1.01739261187449 0.411670901498739
10.4079999999994 0.0703945915737627 0.889987285364498 -1.00646273322297 -0.52193430836207 1.00386311483813 0.447744092235671
10.4799999999996 -0.365379911663158 0.518826968088547 -0.311955280989253 -0.118913090959917 0.641932772473023 0.682943342388561
10.5119999999988 -0.687640894231023 0.238523292706475 -0.0160199693386858 0.133022161114505 0.368593893110777 0.806605052518377
10.5849999999991 -0.910077496742002 -0.0473287787579011 0.281991022242039 0.303574241142867 0.157816108820025 0.892275301863905
10.6239999999998 -1.00990187679889 -0.041780382675654 0.279915342311881 0.337560869014546 0.143549470014946 0.927842833674561
10.6879999999983 -1.23030741492772 -0.328491759662199 0.477950654992696 0.550622883773923 -0.166150738815648 1.06018600621811
10.7209999999995 -1.34532368991607 -0.520909272665904 0.67731654268988 0.60292868539913 -0.348174857751363 1.11993071267908
10.8009999999995 -1.45274401743869 -0.614343831126575 0.775961646573364 0.691783936299923 -0.496352669156837 1.1674394118077
10.8399999999983 -1.45477508182084 -0.613484525604292 0.875937325473274 0.725444388141497 -0.511013421405579 1.20266973047694
10.848 -1.56219540934346 -0.706919084064964 0.974582429356758 0.77139923037053 -0.560859875415354 1.20270950607224
10.9199999999983 -1.77703606438871 -0.893788200986307 1.17187263712384 0.963982163705678 -0.705040151493429 1.30797398904736
10.9439999999995 -1.78463201185444 -0.992771155529283 1.27259342093748 1.00982256117605 -0.755022848113724 1.30775165885083
11.0239999999994 -1.88445639191133 -0.987222759447036 1.27051774100732 1.03981143944971 -0.818833162016883 1.38974878568331
11.0639999999985 -1.98428077196822 -0.981674363364732 1.26844206107717 1.09939059166998 -0.94675263006246 1.55355639644745
11.1359999999986 -2.39320530404364 -1.05760442805627 1.46083580407009 1.26695916670073 -1.24859819345373 2.03237955047138
11.1679999999997 -2.59488512853956 -1.04564833036949 1.55666012310968 1.29584499319415 -1.3132613819194 2.11388068370827
11.1849999999995 -2.59488512853956 -1.04564833036949 1.55666012310968 1.29584499319415 -1.3132613819194 2.11388068370827
11.2649999999994 -2.59488512853956 -1.04564833036949 1.55666012310968 1.22524935673741 -1.33161519479845 2.09090672356315
11.3039999999983 -2.60045001162315 -1.14549059043475 1.55740522802347 1.15466752765749 -1.35001097888079 2.06794330052035
11.3759999999984 -2.70230545606218 -1.13908288883016 1.65530522699322 1.12153134304474 -1.33464795443928 2.03311031891884
11.3999999999996 -2.70230545606218 -1.13908288883016 1.65530522699322 1.12153134304474 -1.33464795443928 2.03311031891884
11.4169999999995 -2.70230545606218 -1.13908288883016 1.65530522699322 1.12153134304474 -1.33464795443928 2.03311031891884
11.4969999999994 -2.8097257835848 -1.23251744729083 1.75395033087671 1.06750025138515 -1.33911863109142 1.9279408199186
11.5359999999982 -2.8097257835848 -1.23251744729083 1.75395033087671 1.06750025138515 -1.33911863109142 1.9279408199186
11.6079999999984 -2.8097257835848 -1.23251744729083 1.75395033087671 1.08397958688681 -1.32511767129353 1.84572194193505
11.6319999999996 -2.8097257835848 -1.23251744729083 1.75395033087671 1.08397958688681 -1.32511767129353 1.84572194193505
11.6489999999994 -2.8097257835848 -1.23251744729083 1.75395033087671 1.08397958688681 -1.32511767129353 1.84572194193505
11.7369999999992 -2.8097257835848 -1.23251744729083 1.75395033087671 1.17908959381676 -1.37668382257411 1.79763918012599
11.7759999999998 -2.81529066666839 -1.33235970735609 1.7546954357905 1.17908959381676 -1.37668382257411 1.79763918012599
11.7919999999995 -2.81529066666839 -1.33235970735609 1.7546954357905 1.17908959381676 -1.37668382257411 1.79763918012599
11.848 -2.90751909925954 -1.22782835673075 1.65189897204664 1.2454176669967 -1.40729568104252 1.86722068013275
11.8809999999994 -2.89789208741166 -1.12970470771006 1.45120250933303 1.25766415248723 -1.48603151654656 2.03086673134077
11.8959999999988 -2.99215158438496 -1.02431405156256 1.44838172448914 1.31155645297202 -1.48190538449976 2.13596073812796
11.9839999999986 -3.08641108135826 -0.91892339541505 1.44556093964519 1.3486852523675 -1.49221517176687 2.32328437667741
12.0239999999994 -3.08084619827466 -0.819081135349791 1.4448158347314 1.3318842018293 -1.50650847778833 2.40549156196329
12.0409999999993 -3.17307463086582 -0.714549784724511 1.3420193709876 1.26984933935632 -1.47008751262519 2.48855083633585
12.1049999999996 -3.14675296976717 -0.316899355508156 1.13908759353268 0.933969476296398 -1.35597066306244 2.8791331448264
12.1279999999988 -3.13359213921785 -0.118074140899921 1.03762170480525 0.854824073454877 -1.33329941255273 3.04392038057428
12.232 -3.21822462434327 0.0854401642683342 0.834104457247747 0.598821076280821 -1.19714051629191 3.06897643940423
12.2649999999994 -3.09764346627132 0.377699937337184 0.633993464636717 0.288799068435536 -1.06576275035993 2.98767698127562
12.3279999999995 -2.85851221450958 0.963078788997223 0.333747158314736 -0.406487907676045 -0.692322703067707 2.73862892736113
12.3529999999992 -2.74702975822266 1.05479473641338 0.0351506966314332 -0.601509246584866 -0.595837696921955 2.67811460236394
12.3679999999986 -2.74702975822266 1.05479473641338 0.0351506966314332 -0.601509246584866 -0.595837696921955 2.67811460236394
12.4559999999983 -2.52865528447599 1.34236541892227 -0.0629089371495297 -0.942384623479169 -0.406116432674755 2.50926963582028
12.4879999999994 -2.30824974634715 1.62907679590893 -0.260944249830288 -1.29649222796064 -0.18274737997719 2.37311342416736
12.5599999999995 -1.9763617519314 2.00750412031164 -0.757576024194407 -1.8480125259256 0.131989852463009 2.17119976167038
12.5919999999987 -1.97433068754926 2.00664481478941 -0.857551703094316 -1.88166318391876 0.145806804945185 2.13520360391559
12.6079999999984 -1.97433068754926 2.00664481478941 -0.857551703094316 -1.88166318391876 0.145806804945185 2.13520360391559
12.6879999999983 -1.44076286863759 2.3731160415054 -1.45000779649797 -2.27883375510333 0.732817565007971 1.73576296230428
12.7289999999994 -1.12203570477117 2.55271815129993 -1.84517368213466 -2.52781368221645 1.04952640042001 1.55495620768683
12.7439999999988 -1.11443975730543 2.65170110584296 -1.9458944659483 -2.60865756342557 1.11148638003685 1.51544236738667
12.8089999999993 -1.0125843128664 2.64529340423837 -2.04379446491805 -2.65295520478339 1.20724577580466 1.46378189040389
12.8399999999983 -0.905163985343787 2.73872796269904 -2.14243956880154 -2.74421422939929 1.35165819791377 1.40872858932343
12.848 -0.897568037878042 2.83771091724202 -2.24316035261523 -2.72015471474799 1.42142950213679 1.43006131034786
12.9529999999995 -0.154724447004725 3.29120900081415 -3.03216154887218 -3.07522916806627 2.14936772231576 1.21120372714485
12.9839999999986 -0.154724447004725 3.29120900081415 -3.03216154887218 -3.05138904874013 2.21927164230094 1.23230220834448
12.9919999999984 -0.154724447004725 3.29120900081415 -3.03216154887218 -3.08612697425253 2.23180484679449 1.19524660034716
13.0719999999983 0.171598664327437 3.56979406515177 -3.52804821832251 -3.24881650459426 2.58807404643412 1.10132936498576
13.0959999999995 0.382905500671239 3.65596161648551 -3.82456900007566 -3.36750107047275 2.80283550844882 1.10890649242517
13.1849999999995 0.707197547621245 3.93540598634536 -4.22047999062613 -3.53222912225447 3.15796196706782 1.01221663228734
13.2159999999985 0.709228612003393 3.93454668082308 -4.32045566952604 -3.51889075296126 3.16812064954266 0.93012502044675
13.232 0.811084056442429 3.9281389792186 -4.41835566849574 -3.56587096139546 3.26226224429892 0.875756570542003
13.2959999999985 1.22963560036574 4.10219269293088 -4.81144587420221 -3.75285828834443 3.58735461092692 0.472084058516856
13.3369999999995 1.53520193368284 4.08296958811718 -5.1051458711114 -3.85917055595803 3.71373568370681 0.259289786119544
13.3449999999993 1.54076681676642 4.18281184818244 -5.10589097602519 -3.85915271631537 3.75946521706549 0.209497814223455
13.4249999999993 1.63299524935757 4.07828049755722 -5.00309451228139 -3.85919477351514 3.80517667758756 0.159685293682047
13.4639999999999 1.73281962941446 4.07273210147491 -5.00101883235124 -3.82394242335081 3.93082202715526 0.0480234575165926
13.5359999999982 2.02469682211939 3.95710395868508 -4.89407100874706 -3.7414378450429 4.10040741493521 -0.157959106461395
13.5599999999995 2.12452120217628 3.95155556260278 -4.8919953288169 -3.69343933489214 4.09874664745277 -0.202298193127261
13.5769999999993 2.12452120217628 3.95155556260278 -4.8919953288169 -3.69343933489214 4.09874664745277 -0.202298193127261
13.5849999999991 2.12452120217628 3.95155556260278 -4.8919953288169 -3.69343933489214 4.09874664745277 -0.202298193127261
13.5999999999985 2.12452120217628 3.95155556260278 -4.8919953288169 -3.69343933489214 4.09874664745277 -0.202298193127261
13.6879999999983 2.1093293072448 3.75358965351677 -4.69055376118951 -3.54814368885134 3.9567106877569 -0.185868336390707
13.7209999999995 2.20155773983595 3.64905830289155 -4.58775729744565 -3.46399274588593 3.8978505068063 -0.142686130186113
13.7919999999995 2.19396179237022 3.55007534834851 -4.48703651363206 -3.4156599035894 3.85040147675446 -0.137414200294724
13.8169999999991 2.19396179237022 3.55007534834851 -4.48703651363206 -3.36735264203838 3.80292876849033 -0.132200843548141
13.9039999999986 1.87117249973949 3.37219184959861 -3.89191927019556 -2.97173432770756 3.34370259768621 0.158927527229296
13.9359999999997 1.86560761665591 3.27234958953329 -3.89117416528177 -2.87615405294162 3.20176774361165 0.21748308343547
14 1.75818728913329 3.17891503107262 -3.79252906139828 -2.81618742120315 3.07170610490909 0.238318433853505
14.0329999999994 1.65633184469425 3.18532273267721 -3.69462906242859 -2.68586779733687 2.91721139360568 0.33348655227484
14.1129999999994 1.02444240004499 2.92596077315324 -2.90504239606901 -2.20279528761179 2.35431861552353 0.623085036915535
14.1439999999984 1.01684645257926 2.8269778186102 -2.80432161225536 -2.11062448468952 2.16372182630321 0.727678237641387
14.2159999999985 0.909426125056637 2.73354326014959 -2.70567650837182 -2.01614084243243 2.0666833584525 0.734380982070789
14.2479999999996 0.792378785686132 2.54198505266817 -2.40633494177473 -1.94407636005926 1.94673985946853 0.670560034086165
14.3369999999995 0.141763627403961 1.98395561847082 -1.51453728177398 -1.48930954352597 1.438515674305 0.39444510717728
14.3679999999986 0.0343432998813391 1.89052106001014 -1.41589217789044 -1.47683329807347 1.40293078488229 0.360611709452327
14.4249999999993 0.0267473524156046 1.79153810546717 -1.3151713940768 -1.38274088777649 1.30571405375494 0.365625600025424
14.4559999999983 0.0115554574841354 1.59357219638122 -1.11372982644946 -1.20555071521516 1.19392153717818 0.360718101408951
14.5439999999999 -0.452043461170724 0.723200578779085 -0.415496849646843 -0.583201567460219 0.711957924541712 0.394188554717461
14.5769999999993 -0.459639408636459 0.62421762423611 -0.3147760658332 -0.524031034608787 0.627612593094732 0.361381019749972
14.6399999999994 -0.567059736159081 0.530783065775438 -0.216130961949602 -0.374606171497449 0.537734274202337 0.470445951849323
14.6639999999989 -0.676511128063851 0.438207812836936 -0.0175101791662087 -0.247194184256558 0.425814766845054 0.508851657138468
14.6799999999985 -0.689671958613172 0.239382598228701 0.0839557095612236 -0.16884491868882 0.314847713741052 0.593469445667528
14.7599999999984 -0.925269391673478 -0.245294687843852 0.483432589869381 0.301184169973238 -0.0303436818845795 0.847018445989477
14.8009999999995 -1.02509377173036 -0.239746291761605 0.481356909939223 0.301184169973238 -0.0303436818845795 0.847018445989477
14.8719999999994 -1.33622498813105 -0.320365447013103 0.77580201176221 0.535320433655769 -0.179484947607237 1.14246876817396
14.9039999999986 -1.54346969571056 -0.408251609391527 0.872371435715593 0.700964563477885 -0.301172679227208 1.36647888834151
14.9199999999983 -1.54903457879415 -0.508093869456786 0.873116540629326 0.743617945978802 -0.399797204617019 1.41378284181189
15 -1.65645490631676 -0.601528427917458 0.97176164451281 0.807485006543681 -0.47818808830876 1.53138229344919
15.0409999999993 -1.75627928637364 -0.595980031835154 0.969685964582652 0.807485006543681 -0.47818808830876 1.53138229344919
15.0479999999989 -1.75627928637364 -0.595980031835154 0.969685964582652 0.878154188729984 -0.45912832928168 1.55479183890255
15.1209999999992 -1.9655550583353 -0.683006888691295 1.16623106743594 0.936627485216956 -0.40497204493541 1.61345868997099
15.1439999999984 -1.9655550583353 -0.683006888691295 1.16623106743594 0.936627485216956 -0.40497204493541 1.61345868997099
15.1599999999999 -2.07297538585792 -0.77644144715191 1.26487617131949 0.936627485216956 -0.40497204493541 1.61345868997099
15.1679999999997 -2.07094432147577 -0.777300752674194 1.16490049241958 0.936627485216956 -0.40497204493541 1.61345868997099
15.2559999999994 -2.17686189467911 -0.769174440025154 1.46275184918909 0.940060548906012 -0.356103417498769 1.56641911158795
15.2879999999986 -2.27668627473599 -0.76362604394285 1.46067616925887 0.884953666429538 -0.361480778521463 1.46067326818887
15.3529999999992 -2.38613766664076 -0.856201296881295 1.65929695204233 0.866796881119631 -0.333022926290312 1.34311715983035
15.3759999999984 -2.38613766664076 -0.856201296881295 1.65929695204233 0.866796881119631 -0.333022926290312 1.34311715983035
15.4799999999996 -2.49152692978124 -0.95049516086425 1.65796637702596 0.915216949090116 -0.42518747004817 1.5429822604735
15.5119999999988 -2.68914462551286 -0.940257674221982 1.55383933826573 0.945346777261509 -0.488994328031652 1.62522821685597
15.5689999999995 -2.68914462551286 -0.940257674221982 1.55383933826573 0.975343074446043 -0.552901063255755 1.70741130723742
15.5999999999985 -2.68914462551286 -0.940257674221982 1.55383933826573 0.975343074446043 -0.552901063255755 1.70741130723742
15.6959999999999 -2.89082445000878 -0.928301576535091 1.64966365730533 0.935388592074219 -0.81772596959532 1.87168458424131
15.7289999999994 -2.99064883006567 -0.922753180452844 1.64758797737517 0.931486115660917 -0.866706728870858 1.91858591263851
15.7439999999988 -2.99064883006567 -0.922753180452844 1.64758797737517 0.894189909894555 -0.900547736108872 1.93042160657654
15.8089999999993 -2.99064883006567 -0.922753180452844 1.64758797737517 0.92752475127644 -0.915701009627688 1.96547254799964
15.8319999999985 -2.99064883006567 -0.922753180452844 1.64758797737517 0.92752475127644 -0.915701009627688 1.96547254799964
15.848 -3.0925042745047 -0.916345478848314 1.74548797634492 0.923504497983861 -0.964708748505626 2.01234457580876
15.9359999999997 -3.08490832703896 -0.817362524305281 1.64476719253122 0.952236419047918 -1.21132464712282 2.19923363985675
15.9759999999987 -3.08490832703896 -0.817362524305281 1.64476719253122 0.985383652680031 -1.22666771882661 2.23415533743828
16.0409999999993 -3.08693939142111 -0.816503218783055 1.74474287143113 0.99762049546702 -1.26179322387636 2.19872124247535
16.0719999999983 -3.08693939142111 -0.816503218783055 1.74474287143113 0.976732991389282 -1.28158148217808 2.12839088550553
16.1599999999999 -2.98155012828063 -0.7222093548001 1.7460734464475 1.00554664678105 -1.30272626103818 2.01075212210408
16.1929999999993 -2.97951906389849 -0.723068660322326 1.64609776754759 1.00554664678105 -1.30272626103818 2.01075212210408
16.2649999999994 -2.97192311643275 -0.624085705779407 1.54537698373389 1.0098663372294 -1.29691362325116 2.1632767055125
16.2959999999985 -3.0641515490239 -0.519554355154128 1.44258051999003 1.06386259808494 -1.29256722351249 2.26849453964746
16.3039999999983 -3.06212048464176 -0.520413660676411 1.34260484109018 1.01411140824976 -1.29119586018179 2.31580464616864
16.3999999999996 -3.04692858971029 -0.32244775159046 1.14116327346284 1.01828148321105 -1.2855726676237 2.46833584528262
16.4319999999989 -3.04692858971029 -0.32244775159046 1.14116327346284 0.973002981731862 -1.2349642127667 2.46887394068466
16.4969999999994 -3.01504204552805 0.175044937691212 0.937486391094126 0.730857128980375 -0.856727070566895 2.64691552870632
16.5279999999984 -2.99985015059658 0.373010846777163 0.736044823466784 0.615847556943087 -0.685127232813322 2.71747474749136
16.5439999999999 -2.99985015059658 0.373010846777163 0.736044823466784 0.603724510772325 -0.649886809797316 2.7526597730848
16.6319999999996 -2.97706230819938 0.66995971040609 0.4338824720258 0.351159168014842 -0.466164997620996 2.72829901652604
16.6719999999987 -2.85241902136314 0.96050087243043 0.0338201216150082 -0.055724399786447 -0.284997714845125 2.69011000644343
16.7519999999986 -2.60772288651781 1.64572198415578 -0.267171289620762 -0.758976059705787 0.174709756152605 2.57236856148595
16.7759999999998 -2.60569182213566 1.6448626786335 -0.367146968520728 -0.829911353590058 0.155505565762823 2.54832382324108
16.7919999999995 -2.60012693905207 1.74470493869876 -0.367892073434518 -0.829911353590058 0.155505565762823 2.54832382324108
16.8809999999994 -2.16638350019729 2.11672456149699 -0.962423846768274 -1.37233942021352 0.616264647419179 2.20242522548656
16.9119999999984 -1.84818464639373 2.39874684792358 -1.05840780061908 -1.67779327246729 0.881743618406074 1.96684363024027
16.9759999999987 -1.62928186258419 2.58389735380041 -1.45564936618587 -2.03410001357589 1.14669239540454 1.77486018779783
17.0079999999998 -1.62928186258419 2.58389735380041 -1.45564936618587 -2.03410001357589 1.14669239540454 1.77486018779783
17.0879999999997 -0.990324780532053 3.04466244449929 -2.04677488457315 -2.61882224459309 1.65279663819163 1.33011806965837
17.1279999999988 -0.776986879806103 3.12997069031093 -2.44327134522621 -2.89797328738121 1.84967457114767 1.17228461563269
17.1929999999993 -0.667535487901333 3.22254594324937 -2.6418921280096 -3.01263532153553 1.96989428149833 1.04584104931364
17.2239999999983 -0.562146224760859 3.31683980723233 -2.64056155299323 -3.05983998181291 2.01828527881697 1.04198144772013
17.3039999999983 0.167536535563141 3.57151267619628 -3.32809686052275 -3.39846615343156 2.57744801968744 0.849397724449173
17.3449999999993 0.376812307524798 3.65853953305231 -3.52464196337593 -3.45748398641264 2.70771321934812 0.828429396016579
17.3599999999988 0.382377190608384 3.75838179311756 -3.52538706828972 -3.50507524725696 2.75577061012667 0.82385081156193
17.4249999999993 0.386439319372681 3.75666318207305 -3.72533842608954 -3.58776246067082 2.81582945362756 0.781835910749904
17.4559999999983 0.597746155716475 3.84283073340691 -4.02185920784268 -3.68226551133814 2.95780128061304 0.722894341536932
17.4719999999998 0.699601600155511 3.83642303180233 -4.11975920681238 -3.72925845277762 3.05169258368433 0.668541878150032
17.5599999999995 1.22760453598359 4.10305199845311 -4.7114701953023 -4.01485828634228 3.52149020995574 0.439125862933339
17.5919999999987 1.22760453598359 4.10305199845311 -4.7114701953023 -4.01485828634228 3.52149020995574 0.439125862933339
17.6639999999989 1.5291087405364 4.08554750468397 -4.80521883441173 -3.94320815370999 3.63560268812729 0.365398074246649
17.6959999999999 1.83264400947135 4.06718370539261 -4.99894315242108 -3.9786409972552 3.69280872768789 0.277805358492477
17.7679999999982 2.04191978143301 4.15421056224881 -5.19548825527426 -3.9430378432483 3.81838814321012 0.166160910583187
17.8089999999993 2.14174416148989 4.1486621661665 -5.1934125753441 -3.9430378432483 3.81838814321012 0.166160910583187
17.8889999999992 2.33582803852007 4.03772311393669 -5.18851611056999 -3.80080944300649 3.95542029023284 0.118289306091032
17.9119999999984 2.43008753549337 3.93233245778919 -5.1856953257261 -3.7655268433718 4.03539887778172 0.056472355213744
18 2.52991191555026 3.92678406170688 -5.18361964579594 -3.68166295441926 4.02224690634359 0.0500666985776076
18.0239999999994 2.52788085116811 3.92764336722911 -5.08364396689603 -3.63359339697107 4.02054710469937 0.0057109323464225
18.0409999999993 2.52584978678597 3.92850267275139 -4.98366828799618 -3.58524343720563 3.97309132968764 0.0111590628273362
18.0559999999987 2.51825383932023 3.82951971820836 -4.88294750418248 -3.53691931390433 3.92561169385425 0.0165486113358083
18.1209999999992 2.40677138303331 3.7378037707922 -4.58435104249912 -3.24757341364084 3.68622632186289 -0.00196299425364653
18.1439999999984 2.50103088000661 3.63241311464469 -4.58153025765517 -3.22246857389984 3.61439571363871 -0.0672925349871682
18.2399999999998 2.39157948810184 3.53983786170625 -4.38290947487178 -3.07802782485391 3.47153412790469 -0.0526184055301631
18.2729999999992 2.28212809619707 3.44726260876791 -4.18428869208844 -2.90887188160525 3.21057798063367 -0.0547913711167644
18.3369999999995 1.95227116616347 3.06797597884281 -3.78763259662423 -2.54887982862026 2.75788047070168 -0.0414768754871178
18.3679999999986 1.94820903739918 3.06969458988732 -3.58768123882442 -2.48856324117185 2.67418989882213 -0.0706156276656073
18.4399999999987 1.82913063364652 2.87899568792818 -3.18836399332741 -2.22680276965764 2.50431612634044 -0.0302484772651639
18.4799999999996 1.50686965107866 2.59869201254611 -2.8924286816769 -1.89378145998604 2.1674882539091 -0.00581889978480683
18.4969999999994 1.39741825917389 2.50611675960766 -2.69380789889345 -1.70398882470165 1.97454208135026 0.00685933735436601
18.5689999999995 1.063499200376 2.12854874072713 -2.09720044562943 -1.2199929297016 1.59602793725615 0.0903223651495933
18.5919999999987 1.1577586973493 2.02315808457968 -2.09437966078548 -1.24355354212023 1.52623530475286 0.0683922045758652
18.6079999999984 1.05793431729241 2.02870648066198 -2.09645534071564 -1.20885097485236 1.51325474841714 0.104793883867141
18.7039999999997 0.303960960251914 1.37552387695933 -1.30596393463122 -0.430334106048209 0.858117426179919 0.499029951615947
18.7439999999988 0.0870892408245219 1.18951406556022 -1.00869804796429 -0.140802240487533 0.620470746315787 0.612531714949522
18.7599999999984 0.0774622289766427 1.09139041653953 -0.808001585250736 -0.0600120344478635 0.557376172554341 0.649587104863322
18.8239999999987 0.0754311645944945 1.09224972206175 -0.708025906350827 0.00837194052187956 0.529476892148915 0.72116673844767
18.8559999999998 -0.239233870507636 0.910929001222598 -0.512811378513959 0.11818454708105 0.355664224917969 0.888900288523075
18.8719999999994 -0.346654198030251 0.817494442761983 -0.414166274630418 0.183666292706993 0.279040835735157 1.00777478934824
18.9529999999995 -0.978015332616661 0.455712306606017 0.0762384599432266 0.523062425600077 -0.0945410847741202 1.51788672183628
18.9919999999984 -0.983580215700247 0.355870046540815 0.0769835648569597 0.523062425600077 -0.0945410847741202 1.51788672183628
19.0079999999998 -0.983580215700247 0.355870046540815 0.0769835648569597 0.523062425600077 -0.0945410847741202 1.51788672183628
19.0799999999999 -1.29674249648308 0.276110196811487 0.471404345579856 0.498322330528767 -0.163719329189187 1.49469310457859
19.1129999999994 -1.51158315152832 0.0892410798900869 0.668694553346882 0.473597561136973 -0.232899727483304 1.47151722030311
19.1209999999992 -1.61140753158521 0.0947894759723908 0.666618873416724 0.473597561136973 -0.232899727483304 1.47151722030311
19.2079999999987 -1.71679679472568 0.000495611989435929 0.665288298400299 0.402914631893753 -0.252229325051459 1.44796677346731
19.2399999999998 -1.72236167780927 -0.0993466480757661 0.666033403314088 0.448888069459551 -0.302082267978304 1.44835902636096
19.3039999999983 -1.73198868965715 -0.197470297096459 0.866729866027697 0.544106943563927 -0.353208139710758 1.40178436775576
19.3369999999995 -1.73958463712288 -0.296453251639434 0.967450649841339 0.627033695111544 -0.369121027990117 1.39017012426113
19.4169999999995 -1.74514952020647 -0.396295511704693 0.968195754755129 0.672972064749169 -0.419018813032149 1.39035509123997
19.4559999999983 -1.75274546767221 -0.495278466247669 1.06891653856883 0.718891693159146 -0.468934302534834 1.39048210678019
19.5279999999984 -1.76590629822153 -0.694103680855847 1.17038242729626 0.914671396620147 -0.703898439534747 1.35513956614161
19.5599999999995 -1.77350224568727 -0.793086635398765 1.27110321110996 0.926967126101352 -0.739019745640716 1.31985802653029
19.6489999999994 -1.871295561362 -0.788397544838801 1.16905185227989 1.0362100032475 -0.867751392847799 1.43666333839264
19.6799999999985 -1.97668482450247 -0.882691408821756 1.16772127726347 1.1610961144917 -0.98297952854316 1.47084039626891
19.6959999999999 -1.97871588888462 -0.881832103299473 1.26769695616338 1.34409653983865 -1.04462390397931 1.56320045758894
19.7679999999982 -2.0841051520251 -0.976125967282428 1.26636638114701 1.5352645909194 -1.19103515239072 1.66629317956275
19.8009999999995 -2.0841051520251 -0.976125967282428 1.26636638114701 1.5352645909194 -1.19103515239072 1.66629317956275
19.8089999999993 -2.18392953208198 -0.970577571200181 1.26429070121685 1.5352645909194 -1.19103515239072 1.66629317956275
19.9039999999986 -2.48543373663479 -0.953073077431043 1.35803934032629 1.56079980194127 -1.34914134045809 1.99360091317164
19.9439999999995 -2.68154867804712 -0.84127471967895 1.45311855445203 1.57742254888928 -1.37907925928098 2.1105955971129
19.9609999999993 -2.68154867804712 -0.84127471967895 1.45311855445203 1.61053930128244 -1.39469164419857 2.14532466470317
20.0329999999994 -2.78137305810401 -0.835726323596646 1.45104287452187 1.59835091223645 -1.35969215739855 2.1810409991522
20.0639999999985 -2.8811974381609 -0.830177927514342 1.44896719459172 1.50335414428954 -1.30782527646258 2.22944835096748
20.0799999999999 -2.98102181821778 -0.824629531432095 1.44689151466156 1.45803956606072 -1.25720330541783 2.23029991155639
20.1599999999999 -3.17713675963011 -0.712831173680001 1.54197072878736 1.29336258954208 -1.08456972397225 2.35027738349444
20.2009999999991 -3.17713675963011 -0.712831173680001 1.54197072878736 1.29336258954208 -1.08456972397225 2.35027738349444
20.2159999999985 -3.17157187654653 -0.612988913614799 1.54122562387357 1.28121228858223 -1.04948850883776 2.38580986148404
20.2799999999988 -3.07174749648964 -0.618537309697103 1.54330130380373 1.1694097727808 -0.967917571244357 2.31641544426768
20.3199999999997 -3.07174749648964 -0.618537309697103 1.54330130380373 1.09073697609306 -0.901973798447779 2.28183522640787
20.3279999999995 -3.07174749648964 -0.618537309697103 1.54330130380373 1.09073697609306 -0.901973798447779 2.28183522640787
20.4169999999995 -3.07174749648964 -0.618537309697103 1.54330130380373 1.0574577751564 -0.886605507116571 2.24679887997819
20.4559999999983 -2.96432716896702 -0.525102751236432 1.44465619992025 1.02416567256143 -0.871270290587399 2.21175103721252
20.4719999999998 -2.96432716896702 -0.525102751236432 1.44465619992025 0.99086068858769 -0.855968165782533 2.17669171659443
20.5359999999982 -2.96229610458487 -0.525962056758715 1.34468052102039 0.903078473573775 -0.845412412259404 2.03613126269894
20.5689999999995 -2.96229610458487 -0.525962056758715 1.34468052102039 0.903078473573775 -0.845412412259404 2.03613126269894
20.5769999999993 -2.96229610458487 -0.525962056758715 1.34468052102039 0.903078473573775 -0.845412412259404 2.03613126269894
20.6569999999992 -2.95470015711913 -0.426979102215739 1.24395973720669 0.920157802983111 -0.874494066335564 2.15341871284688
20.7119999999995 -2.94507314527125 -0.32885545319499 1.04326327449314 0.899675386616733 -0.937441169355271 2.2824822588025
20.7679999999982 -2.93747719780551 -0.229872498652014 0.942542490679386 0.883254122570905 -0.951350302334631 2.36467260942091
20.8089999999993 -2.93544613342337 -0.230731804174241 0.842566811779534 0.883254122570905 -0.951350302334631 2.36467260942091
20.9039999999986 -2.89799470615755 0.366603145172576 0.638144824497033 0.423381866180719 -0.635599386530453 2.31831621078719
20.9439999999995 -2.88483387560823 0.56542835978081 0.536678935769658 0.228055717234624 -0.53882746041191 2.25897622338109
20.9609999999993 -2.88483387560823 0.56542835978081 0.536678935769658 0.182418075405218 -0.488611371472278 2.2585884307543
21.0159999999996 -2.87723792814249 0.664411314323786 0.435958151955958 0.136761369041875 -0.438413211310347 2.25814293019404
21.0479999999989 -2.76981760061987 0.757845872784571 0.337313048072474 -0.0253990900457504 -0.357043535347693 2.23343381399913
21.0639999999985 -2.76222165315413 0.85682882732749 0.236592264258718 -0.11686709965392 -0.256832390397447 2.23207472305342
21.1519999999982 -2.62441753576857 1.34619520396006 -0.26493597487945 -0.701486899873569 0.216973660482755 2.09170182373662
21.1929999999993 -2.61682158830284 1.44517815850304 -0.365656758693149 -0.701486899873569 0.216973660482755 2.09170182373662
21.2009999999991 -2.61682158830284 1.44517815850304 -0.365656758693149 -0.735230518503473 0.231275945719003 2.05587454148377
21.2649999999994 -2.40198093325759 1.63204727542438 -0.562946966460174 -0.984048824763535 0.506419133051009 1.93004971228144
21.3039999999983 -2.07415506760614 2.01219321087171 -0.859627383024474 -1.3389527713953 0.77407544265819 1.74204803731042
21.3199999999997 -2.06655912014041 2.11117616541469 -0.960348166838116 -1.46581382691901 0.886521144339963 1.70151777611124
21.3369999999995 -1.95710772823564 2.20375141835314 -1.15896894962157 -1.54637177873646 0.949476307436475 1.66298705336436
21.3449999999993 -1.95710772823564 2.20375141835314 -1.15896894962157 -1.5928566000852 0.998734157957222 1.66063011866188
21.4249999999993 -1.84562527194872 2.2954673657693 -1.45756541130481 -1.70771490010343 1.0750453190226 1.58554731750121
21.4639999999999 -1.62875355252134 2.48147717716836 -1.7548312979718 -1.90362252132987 1.2135140317859 1.47117557488654
21.4799999999996 -1.41947778055967 2.56850403402456 -1.95137640082504 -1.98459334700676 1.27583350806537 1.43197582224805
21.5439999999999 -0.889972090412311 2.936693871785 -2.34388113642899 -2.27274857822752 1.55794138156123 1.26197838268378
21.5769999999993 -0.887941026030163 2.93583456626271 -2.44385681532884 -2.30720613329253 1.57094705885744 1.22533691400102
21.5849999999991 -0.887941026030163 2.93583456626271 -2.44385681532884 -2.30720613329253 1.57094705885744 1.22533691400102
21.6799999999985 -0.452166522793231 3.30699488353878 -3.13836426756257 -2.75254542824534 1.98571028582382 1.12440115735915
21.7289999999994 -0.0315839144877792 3.48018929172878 -3.63143015216895 -3.02331188397561 2.24054104121881 1.06821224148954
21.7919999999995 0.0778674774169907 3.57276454466728 -3.8300509349524 -3.08168620796146 2.37129393077076 1.04814052764886
21.8169999999991 0.0778674774169907 3.57276454466728 -3.8300509349524 -3.12903724051078 2.41961907272973 1.04399436970363
21.9039999999986 0.705694793301955 3.83384511523559 -4.4196862435121 -3.5282956745795 2.92001018324033 0.790579213670709
21.9439999999995 0.922566512729354 4.01985492663476 -4.71695213017898 -3.70591318729953 3.12182468402014 0.689142829789488
22.0159999999996 1.02645302155053 4.01258791950795 -4.91482780804864 -3.78899323693313 3.18149986845083 0.646591906328176
22.0559999999987 1.23572879351218 4.09961477636409 -5.11137291090188 -3.89634884266203 3.40482604500395 0.569583068752983
22.1439999999984 1.66187628490123 4.37265144461941 -5.60518390042205 -4.15078398709479 4.04982286487148 0.41032614752851
22.1849999999995 1.76170066495811 4.3671030485371 -5.60310822049189 -4.1634840303452 4.13149778147152 0.392566770642506
22.2479999999996 1.96338048945404 4.35514695085027 -5.69893253953148 -4.15156774756582 4.23207110601635 0.210371955918935
22.2799999999988 2.26488469400684 4.33764245708113 -5.79268117864092 -4.18871903698203 4.37973157153142 0.0220349355423545
22.2959999999985 2.36674013844587 4.3312347554766 -5.89058117761061 -4.22525154006185 4.43626293006276 -0.0662678588673035
22.3759999999984 2.67027540738082 4.31287095618518 -6.0843054956199 -4.25164673401735 4.59254113496218 -0.337357557889857
22.4169999999995 2.67027540738082 4.31287095618518 -6.0843054956199 -4.21643285642583 4.62690872649768 -0.349352858415341
22.4319999999989 2.77009978743771 4.30732256010293 -6.08222981568974 -4.21737848541134 4.67219702109499 -0.399615465104736
22.4969999999994 3.06603910890693 4.18997580626859 -6.17523334988545 -4.21031730796392 4.86228474018548 -0.683250412377401
22.5199999999986 3.15826754149808 4.08544445564331 -6.07243688614153 -4.17801858565557 4.98707725114685 -0.796059397851167
22.5359999999982 3.15826754149808 4.08544445564331 -6.07243688614153 -4.16532144508753 4.95102364548409 -0.82804952260633
22.6239999999998 3.25606085717282 4.08075536508329 -5.97038552731152 -4.13185146476785 5.03065568770091 -0.890493079821249
22.6639999999989 3.24846490970708 3.98177241054026 -5.86966474349782 -4.03513827689896 4.98239773129773 -0.928150402920049
22.6799999999985 3.24086896224135 3.88278945599734 -5.76894395968418 -4.02244519520352 4.94637113695875 -0.960198374000559
22.7519999999986 3.22567706730988 3.68482354691133 -5.56750239205684 -3.84180145181726 4.88590266312086 -1.00387583257
22.7839999999997 3.22567706730988 3.68482354691133 -5.56750239205684 -3.82912097297183 4.84991029139794 -1.03602231771272
22.7919999999995 3.22567706730988 3.68482354691133 -5.56750239205684 -3.84180145181726 4.88590266312086 -1.00387583257
22.8809999999994 2.9064215933806 3.60764161374874 -4.87315457463427 -3.46218209071138 4.55258220700302 -0.688734580398543
22.9119999999984 2.69917688580109 3.51975545137037 -4.77658515068089 -3.29068158429961 4.34441246425746 -0.501478428841036
22.9839999999986 2.48787004945729 3.43358790003651 -4.4800643689278 -3.13338899963154 4.2169831062388 -0.332390400280061
23.0159999999996 2.48787004945729 3.43358790003651 -4.4800643689278 -3.12026594009137 4.13517859265285 -0.315211848850898
23.0329999999994 2.38601460501825 3.4399956016411 -4.38216436995805 -3.07132751200463 4.04177964146287 -0.260262281531892
23.1129999999994 1.85041572172444 3.0743836804474 -3.68973259765448 -2.74355578015504 3.3254447134933 0.0171575802225597
23.1519999999982 1.74299539420182 2.98094912198667 -3.59108749377094 -2.63569189192064 3.10124913288102 0.091623321107427
23.2079999999987 1.64113994976278 2.98735682359126 -3.49318749480119 -2.62356649153281 3.01905621558465 0.107831565362089
23.2399999999998 1.52612367477443 2.79493931058755 -3.29382160710401 -2.51544408797644 2.8873603317767 0.0831013316685675
23.2559999999994 1.51852772730869 2.69595635604458 -3.19310082329037 -2.4069108515285 2.80212004470955 0.00890454570015538
23.3449999999993 0.85272067409505 1.93996101276127 -2.09986159566216 -1.84285906135575 2.07169494933832 -0.188686850201609
23.3839999999982 0.85272067409505 1.93996101276127 -2.09986159566216 -1.79535213624338 2.02355670991177 -0.185518279052717
23.3999999999996 0.847155791011463 1.84011875269601 -2.09911649074843 -1.79535213624338 2.02355670991177 -0.185518279052717
23.4639999999999 0.615092176652606 1.45614303221095 -1.60040903645421 -1.47490611397367 1.76859017288638 -0.179749728532162
23.4879999999994 0.492479954198508 1.16474256466427 -1.30032236494333 -1.23717537683005 1.57410267734669 -0.214955991599473
23.5919999999987 0.241690626206744 0.482099369505818 -0.699403917007828 -0.7764076543064 1.17242859595011 -0.206591488346522
23.6239999999998 0.141866246149863 0.487647765588065 -0.701479596937986 -0.694712296214366 1.11073197061158 -0.168489423171138
23.6319999999996 0.13630136306627 0.387805505522806 -0.700734492024196 -0.613090203953122 1.04892160072023 -0.13051440389255
23.7039999999997 -0.204685333134503 -0.191165644532646 -0.302588186732464 -0.0189362577554025 0.542506813497947 0.0625496877032256
23.7289999999994 -0.316167789421421 -0.282881591948865 -0.00399172504910439 0.191740522496545 0.416037958393413 0.0894678015522885
23.7439999999988 -0.423588116944035 -0.376316150409536 0.09465337883438 0.272642244013079 0.35314478975874 0.126032335193419
23.8239999999987 -0.531008444466664 -0.469750708870208 0.193298482717864 0.468392093140435 0.213025429669319 0.23432682502872
23.8719999999994 -0.738253152046173 -0.55763687124869 0.289867906671248 0.680499413805619 -0.00371142057189005 0.507081513899734
23.8809999999994 -0.743818035129753 -0.657479131313892 0.290613011585037 0.7948099591767 -0.0818164225906203 0.578214719610949
23.9529999999995 -1.16033851467092 -0.832392150548344 0.583727538391656 1.19537028111454 -0.493626847204386 1.00172685791174
