Time(s) x(mm) y(mm) z(mm) rx(deg) ry(deg) rz(deg)
0 -0.354214252762517 -3.72911569224635 -0.422171075492031 1.61905981918102 -1.89618417795069 -0.139649384290003
0 -0.363905651958163 -3.02995041991841 -0.454942995670365 1.45718586334687 -2.00995177550291 -0.200297224536462
0.0159999999996217 -0.365290137557537 -2.93006966672874 -0.459624698553 1.39985568314184 -2.06746639063293 -0.255268029398005
0.0320000000028813 -0.366674623156911 -2.83018891353902 -0.464306401435579 1.39985568314184 -2.06746639063293 -0.255268029398005
0.0400000000008731 -0.368059108756299 -2.73030816034924 -0.468988104318214 1.39985568314184 -2.06746639063293 -0.255268029398005
0.0560000000004948 -0.367143219287172 -2.7256135374663 -0.369102561508157 1.36488597229586 -2.10200424643101 -0.241204071916724
0.0720000000001164 -0.369443594355673 -2.63042740715957 -0.473669807200849 1.33043470166709 -2.08938050846622 -0.274792546537249
0.0879999999997381 -0.369443594355673 -2.63042740715957 -0.473669807200849 1.33043470166709 -2.08938050846622 -0.274792546537249
0.10399999999936 -0.368527704886546 -2.62573278427664 -0.373784264390792 1.33043470166709 -2.08938050846622 -0.274792546537249
0.159999999999854 -0.370380786616195 -2.42127665501437 -0.283262127345836 1.23720850444872 -1.99288129737254 -0.271322193711657
0.623999999999796 -0.202720109969775 -0.0167639121135039 -0.297697041074457 0.216626649999541 -0.643869265628151 -0.386555740052459
0.639999999999418 -0.204104595569149 0.083116841076162 -0.302378743957036 0.169495600935219 -0.596127313406195 -0.386338954773777
0.695999999999913 -0.206404970637649 0.178302971382948 -0.406945989649728 0.121827786499096 -0.502081265212701 -0.434680513694507
0.793000000001484 -0.105502860387318 0.184337615998288 -0.308040240517585 -0.0519573169733519 -0.582358987423332 -0.461444458302096
0.855999999999767 -0.00690112520550201 0.285558390920357 -0.313701737078077 -0.121550599150997 -0.605274211623664 -0.481826145751852
0.943999999999505 -0.00781701467462881 0.28086376803742 -0.413587279888134 -0.1566041544013 -0.593666342962211 -0.516299698910131
0.960000000002765 -0.00781701467462881 0.28086376803742 -0.413587279888134 -0.144440668398446 -0.629645559023707 -0.550771381863538
1.01599999999962 -0.00781701467462881 0.28086376803742 -0.413587279888134 -0.179494743134689 -0.618077530443207 -0.585235961943972
1.08799999999974 -0.00781701467462881 0.28086376803742 -0.413587279888134 -0.179494743134689 -0.618077530443207 -0.585235961943972
1.14400000000023 0.0935536917059352 0.182323036580101 -0.409885370683412 -0.201804541316882 -0.68863458772522 -0.605568688584832
1.21600000000035 0.194008508617401 0.0790876822399014 -0.506069004288861 -0.130184462044699 -0.808104522566694 -0.674613912624015
1.26400000000285 0.195392994216775 -0.0207930709497646 -0.501387301406282 -0.164682638365605 -0.842687494806011 -0.660459450551649
1.32900000000154 0.195392994216775 -0.0207930709497646 -0.501387301406282 -0.130184462044699 -0.808104522566694 -0.674613912624015
1.40100000000166 0.200015047145172 -0.425010706591593 -0.582546032685855 0.0210068724735911 -0.798067203754244 -0.668700626736434
1.45700000000215 0.20278401834392 -0.624772212970981 -0.573182626920584 0.0905181194894246 -0.775125483363939 -0.64846516547332
1.50400000000081 0.302770239125095 -0.623432191238578 -0.574162420598498 0.125017678663403 -0.740530823292704 -0.662571967817322
1.56100000000151 0.306923695923231 -0.923074450807746 -0.560117311950648 0.229046273142833 -0.683027008484798 -0.656389379379736
1.57700000000114 0.309692667121993 -1.12283595718714 -0.550753906185435 0.298002351355408 -0.613811503347012 -0.684531750864026
1.63999999999942 0.31431472005039 -1.52705359282885 -0.631912637465064 0.493302852824505 -0.416587323074418 -0.685618122111281
1.68900000000212 0.417069912030357 -1.72547507747595 -0.623529025377707 0.562932225191816 -0.393769054321417 -0.665185975546197
1.70500000000175 0.317083691249152 -1.7268150992083 -0.62254923169985 0.562932225191816 -0.393769054321417 -0.665185975546197
1.75200000000041 0.419838883229119 -1.92523658385539 -0.614165619612493 0.691096348145621 -0.408027918776845 -0.728271379829701
1.80000000000291 0.326306494314537 -2.32140499546369 -0.494573471593981 0.866462332876553 -0.46994252718203 -0.791987752323552
1.81600000000253 0.329075465513299 -2.52116650184308 -0.485210065828767 0.948107617377297 -0.483003255641209 -0.806523150751613
1.88100000000122 0.330012657773807 -2.73031725398829 -0.67561774568378 1.07617424208343 -0.497154793775919 -0.870025552573005
1.92799999999988 0.231410922592019 -2.83153802891047 -0.669956249123231 1.11137360465282 -0.509159007811478 -0.835743319098477
1.94399999999951 0.231410922592019 -2.83153802891047 -0.669956249123231 1.11137360465282 -0.509159007811478 -0.835743319098477
1.99200000000201 0.135578158608951 -3.13252031021199 -0.654931346797468 1.240918637148 -0.616824679431128 -0.803058342940447
2.04000000000087 0.0411298802252702 -3.53338334470322 -0.635224741589127 1.39280382670503 -0.654344537919342 -0.749524992177858
2.05600000000049 0.0411298802252702 -3.53338334470322 -0.635224741589127 1.40479544922298 -0.6900332400763 -0.784664130018738
2.12000000000262 -0.0574718549565461 -3.63460411962529 -0.629563245028578 1.42792891840992 -0.666574912157268 -0.715363248177476
2.16900000000169 -0.152388729470488 -3.93089177804393 -0.514652799892701 1.52129811585809 -0.667801298970781 -0.57773694009947
2.18500000000131 -0.152388729470488 -3.93089177804393 -0.514652799892701 1.52129811585809 -0.667801298970781 -0.57773694009947
2.24799999999959 -0.248221493453528 -4.23187405934539 -0.499627897566938 1.62632727106845 -0.657664805747387 -0.287496422132347
2.28800000000047 -0.346823228635358 -4.33309483426757 -0.493966401006446 1.59163061610306 -0.692264237543024 -0.273666298066053
2.30400000000009 -0.247752897323281 -4.3364494354181 -0.594831737494474 1.59163061610306 -0.692264237543024 -0.273666298066053
2.31999999999971 -0.246837007854154 -4.33175481253517 -0.49494619468436 1.59163061610306 -0.692264237543024 -0.273666298066053
2.3760000000002 -0.34543874303597 -4.43297558745729 -0.489284698123811 1.72045480200821 -0.801308754092363 -0.241943889115723
2.42400000000271 -0.343138367967484 -4.52816171776408 -0.384717452431062 1.77940951819626 -0.932462033338831 -0.230746592106742
2.4890000000014 -0.241767661586906 -4.6267024492214 -0.38101554322634 1.83824559250188 -1.06368074518862 -0.219770471667572
2.52800000000207 -0.34175388236811 -4.6280424709538 -0.380035749548483 1.83824559250188 -1.06368074518862 -0.219770471667572
2.59200000000055 -0.343138367967484 -4.52816171776408 -0.384717452431062 1.76861334302671 -1.18014504974962 -0.144296177209926
2.63300000000163 -0.445893559947436 -4.32974023311704 -0.393101064518419 1.7455957276249 -1.2976394996457 -0.118100305304984
2.64900000000125 -0.444977670478309 -4.3250456102341 -0.293215521708362 1.78035879057064 -1.31041936087305 -0.0842534963411495
2.72100000000137 -0.344991449697119 -4.32370558850175 -0.294195315386276 1.78035879057064 -1.31041936087305 -0.0842534963411495
2.76000000000204 -0.350060795964382 -4.02875795181552 -0.408125966844182 1.71070323250285 -1.3321936613663 -0.104216958728997
2.77700000000186 -0.351445281563755 -3.92887719862586 -0.412807669726817 1.71070323250285 -1.3321936613663 -0.104216958728997
2.85599999999977 -0.460207012071464 -3.22635732514721 -0.34471425341718 1.61715880943384 -1.2827267464925 -0.0534057516292912
2.89600000000064 -0.461591497670838 -3.12647657195754 -0.349395956299759 1.54750085334675 -1.30455437663155 -0.0733973513432523
2.91200000000026 -0.461591497670838 -3.12647657195754 -0.349395956299759 1.58239575375723 -1.27001194413728 -0.0872958109483086
2.96000000000276 -0.463444579400488 -2.92202044269527 -0.258873819254859 1.50078425524199 -1.25621352949154 -0.0719696807651855
3.00900000000183 -0.370380786616195 -2.42127665501437 -0.283262127345836 1.33767348734223 -1.13443084013219 -0.137258189208457
3.02500000000146 -0.473135978596133 -2.22285517036727 -0.291645739433193 1.25604101376691 -1.12074091816861 -0.1221420142623
3.04000000000087 -0.375918729013705 -2.02175364225548 -0.30198893887632 1.22121247224965 -1.10824854331223 -0.156164552946907
3.09700000000157 -0.376387325143952 -1.91717826618287 -0.206785098948899 1.17438491707786 -1.06005885978805 -0.155054891928651
3.14400000000023 -0.37777181074334 -1.81729751299315 -0.211466801831477 1.10466247609931 -1.03523177126365 -0.223189042911213
3.15300000000207 -0.379156296342714 -1.71741675980343 -0.216148504714113 1.03502800092527 -1.05742691817608 -0.243313880662678
3.21600000000035 -0.286561099688669 -1.11209759604986 -0.145332972877611 0.779153216040885 -1.02949614662372 -0.350865676078295
3.26400000000285 -0.29071455648679 -0.812455336480753 -0.15937808152546 0.674693694528335 -1.03980029184486 -0.405126418951937
3.31300000000192 -0.29071455648679 -0.812455336480753 -0.15937808152546 0.605137357122873 -1.06229304740514 -0.425234228167454
3.36000000000058 -0.293483527685567 -0.612693830101307 -0.168741487290731 0.533693084562123 -0.896141046588283 -0.403097418118845
3.3760000000002 -0.295783902754053 -0.517507699794464 -0.273308732983423 0.451696783971965 -0.836326495878053 -0.436802399857607
3.42400000000271 -0.301321845151563 -0.11798468703563 -0.292035544513908 0.20407601516831 -0.561568226005574 -0.400373231669559
3.47300000000178 -0.305006705819451 0.0770821964608217 -0.401284493089179 0.0279940349039751 -0.453012298292233 -0.386033019814161
3.53600000000006 -0.305006705819451 0.0770821964608217 -0.401284493089179 0.0279940349039751 -0.453012298292233 -0.386033019814161
3.57700000000114 -0.306391191418825 0.176962949650544 -0.405966195971814 -0.0888657182262395 -0.428227950237781 -0.406540041596109
3.59200000000055 -0.305475301949699 0.181657572533481 -0.306080653161757 -0.135519495229471 -0.426792601738406 -0.358024300598941
3.64900000000125 -0.209173941836411 0.378064477762393 -0.416309395414942 -0.346300016084811 -0.353028575211728 -0.330455889717778
3.69599999999991 -0.210558427435785 0.477945230952116 -0.420991098297577 -0.415958703588125 -0.376024178632345 -0.350999752964868
3.71199999999953 -0.210558427435785 0.477945230952116 -0.420991098297577 -0.381425848516833 -0.341490173036882 -0.365081359770731
3.77700000000186 -0.10827183158608 0.384099122377734 -0.317403646282798 -0.314907555099051 -0.0837010902510783 -0.353008582497092
3.81600000000253 -0.10597145651758 0.288912992070891 -0.212836400590049 -0.295917575256922 0.221665123726298 -0.341454002066023
3.87199999999939 -0.00598523573637522 0.290253013803238 -0.213816194267963 -0.264125245602563 0.444956560620609 -0.315475763670452
3.9210000000021 -0.00598523573637522 0.290253013803238 -0.213816194267963 -0.264125245602563 0.444956560620609 -0.315475763670452
3.97600000000239 0.0940009850448007 0.291593035535641 -0.214795987945877 -0.264125245602563 0.444956560620609 -0.315475763670452
4.01599999999962 0.0940009850448007 0.291593035535641 -0.214795987945877 -0.264125245602563 0.444956560620609 -0.315475763670452
4.03200000000288 0.0940009850448007 0.291593035535641 -0.214795987945877 -0.264125245602563 0.444956560620609 -0.315475763670452
4.09700000000157 -0.00690112520550201 0.285558390920357 -0.313701737078077 -0.299591332617117 0.45642865725201 -0.350430314382189
4.14400000000023 0.094469581175062 0.187017659463038 -0.309999827873355 -0.229724604351806 0.479518098455754 -0.32941584433491
4.15300000000207 0.094469581175062 0.187017659463038 -0.309999827873355 -0.241711281998349 0.515559909634661 -0.295167090781166
4.21600000000035 0.0949381773053091 0.0824422833903782 -0.405203667800834 -0.196845154919253 0.656763967718434 -0.254506928951501
4.26400000000285 0.0972385523738097 -0.0127438469163508 -0.300636422108141 -0.104419802091021 0.750372779269613 -0.212968393153096
4.28000000000247 0.0972385523738097 -0.0127438469163508 -0.300636422108141 -0.104419802091021 0.750372779269613 -0.212968393153096
4.33599999999933 0.0963226629046829 -0.0174384697992878 -0.400521964918198 -0.104419802091021 0.750372779269613 -0.212968393153096
4.3760000000002 0.198161965415537 -0.22055457732921 -0.492023895641012 0.00130807737202208 0.66530021096861 -0.294691569675292
4.39199999999983 0.198161965415537 -0.22055457732921 -0.492023895641012 0.0132381604101644 0.629295402561858 -0.329019553220859
4.45700000000215 0.300001267926348 -0.423670684859189 -0.583525826363768 0.108520406661819 0.437761664250017 -0.465925895133886
4.50400000000081 0.401371974306926 -0.522211416316509 -0.579823917159047 0.144012583065582 0.426149896629849 -0.43105446256521
4.56800000000294 0.305539210323857 -0.823193697618024 -0.564799014833284 0.252400660931907 0.152542226506533 -0.554326222930141
4.61700000000201 0.309692667121993 -1.12283595718714 -0.550753906185435 0.360857961937979 -0.120943783784286 -0.678377051036745
4.63300000000163 0.311077152721367 -1.22271671037686 -0.546072203302799 0.420245595262944 -0.20443538657064 -0.713053816060012
4.68900000000212 0.411531969632847 -1.32595206471711 -0.642255836908191 0.4916906123501 -0.323790345822518 -0.782537418290892
4.73600000000079 0.312930234451017 -1.42717283963918 -0.636594340347699 0.4916906123501 -0.323790345822518 -0.782537418290892
4.74400000000242 0.31201434498189 -1.43186746252212 -0.736479883157813 0.4916906123501 -0.323790345822518 -0.782537418290892
4.8080000000009 0.220335037796985 -2.03249200339275 -0.707409872184201 0.70233982283255 -0.397360178451494 -0.811449123518442
4.85599999999977 0.225404384064248 -2.32743964007898 -0.593479220726238 0.865653422228356 -0.423369150858131 -0.84031347642865
4.87199999999939 0.225872980194495 -2.43201501615164 -0.688683060653716 0.865653422228356 -0.423369150858131 -0.84031347642865
4.88100000000122 0.226788869663622 -2.4273203932687 -0.588797517843602 0.865653422228356 -0.423369150858131 -0.84031347642865
4.89600000000064 0.126802648882418 -2.4286604150011 -0.587817724165689 0.90087092381349 -0.435278825671224 -0.805960592314826
4.91200000000026 0.126802648882418 -2.4286604150011 -0.587817724165689 0.90087092381349 -0.435278825671224 -0.805960592314826
4.96800000000076 0.127271245012679 -2.53323579107371 -0.683021564093167 0.901652219618537 -0.481881854321637 -0.757653141022235
5.01599999999962 0.0328229666289985 -2.934098825565 -0.663314958884826 0.984690805261108 -0.58831910185221 -0.67570737849322
5.07200000000012 0.0378923128962612 -3.22904646225112 -0.549384307426863 1.06694170829883 -0.648242067039053 -0.642176313837045
5.12000000000262 0.0378923128962612 -3.22904646225112 -0.549384307426863 1.06694170829883 -0.648242067039053 -0.642176313837045
5.18500000000131 -0.059324936686167 -3.43014799036297 -0.539041107983678 1.2187585800823 -0.685831333557994 -0.58851544207237
5.22500000000218 -0.0551714798880454 -3.72979024993202 -0.524995999335829 1.35806314411756 -0.64106269740397 -0.547963963031989
5.2410000000018 -0.0537869942886573 -3.8296710031218 -0.52031429645325 1.39262525951267 -0.606424311782812 -0.561857195664709
5.2960000000021 -0.0537869942886573 -3.8296710031218 -0.52031429645325 1.42773847406788 -0.618736214977095 -0.527668248456195
5.35200000000259 -0.152388729470488 -3.93089177804393 -0.514652799892701 1.44018936224653 -0.701400950758591 -0.51477998798235
5.40100000000166 -0.251459060782551 -3.92753717689345 -0.413787463404674 1.48798504543779 -0.843514235809982 -0.419856510187907
5.44800000000032 -0.251459060782551 -3.92753717689345 -0.413787463404674 1.48853887048539 -0.93765665348137 -0.323950377781991
5.45700000000215 -0.351445281563755 -3.92887719862586 -0.412807669726817 1.48853887048539 -0.93765665348137 -0.323950377781991
5.52000000000044 -0.251459060782551 -3.92753717689345 -0.413787463404674 1.45381020806853 -0.972247382119361 -0.310055620270668
5.56800000000294 -0.352829767163129 -3.82899644543613 -0.417489372609396 1.49961343725817 -0.878824175554324 -0.219407481818524
5.63300000000163 -0.456969444742455 -3.53069420759931 -0.430554687579388 1.5217780483022 -0.714105697129003 -0.0582018143527842
5.6720000000023 -0.457438040872717 -3.42611883152671 -0.33535084765191 1.56788631209534 -0.620819170324399 0.0326206855933459
5.72800000000279 -0.457438040872717 -3.42611883152671 -0.33535084765191 1.53286521659424 -0.608178796463349 -0.0015616243448644
5.77700000000186 -0.463891872739353 -3.03129044165075 -0.453963201992451 1.44011857932147 -0.700374786862578 -0.0433227502089978
5.78399999999965 -0.465276358338727 -2.93140968846109 -0.458644904875086 1.44011857932147 -0.700374786862578 -0.0433227502089978
5.85599999999977 -0.36991219048592 -2.52585203108691 -0.378465967273371 1.30057311246903 -0.744404531923932 -0.0839733236179867
5.90400000000227 -0.368996301016807 -2.52115740820403 -0.2785804244632 1.26578504249923 -0.778951215100375 -0.0701118687553877
5.9210000000021 -0.370380786616195 -2.42127665501437 -0.283262127345836 1.26578504249923 -0.778951215100375 -0.0701118687553877
5.97600000000239 -0.274548022633127 -2.1202943737128 -0.298287029671599 1.12612484986061 -0.776188204410282 -0.158751717424042
6.02500000000146 -0.28147045063001 -1.62089060776424 -0.321695544084719 0.939775505161825 -0.772531456661516 -0.198509051940896
6.03200000000288 -0.282854936229398 -1.52100985457452 -0.326377246967297 0.939775505161825 -0.772531456661516 -0.198509051940896
6.09700000000157 -0.283323532359645 -1.41643447850191 -0.231173407039876 0.870086759915368 -0.794825400303292 -0.218793596073507
6.14400000000023 -0.286092503558407 -1.21667297212247 -0.24053681280509 0.753438244444441 -0.769157217734061 -0.23838748076657
6.15999999999985 -0.286092503558407 -1.21667297212247 -0.24053681280509 0.718730299807887 -0.80370595869801 -0.22442384248357
6.21600000000035 -0.193028710774115 -0.715929184441507 -0.264925120896123 0.427842657723239 -0.811112218347136 -0.318948985113353
6.26400000000285 -0.198098057041378 -0.420981547755332 -0.378855772354029 0.21905173807773 -0.878970842714747 -0.379690240854358
6.31999999999971 -0.200398432109864 -0.325795417448489 -0.483423018046778 0.206930939250843 -0.843060231585165 -0.345009860708247
6.36000000000058 -0.199482542640752 -0.321100794565609 -0.383537475236608 0.159867362991096 -0.795279805386845 -0.344678768946987
6.42400000000271 -0.102733889188571 -0.0154238903811006 -0.298676834752314 -0.110312587558852 -0.591190892132064 -0.329817747603318
6.46399999999994 -0.104118374787944 0.0844568628085653 -0.303358537634949 -0.169591174679116 -0.507529089451034 -0.295370599468913
6.52000000000044 -0.106418749856445 0.179642993115351 -0.407925783327642 -0.204652503754758 -0.495869542762669 -0.329901069701162
6.56800000000294 -0.106418749856445 0.179642993115351 -0.407925783327642 -0.229975710783512 -0.331548492425382 -0.358336857058378
6.63300000000163 -0.00643252907525493 0.180983014847698 -0.408905577005555 -0.268345457280495 -0.085178408477432 -0.401362700261702
6.68000000000029 -0.00643252907525493 0.180983014847698 -0.408905577005555 -0.281238472376792 -0.00308499024727067 -0.415804363049801
6.73600000000079 0.094469581175062 0.187017659463038 -0.309999827873355 -0.269155634235763 -0.0391110277084123 -0.450121524085373
6.79300000000148 0.094469581175062 0.187017659463038 -0.309999827873355 -0.270023024097226 0.00693623072492907 -0.498899022200104
6.8080000000009 0.0921692061065613 0.282203789769824 -0.414567073566047 -0.28210747943488 0.0429625417433584 -0.464592523193175
6.8650000000016 0.0930850955756881 0.286898412652761 -0.31468153075599 -0.283033719579706 0.0889898930322742 -0.513399456485987
6.91200000000026 0.0921692061065613 0.282203789769824 -0.414567073566047 -0.283033719579706 0.0889898930322742 -0.513399456485987
6.96800000000076 0.094469581175062 0.187017659463038 -0.309999827873355 -0.226344782912952 0.194181155568599 -0.507130709040984
7.01599999999962 0.094469581175062 0.187017659463038 -0.309999827873355 -0.251490983360512 0.312263555330568 -0.487416035993208
7.06400000000212 0.094469581175062 0.187017659463038 -0.309999827873355 -0.241191294944503 0.418913752008583 -0.432868316896303
7.12000000000262 0.19353991248714 0.183663058312504 -0.410865164361326 -0.22916943324283 0.382879886034353 -0.467127926332621
7.13600000000224 0.19353991248714 0.183663058312504 -0.410865164361326 -0.22916943324283 0.382879886034353 -0.467127926332621
7.20000000000073 0.294910618867689 0.0851223268551848 -0.407163255156604 -0.186334147764521 -0.148580567463433 -0.601550930890041
7.24799999999959 0.295379214997951 -0.0194530492173612 -0.502367095084196 -0.228043032307724 -0.478402328135173 -0.682544970816946
7.25700000000143 0.295379214997951 -0.0194530492173612 -0.502367095084196 -0.215180059886652 -0.560458428709028 -0.668325024027982
7.32900000000154 0.395365435779155 -0.0181130274850148 -0.503346888762053 -0.202988585674171 -0.59644430316243 -0.702758937567452
7.3760000000002 0.297232296727586 -0.223909178479744 -0.592889232128982 -0.165744601800651 -0.750458773995826 -0.757549965036333
7.4320000000007 0.399987488707552 -0.422330663126843 -0.584505620041682 -0.0345678257914767 -0.953251187799736 -0.861478155319506
7.47999999999956 0.400456084837813 -0.526906039199389 -0.67970945996916 -0.0218178466185039 -1.03534637662601 -0.847597633376694
7.49600000000282 0.400456084837813 -0.526906039199389 -0.67970945996916 -0.0218178466185039 -1.03534637662601 -0.847597633376694
7.55199999999968 0.301854349655983 -0.628126814121458 -0.674047963408611 0.0154279891352312 -1.18929804291236 -0.903009808467673
7.60800000000017 0.308308181522619 -1.02295520399741 -0.555435609068013 0.137075957357106 -1.54462468717976 -1.0150677535668
7.65600000000268 0.212475417539579 -1.32393748529898 -0.540410706742307 0.199264917999671 -1.81650576430212 -1.09252460353344
7.70500000000175 0.212475417539579 -1.32393748529898 -0.540410706742307 0.199264917999671 -1.81650576430212 -1.09252460353344
7.72100000000137 0.213859903138953 -1.42381823848871 -0.535729003859672 0.233778803254 -1.78186376954493 -1.10682251587219
7.78399999999965 0.217097470467976 -1.7281551209407 -0.621569438021936 0.379098584601907 -1.3947670521978 -1.0182040285955
7.83200000000215 0.222635412865486 -2.12767813369953 -0.602842626491451 0.581949514470126 -0.949007547270177 -0.874191550758097
7.84900000000198 0.12403367768367 -2.22889890862166 -0.597181129930959 0.604251162559917 -0.878536259872419 -0.853446719349017
7.85599999999977 0.12403367768367 -2.22889890862166 -0.597181129930959 0.62656588819206 -0.808065925835962 -0.832688249849977
7.9210000000021 0.125418163283044 -2.32877966181138 -0.592499427048324 0.661012080263928 -0.773416709387433 -0.846748059436739
7.97600000000239 0.128187134481806 -2.52854116819077 -0.583136021283053 0.789817220650405 -0.834118139436808 -0.862098302645011
8.04000000000087 0.135109562478689 -3.02794493413933 -0.55972750686999 1.0569932714067 -0.802862376582117 -0.885590676023272
8.08799999999974 0.13740993754719 -3.12313106444617 -0.455160261177241 1.13858919879403 -0.815949192087823 -0.900474888711668
8.09700000000157 0.0374237167659999 -3.12447108617857 -0.454180467499327 1.13858919879403 -0.815949192087823 -0.900474888711668
8.11300000000119 0.0374237167659999 -3.12447108617857 -0.454180467499327 1.13858919879403 -0.815949192087823 -0.900474888711668
8.16900000000169 0.0378923128962612 -3.22904646225112 -0.549384307426863 1.15127177006855 -0.89841070990902 -0.887407446520358
8.21600000000035 -0.0570245616176805 -3.52533412066975 -0.434473862290986 1.30341686572858 -0.98265858184472 -0.786228045514793
8.23199999999997 -0.0570245616176805 -3.52533412066975 -0.434473862290986 1.35045981144651 -1.03056077602797 -0.787367263543501
8.2960000000021 -0.156542186268624 -3.63124951847476 -0.528697908540551 1.35087137004195 -1.07746326046875 -0.739377208682157
8.33599999999933 -0.255612517580687 -3.62789491732428 -0.42783257205258 1.38581752640523 -1.08973773645997 -0.705386847400719
8.35200000000259 -0.255612517580687 -3.62789491732428 -0.42783257205258 1.36328589687063 -1.16006457513735 -0.726613030274024
8.3760000000002 -0.254228031981313 -3.72777567051395 -0.423150869169945 1.39846619035237 -1.21933256891825 -0.644733653713924
8.44000000000233 -0.454200473543708 -3.7304557139787 -0.421191281814117 1.44577703781644 -1.40846818000145 -0.502488628843847
8.4890000000014 -0.352829767163129 -3.82899644543613 -0.417489372609396 1.44579185167633 -1.45554418431949 -0.454661729674378
8.50400000000081 -0.352829767163129 -3.82899644543613 -0.417489372609396 1.44579185167633 -1.45554418431949 -0.454661729674378
8.56100000000151 -0.352829767163129 -3.82899644543613 -0.417489372609396 1.4578100450094 -1.538294232592 -0.442180484966977
8.60800000000017 -0.353298363293391 -3.72442106936342 -0.322285532681974 1.46978046760808 -1.62105764749068 -0.429747553862998
8.6239999999998 -0.353298363293391 -3.72442106936342 -0.322285532681974 1.46962439981982 -1.66818991841615 -0.381993255556319
8.68000000000029 -0.353298363293391 -3.72442106936342 -0.322285532681974 1.46941154405644 -1.71534112021304 -0.334256033742929
8.72800000000279 -0.25469662811156 -3.62320029444135 -0.327947029242523 1.50427099965373 -1.68076949836208 -0.348259711983123
8.74400000000242 -0.25469662811156 -3.62320029444135 -0.327947029242523 1.50427099965373 -1.68076949836208 -0.348259711983123
8.83200000000215 -0.360689387420535 -3.12044192734231 -0.250490207167502 1.38671603270326 -1.51299405359206 -0.274435023941996
8.87199999999939 -0.264388027307206 -2.9240350221134 -0.3607189494208 1.33997057431685 -1.46477733501115 -0.272981628358329
8.88800000000265 -0.36437424808841 -2.9253750438458 -0.359739155742943 1.33997057431685 -1.46477733501115 -0.272981628358329
8.95300000000134 -0.267156998505968 -2.7242735157339 -0.370082355186071 1.31600328307408 -1.34632471579483 -0.250311895946474
9.00900000000183 -0.371765272215569 -2.32139590182464 -0.287943830228471 1.19837276048042 -1.13151654342342 -0.225350214233989
9.05600000000049 -0.378219104082191 -1.92656751194869 -0.406556184569126 1.11545971223957 -0.929184458305882 -0.166933970344771
9.10399999999936 -0.378219104082191 -1.92656751194869 -0.406556184569126 1.08054915344119 -0.916805167202165 -0.201061459543731
9.15999999999985 -0.379156296342714 -1.71741675980343 -0.216148504714113 0.974740549390769 -0.784826345974282 -0.164294742949458
9.20800000000236 -0.386078724339612 -1.21801299385487 -0.239557019127233 0.727894418381798 -0.508746896328986 -0.1261938767234
9.22500000000218 -0.287476989157781 -1.11679221893274 -0.245218515687725 0.680865380557159 -0.460741337698311 -0.125746003501073
9.30400000000009 -0.290245960356543 -0.917030712553355 -0.254581921452996 0.539670153056886 -0.316833099001291 -0.124747985625412
9.34500000000116 -0.291630445955917 -0.817149959363633 -0.259263624335574 0.492568773190481 -0.268900045475891 -0.124530512847507
9.36800000000221 -0.292099042086164 -0.71257458329103 -0.164059784408096 0.480081031527587 -0.186446916778059 -0.138276034959899
9.4320000000007 -0.197182167572251 -0.416286924872395 -0.278970229543972 0.26807080483956 -0.01903578860341 -0.2074431562957
9.47999999999956 -0.197650763702512 -0.311711548799792 -0.183766389616494 0.255371201761654 0.0632980297852821 -0.221485057337686
9.53600000000006 -0.198566653171625 -0.316406171682672 -0.283651932426551 0.208100301521928 0.111061683962201 -0.221670899766274
9.58400000000256 -0.202251513839514 -0.121339288186164 -0.392900881001879 0.0909651358825111 0.136007520100477 -0.242752876721061
9.60000000000218 -0.203635999438902 -0.0214585349964409 -0.397582583884514 0.0436484694442935 0.183705122480796 -0.243082726979066
9.68000000000029 -0.208236749575889 0.168913725617131 -0.606717075269955 -0.108895649223212 0.220107361598806 -0.299172895162949
9.72800000000279 -0.207320860106762 0.173608348500068 -0.506831532459898 -0.0864326399547966 0.290672678510072 -0.278763864791423
9.78399999999965 -0.206404970637649 0.178302971382948 -0.406945989649728 -0.0759238322151061 0.397247836843916 -0.223996275105529
9.83200000000215 -0.206404970637649 0.178302971382948 -0.406945989649728 -0.0428267196553375 0.574386157993535 -0.148778702491029
9.84900000000198 -0.205489081168523 0.182997594265885 -0.307060446839671 -0.0438901633382074 0.620574606919472 -0.197632247451423
9.90400000000227 -0.106418749856445 0.179642993115351 -0.407925783327642 -0.0558089064342596 0.6565931958378 -0.163321509761633
9.95300000000134 -0.106418749856445 0.179642993115351 -0.407925783327642 -0.0438901633382074 0.620574606919472 -0.197632247451423
10.0090000000018 -0.00734841854436752 0.176288391964817 -0.508791119815726 -0.0305362228517499 0.441972286999701 -0.321065564370993
10.0480000000025 -0.00734841854436752 0.176288391964817 -0.508791119815726 -0.00658807489749247 0.369974006597285 -0.389779020679418
10.1200000000026 -0.00734841854436752 0.176288391964817 -0.508791119815726 0.00539906053137828 0.333981621114928 -0.424150617670497
10.1599999999999 -0.00734841854436752 0.176288391964817 -0.508791119815726 0.00703974896826892 0.191432574514408 -0.513360042648636
10.2080000000024 0.0917219127676958 0.172933790814284 -0.60965645630364 0.00140703801578565 -0.246302042243022 -0.698072586042805
10.2570000000014 0.0908060232985832 0.168239167931404 -0.709541999113753 0.0155887509880286 -0.424740047863259 -0.821921020803413
10.2720000000008 -0.00826430801349431 0.171593769081881 -0.608676662625783 0.0163849257752071 -0.470883029811311 -0.773325237226675
10.2800000000025 0.0908060232985832 0.168239167931404 -0.709541999113753 0.0285478286506792 -0.506827985075 -0.807838524878002
10.2960000000021 0.0917219127676958 0.172933790814284 -0.60965645630364 0.0285478286506792 -0.506827985075 -0.807838524878002
10.3130000000019 0.0917219127676958 0.172933790814284 -0.60965645630364 0.0285478286506792 -0.506827985075 -0.807838524878002
10.3760000000002 -0.0100960869517337 0.162204523316063 -0.80844774824601 0.018525551637572 -0.613337029592879 -0.862771884566595
10.4240000000027 -0.10869782213355 0.0609837483939941 -0.802786251685461 0.0207801793503355 -0.755775879678611 -0.952254848297618
10.4320000000007 -0.10869782213355 0.0609837483939941 -0.802786251685461 0.0330116603807613 -0.791703588742542 -0.986813601687764
10.4890000000014 -0.10869782213355 0.0609837483939941 -0.802786251685461 0.0108920437417571 -0.862275764576047 -1.00720335816919
10.5360000000001 -0.10869782213355 0.0609837483939941 -0.802786251685461 -0.00135588952472868 -0.826347448910605 -0.972642252766818
10.5519999999997 -0.10869782213355 0.0609837483939941 -0.802786251685461 0.0207801793503355 -0.755775879678611 -0.952254848297618
10.617000000002 -0.108229226003289 -0.043591627678552 -0.897990091612883 0.0880285001036597 -0.590237872761904 -0.842466023919564
10.6560000000027 -0.105928850934788 -0.138777757985395 -0.793422845920247 0.110245789765023 -0.519679541969152 -0.822013465906575
10.7210000000014 -0.105928850934788 -0.138777757985395 -0.793422845920247 0.110245789765023 -0.519679541969152 -0.822013465906575
10.7770000000019 -0.103159879736026 -0.33853926436484 -0.784059440154977 0.250620313754362 -0.569708159549571 -0.919542749285594
10.8400000000001 0.102350504223864 -0.735382233658925 -0.767292215980319 0.496926917886398 -0.704138507154248 -1.10123854278527
10.8810000000012 0.103734989823238 -0.835262986848647 -0.762610513097684 0.555589831982806 -0.741110750294209 -1.1848616429085
10.9279999999999 0.102819100354125 -0.839957609731528 -0.862496055907741 0.602903043524353 -0.788576692242677 -1.18539661356461
10.9840000000004 0.00421736517230897 -0.941178384653654 -0.856834559347249 0.674592531116669 -0.907664535308562 -1.25566827317859
11 0.00560185077169706 -1.04105913784332 -0.852152856464613 0.734083065923918 -0.990930028435047 -1.2912599613914
11.0640000000021 0.00562315356307863 -1.25490451287152 -1.14244607912968 0.818036278287339 -1.14571162861704 -1.39685438241212
11.1200000000026 -0.0920626921495966 -1.35143066491065 -1.03689903975902 0.85304409069993 -1.15743739019322 -1.36282016590009
11.1360000000022 -0.0920626921495966 -1.35143066491065 -1.03689903975902 0.865284155469324 -1.19318642749596 -1.3977928103073
11.2000000000007 -0.287881676913841 -1.65375296794457 -1.0208943437554 1.04429990275438 -1.48941381454989 -1.45815118129846
11.2479999999996 -0.283728220115705 -1.95339522751374 -1.0068492351075 1.1411370123255 -1.72629577272352 -1.55210695556998
11.2640000000029 -0.282343734516331 -2.0532759807034 -1.00216753222492 1.1411370123255 -1.72629577272352 -1.55210695556998
11.3359999999993 -0.283259623985458 -2.05797060358634 -1.10205307503503 1.18825441271948 -1.77384145151354 -1.55359236921384
11.385000000002 -0.379560984098774 -2.25437750881525 -0.991824332781789 1.21074425924598 -1.75009859165755 -1.48466468742763
11.4010000000017 -0.3781764984994 -2.35425826200498 -0.987142629899154 1.24553429119602 -1.76205068008302 -1.45095865381427
11.4639999999999 -0.374023041701264 -2.65390052157409 -0.973097521251304 1.28031523329377 -1.77403653668128 -1.41726271748581
11.5120000000024 -0.374023041701264 -2.65390052157409 -0.973097521251304 1.31508706395418 -1.7860561480646 -1.38357690113048
11.5280000000021 -0.374023041701264 -2.65390052157409 -0.973097521251304 1.34950840886404 -1.75131234563179 -1.39774738774359
11.5450000000019 -0.474009262482454 -2.65524054330643 -0.972117727573391 1.34950840886404 -1.75131234563179 -1.39774738774359
11.5519999999997 -0.37263855610189 -2.75378127476375 -0.968415818368669 1.39654963674473 -1.79899633686807 -1.39937567930199
11.5680000000029 -0.473540666352207 -2.75981591937904 -1.06732156750087 1.39654963674473 -1.79899633686807 -1.39937567930199
11.5840000000026 -0.471240291283692 -2.85500204968588 -0.962754321808177 1.44357501830411 -1.846697274042 -1.40106147233885
11.6490000000013 -0.467086834485556 -3.15464430925499 -0.948709213160271 1.64121384855406 -1.88481674062648 -1.39933973558968
11.6959999999999 -0.565688569667373 -3.25586508417706 -0.943047716599779 1.6881949044466 -1.93259372019736 -1.40122712339299
11.7050000000017 -0.56477268019826 -3.25117046129418 -0.843162173789722 1.6881949044466 -1.93259372019736 -1.40122712339299
11.768 -0.665674790448577 -3.25720510590946 -0.942067922921865 1.72291575274371 -1.94483268245441 -1.36768231055613
11.8160000000025 -0.661989929780702 -3.45227198940609 -0.832818974346594 1.80471462264851 -2.05202954489489 -1.28852950870793
11.8810000000012 -0.761976150561878 -3.45361201113849 -0.83183918066868 1.80481430111897 -2.09912455217533 -1.24092587521812
11.9210000000021 -0.861962371343083 -3.45495203287084 -0.830859386990767 1.80481430111897 -2.09912455217533 -1.24092587521812
11.992000000002 -0.9628644815934 -3.46098667748612 -0.92976513612291 1.83745759366364 -2.01733889717002 -1.06729423497847
12.0400000000009 -0.964248967192773 -3.3611059242964 -0.934446839005545 1.91706305539814 -1.93657207310767 -0.943204117190505
12.0879999999997 -1.06331929850485 -3.35775132314592 -0.833581502517575 1.93958091919342 -1.91360322095558 -0.874091163507031
12.1440000000002 -1.06240340903572 -3.35305670026298 -0.733695959707461 1.91702698808074 -1.98381441599637 -0.895636818764948
12.2000000000007 -1.06517238023447 -3.15329519388354 -0.743059365472732 1.83707520743441 -2.20614894648516 -0.877064960627919
12.2479999999996 -0.967955130652044 -2.95219366577174 -0.753402564915859 1.76915793902688 -2.46398743926865 -0.894032831678881
12.2640000000029 -0.967955130652044 -2.95219366577174 -0.753402564915859 1.80358209183856 -2.47657632822823 -0.860704277015861
12.3290000000015 -0.967039241182931 -2.94749904288886 -0.653517022105802 1.76877719956554 -2.51122576538933 -0.846562332569272
12.3760000000002 -0.873506852268363 -2.55133063128045 -0.773109170124258 1.68770229627579 -2.45053518369688 -0.877627746520752
12.4240000000027 -0.876744419597387 -2.24699374882846 -0.68726873596205 1.59432031365212 -2.35437143010726 -0.873288138456502
12.4730000000018 -0.879513390796149 -2.04723224244901 -0.696632141727264 1.50060269106238 -2.30536031804027 -0.821566453935907
12.4960000000028 -0.880897876395522 -1.94735148925935 -0.701313844609899 1.50060269106238 -2.30536031804027 -0.821566453935907
12.5450000000019 -0.782296141213706 -1.84613071433728 -0.706975341170391 1.46612837196818 -2.29291744089733 -0.855023763207176
12.5920000000006 -0.786449598011842 -1.54648845476811 -0.721020449818241 1.30523174078545 -2.40769484436259 -0.914816808168918
12.6080000000002 -0.78921856921059 -1.34672694838872 -0.730383855583511 1.23605544713018 -2.43001514385316 -0.934047298812077
12.6640000000007 -0.793372026008726 -1.04708468881955 -0.744428964231361 1.06333039078244 -2.46255977153454 -1.0059263001714
12.7119999999995 -0.794756511608114 -0.947203935629886 -0.749110667113996 1.02861338054437 -2.49720105199515 -0.991662222486861
12.7280000000028 -0.894742732389318 -0.948543957362233 -0.748130873436082 1.05098471219562 -2.42688587082059 -0.970618394092273
12.7839999999997 -0.796609593337735 -0.742747806367504 -0.658588530069096 0.953264104227571 -1.95411832443958 -0.879930573017933
12.8320000000022 -0.699860939885582 -0.437070902183109 -0.573727889584745 0.818482071995416 -1.32735946529653 -0.733824739737351
12.9040000000023 -0.701245425484956 -0.337190148993386 -0.578409592467381 0.722266691986164 -1.04314290025247 -0.68933573337898
12.9530000000013 -0.703545800553457 -0.242004018686544 -0.682976838160073 0.664930389417337 -1.10160767103925 -0.74428828603497
12.9680000000008 -0.603559579772252 -0.24066399695414 -0.683956631837987 0.664930389417337 -1.10160767103925 -0.74428828603497
12.9840000000004 -0.604944065371626 -0.140783243764417 -0.688638334720622 0.642177418968247 -1.12549680420565 -0.813291847819417
13 -0.604944065371626 -0.140783243764417 -0.688638334720622 0.607650817229053 -1.16012829348134 -0.799184292594286
13.0159999999996 -0.50634233018981 -0.0395624688422913 -0.694299831281114 0.58494031371038 -1.18406824491922 -0.868155149974544
13.0720000000001 -0.508642705258325 0.0556236614644376 -0.798867076973863 0.492872901354106 -1.23090205785042 -0.957035247052792
13.1200000000026 -0.507726815789198 0.0603182843473746 -0.69898153416375 0.5273416941713 -1.19625108790091 -0.971190250978269
13.1850000000013 -0.507726815789198 0.0603182843473746 -0.69898153416375 0.502436016991488 -1.07817314091348 -0.949776527998553
13.232 -0.507726815789198 0.0603182843473746 -0.69898153416375 0.511935238033398 -0.925440849694942 -0.942579836383001
13.2479999999996 -0.507726815789198 0.0603182843473746 -0.69898153416375 0.476914190813587 -0.913708730414 -0.976788869723928
13.3130000000019 -0.407740595008008 0.0616583060797211 -0.699961327841663 0.464728782749282 -0.877864798014513 -0.942016360814923
13.3520000000026 -0.507726815789198 0.0603182843473746 -0.69898153416375 0.499135780387187 -0.843206529305468 -0.956123906258151
13.3680000000022 -0.507726815789198 0.0603182843473746 -0.69898153416375 0.486967083302438 -0.807363229181379 -0.921353683055526
13.4320000000007 -0.410040970076508 0.156844436386507 -0.804528573534355 0.461234738680106 -0.642928189161638 -0.948632972867264
13.4799999999996 -0.510027190857699 0.15550441465416 -0.803548779856499 0.483458325919162 -0.572408796801049 -0.927983088811234
13.4960000000028 -0.510027190857699 0.15550441465416 -0.803548779856499 0.483458325919162 -0.572408796801049 -0.927983088811234
13.5610000000015 -0.410040970076508 0.156844436386507 -0.804528573534355 0.50569492921551 -0.501890314318171 -0.907319599929881
13.6080000000002 -0.410040970076508 0.156844436386507 -0.804528573534355 0.549288602231334 -0.314479009132931 -0.914418215102386
13.6239999999998 -0.310054749295304 0.15818445811891 -0.805508367212269 0.536233553255692 -0.232265761107222 -0.928215285320721
13.6800000000003 -0.30867026369593 0.0583037049291875 -0.800826664329634 0.592755424399452 -0.127051565270166 -0.921525818699546
13.7280000000028 -0.30867026369593 0.0583037049291875 -0.800826664329634 0.592755424399452 -0.127051565270166 -0.921525818699546
13.7440000000024 -0.30867026369593 0.0583037049291875 -0.800826664329634 0.604810371657454 -0.162902039109887 -0.956220007697714
13.8080000000009 -0.208684042914754 0.0596437266615908 -0.801806458007547 0.609814290631343 -0.493688969279812 -1.08806449998597
13.8559999999998 -0.209599932383867 0.0549491037787107 -0.901692000817604 0.647147938105822 -0.647532561663528 -1.14399346645778
13.8719999999994 -0.109613711602663 0.056289125511114 -0.902671794495518 0.624139587603905 -0.671690494910347 -1.21307097119316
13.9279999999999 -0.209599932383867 0.0549491037787107 -0.901692000817604 0.659306259390914 -0.683346067368755 -1.1787943950239
13.9760000000024 -0.208215446784493 -0.0449316494109553 -0.897010297935026 0.659306259390914 -0.683346067368755 -1.1787943950239
13.992000000002 -0.208215446784493 -0.0449316494109553 -0.897010297935026 0.671473668607481 -0.719154874396391 -1.21360552129095
14.0640000000021 -0.20913133625362 -0.0496262722938923 -0.99689584074514 0.70574192962542 -0.684436470100722 -1.22769832272704
14.1200000000026 -0.207746850654232 -0.149507025483615 -0.992214137862504 0.70574192962542 -0.684436470100722 -1.22769832272704
14.1759999999995 -0.206362365054858 -0.249387778673338 -0.987532434979869 0.71879025362958 -0.766637334579467 -1.21419761525508
14.2250000000022 -0.203593393856096 -0.449149285052783 -0.978169029214655 0.68529352757422 -0.847764281536883 -1.15178594191167
14.2410000000018 -0.204509283325208 -0.453843907935664 -1.07805457202471 0.68529352757422 -0.847764281536883 -1.15178594191167
14.2570000000014 -0.204509283325208 -0.453843907935664 -1.07805457202471 0.68529352757422 -0.847764281536883 -1.15178594191167
14.3199999999997 -0.202208908256722 -0.549030038242449 -0.97348732633202 0.697477187335511 -0.883562805433951 -1.18663906242224
14.3600000000006 -0.101754091345256 -0.652265392582649 -1.06967095993735 0.779060461384011 -0.896372048266374 -1.20145440155538
14.3760000000002 -0.100369605745868 -0.752146145772372 -1.06498925705478 0.82554921570198 -0.897428906412654 -1.2504624585859
14.4400000000023 0.00515455743283155 -1.15032913679886 -1.04724223920215 1.03513037613646 -0.924030679439147 -1.32938284439296
14.4799999999996 0.00653904303220543 -1.25020988998858 -1.04256053631957 1.0473047902051 -0.95975671761557 -1.36439264986017
14.4960000000028 0.00653904303220543 -1.25020988998858 -1.04256053631957 1.0473047902051 -0.95975671761557 -1.36439264986017
14.5680000000029 -0.0883778314817363 -1.54649754840716 -0.92765009118375 1.15399952292231 -1.09054941059674 -1.4014601928438
14.617000000002 -0.185126484933917 -1.85217445259161 -1.01251073166804 1.19134852067287 -1.24424293341131 -1.45869158524393
14.6330000000016 -0.186042374403044 -1.85686907547455 -1.11239627447816 1.22634038914355 -1.25612751354649 -1.42476887432835
14.6490000000013 -0.184657888803656 -1.95674982866427 -1.10771457159552 1.23855381499587 -1.29180190536479 -1.45991717584459
14.6959999999999 -0.184657888803656 -1.95674982866427 -1.10771457159552 1.28574260017945 -1.33937822458253 -1.46120034177398
14.7520000000004 -0.283259623985458 -2.05797060358634 -1.10205307503503 1.32069946293155 -1.35131891149469 -1.42733504220145
14.8160000000025 -0.376323416769765 -2.5587143912673 -1.077664766944 1.45988839038401 -1.35259325429552 -1.33989176469892
14.8650000000016 -0.373554445571017 -2.75847589764669 -1.06830136117878 1.56415294909269 -1.34204157134129 -1.28630561791097
14.9370000000017 -0.47262477688308 -2.7551212964961 -0.967436024690755 1.56415294909269 -1.34204157134129 -1.28630561791097
14.9840000000004 -0.570757915934635 -2.96091744749094 -1.05697836805774 1.58744456508974 -1.36550931886708 -1.16929129423411
15.0400000000009 -0.665674790448577 -3.25720510590946 -0.942067922921865 1.64552299656811 -1.40138896684091 -1.0184935285958
15.0879999999997 -0.66337441538009 -3.35239123621636 -0.837500677229173 1.64552299656811 -1.40138896684091 -1.0184935285958
15.1530000000021 -0.661074040311576 -3.44757736652315 -0.73293343153648 1.71492667181444 -1.37901042229113 -0.998718486157426
15.1920000000027 -0.658305069112828 -3.64733887290254 -0.72357002577121 1.80680836381932 -1.28638181292692 -0.957499651614243
15.2479999999996 -0.656920583513454 -3.7472196260922 -0.718888322888631 1.9111873771835 -1.27654183246818 -0.903849927914344
15.2960000000021 -0.655536097914066 -3.84710037928198 -0.714206620005996 1.98066715392192 -1.25432710520676 -0.883997157744051
15.3130000000019 -0.655536097914066 -3.84710037928198 -0.714206620005996 1.98066715392192 -1.25432710520676 -0.883997157744051
15.3760000000002 -0.659220958581955 -3.65203349578547 -0.823455568581323 1.94640819136956 -1.3362360102065 -0.822324104506423
15.4240000000027 -0.761507554431617 -3.55818738721104 -0.927043020596102 1.91202271879494 -1.41813983899296 -0.760659828087134
15.4400000000023 -0.760591664962504 -3.55349276432815 -0.827157477786045 1.91218774011968 -1.46537786601534 -0.71296514158004
15.5040000000008 -0.760591664962504 -3.55349276432815 -0.827157477786045 1.91218774011968 -1.46537786601534 -0.71296514158004
15.5519999999997 -0.761060261092751 -3.44891738825555 -0.731953637858567 1.91081520003568 -1.32402370736459 -0.620429426032546
15.6080000000002 -0.865199938672092 -3.15061515041873 -0.745018952828502 1.96592995489436 -0.936425652996442 -0.427718990988471
15.6560000000027 -0.767066799620537 -2.94481899942411 -0.65547660946163 1.9759984953693 -0.689239902007532 -0.278203767721935
15.7119999999995 -0.769367174689023 -2.84963286911727 -0.760043855154265 1.99888261210536 -0.619031912582887 -0.256566539546208
15.768 -0.772136145887785 -2.64987136273783 -0.769407260919536 1.88339048571401 -0.781384266846084 -0.320058640730014
15.8400000000001 -0.677240574165268 -2.13973832929105 -0.594024483390342 1.73447817510405 -1.11991984516559 -0.461655919799374
15.8810000000012 -0.578638838983437 -2.03851755436892 -0.599685979950834 1.6770275844585 -1.22477990963182 -0.469203877979805
15.9439999999995 -0.580023324582811 -1.93863680117926 -0.60436768283347 1.64216652753654 -1.21224034150299 -0.503092038521777
15.992000000002 -0.585561266980335 -1.53911378842037 -0.623094494363954 1.46836120144496 -1.29113599627813 -0.529021768625187
16.0400000000009 -0.491112988596655 -1.13825075392913 -0.642801099572353 1.30671446492055 -1.40586227075951 -0.590062573947538
16.0879999999997 -0.492497474196028 -1.03837000073941 -0.647482802454931 1.20245654115046 -1.41584752042952 -0.643786695841387
16.1039999999994 -0.492497474196028 -1.03837000073941 -0.647482802454931 1.20245654115046 -1.41584752042952 -0.643786695841387
16.1690000000017 -0.49526644539479 -0.838608494360017 -0.656846208220202 1.0514324351254 -1.42488004601245 -0.648307679380368
16.2160000000003 -0.499419902192926 -0.538966234790848 -0.670891316868051 0.8656368932449 -1.4218936355273 -0.68682827816131
16.2250000000022 -0.5008043877923 -0.439085481601182 -0.67557301975063 0.83085056694084 -1.40980628808924 -0.720774547036704
16.2880000000005 -0.504489248460189 -0.244018598104674 -0.784821968326014 0.714632638934096 -1.43120230032686 -0.691499031676799
16.3359999999993 -0.504489248460189 -0.244018598104674 -0.784821968326014 0.655480120573521 -1.34759081309824 -0.655555051249824
16.3520000000026 -0.503573358991062 -0.239323975221737 -0.6849364255159 0.643109422956602 -1.26518436274028 -0.66875694587132
16.4170000000013 -0.406356109408634 -0.0382224471099448 -0.695279624959028 0.462993047360029 -0.779196303774138 -0.568218935444442
16.4639999999999 -0.307754374226803 0.0629983278121244 -0.700941121519577 0.36641262366339 -0.495073888841016 -0.525759430984416
16.4799999999996 -0.309138859826177 0.162879081001847 -0.705622824402155 0.354344447554777 -0.459179796831156 -0.491090382007657
16.5360000000001 -0.307754374226803 0.0629983278121244 -0.700941121519577 0.353708669633169 -0.412779364935988 -0.539553296277682
16.5840000000026 -0.206852263976515 0.0690329724274079 -0.60203537238732 0.363374729101922 -0.259996723125175 -0.5327565993922
16.6399999999994 -0.108250528794684 0.170253747349534 -0.607696868947869 0.371176218838712 -0.0145079845708393 -0.623164406652468
16.6890000000021 -0.208236749575889 0.168913725617131 -0.606717075269955 0.358175297226194 0.0677220059838935 -0.637192965679883
16.768 -0.108250528794684 0.170253747349534 -0.607696868947869 0.357131553040188 0.114023377789367 -0.685822359341162
16.8160000000025 -0.109166418263797 0.165559124466654 -0.707582411757983 0.342861477686793 0.242479786769783 -0.748609564547022
16.8719999999994 -0.108250528794684 0.170253747349534 -0.607696868947869 0.341644723945474 0.288720496105988 -0.797307205576173
16.9120000000003 -0.108250528794684 0.170253747349534 -0.607696868947869 0.341644723945474 0.288720496105988 -0.797307205576173
16.9840000000004 -0.109166418263797 0.165559124466654 -0.707582411757983 0.30738752173971 0.254060568141692 -0.783355050358151
17.0250000000015 -0.109166418263797 0.165559124466654 -0.707582411757983 0.285147025940865 0.183480108820953 -0.803897156997967
17.081000000002 -0.109166418263797 0.165559124466654 -0.707582411757983 0.285147025940865 0.183480108820953 -0.803897156997967
17.1280000000006 -0.109166418263797 0.165559124466654 -0.707582411757983 0.262919551411907 0.112898761437303 -0.824425434722189
17.1850000000013 -0.109166418263797 0.165559124466654 -0.707582411757983 0.221558840222821 -0.216873219416619 -0.90635960430644
17.232 -0.00549533681473235 -0.0281677372975082 -0.599313256860512 0.192484517259421 -0.582507156238294 -1.02295484360011
17.2880000000005 0.0944908839664436 -0.0268277155651049 -0.600293050538426 0.183365956396433 -0.735159534845538 -1.02952933672867
17.3359999999993 0.0944908839664436 -0.0268277155651049 -0.600293050538426 0.195584038203196 -0.771056611383351 -1.06415117555258
17.3520000000026 0.0944908839664436 -0.0268277155651049 -0.600293050538426 0.242886651903539 -0.818482619328736 -1.06448601589407
17.4079999999994 0.0954280762269661 -0.235978467710368 -0.790700730393439 0.258811296583398 -1.08912616217855 -1.092239236452
17.4570000000022 0.0968125618263542 -0.33585922090009 -0.786019027510804 0.283909848718458 -1.20711506228635 -1.11334676644446
17.5200000000004 0.0968125618263542 -0.33585922090009 -0.786019027510804 0.296195856008695 -1.24297335699281 -1.14809413769821
17.5680000000029 0.0986656435559894 -0.540315350162359 -0.87654116455559 0.308984061296411 -1.32510383142753 -1.13455634871412
17.6239999999998 0.102819100354125 -0.839957609731528 -0.862496055907741 0.427916627543804 -1.49173190230849 -1.20577313186935
17.6720000000023 0.103287696484372 -0.944532985804187 -0.957699895835276 0.487373858843339 -1.57503447096654 -1.24157000057572
17.7280000000028 0.103287696484372 -0.944532985804187 -0.957699895835276 0.509470796567891 -1.5045437933053 -1.22091717702994
17.7770000000019 0.108357042751635 -1.23948062249036 -0.843769244377313 0.642322326920405 -1.08161810383497 -1.09672272596715
17.7930000000015 0.111126013950397 -1.43924212886981 -0.834405838612042 0.6738565279094 -0.858394332881146 -1.06863924798599
17.8559999999998 0.116663956347907 -1.83876514162864 -0.815679027081558 0.886153958705876 -0.259797683680454 -0.916150499142324
17.9120000000003 0.118048441947295 -1.93864589481836 -0.810997324198979 0.930772952218012 -0.118830762064909 -0.874368493110478
17.9279999999999 0.118048441947295 -1.93864589481836 -0.810997324198979 0.930772952218012 -0.118830762064909 -0.874368493110478
17.992000000002 0.122670494875678 -2.34286353046014 -0.892156055478608 1.1164343762069 -0.0743301963825794 -0.882047483285152
18.0400000000009 0.126823951673813 -2.64250579002925 -0.878110946830759 1.30096888146893 0.0168007400658578 -0.938056186834385
18.1039999999994 0.128208437273187 -2.74238654321891 -0.873429243948124 1.37069397419094 0.039513577546141 -0.917452500817796
18.1530000000021 0.129592922872575 -2.84226729640869 -0.868747541065488 1.38374607741908 -0.0429594868716659 -0.904157969096854
18.2080000000024 0.035144644488895 -3.24313033089987 -0.849040935857147 1.51374683324982 -0.15064743149902 -0.871093272761172
18.2570000000014 -0.0625412012237945 -3.33965648293906 -0.743493896486484 1.5963596093385 -0.210671425160823 -0.837536260855296
18.3199999999997 -0.0611567156244064 -3.43953723612879 -0.738812193603849 1.5963596093385 -0.210671425160823 -0.837536260855296
18.3680000000022 -0.162058825874738 -3.44557188074413 -0.837717942736106 1.64535308464195 -0.352480247710594 -0.742166255612731
18.4240000000027 -0.256975700388665 -3.74185953916265 -0.722807497600229 1.74107306948666 -0.542534053128819 -0.648131290263443
18.4799999999996 -0.356493325039608 -3.84777493696777 -0.817031543849794 1.78873679324977 -0.637702812145256 -0.601316096278882
18.4960000000028 -0.356493325039608 -3.84777493696777 -0.817031543849794 1.78873679324977 -0.637702812145256 -0.601316096278882
18.5450000000019 -0.355577435570481 -3.84308031408483 -0.71714600103968 1.78927511949618 -0.684841625118326 -0.553376597129089
18.5920000000006 -0.351892574902621 -4.03814719758134 -0.607897052464409 1.88324794761577 -0.781106792067771 -0.555952124612295
18.6080000000002 -0.351892574902621 -4.03814719758134 -0.607897052464409 1.95335302864226 -0.806274490026027 -0.487915316726156
18.6239999999998 -0.450494310084423 -4.13936797250341 -0.60223555590386 1.93060602366965 -0.876509044494351 -0.509492577962101
18.6800000000003 -0.449578420615296 -4.13467334962047 -0.502350013093746 2.00061943766737 -0.901790662209733 -0.441551323127092
18.7280000000028 -0.350508089303233 -4.13802795077106 -0.603215349581774 2.00061943766737 -0.901790662209733 -0.441551323127092
18.7839999999997 -0.453263281283185 -3.93960646612402 -0.611598961669131 1.9887325741271 -0.866212474027275 -0.406105226997769
18.8320000000022 -0.455563656351671 -3.84442033581718 -0.716166207361823 2.00000396684118 -0.807752026631641 -0.301232522106382
18.9040000000023 -0.454647766882559 -3.8397257129343 -0.616280664551766 2.02316878999087 -0.784916100446795 -0.231779453766538
18.9530000000013 -0.457416738081321 -3.63996420655485 -0.62564407031698 1.97631307341112 -0.736574640878822 -0.23037255470256
18.9680000000008 -0.456500848612194 -3.63526958367191 -0.525758527506866 1.97631307341112 -0.736574640878822 -0.23037255470256
18.9840000000004 -0.459269819810956 -3.43550807729252 -0.53512193327208 1.92972605881748 -0.735575442834598 -0.181181582953888
19.0400000000009 -0.564793982989656 -3.03732508626604 -0.552868951124651 1.81308420280959 -0.709138722836877 -0.200158258440634
19.0970000000016 -0.46619224780784 -2.93610431134397 -0.5585304476852 1.81308420280959 -0.709138722836877 -0.200158258440634
19.1599999999999 -0.569416035918053 -2.63310745062432 -0.471710219845022 1.73035168417347 -0.506682328481794 -0.140965847380045
19.2080000000024 -0.476352243133761 -2.13236366294336 -0.496098527936056 1.54252905312155 -0.313669440939547 -0.137073746428596
19.2720000000008 -0.48189018553127 -1.73284065018453 -0.514825339466483 1.42432594549947 -0.0987842593100715 -0.113444649983881
19.3199999999997 -0.48189018553127 -1.73284065018453 -0.514825339466483 1.42432594549947 -0.0987842593100715 -0.113444649983881
19.3760000000002 -0.385141532079089 -1.42716374600013 -0.429964698982189 1.29637192001994 -0.178871218663906 -0.18978606410747
19.4240000000027 -0.390679474476599 -1.02764073324124 -0.448691510512674 1.11065193126322 -0.317256047122643 -0.321498037566351
19.5040000000008 -0.293462224894157 -0.82653920512945 -0.459034709955802 1.01763030153904 -0.363239655436869 -0.411329617557163
19.5519999999997 -0.396217416874123 -0.628117720482408 -0.467418322043159 0.91333464027659 -0.4203112956003 -0.417899011807529
19.6080000000002 -0.401286763141371 -0.333170083796233 -0.581348973501065 0.704244050288325 -0.487947875104217 -0.479200473195459
19.6560000000027 -0.305453999158317 -0.0321878024946614 -0.596373875826828 0.564928104035683 -0.533232366739109 -0.519999128281645
19.6720000000023 -0.305453999158317 -0.0321878024946614 -0.596373875826828 0.530391145419746 -0.567829061590454 -0.506003875976649
19.7360000000008 -0.406824705538895 0.0663529289626013 -0.600075785031549 0.460763439245931 -0.590528936917 -0.526366435876555
19.7839999999997 -0.308222970357065 0.167573703884727 -0.605737281592042 0.356616875560134 -0.64785834992109 -0.532680037146472
19.7930000000015 -0.308222970357065 0.167573703884727 -0.605737281592042 0.287027150708679 -0.670635061447388 -0.552998702630198
19.849000000002 -0.309607455956439 0.26745445707445 -0.610418984474677 0.148377611248495 -0.76261542680894 -0.54514588544617
19.9040000000023 -0.311907831024939 0.362640587381293 -0.714986230167426 0.113369141166627 -0.750888847084171 -0.579503126729932
19.9120000000003 -0.311907831024939 0.362640587381293 -0.714986230167426 0.113369141166627 -0.750888847084171 -0.579503126729932
19.9760000000024 -0.211005720774651 0.368675231996576 -0.616080481035169 0.125527237740608 -0.786812234873935 -0.614116757453972
20.0250000000015 -0.111019499993446 0.37001525372898 -0.617060274713083 0.0905181194894246 -0.775125483363939 -0.64846516547332
20.0400000000009 -0.109635014394058 0.270134500539257 -0.612378571830504 0.0905181194894246 -0.775125483363939 -0.64846516547332
20.1039999999994 -0.109635014394058 0.270134500539257 -0.612378571830504 0.125017678663403 -0.740530823292704 -0.662571967817322
20.1599999999999 -0.108719124924932 0.274829123422194 -0.512493029020447 0.112290662615169 -0.658345300165366 -0.67645279234225
20.1759999999995 -0.108719124924932 0.274829123422194 -0.512493029020447 0.133957524995562 -0.541565879001748 -0.704466522087589
20.2250000000022 -0.00873290414374139 0.27616914515454 -0.513472822698304 0.152770951778722 -0.236149921469717 -0.691496040516521
20.2720000000008 -0.00873290414374139 0.27616914515454 -0.513472822698304 0.162077573216643 -0.0834374684785148 -0.685104762881231
20.3359999999993 -0.00873290414374139 0.27616914515454 -0.513472822698304 0.162077573216643 -0.0834374684785148 -0.685104762881231
20.385000000002 -0.00873290414374139 0.27616914515454 -0.513472822698304 0.184377355030066 -0.0128754414281568 -0.664600831175149
20.4010000000017 -0.00873290414374139 0.27616914515454 -0.513472822698304 0.218730283018924 0.021750549094272 -0.678590194928378
20.4570000000022 -0.00734841854436752 0.176288391964817 -0.508791119815726 0.241039471292553 0.0923114443636747 -0.658056553028738
20.5040000000008 -0.00964879361286819 0.271474522271603 -0.613358365508361 0.206690052215299 0.0576856889570809 -0.644082998116185
20.5200000000004 -0.00964879361286819 0.271474522271603 -0.613358365508361 0.241039471292553 0.0923114443636747 -0.658056553028738
20.5920000000006 -0.00964879361286819 0.271474522271603 -0.613358365508361 0.203919032640453 0.246361966106714 -0.603278829605476
20.6399999999994 -0.00964879361286819 0.271474522271603 -0.613358365508361 0.202303688981889 0.388830191731416 -0.513832182785055
20.6890000000021 0.0903374271683219 0.272814544004007 -0.614338159186275 0.154837453568393 0.436397960368543 -0.514250020561175
20.7440000000024 0.0926378022368226 0.177628413697221 -0.509770913493583 0.214277309632997 0.352877819877673 -0.548285226363037
20.760000000002 0.194008508617401 0.0790876822399014 -0.506069004288861 0.203919032640453 0.246361966106714 -0.603278829605476
20.8320000000022 0.295847811128212 -0.124028425290021 -0.597570935011618 0.293050595406793 -0.286264720571454 -0.788700162363716
20.8810000000012 0.39721851750879 -0.222569156747397 -0.593869025806896 0.295033150609618 -0.428611575255741 -0.878466760006026
20.8880000000026 0.39721851750879 -0.222569156747397 -0.593869025806896 0.295033150609618 -0.428611575255741 -0.878466760006026
20.9680000000008 0.300001267926348 -0.423670684859189 -0.583525826363768 0.320135600068346 -0.546663360268529 -0.899229777931571
21.0090000000018 0.401840570437187 -0.626786792389112 -0.675027757086525 0.391744047343072 -0.665928441692773 -0.968878335961424
21.0250000000015 0.302322945786244 -0.732702190194118 -0.769251803336147 0.403913117074836 -0.701792820121851 -1.00358007064181
21.0400000000009 0.302322945786244 -0.732702190194118 -0.769251803336147 0.451193506771478 -0.749302523122981 -1.00399992216691
21.0560000000005 0.403693652166822 -0.831242921651494 -0.765549894131425 0.416826452743957 -0.783969669361509 -0.989892076993866
21.0720000000001 0.302791541916505 -0.837277566266721 -0.864455643263568 0.429012502459588 -0.819824330442365 -1.02462498876874
21.0879999999997 0.302791541916505 -0.837277566266721 -0.864455643263568 0.429012502459588 -0.819824330442365 -1.02462498876874
21.0970000000016 0.302791541916505 -0.837277566266721 -0.864455643263568 0.429012502459588 -0.819824330442365 -1.02462498876874
21.1130000000012 0.302791541916505 -0.837277566266721 -0.864455643263568 0.429012502459588 -0.819824330442365 -1.02462498876874
21.1280000000006 0.302791541916505 -0.837277566266721 -0.864455643263568 0.429012502459588 -0.819824330442365 -1.02462498876874
21.1440000000002 0.304176027515879 -0.937158319456444 -0.859773940380933 0.463371942981735 -0.785151886112608 -1.03874077977715
21.1599999999999 0.30647640258438 -1.03234444976323 -0.755206694688241 0.498456295181538 -0.796830442462515 -1.00447723518246
21.2250000000022 0.313398830581264 -1.53174821571179 -0.731798180275177 0.661692093238715 -0.822586805161863 -1.03379585183976
21.2800000000025 0.313867426711539 -1.63632359178439 -0.827002020202599 0.661692093238715 -0.822586805161863 -1.03379585183976
21.3290000000015 0.215265691529737 -1.73754436670652 -0.821340523642107 0.696767544977653 -0.834365676494855 -0.999583378352625
21.385000000002 0.220335037796985 -2.03249200339275 -0.707409872184201 0.824896069019423 -0.848388981420337 -1.06331243377207
21.4400000000023 0.326775090444798 -2.4259803715363 -0.589777311521516 0.988068255174038 -0.874236240451478 -1.09302725662312
21.4960000000028 0.22817335526301 -2.52720114645837 -0.584115814960967 1.05752281392646 -0.8514436945432 -1.07294204664905
21.5519999999997 0.228641951393257 -2.63177652253103 -0.679319654888445 1.09260776288597 -0.863392959965375 -1.03881462954856
21.6000000000022 0.131424701810815 -2.83287805064288 -0.668976455445318 1.20925706015026 -0.888409251832247 -1.01968396522396
21.6560000000027 0.134193673009563 -3.03263955702226 -0.659613049680104 1.3603083720885 -0.878829996763005 -1.01465222780954
21.6720000000023 0.0342074522283724 -3.03397957875467 -0.65863325600219 1.3603083720885 -0.878829996763005 -1.01465222780954
21.6800000000003 0.134193673009563 -3.03263955702226 -0.659613049680104 1.3603083720885 -0.878829996763005 -1.01465222780954
21.6959999999999 0.134193673009563 -3.03263955702226 -0.659613049680104 1.3603083720885 -0.878829996763005 -1.01465222780954
21.7119999999995 0.0342074522283724 -3.03397957875467 -0.65863325600219 1.3603083720885 -0.878829996763005 -1.01465222780954
21.7280000000028 0.0342074522283724 -3.03397957875467 -0.65863325600219 1.3603083720885 -0.878829996763005 -1.01465222780954
21.7440000000024 0.0355919378277605 -3.13386033194439 -0.653951553119555 1.39538359526277 -0.890951663281139 -0.980589560727379
21.8080000000009 -0.0616253117546819 -3.33496186005618 -0.643608353676427 1.48852333329194 -0.891862565549453 -0.84324500683165
21.8559999999998 -0.160227046936498 -3.43618263497831 -0.637946857115935 1.5936319250821 -0.928756119755909 -0.74115704407826
21.8650000000016 -0.160227046936498 -3.43618263497831 -0.637946857115935 1.5936319250821 -0.928756119755909 -0.74115704407826
21.8810000000012 -0.160227046936498 -3.43618263497831 -0.637946857115935 1.5936319250821 -0.928756119755909 -0.74115704407826
21.9439999999995 -0.260213267717674 -3.43752265671071 -0.636967063438021 1.58208357135907 -0.940140820117225 -0.657947316920031
22 -0.260213267717674 -3.43752265671071 -0.636967063438021 1.55884674648635 -0.962957644739916 -0.491548788480733
22.0640000000021 -0.2588287821183 -3.53740340990038 -0.632285360555386 1.57015038877591 -0.951240573494937 -0.339065256977255
22.1130000000012 -0.2588287821183 -3.53740340990038 -0.632285360555386 1.57015038877591 -0.951240573494937 -0.339065256977255
22.1759999999995 -0.157010782398885 -3.52667414240216 -0.433494068613072 1.59424629662505 -1.06968532125806 -0.361769195677532
22.232 -0.158395267998259 -3.42679338921249 -0.438175771495708 1.606346724618 -1.15248755589899 -0.349236825605912
22.2479999999996 -0.160695643066759 -3.33160725890565 -0.5427430171884 1.64120460150812 -1.16507440159533 -0.315311237315529
22.3040000000001 -0.160695643066759 -3.33160725890565 -0.5427430171884 1.65317147922191 -1.20070896650542 -0.350665889632392
22.3600000000006 -0.261150459978197 -3.22837190456539 -0.446559383583008 1.60642434088502 -1.19966302544582 -0.301406534395297
22.3760000000002 -0.261619056108444 -3.12379652849279 -0.351355543655586 1.57163283199077 -1.23424655378231 -0.287493693704078
22.4400000000023 -0.267156998505968 -2.7242735157339 -0.370082355186071 1.39760395121247 -1.35997166286757 -0.265640885286944
22.4890000000014 -0.267625594636229 -2.61969813966135 -0.274878515258536 1.39760395121247 -1.35997166286757 -0.265640885286944
22.5519999999997 -0.271310455304103 -2.42463125616484 -0.38412746383392 1.32682166978343 -1.19330951988176 -0.241685547606602
22.6000000000022 -0.276848397701613 -2.02510824340595 -0.402854275364405 1.23201237282501 -0.955232112781527 -0.147751068492558
22.617000000002 -0.277316993831874 -1.92053286733341 -0.307650435436813 1.20797885100664 -0.836763321739664 -0.125510056377569
22.6330000000016 -0.278701479431263 -1.82065211414368 -0.312332138319448 1.19585138545202 -0.7540377163843 -0.13845656011023
22.6490000000013 -0.280085965030636 -1.72077136095396 -0.317013841202083 1.13700593373262 -0.670126374918782 -0.102515923428906
22.7050000000017 -0.283770825698511 -1.5257044774574 -0.426262789777468 1.09007113448675 -0.621977110845028 -0.101720913571124
22.760000000002 -0.285155311297885 -1.42582372426773 -0.430944492660103 1.00947950712143 -0.750276153764514 -0.178211114950532
22.7770000000019 -0.18563768664697 -1.31990832646272 -0.336720446410482 0.939775505161825 -0.772531456661516 -0.198509051940896
22.8400000000001 -0.0925738938626637 -0.819164538781763 -0.361108754501458 0.628062944018217 -1.08520155075188 -0.308013227411465
22.8880000000026 -0.0948742689311501 -0.72397840847492 -0.465676000194208 0.535884332999442 -1.17803106972414 -0.348933205248641
22.9040000000023 -0.0948742689311501 -0.72397840847492 -0.465676000194208 0.535884332999442 -1.17803106972414 -0.348933205248641
22.9210000000021 -0.0948742689311501 -0.72397840847492 -0.465676000194208 0.535884332999442 -1.17803106972414 -0.348933205248641
22.9370000000017 -0.0953428650614256 -0.619403032402317 -0.370472160266672 0.535884332999442 -1.17803106972414 -0.348933205248641
23 -0.0981118362601734 -0.419641526022929 -0.379835566031943 0.38457960163595 -1.14065173576195 -0.40242545341975
23.0560000000005 -0.100880807458935 -0.219880019643483 -0.389198971797157 0.245402241212869 -1.13944480771513 -0.490824185237736
23.1130000000012 -0.102265293058309 -0.11999926645376 -0.393880674679792 0.245402241212869 -1.13944480771513 -0.490824185237736
23.1599999999999 -0.0022790722771191 -0.118659244721414 -0.394860468357706 0.188119089836855 -1.19805555906874 -0.545594060263296
23.1759999999995 -0.0022790722771191 -0.118659244721414 -0.394860468357706 0.130892336415318 -1.25672191050015 -0.600307209237099
23.2410000000018 -0.00457944734560556 -0.0234731144145712 -0.499427714050455 -0.0302696269696156 -1.37287527485246 -0.660683636706527
