Time(s) x(mm) y(mm) z(mm) rx(deg) ry(deg) rz(deg)
0 0.00653564855574018 -0.0290866154971923 -0.69936489338312 0 9.93923337957349E-17 9.84605306663999E-16
0 0.00653564855574018 -0.0290866154971923 -0.69936489338312 0 9.93923337957349E-17 9.84605306663999E-16
0.0149999999994179 0.00653564855574018 -0.0290866154971923 -0.69936489338312 0 9.93923337957349E-17 9.84605306663999E-16
0.0869999999995343 0.00746931263512352 -0.0332418462825217 -0.799274163866471 0 9.93923337957349E-17 9.84605306663999E-16
0.111000000000786 0.033300736794672 0.0593795741064014 -0.902975706820428 0 9.93923337957349E-17 9.84605306663999E-16
0.182999999999083 0.033300736794672 0.0593795741064014 -0.902975706820428 0 9.93923337957349E-17 9.84605306663999E-16
0.199000000000524 0.0342344008740554 0.055224343321072 -1.00288497730372 0 9.93923337957349E-17 9.84605306663999E-16
0.216000000000349 0.0342344008740554 0.055224343321072 -1.00288497730372 0 9.93923337957349E-17 9.84605306663999E-16
0.27100000000064 0.0361017290328363 0.0469138817504131 -1.20270351827037 0 9.93923337957349E-17 9.84605306663999E-16
0.384000000000015 0.0379690571916029 0.0386034201798111 -1.40252205923696 0 9.93923337957349E-17 9.84605306663999E-16
0.398999999999432 0.0379690571916029 0.0386034201798111 -1.40252205923696 0 9.93923337957349E-17 9.84605306663999E-16
0.431000000000495 0.0398363853503838 0.0302929586091523 -1.60234060020366 0 9.93923337957349E-17 9.84605306663999E-16
0.44800000000032 0.0398363853503838 0.0302929586091523 -1.60234060020366 0 9.93923337957349E-17 9.84605306663999E-16
0.463999999999942 -0.0560763744297361 0.0509774912008538 -1.70418799890786 0 9.93923337957349E-17 9.84605306663999E-16
0.520000000000437 0.0426373775885338 0.0178272662532208 -1.90206841165354 0 9.93923337957349E-17 9.84605306663999E-16
0.583000000000538 0.0426373775885338 0.0178272662532208 -1.90206841165354 0 9.93923337957349E-17 9.84605306663999E-16
0.655000000000655 0.0445047057473147 0.00951680468261884 -2.10188695262019 0 9.93923337957349E-17 9.84605306663999E-16
0.710999999999331 0.0463720339060814 0.00120634311196 -2.30170549358684 0 9.93923337957349E-17 9.84605306663999E-16
0.727000000000771 0.0473056979854647 -0.00294888767336943 -2.40161476407008 0 9.93923337957349E-17 9.84605306663999E-16
0.790999999999258 -0.0486070617946552 0.0177356449183321 -2.50346216277438 0 9.93923337957349E-17 9.84605306663999E-16
0.832000000000335 0.0491730261442456 -0.0112593492439714 -2.60143330503678 0 9.93923337957349E-17 9.84605306663999E-16
0.895000000000437 -0.0439387413977101 -0.00304050900825814 -3.00300851519097 0 9.93923337957349E-17 9.84605306663999E-16
0.942999999999302 -0.0430050773183268 -0.00719573979358756 -3.10291778567426 0 9.93923337957349E-17 9.84605306663999E-16
1.06400000000031 -0.0430050773183268 -0.00719573979358756 -3.10291778567426 0 9.93923337957349E-17 9.84605306663999E-16
1.07200000000012 0.0529076824617931 -0.0278802723852323 -3.00107038697001 0 9.93923337957349E-17 9.84605306663999E-16
1.13600000000042 -0.0439387413977101 -0.00304050900825814 -3.00300851519097 0 9.93923337957349E-17 9.84605306663999E-16
1.18299999999908 0.0529076824617931 -0.0278802723852323 -3.00107038697001 0 9.93923337957349E-17 9.84605306663999E-16
1.19900000000052 -0.0448724054771077 0.00111472177707128 -2.90309924470762 0 9.93923337957349E-17 9.84605306663999E-16
1.20700000000033 0.0519740183823956 -0.0237250415999029 -2.90116111648666 0 9.93923337957349E-17 9.84605306663999E-16
1.22400000000016 0.0510403543030122 -0.0195698108146303 -2.80125184600337 0 9.93923337957349E-17 9.84605306663999E-16
1.29600000000028 0.023341601984697 -0.103880769632838 -2.49773176208276 0 9.93923337957349E-17 9.84605306663999E-16
1.32699999999932 0.0482393620648622 -0.00710411845864201 -2.50152403455343 0 9.93923337957349E-17 9.84605306663999E-16
1.34300000000076 0.0482393620648622 -0.00710411845864201 -2.50152403455343 0 9.93923337957349E-17 9.84605306663999E-16
1.39899999999943 0.0473056979854647 -0.00294888767336943 -2.40161476407008 0 9.93923337957349E-17 9.84605306663999E-16
1.43900000000031 0.0463720339060814 0.00120634311196 -2.30170549358684 0 9.93923337957349E-17 9.84605306663999E-16
1.45600000000013 0.0445047057473147 0.00951680468261884 -2.10188695262019 0 9.93923337957349E-17 9.84605306663999E-16
1.52000000000044 0.0177396175083686 -0.0789493849209748 -1.89827613918288 0 9.93923337957349E-17 9.84605306663999E-16
1.55099999999948 0.0177396175083686 -0.0789493849209748 -1.89827613918288 0 9.93923337957349E-17 9.84605306663999E-16
1.55899999999929 0.0177396175083686 -0.0789493849209748 -1.89827613918288 0 9.93923337957349E-17 9.84605306663999E-16
1.62299999999959 -0.0800404704305322 -0.0499543907586713 -1.80030499692054 0 9.93923337957349E-17 9.84605306663999E-16
1.65500000000065 0.0417037135091505 0.0219824970385503 -1.80215914117025 0 9.93923337957349E-17 9.84605306663999E-16
1.66300000000047 0.0407700494297671 0.0261377278238797 -1.7022498706869 0 9.93923337957349E-17 9.84605306663999E-16
1.74300000000039 0.0398363853503838 0.0302929586091523 -1.60234060020366 0 9.93923337957349E-17 9.84605306663999E-16
1.76800000000003 0.0398363853503838 0.0302929586091523 -1.60234060020366 0 9.93923337957349E-17 9.84605306663999E-16
1.78299999999945 0.0398363853503838 0.0302929586091523 -1.60234060020366 0 9.93923337957349E-17 9.84605306663999E-16
1.84000000000015 0.0379690571916029 0.0386034201798111 -1.40252205923696 0 9.93923337957349E-17 9.84605306663999E-16
1.87099999999919 0.0112039689526711 -0.0498627694237825 -1.19891124579971 0 9.93923337957349E-17 9.84605306663999E-16
1.88700000000063 0.0112039689526711 -0.0498627694237825 -1.19891124579971 0 9.93923337957349E-17 9.84605306663999E-16
1.95099999999911 0.0102703048732735 -0.0457075386384531 -1.09900197531641 0 9.93923337957349E-17 9.84605306663999E-16
1.98400000000038 -0.086576118986244 -0.020867775261479 -1.10094010353737 0 9.93923337957349E-17 9.84605306663999E-16
1.99200000000019 0.00933664079389018 -0.0415523078531237 -0.99909270483306 0 9.93923337957349E-17 9.84605306663999E-16
2.05500000000029 0.00840297671450685 -0.0373970770677943 -0.899183434349766 0 9.93923337957349E-17 9.84605306663999E-16
2.07899999999972 0.00746931263512352 -0.0332418462825217 -0.799274163866471 0 9.93923337957349E-17 9.84605306663999E-16
2.09499999999935 0.00653564855574018 -0.0290866154971923 -0.69936489338312 0 9.93923337957349E-17 9.84605306663999E-16
2.15899999999965 0.00653564855574018 -0.0290866154971923 -0.69936489338312 0 9.93923337957349E-17 9.84605306663999E-16
2.18299999999908 0.00653564855574018 -0.0290866154971923 -0.69936489338312 0 9.93923337957349E-17 9.84605306663999E-16
2.19900000000052 0.00653564855574018 -0.0290866154971923 -0.69936489338312 0 9.93923337957349E-17 9.84605306663999E-16
2.26300000000083 0.00560198447634264 -0.0249313847118628 -0.599455622899882 0 9.93923337957349E-17 9.84605306663999E-16
2.28700000000026 0.0046683203969593 -0.0207761539265334 -0.49954635241653 0 9.93923337957349E-17 9.84605306663999E-16
2.30400000000009 0.00373465631757597 -0.016620923141204 -0.399637081933179 0 9.93923337957349E-17 9.84605306663999E-16
2.36800000000039 0.00373465631757597 -0.016620923141204 -0.399637081933179 0 9.93923337957349E-17 9.84605306663999E-16
2.39099999999962 0.00373465631757597 -0.016620923141204 -0.399637081933179 0 9.93923337957349E-17 9.84605306663999E-16
2.40699999999924 0.00373465631757597 -0.016620923141204 -0.399637081933179 0 9.93923337957349E-17 9.84605306663999E-16
2.46399999999994 0.00280099223819263 -0.0124656923559314 -0.299727811449941 0 9.93923337957349E-17 9.84605306663999E-16
2.4950000000008 0.00280099223819263 -0.0124656923559314 -0.299727811449941 0 9.93923337957349E-17 9.84605306663999E-16
2.51100000000042 0.00280099223819263 -0.0124656923559314 -0.299727811449941 0 9.93923337957349E-17 9.84605306663999E-16
2.58300000000054 0.00280099223819263 -0.0124656923559314 -0.299727811449941 0 9.93923337957349E-17 9.84605306663999E-16
2.61599999999999 0.000933664079411756 -0.00415523078527258 -0.0999092704832947 0 9.93923337957349E-17 9.84605306663999E-16
2.62299999999959 0.000933664079411756 -0.00415523078527258 -0.0999092704832947 0 9.93923337957349E-17 9.84605306663999E-16
2.69499999999971 2.8421709430404E-14 5.6843418860808E-14 5.6843418860808E-14 0 9.93923337957349E-17 9.84605306663999E-16
2.71899999999914 -0.000933664079354912 0.00415523078532942 0.0999092704833515 0 9.93923337957349E-17 9.84605306663999E-16
2.77499999999964 -0.000933664079354912 0.00415523078532942 0.0999092704833515 0 9.93923337957349E-17 9.84605306663999E-16
2.79899999999907 -0.000933664079354912 0.00415523078532942 0.0999092704833515 0 9.93923337957349E-17 9.84605306663999E-16
2.90400000000045 2.8421709430404E-14 5.6843418860808E-14 5.6843418860808E-14 0 9.93923337957349E-17 9.84605306663999E-16
2.99200000000019 0.000933664079411756 -0.00415523078527258 -0.0999092704832947 0 9.93923337957349E-17 9.84605306663999E-16
3.05500000000029 0.0046683203969593 -0.0207761539265334 -0.49954635241653 0 9.93923337957349E-17 9.84605306663999E-16
3.07899999999972 0.0304997445565078 0.0718452664623328 -0.603247895370544 0 9.93923337957349E-17 9.84605306663999E-16
3.14400000000023 0.0323670727152887 0.063534804891674 -0.803066436337133 0 9.93923337957349E-17 9.84605306663999E-16
3.16699999999946 0.0323670727152887 0.063534804891674 -0.803066436337133 0 9.93923337957349E-17 9.84605306663999E-16
3.18299999999908 0.0323670727152887 0.063534804891674 -0.803066436337133 0 9.93923337957349E-17 9.84605306663999E-16
3.24699999999939 0.0361017290328363 0.0469138817504131 -1.20270351827037 0 9.93923337957349E-17 9.84605306663999E-16
3.27900000000045 0.0379690571916029 0.0386034201798111 -1.40252205923696 0 9.93923337957349E-17 9.84605306663999E-16
3.29600000000028 -0.057943702588517 0.0592879527714558 -1.50436945794127 0 9.93923337957349E-17 9.84605306663999E-16
3.35900000000038 0.0407700494297671 0.0261377278238797 -1.7022498706869 0 9.93923337957349E-17 9.84605306663999E-16
3.38400000000001 -0.0560763744297361 0.0509774912008538 -1.70418799890786 0 9.93923337957349E-17 9.84605306663999E-16
3.44800000000032 0.0426373775885338 0.0178272662532208 -1.90206841165354 0 9.93923337957349E-17 9.84605306663999E-16
3.47899999999936 -0.0532753821915861 0.0385117988448656 -2.00391581035785 0 9.93923337957349E-17 9.84605306663999E-16
3.4950000000008 -0.0532753821915861 0.0385117988448656 -2.00391581035785 0 9.93923337957349E-17 9.84605306663999E-16
3.55899999999929 0.0445047057473147 0.00951680468261884 -2.10188695262019 0 9.93923337957349E-17 9.84605306663999E-16
3.59100000000035 -0.0523417181121886 0.034356568059593 -2.10382508084115 0 9.93923337957349E-17 9.84605306663999E-16
3.66300000000047 0.045438369826698 0.00536157389728942 -2.20179622310349 0 9.93923337957349E-17 9.84605306663999E-16
3.6880000000001 -0.0514080540328052 0.0302013372742636 -2.20373435132444 0 9.93923337957349E-17 9.84605306663999E-16
3.70299999999952 -0.0523417181121886 0.034356568059593 -2.10382508084115 0 9.93923337957349E-17 9.84605306663999E-16
3.78299999999945 0.0445047057473147 0.00951680468261884 -2.10188695262019 0 9.93923337957349E-17 9.84605306663999E-16
3.8070000000007 0.0445047057473147 0.00951680468261884 -2.10188695262019 0 9.93923337957349E-17 9.84605306663999E-16
3.88700000000063 0.0445047057473147 0.00951680468261884 -2.10188695262019 0 9.93923337957349E-17 9.84605306663999E-16
3.90400000000045 0.0445047057473147 0.00951680468261884 -2.10188695262019 0 9.93923337957349E-17 9.84605306663999E-16
3.99200000000019 0.0426373775885338 0.0178272662532208 -1.90206841165354 0 9.93923337957349E-17 9.84605306663999E-16
4.06400000000031 0.0140049611908211 -0.062328461779714 -1.49863905724965 0 9.93923337957349E-17 9.84605306663999E-16
4.09499999999935 0.0130712971114377 -0.0581732309943845 -1.3987297867663 0 9.93923337957349E-17 9.84605306663999E-16
4.15899999999965 0.0121376330320544 -0.0540180002090551 -1.29882051628306 0 9.93923337957349E-17 9.84605306663999E-16
4.18299999999908 0.0121376330320544 -0.0540180002090551 -1.29882051628306 0 9.93923337957349E-17 9.84605306663999E-16
4.24699999999939 0.0102703048732735 -0.0457075386384531 -1.09900197531641 0 9.93923337957349E-17 9.84605306663999E-16
4.27100000000064 0.00840297671450685 -0.0373970770677943 -0.899183434349766 0 9.93923337957349E-17 9.84605306663999E-16
4.28700000000026 0.00840297671450685 -0.0373970770677943 -0.899183434349766 0 9.93923337957349E-17 9.84605306663999E-16
4.35900000000038 0.00746931263512352 -0.0332418462825217 -0.799274163866471 0 9.93923337957349E-17 9.84605306663999E-16
4.38400000000001 0.00746931263512352 -0.0332418462825217 -0.799274163866471 0 9.93923337957349E-17 9.84605306663999E-16
4.43900000000031 0.00560198447634264 -0.0249313847118628 -0.599455622899882 0 9.93923337957349E-17 9.84605306663999E-16
4.46399999999994 0.00560198447634264 -0.0249313847118628 -0.599455622899882 0 9.93923337957349E-17 9.84605306663999E-16
4.53600000000006 0.0046683203969593 -0.0207761539265334 -0.49954635241653 0 9.93923337957349E-17 9.84605306663999E-16
4.55899999999929 0.0046683203969593 -0.0207761539265334 -0.49954635241653 0 9.93923337957349E-17 9.84605306663999E-16
4.57500000000073 0.0046683203969593 -0.0207761539265334 -0.49954635241653 0 9.93923337957349E-17 9.84605306663999E-16
4.59100000000035 0.0046683203969593 -0.0207761539265334 -0.49954635241653 0 9.93923337957349E-17 9.84605306663999E-16
4.63899999999921 0.0046683203969593 -0.0207761539265334 -0.49954635241653 0 9.93923337957349E-17 9.84605306663999E-16
4.66300000000047 0.00373465631757597 -0.016620923141204 -0.399637081933179 0 9.93923337957349E-17 9.84605306663999E-16
4.68000000000029 0.00373465631757597 -0.016620923141204 -0.399637081933179 0 9.93923337957349E-17 9.84605306663999E-16
4.75200000000041 0.00280099223819263 -0.0124656923559314 -0.299727811449941 0 9.93923337957349E-17 9.84605306663999E-16
4.86299999999937 0.00186732815879509 -0.008310461570602 -0.199818540966589 0 9.93923337957349E-17 9.84605306663999E-16
4.93499999999949 0.000933664079411756 -0.00415523078527258 -0.0999092704832947 0 9.93923337957349E-17 9.84605306663999E-16
4.95900000000074 0.000933664079411756 -0.00415523078527258 -0.0999092704832947 0 9.93923337957349E-17 9.84605306663999E-16
4.96700000000055 2.8421709430404E-14 5.6843418860808E-14 5.6843418860808E-14 0 9.93923337957349E-17 9.84605306663999E-16
5.05500000000029 -0.00186732815873825 0.00831046157065884 0.199818540966646 0 9.93923337957349E-17 9.84605306663999E-16
5.07200000000012 -0.00280099223813579 0.0124656923559883 0.299727811449998 0 9.93923337957349E-17 9.84605306663999E-16
5.08699999999953 -0.00280099223813579 0.0124656923559883 0.299727811449998 0 9.93923337957349E-17 9.84605306663999E-16
5.15899999999965 -0.00280099223813579 0.0124656923559883 0.299727811449998 0 9.93923337957349E-17 9.84605306663999E-16
5.19100000000071 -0.00280099223813579 0.0124656923559883 0.299727811449998 0 9.93923337957349E-17 9.84605306663999E-16
5.26300000000083 -0.00280099223813579 0.0124656923559883 0.299727811449998 0 9.93923337957349E-17 9.84605306663999E-16
5.28700000000026 -0.00280099223813579 0.0124656923559883 0.299727811449998 0 9.93923337957349E-17 9.84605306663999E-16
5.35100000000057 -0.00280099223813579 0.0124656923559883 0.299727811449998 0 9.93923337957349E-17 9.84605306663999E-16
5.38400000000001 -0.00186732815873825 0.00831046157065884 0.199818540966646 0 9.93923337957349E-17 9.84605306663999E-16
5.44800000000032 0.00186732815879509 -0.008310461570602 -0.199818540966589 0 9.93923337957349E-17 9.84605306663999E-16
5.47099999999955 0.0276987523183578 0.0843109588182642 -0.303520083920603 0 9.93923337957349E-17 9.84605306663999E-16
5.55099999999948 0.0295660804771245 0.0760004972476622 -0.503338624887192 0 9.93923337957349E-17 9.84605306663999E-16
5.58300000000054 0.0295660804771245 0.0760004972476622 -0.503338624887192 0 9.93923337957349E-17 9.84605306663999E-16
5.6309999999994 0.0314334086359054 0.0676900356770034 -0.703157165853781 0 9.93923337957349E-17 9.84605306663999E-16
5.66300000000047 -0.0635456870648312 0.0842193374833755 -0.904913835041384 0 9.93923337957349E-17 9.84605306663999E-16
5.68000000000029 0.033300736794672 0.0593795741064014 -0.902975706820428 0 9.93923337957349E-17 9.84605306663999E-16
5.69499999999971 0.0342344008740554 0.055224343321072 -1.00288497730372 0 9.93923337957349E-17 9.84605306663999E-16
5.76000000000022 0.0351680649534387 0.0510691125357425 -1.10279424778707 0 9.93923337957349E-17 9.84605306663999E-16
5.78299999999945 0.0351680649534387 0.0510691125357425 -1.10279424778707 0 9.93923337957349E-17 9.84605306663999E-16
5.79899999999907 0.0351680649534387 0.0510691125357425 -1.10279424778707 0 9.93923337957349E-17 9.84605306663999E-16
5.86299999999937 0.0389027212709863 0.0344481893944817 -1.50243132972031 0 9.93923337957349E-17 9.84605306663999E-16
5.89500000000044 0.0398363853503838 0.0302929586091523 -1.60234060020366 0 9.93923337957349E-17 9.84605306663999E-16
5.95900000000074 0.0407700494297671 0.0261377278238797 -1.7022498706869 0 9.93923337957349E-17 9.84605306663999E-16
5.99200000000019 0.0407700494297671 0.0261377278238797 -1.7022498706869 0 9.93923337957349E-17 9.84605306663999E-16
6.05500000000029 0.0426373775885338 0.0178272662532208 -1.90206841165354 0 9.93923337957349E-17 9.84605306663999E-16
6.07899999999972 -0.0532753821915861 0.0385117988448656 -2.00391581035785 0 9.93923337957349E-17 9.84605306663999E-16
6.09499999999935 0.0435710416679171 0.0136720354678914 -2.0019776821369 0 9.93923337957349E-17 9.84605306663999E-16
6.10299999999916 0.0435710416679171 0.0136720354678914 -2.0019776821369 0 9.93923337957349E-17 9.84605306663999E-16
6.18299999999908 0.0435710416679171 0.0136720354678914 -2.0019776821369 0 9.93923337957349E-17 9.84605306663999E-16
6.21600000000035 -0.0532753821915861 0.0385117988448656 -2.00391581035785 0 9.93923337957349E-17 9.84605306663999E-16
6.23199999999997 -0.0532753821915861 0.0385117988448656 -2.00391581035785 0 9.93923337957349E-17 9.84605306663999E-16
6.23899999999958 0.0445047057473147 0.00951680468261884 -2.10188695262019 0 9.93923337957349E-17 9.84605306663999E-16
6.31099999999969 0.0445047057473147 0.00951680468261884 -2.10188695262019 0 9.93923337957349E-17 9.84605306663999E-16
6.33499999999913 0.0445047057473147 0.00951680468261884 -2.10188695262019 0 9.93923337957349E-17 9.84605306663999E-16
6.35900000000038 -0.0523417181121886 0.034356568059593 -2.10382508084115 0 9.93923337957349E-17 9.84605306663999E-16
6.43100000000049 0.0417037135091505 0.0219824970385503 -1.80215914117025 0 9.93923337957349E-17 9.84605306663999E-16
6.46399999999994 0.0407700494297671 0.0261377278238797 -1.7022498706869 0 9.93923337957349E-17 9.84605306663999E-16
6.52000000000044 0.0130712971114377 -0.0581732309943845 -1.3987297867663 0 9.93923337957349E-17 9.84605306663999E-16
6.55099999999948 0.0130712971114377 -0.0581732309943845 -1.3987297867663 0 9.93923337957349E-17 9.84605306663999E-16
6.5669999999991 0.0130712971114377 -0.0581732309943845 -1.3987297867663 0 9.93923337957349E-17 9.84605306663999E-16
6.6309999999994 0.0112039689526711 -0.0498627694237825 -1.19891124579971 0 9.93923337957349E-17 9.84605306663999E-16
6.65500000000065 0.0112039689526711 -0.0498627694237825 -1.19891124579971 0 9.93923337957349E-17 9.84605306663999E-16
6.66300000000047 0.0102703048732735 -0.0457075386384531 -1.09900197531641 0 9.93923337957349E-17 9.84605306663999E-16
6.73500000000058 0.00840297671450685 -0.0373970770677943 -0.899183434349766 0 9.93923337957349E-17 9.84605306663999E-16
6.76800000000003 0.00933664079389018 -0.0415523078531237 -0.99909270483306 0 9.93923337957349E-17 9.84605306663999E-16
6.79899999999907 0.00840297671450685 -0.0373970770677943 -0.899183434349766 0 9.93923337957349E-17 9.84605306663999E-16
6.81500000000051 0.00840297671450685 -0.0373970770677943 -0.899183434349766 0 9.93923337957349E-17 9.84605306663999E-16
6.82300000000032 0.00840297671450685 -0.0373970770677943 -0.899183434349766 0 9.93923337957349E-17 9.84605306663999E-16
6.89500000000044 0.00653564855574018 -0.0290866154971923 -0.69936489338312 0 9.93923337957349E-17 9.84605306663999E-16
6.92000000000007 0.00653564855574018 -0.0290866154971923 -0.69936489338312 0 9.93923337957349E-17 9.84605306663999E-16
6.9429999999993 0.00653564855574018 -0.0290866154971923 -0.69936489338312 0 9.93923337957349E-17 9.84605306663999E-16
7 0.00560198447634264 -0.0249313847118628 -0.599455622899882 0 9.93923337957349E-17 9.84605306663999E-16
7.02299999999923 0.00560198447634264 -0.0249313847118628 -0.599455622899882 0 9.93923337957349E-17 9.84605306663999E-16
7.09499999999935 0.0046683203969593 -0.0207761539265334 -0.49954635241653 0 9.93923337957349E-17 9.84605306663999E-16
7.1190000000006 0.00373465631757597 -0.016620923141204 -0.399637081933179 0 9.93923337957349E-17 9.84605306663999E-16
7.22400000000016 0.00280099223819263 -0.0124656923559314 -0.299727811449941 0 9.93923337957349E-17 9.84605306663999E-16
7.29600000000028 2.8421709430404E-14 5.6843418860808E-14 5.6843418860808E-14 0 9.93923337957349E-17 9.84605306663999E-16
7.31899999999951 2.8421709430404E-14 5.6843418860808E-14 5.6843418860808E-14 0 9.93923337957349E-17 9.84605306663999E-16
7.39099999999962 -0.000933664079354912 0.00415523078532942 0.0999092704833515 0 9.93923337957349E-17 9.84605306663999E-16
7.42300000000068 -0.000933664079354912 0.00415523078532942 0.0999092704833515 0 9.93923337957349E-17 9.84605306663999E-16
7.47899999999936 -0.00280099223813579 0.0124656923559883 0.299727811449998 0 9.93923337957349E-17 9.84605306663999E-16
7.50300000000061 -0.00280099223813579 0.0124656923559883 0.299727811449998 0 9.93923337957349E-17 9.84605306663999E-16
7.52000000000044 -0.00280099223813579 0.0124656923559883 0.299727811449998 0 9.93923337957349E-17 9.84605306663999E-16
7.57500000000073 -0.00280099223813579 0.0124656923559883 0.299727811449998 0 9.93923337957349E-17 9.84605306663999E-16
7.61599999999999 -0.00280099223813579 0.0124656923559883 0.299727811449998 0 9.93923337957349E-17 9.84605306663999E-16
7.71899999999914 -0.00280099223813579 0.0124656923559883 0.299727811449998 0 9.93923337957349E-17 9.84605306663999E-16
7.8070000000007 -0.00186732815873825 0.00831046157065884 0.199818540966646 0 9.93923337957349E-17 9.84605306663999E-16
7.87099999999919 -0.000933664079354912 0.00415523078532942 0.0999092704833515 0 9.93923337957349E-17 9.84605306663999E-16
7.89500000000044 0.000933664079411756 -0.00415523078527258 -0.0999092704832947 0 9.93923337957349E-17 9.84605306663999E-16
7.95099999999911 0.000933664079411756 -0.00415523078527258 -0.0999092704832947 0 9.93923337957349E-17 9.84605306663999E-16
7.98400000000038 0.000933664079411756 -0.00415523078527258 -0.0999092704832947 0 9.93923337957349E-17 9.84605306663999E-16
8.05500000000029 0.00186732815879509 -0.008310461570602 -0.199818540966589 0 9.93923337957349E-17 9.84605306663999E-16
8.07899999999972 0.0276987523183578 0.0843109588182642 -0.303520083920603 0 9.93923337957349E-17 9.84605306663999E-16
8.09499999999935 0.0286324163977412 0.0801557280329916 -0.403429354403841 0 9.93923337957349E-17 9.84605306663999E-16
8.15200000000004 0.00373465631757597 -0.016620923141204 -0.399637081933179 0 9.93923337957349E-17 9.84605306663999E-16
8.17499999999927 0.0286324163977412 0.0801557280329916 -0.403429354403841 0 9.93923337957349E-17 9.84605306663999E-16
8.19100000000071 0.00373465631757597 -0.016620923141204 -0.399637081933179 0 9.93923337957349E-17 9.84605306663999E-16
8.20700000000033 0.0046683203969593 -0.0207761539265334 -0.49954635241653 0 9.93923337957349E-17 9.84605306663999E-16
8.23199999999997 0.00653564855574018 -0.0290866154971923 -0.69936489338312 0 9.93923337957349E-17 9.84605306663999E-16
8.29600000000028 0.0342344008740554 0.055224343321072 -1.00288497730372 0 9.93923337957349E-17 9.84605306663999E-16
8.31899999999951 0.0351680649534387 0.0510691125357425 -1.10279424778707 0 9.93923337957349E-17 9.84605306663999E-16
8.38400000000001 0.0361017290328363 0.0469138817504131 -1.20270351827037 0 9.93923337957349E-17 9.84605306663999E-16
8.41499999999905 0.0379690571916029 0.0386034201798111 -1.40252205923696 0 9.93923337957349E-17 9.84605306663999E-16
8.47099999999955 -0.0551427103503528 0.0468222604155244 -1.80409726939121 0 9.93923337957349E-17 9.84605306663999E-16
8.4950000000008 -0.0532753821915861 0.0385117988448656 -2.00391581035785 0 9.93923337957349E-17 9.84605306663999E-16
8.51100000000042 0.0435710416679171 0.0136720354678914 -2.0019776821369 0 9.93923337957349E-17 9.84605306663999E-16
8.58300000000054 -0.0523417181121886 0.034356568059593 -2.10382508084115 0 9.93923337957349E-17 9.84605306663999E-16
8.60800000000017 -0.0514080540328052 0.0302013372742636 -2.20373435132444 0 9.93923337957349E-17 9.84605306663999E-16
8.62299999999959 -0.0514080540328052 0.0302013372742636 -2.20373435132444 0 9.93923337957349E-17 9.84605306663999E-16
8.69499999999971 0.0482393620648622 -0.00710411845864201 -2.50152403455343 0 9.93923337957349E-17 9.84605306663999E-16
8.72700000000077 -0.0486070617946552 0.0177356449183321 -2.50346216277438 0 9.93923337957349E-17 9.84605306663999E-16
8.74300000000039 0.0482393620648622 -0.00710411845864201 -2.50152403455343 0 9.93923337957349E-17 9.84605306663999E-16
8.81500000000051 0.0473056979854647 -0.00294888767336943 -2.40161476407008 0 9.93923337957349E-17 9.84605306663999E-16
8.84000000000015 -0.0495407258740386 0.0218908757036047 -2.40355289229103 0 9.93923337957349E-17 9.84605306663999E-16
8.90400000000045 0.045438369826698 0.00536157389728942 -2.20179622310349 0 9.93923337957349E-17 9.84605306663999E-16
8.92699999999968 -0.0514080540328052 0.0302013372742636 -2.20373435132444 0 9.93923337957349E-17 9.84605306663999E-16
8.99200000000019 0.045438369826698 0.00536157389728942 -2.20179622310349 0 9.93923337957349E-17 9.84605306663999E-16
9.02299999999923 0.0445047057473147 0.00951680468261884 -2.10188695262019 0 9.93923337957349E-17 9.84605306663999E-16
9.03900000000067 0.0435710416679171 0.0136720354678914 -2.0019776821369 0 9.93923337957349E-17 9.84605306663999E-16
9.10299999999916 0.0158722893496019 -0.070638923350316 -1.69845759821624 0 9.93923337957349E-17 9.84605306663999E-16
9.12700000000041 0.0149386252702186 -0.0664836925650434 -1.598548327733 0 9.93923337957349E-17 9.84605306663999E-16
9.14400000000023 0.0149386252702186 -0.0664836925650434 -1.598548327733 0 9.93923337957349E-17 9.84605306663999E-16
9.15899999999965 0.0158722893496019 -0.070638923350316 -1.69845759821624 0 9.93923337957349E-17 9.84605306663999E-16
9.17499999999927 -0.0560763744297361 0.0509774912008538 -1.70418799890786 0 9.93923337957349E-17 9.84605306663999E-16
9.23199999999997 0.0140049611908211 -0.062328461779714 -1.49863905724965 0 9.93923337957349E-17 9.84605306663999E-16
9.26300000000083 0.0130712971114377 -0.0581732309943845 -1.3987297867663 0 9.93923337957349E-17 9.84605306663999E-16
9.27900000000045 0.0121376330320544 -0.0540180002090551 -1.29882051628306 0 9.93923337957349E-17 9.84605306663999E-16
9.34300000000076 0.0112039689526711 -0.0498627694237825 -1.19891124579971 0 9.93923337957349E-17 9.84605306663999E-16
9.36800000000039 0.0121376330320544 -0.0540180002090551 -1.29882051628306 0 9.93923337957349E-17 9.84605306663999E-16
9.38400000000001 0.0112039689526711 -0.0498627694237825 -1.19891124579971 0 9.93923337957349E-17 9.84605306663999E-16
9.45600000000013 0.00840297671450685 -0.0373970770677943 -0.899183434349766 0 9.93923337957349E-17 9.84605306663999E-16
9.47899999999936 0.00746931263512352 -0.0332418462825217 -0.799274163866471 0 9.93923337957349E-17 9.84605306663999E-16
9.4950000000008 0.00746931263512352 -0.0332418462825217 -0.799274163866471 0 9.93923337957349E-17 9.84605306663999E-16
9.5669999999991 0.00653564855574018 -0.0290866154971923 -0.69936489338312 0 9.93923337957349E-17 9.84605306663999E-16
9.60000000000036 0.00560198447634264 -0.0249313847118628 -0.599455622899882 0 9.93923337957349E-17 9.84605306663999E-16
9.65500000000065 0.00373465631757597 -0.016620923141204 -0.399637081933179 0 9.93923337957349E-17 9.84605306663999E-16
9.69499999999971 0.00186732815879509 -0.008310461570602 -0.199818540966589 0 9.93923337957349E-17 9.84605306663999E-16
9.70299999999952 0.00186732815879509 -0.008310461570602 -0.199818540966589 0 9.93923337957349E-17 9.84605306663999E-16
9.76800000000003 0.00186732815879509 -0.008310461570602 -0.199818540966589 0 9.93923337957349E-17 9.84605306663999E-16
9.79899999999907 0.000933664079411756 -0.00415523078527258 -0.0999092704832947 0 9.93923337957349E-17 9.84605306663999E-16
9.8070000000007 0.000933664079411756 -0.00415523078527258 -0.0999092704832947 0 9.93923337957349E-17 9.84605306663999E-16
9.88700000000063 2.8421709430404E-14 5.6843418860808E-14 5.6843418860808E-14 0 9.93923337957349E-17 9.84605306663999E-16
9.91200000000026 2.8421709430404E-14 5.6843418860808E-14 5.6843418860808E-14 0 9.93923337957349E-17 9.84605306663999E-16
9.92699999999968 2.8421709430404E-14 5.6843418860808E-14 5.6843418860808E-14 0 9.93923337957349E-17 9.84605306663999E-16
10 2.8421709430404E-14 5.6843418860808E-14 5.6843418860808E-14 0 9.93923337957349E-17 9.84605306663999E-16
10.030999999999 -0.000933664079354912 0.00415523078532942 0.0999092704833515 0 9.93923337957349E-17 9.84605306663999E-16
10.0470000000005 -0.000933664079354912 0.00415523078532942 0.0999092704833515 0 9.93923337957349E-17 9.84605306663999E-16
10.1110000000008 -0.00186732815873825 0.00831046157065884 0.199818540966646 0 9.93923337957349E-17 9.84605306663999E-16
10.1440000000002 -0.00186732815873825 0.00831046157065884 0.199818540966646 0 9.93923337957349E-17 9.84605306663999E-16
10.1589999999997 -0.00186732815873825 0.00831046157065884 0.199818540966646 0 9.93923337957349E-17 9.84605306663999E-16
10.2240000000002 -0.00280099223813579 0.0124656923559883 0.299727811449998 0 9.93923337957349E-17 9.84605306663999E-16
10.2469999999994 -0.00280099223813579 0.0124656923559883 0.299727811449998 0 9.93923337957349E-17 9.84605306663999E-16
10.2630000000008 -0.00373465631751913 0.0166209231413177 0.399637081933236 0 9.93923337957349E-17 9.84605306663999E-16
10.3349999999991 -0.00466832039690246 0.0207761539265903 0.499546352416587 0 9.93923337957349E-17 9.84605306663999E-16
10.3590000000004 -0.00466832039690246 0.0207761539265903 0.499546352416587 0 9.93923337957349E-17 9.84605306663999E-16
10.3760000000002 -0.00466832039690246 0.0207761539265903 0.499546352416587 0 9.93923337957349E-17 9.84605306663999E-16
10.4480000000003 -0.00653564855568334 0.0290866154972491 0.699364893383233 0 9.93923337957349E-17 9.84605306663999E-16
10.4709999999995 -0.00653564855568334 0.0290866154972491 0.699364893383233 0 9.93923337957349E-17 9.84605306663999E-16
10.4869999999992 -0.00653564855568334 0.0290866154972491 0.699364893383233 0 9.93923337957349E-17 9.84605306663999E-16
10.5589999999993 -0.00653564855568334 0.0290866154972491 0.699364893383233 0 9.93923337957349E-17 9.84605306663999E-16
10.6000000000004 -0.00653564855568334 0.0290866154972491 0.699364893383233 0 9.93923337957349E-17 9.84605306663999E-16
10.6630000000005 -0.00560198447628579 0.0249313847119197 0.599455622899939 0 9.93923337957349E-17 9.84605306663999E-16
10.6880000000001 -0.00466832039690246 0.0207761539265903 0.499546352416587 0 9.93923337957349E-17 9.84605306663999E-16
10.7600000000002 -0.00373465631751913 0.0166209231413177 0.399637081933236 0 9.93923337957349E-17 9.84605306663999E-16
10.848 2.8421709430404E-14 5.6843418860808E-14 5.6843418860808E-14 0 9.93923337957349E-17 9.84605306663999E-16
10.8790000000008 0.0276987523183578 0.0843109588182642 -0.303520083920603 0 9.93923337957349E-17 9.84605306663999E-16
10.9429999999993 0.0286324163977412 0.0801557280329916 -0.403429354403841 0 9.93923337957349E-17 9.84605306663999E-16
10.9750000000004 0.0286324163977412 0.0801557280329916 -0.403429354403841 0 9.93923337957349E-17 9.84605306663999E-16
11.0390000000007 0.00560198447634264 -0.0249313847118628 -0.599455622899882 0 9.93923337957349E-17 9.84605306663999E-16
11.0789999999997 0.0323670727152887 0.063534804891674 -0.803066436337133 0 9.93923337957349E-17 9.84605306663999E-16
11.1360000000004 0.0342344008740554 0.055224343321072 -1.00288497730372 0 9.93923337957349E-17 9.84605306663999E-16
11.1589999999997 0.0342344008740554 0.055224343321072 -1.00288497730372 0 9.93923337957349E-17 9.84605306663999E-16
11.1749999999993 0.0342344008740554 0.055224343321072 -1.00288497730372 0 9.93923337957349E-17 9.84605306663999E-16
11.2469999999994 0.0379690571916029 0.0386034201798111 -1.40252205923696 0 9.93923337957349E-17 9.84605306663999E-16
11.2710000000006 0.0389027212709863 0.0344481893944817 -1.50243132972031 0 9.93923337957349E-17 9.84605306663999E-16
11.2870000000003 0.0398363853503838 0.0302929586091523 -1.60234060020366 0 9.93923337957349E-17 9.84605306663999E-16
11.3510000000006 0.0407700494297671 0.0261377278238797 -1.7022498706869 0 9.93923337957349E-17 9.84605306663999E-16
11.384 0.0417037135091505 0.0219824970385503 -1.80215914117025 0 9.93923337957349E-17 9.84605306663999E-16
11.4480000000003 -0.0523417181121886 0.034356568059593 -2.10382508084115 0 9.93923337957349E-17 9.84605306663999E-16
11.4789999999994 0.0463720339060814 0.00120634311196 -2.30170549358684 0 9.93923337957349E-17 9.84605306663999E-16
11.4950000000008 0.0463720339060814 0.00120634311196 -2.30170549358684 0 9.93923337957349E-17 9.84605306663999E-16
11.5509999999995 0.0473056979854647 -0.00294888767336943 -2.40161476407008 0 9.93923337957349E-17 9.84605306663999E-16
11.5830000000005 0.0482393620648622 -0.00710411845864201 -2.50152403455343 0 9.93923337957349E-17 9.84605306663999E-16
11.6630000000005 0.0491730261442456 -0.0112593492439714 -2.60143330503678 0 9.93923337957349E-17 9.84605306663999E-16
11.6880000000001 0.0501066902236289 -0.0154145800293009 -2.70134257552002 0 9.93923337957349E-17 9.84605306663999E-16
11.7029999999995 -0.045806069556491 0.00526995256234386 -2.80318997422432 0 9.93923337957349E-17 9.84605306663999E-16
11.7600000000002 -0.045806069556491 0.00526995256234386 -2.80318997422432 0 9.93923337957349E-17 9.84605306663999E-16
11.7909999999993 -0.045806069556491 0.00526995256234386 -2.80318997422432 0 9.93923337957349E-17 9.84605306663999E-16
11.8150000000005 0.0501066902236289 -0.0154145800293009 -2.70134257552002 0 9.93923337957349E-17 9.84605306663999E-16
11.8709999999992 0.0473056979854647 -0.00294888767336943 -2.40161476407008 0 9.93923337957349E-17 9.84605306663999E-16
11.9040000000005 0.0473056979854647 -0.00294888767336943 -2.40161476407008 0 9.93923337957349E-17 9.84605306663999E-16
11.9200000000001 0.0463720339060814 0.00120634311196 -2.30170549358684 0 9.93923337957349E-17 9.84605306663999E-16
11.9750000000004 0.0463720339060814 0.00120634311196 -2.30170549358684 0 9.93923337957349E-17 9.84605306663999E-16
12 0.045438369826698 0.00536157389728942 -2.20179622310349 0 9.93923337957349E-17 9.84605306663999E-16
12.0149999999994 0.0196069456671495 -0.0872598464915768 -2.09809468014953 0 9.93923337957349E-17 9.84605306663999E-16
12.030999999999 0.0435710416679171 0.0136720354678914 -2.0019776821369 0 9.93923337957349E-17 9.84605306663999E-16
12.0470000000005 0.0435710416679171 0.0136720354678914 -2.0019776821369 0 9.93923337957349E-17 9.84605306663999E-16
12.1190000000006 0.0149386252702186 -0.0664836925650434 -1.598548327733 0 9.93923337957349E-17 9.84605306663999E-16
12.1440000000002 0.0149386252702186 -0.0664836925650434 -1.598548327733 0 9.93923337957349E-17 9.84605306663999E-16
12.1589999999997 0.0140049611908211 -0.062328461779714 -1.49863905724965 0 9.93923337957349E-17 9.84605306663999E-16
12.2469999999994 0.0379690571916029 0.0386034201798111 -1.40252205923696 0 9.93923337957349E-17 9.84605306663999E-16
12.2630000000008 0.0121376330320544 -0.0540180002090551 -1.29882051628306 0 9.93923337957349E-17 9.84605306663999E-16
12.3269999999993 0.0361017290328363 0.0469138817504131 -1.20270351827037 0 9.93923337957349E-17 9.84605306663999E-16
12.3510000000006 0.0112039689526711 -0.0498627694237825 -1.19891124579971 0 9.93923337957349E-17 9.84605306663999E-16
12.3760000000002 0.0102703048732735 -0.0457075386384531 -1.09900197531641 0 9.93923337957349E-17 9.84605306663999E-16
12.4639999999999 0.00840297671450685 -0.0373970770677943 -0.899183434349766 0 9.93923337957349E-17 9.84605306663999E-16
12.5280000000002 0.00840297671450685 -0.0373970770677943 -0.899183434349766 0 9.93923337957349E-17 9.84605306663999E-16
12.5589999999993 0.00653564855574018 -0.0290866154971923 -0.69936489338312 0 9.93923337957349E-17 9.84605306663999E-16
12.6389999999992 0.00560198447634264 -0.0249313847118628 -0.599455622899882 0 9.93923337957349E-17 9.84605306663999E-16
12.6550000000007 0.00560198447634264 -0.0249313847118628 -0.599455622899882 0 9.93923337957349E-17 9.84605306663999E-16
12.7189999999991 0.00280099223819263 -0.0124656923559314 -0.299727811449941 0 9.93923337957349E-17 9.84605306663999E-16
12.7520000000004 0.00280099223819263 -0.0124656923559314 -0.299727811449941 0 9.93923337957349E-17 9.84605306663999E-16
12.768 0.00280099223819263 -0.0124656923559314 -0.299727811449941 0 9.93923337957349E-17 9.84605306663999E-16
12.8230000000003 0.00186732815879509 -0.008310461570602 -0.199818540966589 0 9.93923337957349E-17 9.84605306663999E-16
12.848 0.00186732815879509 -0.008310461570602 -0.199818540966589 0 9.93923337957349E-17 9.84605306663999E-16
12.8709999999992 0.000933664079411756 -0.00415523078527258 -0.0999092704832947 0 9.93923337957349E-17 9.84605306663999E-16
12.9269999999997 2.8421709430404E-14 5.6843418860808E-14 5.6843418860808E-14 0 9.93923337957349E-17 9.84605306663999E-16
12.9509999999991 2.8421709430404E-14 5.6843418860808E-14 5.6843418860808E-14 0 9.93923337957349E-17 9.84605306663999E-16
13.0470000000005 -0.000933664079354912 0.00415523078532942 0.0999092704833515 0 9.93923337957349E-17 9.84605306663999E-16
13.0720000000001 -0.000933664079354912 0.00415523078532942 0.0999092704833515 0 9.93923337957349E-17 9.84605306663999E-16
13.1360000000004 -0.000933664079354912 0.00415523078532942 0.0999092704833515 0 9.93923337957349E-17 9.84605306663999E-16
13.1669999999995 -0.000933664079354912 0.00415523078532942 0.0999092704833515 0 9.93923337957349E-17 9.84605306663999E-16
13.1829999999991 -0.00186732815873825 0.00831046157065884 0.199818540966646 0 9.93923337957349E-17 9.84605306663999E-16
13.2469999999994 -0.00280099223813579 0.0124656923559883 0.299727811449998 0 9.93923337957349E-17 9.84605306663999E-16
13.2710000000006 -0.00373465631751913 0.0166209231413177 0.399637081933236 0 9.93923337957349E-17 9.84605306663999E-16
13.2870000000003 -0.00466832039690246 0.0207761539265903 0.499546352416587 0 9.93923337957349E-17 9.84605306663999E-16
13.3680000000004 -0.00466832039690246 0.0207761539265903 0.499546352416587 0 9.93923337957349E-17 9.84605306663999E-16
13.3909999999996 -0.00560198447628579 0.0249313847119197 0.599455622899939 0 9.93923337957349E-17 9.84605306663999E-16
13.4480000000003 -0.00653564855568334 0.0290866154972491 0.699364893383233 0 9.93923337957349E-17 9.84605306663999E-16
13.4709999999995 -0.00746931263506667 0.0332418462825785 0.799274163866528 0 9.93923337957349E-17 9.84605306663999E-16
13.4950000000008 -0.0323670727152603 -0.0635348048916171 0.803066436337133 0 9.93923337957349E-17 9.84605306663999E-16
13.5589999999993 -0.00746931263506667 0.0332418462825785 0.799274163866528 0 9.93923337957349E-17 9.84605306663999E-16
13.5910000000003 -0.00746931263506667 0.0332418462825785 0.799274163866528 0 9.93923337957349E-17 9.84605306663999E-16
13.6550000000007 -0.00653564855568334 0.0290866154972491 0.699364893383233 0 9.93923337957349E-17 9.84605306663999E-16
13.6949999999997 -0.00560198447628579 0.0249313847119197 0.599455622899939 0 9.93923337957349E-17 9.84605306663999E-16
13.7109999999993 -0.00560198447628579 0.0249313847119197 0.599455622899939 0 9.93923337957349E-17 9.84605306663999E-16
13.7270000000008 -0.00560198447628579 0.0249313847119197 0.599455622899939 0 9.93923337957349E-17 9.84605306663999E-16
13.8150000000005 -0.00373465631751913 0.0166209231413177 0.399637081933236 0 9.93923337957349E-17 9.84605306663999E-16
13.8400000000001 -0.00186732815873825 0.00831046157065884 0.199818540966646 0 9.93923337957349E-17 9.84605306663999E-16
13.8549999999996 -0.000933664079354912 0.00415523078532942 0.0999092704833515 0 9.93923337957349E-17 9.84605306663999E-16
13.9269999999997 0.0276987523183578 0.0843109588182642 -0.303520083920603 0 9.93923337957349E-17 9.84605306663999E-16
13.9590000000007 0.0276987523183578 0.0843109588182642 -0.303520083920603 0 9.93923337957349E-17 9.84605306663999E-16
13.9750000000004 0.0276987523183578 0.0843109588182642 -0.303520083920603 0 9.93923337957349E-17 9.84605306663999E-16
14.0390000000007 0.00560198447634264 -0.0249313847118628 -0.599455622899882 0 9.93923337957349E-17 9.84605306663999E-16
14.0640000000003 0.0323670727152887 0.063534804891674 -0.803066436337133 0 9.93923337957349E-17 9.84605306663999E-16
14.0789999999997 0.033300736794672 0.0593795741064014 -0.902975706820428 0 9.93923337957349E-17 9.84605306663999E-16
14.1440000000002 0.0342344008740554 0.055224343321072 -1.00288497730372 0 9.93923337957349E-17 9.84605306663999E-16
14.1669999999995 0.0342344008740554 0.055224343321072 -1.00288497730372 0 9.93923337957349E-17 9.84605306663999E-16
14.1829999999991 0.0342344008740554 0.055224343321072 -1.00288497730372 0 9.93923337957349E-17 9.84605306663999E-16
14.2469999999994 0.0351680649534387 0.0510691125357425 -1.10279424778707 0 9.93923337957349E-17 9.84605306663999E-16
14.2790000000005 0.0351680649534387 0.0510691125357425 -1.10279424778707 0 9.93923337957349E-17 9.84605306663999E-16
14.2960000000003 0.0361017290328363 0.0469138817504131 -1.20270351827037 0 9.93923337957349E-17 9.84605306663999E-16
14.5110000000004 0.0361017290328363 0.0469138817504131 -1.20270351827037 0 9.93923337957349E-17 9.84605306663999E-16
14.5280000000002 0.0361017290328363 0.0469138817504131 -1.20270351827037 0 9.93923337957349E-17 9.84605306663999E-16
14.5830000000005 0.0361017290328363 0.0469138817504131 -1.20270351827037 0 9.93923337957349E-17 9.84605306663999E-16
14.6880000000001 0.0102703048732735 -0.0457075386384531 -1.09900197531641 0 9.93923337957349E-17 9.84605306663999E-16
14.7189999999991 0.0102703048732735 -0.0457075386384531 -1.09900197531641 0 9.93923337957349E-17 9.84605306663999E-16
14.7749999999996 0.00933664079389018 -0.0415523078531237 -0.99909270483306 0 9.93923337957349E-17 9.84605306663999E-16
14.7989999999991 0.00840297671450685 -0.0373970770677943 -0.899183434349766 0 9.93923337957349E-17 9.84605306663999E-16
14.8790000000008 0.0046683203969593 -0.0207761539265334 -0.49954635241653 0 9.93923337957349E-17 9.84605306663999E-16
14.9040000000005 0.0046683203969593 -0.0207761539265334 -0.49954635241653 0 9.93923337957349E-17 9.84605306663999E-16
14.9200000000001 0.0046683203969593 -0.0207761539265334 -0.49954635241653 0 9.93923337957349E-17 9.84605306663999E-16
14.9920000000002 0.00373465631757597 -0.016620923141204 -0.399637081933179 0 9.93923337957349E-17 9.84605306663999E-16
15.0149999999994 0.00280099223819263 -0.0124656923559314 -0.299727811449941 0 9.93923337957349E-17 9.84605306663999E-16
15.030999999999 0.00280099223819263 -0.0124656923559314 -0.299727811449941 0 9.93923337957349E-17 9.84605306663999E-16
15.0949999999993 2.8421709430404E-14 5.6843418860808E-14 5.6843418860808E-14 0 9.93923337957349E-17 9.84605306663999E-16
15.1190000000006 2.8421709430404E-14 5.6843418860808E-14 5.6843418860808E-14 0 9.93923337957349E-17 9.84605306663999E-16
15.1440000000002 0.000933664079411756 -0.00415523078527258 -0.0999092704832947 0 9.93923337957349E-17 9.84605306663999E-16
15.1990000000005 2.8421709430404E-14 5.6843418860808E-14 5.6843418860808E-14 0 9.93923337957349E-17 9.84605306663999E-16
15.2389999999996 2.8421709430404E-14 5.6843418860808E-14 5.6843418860808E-14 0 9.93923337957349E-17 9.84605306663999E-16
15.2549999999992 -0.000933664079354912 0.00415523078532942 0.0999092704833515 0 9.93923337957349E-17 9.84605306663999E-16
15.3109999999997 -0.00186732815873825 0.00831046157065884 0.199818540966646 0 9.93923337957349E-17 9.84605306663999E-16
15.3349999999991 -0.00186732815873825 0.00831046157065884 0.199818540966646 0 9.93923337957349E-17 9.84605306663999E-16
15.4639999999999 -0.00186732815873825 0.00831046157065884 0.199818540966646 0 9.93923337957349E-17 9.84605306663999E-16
15.4789999999994 -0.00280099223813579 0.0124656923559883 0.299727811449998 0 9.93923337957349E-17 9.84605306663999E-16
15.5509999999995 -0.00186732815873825 0.00831046157065884 0.199818540966646 0 9.93923337957349E-17 9.84605306663999E-16
15.5830000000005 -0.00280099223813579 0.0124656923559883 0.299727811449998 0 9.93923337957349E-17 9.84605306663999E-16
15.6000000000004 -0.00280099223813579 0.0124656923559883 0.299727811449998 0 9.93923337957349E-17 9.84605306663999E-16
15.6550000000007 -0.00560198447628579 0.0249313847119197 0.599455622899939 0 9.93923337957349E-17 9.84605306663999E-16
15.6880000000001 -0.00560198447628579 0.0249313847119197 0.599455622899939 0 9.93923337957349E-17 9.84605306663999E-16
15.7430000000004 -0.00653564855568334 0.0290866154972491 0.699364893383233 0 9.93923337957349E-17 9.84605306663999E-16
15.768 -0.00746931263506667 0.0332418462825785 0.799274163866528 0 9.93923337957349E-17 9.84605306663999E-16
15.7909999999993 -0.00746931263506667 0.0332418462825785 0.799274163866528 0 9.93923337957349E-17 9.84605306663999E-16
15.8549999999996 -0.00746931263506667 0.0332418462825785 0.799274163866528 0 9.93923337957349E-17 9.84605306663999E-16
15.8790000000008 -0.00746931263506667 0.0332418462825785 0.799274163866528 0 9.93923337957349E-17 9.84605306663999E-16
15.8950000000004 -0.0333007367946436 -0.0593795741063445 0.902975706820428 0 9.93923337957349E-17 9.84605306663999E-16
15.9590000000007 -0.00746931263506667 0.0332418462825785 0.799274163866528 0 9.93923337957349E-17 9.84605306663999E-16
15.9840000000004 -0.00746931263506667 0.0332418462825785 0.799274163866528 0 9.93923337957349E-17 9.84605306663999E-16
16 -0.00746931263506667 0.0332418462825785 0.799274163866528 0 9.93923337957349E-17 9.84605306663999E-16
16.0720000000001 -0.00466832039690246 0.0207761539265903 0.499546352416587 0 9.93923337957349E-17 9.84605306663999E-16
16.0949999999993 -0.00373465631751913 0.0166209231413177 0.399637081933236 0 9.93923337957349E-17 9.84605306663999E-16
16.1110000000008 -0.00373465631751913 0.0166209231413177 0.399637081933236 0 9.93923337957349E-17 9.84605306663999E-16
16.1749999999993 -0.00373465631751913 0.0166209231413177 0.399637081933236 0 9.93923337957349E-17 9.84605306663999E-16
16.2070000000003 -0.00186732815873825 0.00831046157065884 0.199818540966646 0 9.93923337957349E-17 9.84605306663999E-16
16.2160000000003 -0.000933664079354912 0.00415523078532942 0.0999092704833515 0 9.93923337957349E-17 9.84605306663999E-16
16.2870000000003 -0.0682140074617621 0.104995491409909 -0.405367482624797 0 9.93923337957349E-17 9.84605306663999E-16
16.3109999999997 0.0295660804771245 0.0760004972476622 -0.503338624887192 0 9.93923337957349E-17 9.84605306663999E-16
16.3269999999993 0.0304997445565078 0.0718452664623328 -0.603247895370544 0 9.93923337957349E-17 9.84605306663999E-16
16.3989999999994 0.0304997445565078 0.0718452664623328 -0.603247895370544 0 9.93923337957349E-17 9.84605306663999E-16
16.4230000000007 0.0323670727152887 0.063534804891674 -0.803066436337133 0 9.93923337957349E-17 9.84605306663999E-16
16.4390000000003 0.0323670727152887 0.063534804891674 -0.803066436337133 0 9.93923337957349E-17 9.84605306663999E-16
16.5030000000006 0.0342344008740554 0.055224343321072 -1.00288497730372 0 9.93923337957349E-17 9.84605306663999E-16
16.5360000000001 0.0342344008740554 0.055224343321072 -1.00288497730372 0 9.93923337957349E-17 9.84605306663999E-16
16.5429999999997 0.0361017290328363 0.0469138817504131 -1.20270351827037 0 9.93923337957349E-17 9.84605306663999E-16
16.6550000000007 0.0370353931122196 0.0427586509651405 -1.30261278875372 0 9.93923337957349E-17 9.84605306663999E-16
16.6630000000005 0.0370353931122196 0.0427586509651405 -1.30261278875372 0 9.93923337957349E-17 9.84605306663999E-16
16.6800000000003 0.0379690571916029 0.0386034201798111 -1.40252205923696 0 9.93923337957349E-17 9.84605306663999E-16
16.7520000000004 0.0379690571916029 0.0386034201798111 -1.40252205923696 0 9.93923337957349E-17 9.84605306663999E-16
16.8790000000008 0.0379690571916029 0.0386034201798111 -1.40252205923696 0 9.93923337957349E-17 9.84605306663999E-16
16.9509999999991 0.0389027212709863 0.0344481893944817 -1.50243132972031 0 9.93923337957349E-17 9.84605306663999E-16
16.9840000000004 0.0389027212709863 0.0344481893944817 -1.50243132972031 0 9.93923337957349E-17 9.84605306663999E-16
17 0.0379690571916029 0.0386034201798111 -1.40252205923696 0 9.93923337957349E-17 9.84605306663999E-16
17.0640000000003 0.0370353931122196 0.0427586509651405 -1.30261278875372 0 9.93923337957349E-17 9.84605306663999E-16
17.0869999999995 0.0370353931122196 0.0427586509651405 -1.30261278875372 0 9.93923337957349E-17 9.84605306663999E-16
17.1029999999992 0.0361017290328363 0.0469138817504131 -1.20270351827037 0 9.93923337957349E-17 9.84605306663999E-16
17.1669999999995 0.0112039689526711 -0.0498627694237825 -1.19891124579971 0 9.93923337957349E-17 9.84605306663999E-16
17.2070000000003 0.00933664079389018 -0.0415523078531237 -0.99909270483306 0 9.93923337957349E-17 9.84605306663999E-16
17.2790000000005 0.00560198447634264 -0.0249313847118628 -0.599455622899882 0 9.93923337957349E-17 9.84605306663999E-16
17.3040000000001 0.0046683203969593 -0.0207761539265334 -0.49954635241653 0 9.93923337957349E-17 9.84605306663999E-16
17.3590000000004 0.0046683203969593 -0.0207761539265334 -0.49954635241653 0 9.93923337957349E-17 9.84605306663999E-16
17.3989999999994 0.00373465631757597 -0.016620923141204 -0.399637081933179 0 9.93923337957349E-17 9.84605306663999E-16
17.4639999999999 0.00186732815879509 -0.008310461570602 -0.199818540966589 0 9.93923337957349E-17 9.84605306663999E-16
17.4869999999992 0.000933664079411756 -0.00415523078527258 -0.0999092704832947 0 9.93923337957349E-17 9.84605306663999E-16
17.5030000000006 0.000933664079411756 -0.00415523078527258 -0.0999092704832947 0 9.93923337957349E-17 9.84605306663999E-16
17.5669999999991 0.000933664079411756 -0.00415523078527258 -0.0999092704832947 0 9.93923337957349E-17 9.84605306663999E-16
17.5910000000003 0.000933664079411756 -0.00415523078527258 -0.0999092704832947 0 9.93923337957349E-17 9.84605306663999E-16
17.6550000000007 2.8421709430404E-14 5.6843418860808E-14 5.6843418860808E-14 0 9.93923337957349E-17 9.84605306663999E-16
17.6800000000003 -0.000933664079354912 0.00415523078532942 0.0999092704833515 0 9.93923337957349E-17 9.84605306663999E-16
17.6949999999997 -0.000933664079354912 0.00415523078532942 0.0999092704833515 0 9.93923337957349E-17 9.84605306663999E-16
17.7109999999993 -0.000933664079354912 0.00415523078532942 0.0999092704833515 0 9.93923337957349E-17 9.84605306663999E-16
17.7270000000008 -0.000933664079354912 0.00415523078532942 0.0999092704833515 0 9.93923337957349E-17 9.84605306663999E-16
17.7909999999993 -0.000933664079354912 0.00415523078532942 0.0999092704833515 0 9.93923337957349E-17 9.84605306663999E-16
17.8230000000003 -0.00186732815873825 0.00831046157065884 0.199818540966646 0 9.93923337957349E-17 9.84605306663999E-16
17.8400000000001 -0.00280099223813579 0.0124656923559883 0.299727811449998 0 9.93923337957349E-17 9.84605306663999E-16
17.8549999999996 -0.00280099223813579 0.0124656923559883 0.299727811449998 0 9.93923337957349E-17 9.84605306663999E-16
17.9120000000003 -0.00373465631751913 0.0166209231413177 0.399637081933236 0 9.93923337957349E-17 9.84605306663999E-16
17.9349999999995 -0.00373465631751913 0.0166209231413177 0.399637081933236 0 9.93923337957349E-17 9.84605306663999E-16
17.9509999999991 -0.00373465631751913 0.0166209231413177 0.399637081933236 0 9.93923337957349E-17 9.84605306663999E-16
18.0229999999992 -0.00560198447628579 0.0249313847119197 0.599455622899939 0 9.93923337957349E-17 9.84605306663999E-16
18.0470000000005 -0.00560198447628579 0.0249313847119197 0.599455622899939 0 9.93923337957349E-17 9.84605306663999E-16
18.1110000000008 -0.00746931263506667 0.0332418462825785 0.799274163866528 0 9.93923337957349E-17 9.84605306663999E-16
18.1440000000002 -0.00746931263506667 0.0332418462825785 0.799274163866528 0 9.93923337957349E-17 9.84605306663999E-16
18.2160000000003 -0.00746931263506667 0.0332418462825785 0.799274163866528 0 9.93923337957349E-17 9.84605306663999E-16
18.2389999999996 -0.00840297671445001 0.0373970770678511 0.899183434349823 0 9.93923337957349E-17 9.84605306663999E-16
18.2549999999992 -0.00840297671445001 0.0373970770678511 0.899183434349823 0 9.93923337957349E-17 9.84605306663999E-16
18.3189999999995 -0.00840297671445001 0.0373970770678511 0.899183434349823 0 9.93923337957349E-17 9.84605306663999E-16
18.3430000000008 -0.00840297671445001 0.0373970770678511 0.899183434349823 0 9.93923337957349E-17 9.84605306663999E-16
18.3590000000004 -0.00840297671445001 0.0373970770678511 0.899183434349823 0 9.93923337957349E-17 9.84605306663999E-16
18.4390000000003 -0.00746931263506667 0.0332418462825785 0.799274163866528 0 9.93923337957349E-17 9.84605306663999E-16
18.4639999999999 -0.00560198447628579 0.0249313847119197 0.599455622899939 0 9.93923337957349E-17 9.84605306663999E-16
18.4789999999994 -0.00466832039690246 0.0207761539265903 0.499546352416587 0 9.93923337957349E-17 9.84605306663999E-16
18.5429999999997 -0.00373465631751913 0.0166209231413177 0.399637081933236 0 9.93923337957349E-17 9.84605306663999E-16
18.5669999999991 -0.00373465631751913 0.0166209231413177 0.399637081933236 0 9.93923337957349E-17 9.84605306663999E-16
18.5910000000003 -0.00280099223813579 0.0124656923559883 0.299727811449998 0 9.93923337957349E-17 9.84605306663999E-16
18.6630000000005 2.8421709430404E-14 5.6843418860808E-14 5.6843418860808E-14 0 9.93923337957349E-17 9.84605306663999E-16
18.6880000000001 0.0267650882389603 0.0884661896035936 -0.203610813437251 0 9.93923337957349E-17 9.84605306663999E-16
18.7520000000004 0.0267650882389603 0.0884661896035936 -0.203610813437251 0 9.93923337957349E-17 9.84605306663999E-16
18.7829999999994 0.00186732815879509 -0.008310461570602 -0.199818540966589 0 9.93923337957349E-17 9.84605306663999E-16
18.848 0.0295660804771245 0.0760004972476622 -0.503338624887192 0 9.93923337957349E-17 9.84605306663999E-16
18.8709999999992 0.0314334086359054 0.0676900356770034 -0.703157165853781 0 9.93923337957349E-17 9.84605306663999E-16
18.8870000000006 0.0323670727152887 0.063534804891674 -0.803066436337133 0 9.93923337957349E-17 9.84605306663999E-16
18.9670000000006 0.00746931263512352 -0.0332418462825217 -0.799274163866471 0 9.93923337957349E-17 9.84605306663999E-16
18.9920000000002 0.033300736794672 0.0593795741064014 -0.902975706820428 0 9.93923337957349E-17 9.84605306663999E-16
19.0069999999996 0.0342344008740554 0.055224343321072 -1.00288497730372 0 9.93923337957349E-17 9.84605306663999E-16
19.0789999999997 0.0398363853503838 0.0302929586091523 -1.60234060020366 0 9.93923337957349E-17 9.84605306663999E-16
19.1029999999992 0.0417037135091505 0.0219824970385503 -1.80215914117025 0 9.93923337957349E-17 9.84605306663999E-16
19.1190000000006 0.0426373775885338 0.0178272662532208 -1.90206841165354 0 9.93923337957349E-17 9.84605306663999E-16
19.1270000000004 0.0426373775885338 0.0178272662532208 -1.90206841165354 0 9.93923337957349E-17 9.84605306663999E-16
19.1910000000007 0.0435710416679171 0.0136720354678914 -2.0019776821369 0 9.93923337957349E-17 9.84605306663999E-16
19.2160000000003 -0.0514080540328052 0.0302013372742636 -2.20373435132444 0 9.93923337957349E-17 9.84605306663999E-16
19.232 0.0473056979854647 -0.00294888767336943 -2.40161476407008 0 9.93923337957349E-17 9.84605306663999E-16
19.3040000000001 -0.0162399890793665 0.0812704498100629 -3.30652859911152 0 9.93923337957349E-17 9.84605306663999E-16
19.3349999999991 -0.0153063249999832 0.0771152190247335 -3.40643786959475 0 9.93923337957349E-17 9.84605306663999E-16
19.3430000000008 -0.0153063249999832 0.0771152190247335 -3.40643786959475 0 9.93923337957349E-17 9.84605306663999E-16
19.4149999999991 -0.012505332761819 0.0646495266687452 -3.70616568104475 0 9.93923337957349E-17 9.84605306663999E-16
19.4390000000003 -0.00970434052365476 0.0521838343128138 -4.00589349249469 0 9.93923337957349E-17 9.84605306663999E-16
19.4560000000001 -0.0078370123648881 0.0438733727422118 -4.20571203346128 0 9.93923337957349E-17 9.84605306663999E-16
19.5280000000002 -0.00130136380917634 0.0147867572449627 -4.90507692684446 0 9.93923337957349E-17 9.84605306663999E-16
19.5589999999993 -0.000367699729793003 0.0106315264596901 -5.00498619732781 0 9.93923337957349E-17 9.84605306663999E-16
19.5750000000007 -0.000367699729793003 0.0106315264596901 -5.00498619732781 0 9.93923337957349E-17 9.84605306663999E-16
19.5910000000003 0.000565964349590331 0.0064762956743607 -5.1048954678111 0 9.93923337957349E-17 9.84605306663999E-16
19.6000000000004 0.000565964349590331 0.0064762956743607 -5.1048954678111 0 9.93923337957349E-17 9.84605306663999E-16
19.6550000000007 0.00616794882590455 -0.018455089037559 -5.70435109071099 0 9.93923337957349E-17 9.84605306663999E-16
19.6880000000001 0.0348003652236457 0.0617006389954327 -6.10778044511494 0 9.93923337957349E-17 9.84605306663999E-16
19.6949999999997 0.0108362692228496 -0.0392312429640924 -6.20389744312752 0 9.93923337957349E-17 9.84605306663999E-16
19.7600000000002 0.0366676933824266 0.0533901774248307 -6.30759898608153 0 9.93923337957349E-17 9.84605306663999E-16
19.7909999999993 0.0376013574618099 0.0492349466395012 -6.40750825656482 0 9.93923337957349E-17 9.84605306663999E-16
19.8070000000007 0.0385350215411933 0.0450797158541718 -6.50741752704812 0 9.93923337957349E-17 9.84605306663999E-16
19.8629999999994 0.0432033419381241 0.0243035619275815 -7.00696387946471 0 9.93923337957349E-17 9.84605306663999E-16
19.8950000000004 0.045070670096905 0.0159931003569795 -7.2067824204313 0 9.93923337957349E-17 9.84605306663999E-16
19.9040000000005 0.0460043341762884 0.0118378695716501 -7.30669169091465 0 9.93923337957349E-17 9.84605306663999E-16
19.9920000000002 0.0460043341762884 0.0118378695716501 -7.30669169091465 0 9.93923337957349E-17 9.84605306663999E-16
20.0149999999994 0.0469379982556717 0.00768263878637754 -7.40660096139794 0 9.93923337957349E-17 9.84605306663999E-16
20.030999999999 0.0469379982556717 0.00768263878637754 -7.40660096139794 0 9.93923337957349E-17 9.84605306663999E-16
20.0949999999993 0.0488053264144526 -0.000627822784281307 -7.60641950236459 0 9.93923337957349E-17 9.84605306663999E-16
20.1270000000004 0.0488053264144526 -0.000627822784281307 -7.60641950236459 0 9.93923337957349E-17 9.84605306663999E-16
20.1440000000002 0.0488053264144526 -0.000627822784281307 -7.60641950236459 0 9.93923337957349E-17 9.84605306663999E-16
20.2160000000003 -0.0499084256038458 0.0325224021632948 -7.4085390896189 0 9.93923337957349E-17 9.84605306663999E-16
20.2389999999996 0.0441370060175217 0.020148331142309 -7.10687314994806 0 9.93923337957349E-17 9.84605306663999E-16
20.2549999999992 0.0422696778587408 0.028458792712911 -6.90705460898135 0 9.93923337957349E-17 9.84605306663999E-16
20.3189999999995 0.0127035973816163 -0.0475417045347513 -6.40371598409416 0 9.93923337957349E-17 9.84605306663999E-16
20.3510000000006 0.0127035973816163 -0.0475417045347513 -6.40371598409416 0 9.93923337957349E-17 9.84605306663999E-16
20.3680000000004 0.0127035973816163 -0.0475417045347513 -6.40371598409416 0 9.93923337957349E-17 9.84605306663999E-16
20.4310000000005 0.00803527698468542 -0.026765550608161 -5.90416963167758 0 9.93923337957349E-17 9.84605306663999E-16
20.4560000000001 0.00523428474652121 -0.0142998582522296 -5.60444182022769 0 9.93923337957349E-17 9.84605306663999E-16
20.5280000000002 -0.000367699729793003 0.0106315264596901 -5.00498619732781 0 9.93923337957349E-17 9.84605306663999E-16
20.5509999999995 -0.00130136380917634 0.0147867572449627 -4.90507692684446 0 9.93923337957349E-17 9.84605306663999E-16
20.616 -0.00410235604734055 0.027252449600951 -4.60534911539457 0 9.93923337957349E-17 9.84605306663999E-16
20.6389999999992 -0.00596968420610722 0.035562911171553 -4.40553057442793 0 9.93923337957349E-17 9.84605306663999E-16
20.6550000000007 -0.0327347724450817 -0.0529032784320407 -4.20191976099068 0 9.93923337957349E-17 9.84605306663999E-16
20.7270000000008 0.057576002858724 -0.0486564263118225 -3.50061673938654 0 9.93923337957349E-17 9.84605306663999E-16
20.7520000000004 0.057576002858724 -0.0486564263118225 -3.50061673938654 0 9.93923337957349E-17 9.84605306663999E-16
20.768 -0.0392704210007793 -0.0238166629348484 -3.5025548676075 0 9.93923337957349E-17 9.84605306663999E-16
20.8400000000001 -0.0411377491595601 -0.0155062013641896 -3.30273632664091 0 9.93923337957349E-17 9.84605306663999E-16
20.8629999999994 0.0529076824617931 -0.0278802723852323 -3.00107038697001 0 9.93923337957349E-17 9.84605306663999E-16
20.8790000000008 0.0519740183823956 -0.0237250415999029 -2.90116111648666 0 9.93923337957349E-17 9.84605306663999E-16
20.9509999999991 0.0510403543030122 -0.0195698108146303 -2.80125184600337 0 9.93923337957349E-17 9.84605306663999E-16
20.9840000000004 -0.0467397336358744 0.00942518334767328 -2.70328070374097 0 9.93923337957349E-17 9.84605306663999E-16
21 -0.0467397336358744 0.00942518334767328 -2.70328070374097 0 9.93923337957349E-17 9.84605306663999E-16
21.0069999999996 -0.0476733977152577 0.0135804141330027 -2.60337143325773 0 9.93923337957349E-17 9.84605306663999E-16
21.0229999999992 0.0491730261442456 -0.0112593492439714 -2.60143330503678 0 9.93923337957349E-17 9.84605306663999E-16
21.0949999999993 0.0445047057473147 0.00951680468261884 -2.10188695262019 0 9.93923337957349E-17 9.84605306663999E-16
21.1190000000006 -0.0523417181121886 0.034356568059593 -2.10382508084115 0 9.93923337957349E-17 9.84605306663999E-16
21.1360000000004 0.0435710416679171 0.0136720354678914 -2.0019776821369 0 9.93923337957349E-17 9.84605306663999E-16
21.152 0.0435710416679171 0.0136720354678914 -2.0019776821369 0 9.93923337957349E-17 9.84605306663999E-16
21.1669999999995 0.0435710416679171 0.0136720354678914 -2.0019776821369 0 9.93923337957349E-17 9.84605306663999E-16
21.232 0.0426373775885338 0.0178272662532208 -1.90206841165354 0 9.93923337957349E-17 9.84605306663999E-16
21.2549999999992 -0.0551427103503528 0.0468222604155244 -1.80409726939121 0 9.93923337957349E-17 9.84605306663999E-16
21.2710000000006 -0.0570100385091195 0.0551327219861264 -1.60427872842462 0 9.93923337957349E-17 9.84605306663999E-16
21.2790000000005 0.0140049611908211 -0.062328461779714 -1.49863905724965 0 9.93923337957349E-17 9.84605306663999E-16
21.3510000000006 0.0389027212709863 0.0344481893944817 -1.50243132972031 0 9.93923337957349E-17 9.84605306663999E-16
21.384 0.0389027212709863 0.0344481893944817 -1.50243132972031 0 9.93923337957349E-17 9.84605306663999E-16
21.3989999999994 0.0389027212709863 0.0344481893944817 -1.50243132972031 0 9.93923337957349E-17 9.84605306663999E-16
21.4709999999995 0.0121376330320544 -0.0540180002090551 -1.29882051628306 0 9.93923337957349E-17 9.84605306663999E-16
21.4950000000008 0.0121376330320544 -0.0540180002090551 -1.29882051628306 0 9.93923337957349E-17 9.84605306663999E-16
21.5110000000004 0.0121376330320544 -0.0540180002090551 -1.29882051628306 0 9.93923337957349E-17 9.84605306663999E-16
21.5280000000002 -0.0847087908274631 -0.029178236832081 -1.30075864450401 0 9.93923337957349E-17 9.84605306663999E-16
21.6000000000004 0.0121376330320544 -0.0540180002090551 -1.29882051628306 0 9.93923337957349E-17 9.84605306663999E-16
21.6309999999994 0.0112039689526711 -0.0498627694237825 -1.19891124579971 0 9.93923337957349E-17 9.84605306663999E-16
21.6470000000008 0.0370353931122196 0.0427586509651405 -1.30261278875372 0 9.93923337957349E-17 9.84605306663999E-16
21.6630000000005 0.0112039689526711 -0.0498627694237825 -1.19891124579971 0 9.93923337957349E-17 9.84605306663999E-16
21.7520000000004 0.0121376330320544 -0.0540180002090551 -1.29882051628306 0 9.93923337957349E-17 9.84605306663999E-16
22.0229999999992 0.0121376330320544 -0.0540180002090551 -1.29882051628306 0 9.93923337957349E-17 9.84605306663999E-16
22.0390000000007 0.0130712971114377 -0.0581732309943845 -1.3987297867663 0 9.93923337957349E-17 9.84605306663999E-16
22.1110000000008 0.0417037135091505 0.0219824970385503 -1.80215914117025 0 9.93923337957349E-17 9.84605306663999E-16
22.1440000000002 -0.0542090462709695 0.042667029630195 -1.9040065398745 0 9.93923337957349E-17 9.84605306663999E-16
22.1589999999997 -0.0523417181121886 0.034356568059593 -2.10382508084115 0 9.93923337957349E-17 9.84605306663999E-16
22.2469999999994 -0.0495407258740386 0.0218908757036047 -2.40355289229103 0 9.93923337957349E-17 9.84605306663999E-16
22.3189999999995 -0.0199746453969141 0.0978913729513238 -2.90689151717822 0 9.93923337957349E-17 9.84605306663999E-16
22.3430000000008 -0.0199746453969141 0.0978913729513238 -2.90689151717822 0 9.93923337957349E-17 9.84605306663999E-16
22.3590000000004 -0.0199746453969141 0.0978913729513238 -2.90689151717822 0 9.93923337957349E-17 9.84605306663999E-16
22.3760000000002 0.0519740183823956 -0.0237250415999029 -2.90116111648666 0 9.93923337957349E-17 9.84605306663999E-16
22.4390000000003 -0.0162399890793665 0.0812704498100629 -3.30652859911152 0 9.93923337957349E-17 9.84605306663999E-16
