Time(s) x(mm) y(mm) z(mm) rx(deg) ry(deg) rz(deg)
0 0 -5.6843418860808E-14 5.6843418860808E-14 3.9756933518294E-16 0 4.03781356045173E-17
0 0 -5.6843418860808E-14 5.6843418860808E-14 3.9756933518294E-16 0 4.03781356045173E-17
0.0159999999996217 0 -5.6843418860808E-14 5.6843418860808E-14 3.9756933518294E-16 0 4.03781356045173E-17
0.0250000000014552 0 -5.6843418860808E-14 5.6843418860808E-14 3.9756933518294E-16 0 4.03781356045173E-17
0.0410000000010768 0 -5.6843418860808E-14 5.6843418860808E-14 0.0119751823521498 -0.0359898026269915 -0.0344564238875931
0.0570000000006985 0 -5.6843418860808E-14 5.6843418860808E-14 0.0119751823521498 -0.0359898026269915 -0.0344564238875931
0.0720000000001164 0 -5.6843418860808E-14 5.6843418860808E-14 0.0585716792298216 -0.0374599898837395 -0.0828591225657197
0.145000000000437 -0.100902110250331 -0.00603464461528347 -0.0989057491320864 0.0482016066971021 -0.193780724644191 -0.324602929795489
0.43999999999869 -0.10827183158608 0.384099122377734 -0.317403646282798 -0.169955240426579 -0.465411906252315 -0.579057093305756
0.449000000000524 -0.10827183158608 0.384099122377734 -0.317403646282798 -0.169955240426579 -0.465411906252315 -0.579057093305756
0.52100000000064 -0.109187721055207 0.379404499494797 -0.417289189092855 -0.182789049340995 -0.383317393285504 -0.593274437913146
0.583999999998923 -0.209173941836411 0.378064477762393 -0.416309395414942 -0.230102519912757 -0.335822822276221 -0.593458250809737
0.65599999999904 -0.209173941836411 0.378064477762393 -0.416309395414942 -0.217952381755542 -0.371822022909557 -0.62784876912024
0.711999999999534 -0.109187721055207 0.379404499494797 -0.417289189092855 -0.297590055429956 -0.501552168946654 -0.702951876880964
0.727999999999156 -0.109187721055207 0.379404499494797 -0.417289189092855 -0.319804021724881 -0.572148891107329 -0.723190895885114
0.792000000001281 -0.109187721055207 0.379404499494797 -0.417289189092855 -0.342005676839326 -0.642746394498191 -0.743416276341882
0.848000000001775 -0.109187721055207 0.379404499494797 -0.417289189092855 -0.307587321750336 -0.608150929968857 -0.757579361155287
0.855999999999767 -0.109187721055207 0.379404499494797 -0.417289189092855 -0.307587321750336 -0.608150929968857 -0.757579361155287
0.927999999999884 -0.00920150027401689 0.380744521227143 -0.418268982770769 -0.296063027788023 -0.598152699077451 -0.840624964796921
0.975999999998749 -0.00781701467462881 0.28086376803742 -0.413587279888134 -0.261693026457771 -0.563537286945418 -0.854788674430542
1.03199999999924 -0.00781701467462881 0.28086376803742 -0.413587279888134 -0.261693026457771 -0.563537286945418 -0.854788674430542
1.08000000000175 -0.108719124924932 0.274829123422194 -0.512493029020447 -0.249464596499165 -0.599525177622849 -0.889195017771316
1.14500000000044 -0.107334639325558 0.174948370232471 -0.507811326137812 -0.189888894347513 -0.682865264496343 -0.923602885677216
1.18500000000131 -0.107334639325558 0.174948370232471 -0.507811326137812 -0.189888894347513 -0.682865264496343 -0.923602885677216
1.20100000000093 -0.00734841854436752 0.176288391964817 -0.508791119815726 -0.189888894347513 -0.682865264496343 -0.923602885677216
1.27300000000105 -0.00687982241412044 0.0717130158921577 -0.603994959743147 -0.145627184660173 -0.541666968183354 -0.883025642467881
1.31999999999971 -0.00411085121535848 -0.128048490487231 -0.594631553977933 -0.0669767378237942 -0.365840964932394 -0.856502944708592
1.33599999999933 -0.00272636561598461 -0.227929243676954 -0.589949851095298 -0.00956913682949116 -0.306712281970942 -0.801582052577043
1.40000000000146 -0.00134188001661073 -0.327809996866677 -0.585268148212663 0.0469798401899453 -0.201496149982192 -0.79525061375369
1.4330000000009 -0.00134188001661073 -0.327809996866677 -0.585268148212663 0.0469798401899453 -0.201496149982192 -0.79525061375369
1.49599999999919 0.104182283162103 -0.725992987893108 -0.567521130360092 0.177224211891516 -0.358026283403158 -0.947323795864489
1.52800000000207 0.106035364891738 -0.930449117155433 -0.658043267404992 0.341807035535351 -0.479682228045809 -1.1140054885888
1.54400000000169 0.107419850491127 -1.0303298703451 -0.653361564522356 0.389190544286372 -0.527095747119747 -1.11425261217514
1.60000000000218 0.209259153001952 -1.23344597787508 -0.744863495245113 0.459976764038698 -0.599967760498611 -1.23240878271942
1.63999999999942 0.109272932220748 -1.23478599960748 -0.743883701567256 0.495170357015596 -0.611527323081783 -1.19807321500679
1.65599999999904 0.110657417820136 -1.3346667527972 -0.739201998684621 0.507353536419292 -0.647367916695337 -1.23279991853772
1.72799999999916 0.119880220885534 -1.92925664905255 -0.611226238578809 0.755348474763906 -0.874004109879967 -1.31877901957216
1.75300000000061 0.122649192084282 -2.12901815543194 -0.601862832813538 0.814854084661549 -0.957242091541289 -1.35442522585215
1.76800000000003 0.122649192084282 -2.12901815543194 -0.601862832813538 0.814854084661549 -0.957242091541289 -1.35442522585215
1.83200000000215 0.023131567433353 -2.234933553237 -0.696086879063159 0.862138207536537 -1.00471846337452 -1.35524799925867
1.87199999999939 -0.0763860572175759 -2.34084895104195 -0.790310925312667 0.887338126822801 -1.12269907628325 -1.3769671304954
1.92799999999988 -0.269436070783058 -2.84293276045531 -0.764942823543777 1.13561034725824 -1.39607650252464 -1.41750154379599
1.95999999999913 -0.266667099584311 -3.0426942668347 -0.755579417778563 1.19501582484937 -1.47933067065299 -1.45394907914186
2.02500000000146 -0.265282613984922 -3.14257502002442 -0.750897714895927 1.27703629106965 -1.53886573725228 -1.42152408008124
2.04799999999887 -0.365268834766127 -3.14391504175683 -0.749917921218014 1.2647962922558 -1.50320732545986 -1.3863124672673
2.06400000000212 -0.363884349166753 -3.24379579494649 -0.745236218335435 1.28693769478861 -1.43279891102544 -1.36524204385928
2.11999999999898 -0.457416738081321 -3.63996420655485 -0.62564407031698 1.45695584734062 -1.16298142840803 -1.06061360868657
2.15200000000186 -0.554633987663749 -3.8410657346667 -0.615300870873853 1.52463920326034 -0.998823442899307 -0.948931431985393
2.16800000000148 -0.554633987663749 -3.8410657346667 -0.615300870873853 1.54762020983265 -0.975426397664664 -0.879689980080005
2.23199999999997 -0.553249502064375 -3.94094648785642 -0.610619167991217 1.61714761707927 -0.953023438750568 -0.85964774823457
2.25700000000143 -0.450962906214684 -4.03479259643075 -0.507031715976382 1.66419066079262 -1.00097312386509 -0.860960980748659
2.27300000000105 -0.550949126995874 -4.03613261816315 -0.506051922298468 1.66419066079262 -1.00097312386509 -0.860960980748659
2.33599999999933 -0.54541118459835 -4.43565563092204 -0.487325110767983 1.90969634156935 -1.13514183490938 -0.811439109067464
2.36100000000079 -0.643097030311068 -4.53218178296123 -0.381778071397378 1.95664742712764 -1.18321390209513 -0.813041993746543
2.42399999999907 -0.543110809529864 -4.53084176122883 -0.382757865075291 2.03816343407629 -1.19660802885737 -0.828622558179115
2.44900000000052 -0.643097030311068 -4.53218178296123 -0.381778071397378 2.03850217487195 -1.24386622825529 -0.780901500577431
2.52100000000064 -0.747684001229246 -4.34314954408006 -0.589932769104962 2.01648598319607 -1.45595822774053 -0.659466656009015
2.54400000000169 -0.84767022201045 -4.34448956581241 -0.588952975427048 2.0165684771776 -1.50328323139801 -0.611826419191923
2.56000000000131 -0.84767022201045 -4.34448956581241 -0.588952975427048 2.0513427586528 -1.51598571978374 -0.578134807198926
2.6239999999998 -0.846754332541323 -4.33979494292947 -0.489067432616935 2.01659422773463 -1.55062735484358 -0.564203654143453
2.65599999999904 -0.847222928671584 -4.23521956685681 -0.393863592689456 2.01656323082256 -1.59799053436245 -0.51659828357085
2.66500000000087 -0.848607414270958 -4.13533881366715 -0.398545295572035 2.01656323082256 -1.59799053436245 -0.51659828357085
2.72799999999916 -0.855529842267856 -3.63593504771859 -0.421953809985155 1.95885955995732 -1.75015115828107 -0.47669951033501
2.75300000000061 -0.859214702935716 -3.44086816422208 -0.531202758560482 1.88918208223523 -1.81937053630637 -0.448760444572999
2.80900000000111 -0.858298813466604 -3.4361735413392 -0.431317215750369 1.92379449294961 -1.83213427559461 -0.41517100138325
2.84000000000015 -0.859683299065992 -3.33629278814948 -0.435998918633004 1.92379449294961 -1.83213427559461 -0.41517100138325
2.91300000000047 -0.865689837593749 -2.83219439931798 -0.35952189023601 1.79560441095096 -1.77009619414602 -0.397307618789628
2.93600000000151 -0.768472588011306 -2.63109287120619 -0.369865089679195 1.74892250559089 -1.72180322887035 -0.395449644139597
2.95300000000134 -0.768941184141568 -2.52651749513359 -0.274661249751603 1.73687991964152 -1.6862095379464 -0.359961820012465
3.01599999999962 -0.772626044809442 -2.33145061163708 -0.383910198327044 1.66737938937703 -1.70811547118733 -0.379669064162389
3.04799999999887 -0.673108420158528 -2.22553521383207 -0.289686152077365 1.63273233979966 -1.69547114638547 -0.413359646377595
3.06400000000212 -0.775395016008204 -2.13168910525764 -0.393273604092258 1.58601090353789 -1.64723804998081 -0.411646426250097
3.12900000000081 -0.6837157088233 -1.53106456438695 -0.42234361506587 1.412543016622 -1.58465924075632 -0.580400759975668
3.15200000000186 -0.685568790552935 -1.32660843512468 -0.33182147802097 1.30838517083729 -1.59448440420744 -0.633927562687409
3.16800000000148 -0.685568790552935 -1.32660843512468 -0.33182147802097 1.30838517083729 -1.59448440420744 -0.633927562687409
3.2400000000016 -0.688337761751697 -1.12684692874524 -0.341184883786184 1.22679312992737 -1.53414645240793 -0.666298213467251
3.26399999999921 -0.689722247351071 -1.02696617555551 -0.345866586668819 1.1920425574778 -1.52186556007879 -0.700132420627601
3.27999999999884 -0.691106732950459 -0.927085422365849 -0.350548289551398 1.14513998402252 -1.47391506716553 -0.698794108779676
3.33599999999933 -0.696644675347969 -0.527562409606958 -0.369275101081882 0.86523814709869 -1.32849809135561 -0.782939833000315
3.36800000000221 -0.700329536015829 -0.332495526110449 -0.478524049657324 0.783367581488331 -1.26869960501353 -0.815928116057818
3.38400000000183 -0.700329536015829 -0.332495526110449 -0.478524049657324 0.748499501767111 -1.25673285339028 -0.849948648011718
3.40000000000146 -0.701714021615217 -0.232614772920726 -0.483205752539902 0.748499501767111 -1.25673285339028 -0.849948648011718
3.46399999999994 -0.704014396683718 -0.137428642613941 -0.587772998232595 0.632365226139864 -1.27827925764458 -0.820801767361989
3.4890000000014 -0.705398882283106 -0.0375478894242178 -0.59245470111523 0.481035864475116 -1.24150757696832 -0.873958553819722
3.56000000000131 -0.611866493368524 0.35862052218414 -0.712046849133685 0.16680559091987 -1.22545317443304 -0.849394292212759
3.58399999999892 -0.611866493368524 0.35862052218414 -0.712046849133685 0.0974418784947046 -1.24841390969577 -0.869339115598076
3.64900000000125 -0.611866493368524 0.35862052218414 -0.712046849133685 0.0974418784947046 -1.24841390969577 -0.869339115598076
3.67199999999866 -0.610950603899411 0.36331514506702 -0.612161306323571 0.0970606171871741 -1.20217384493436 -0.917698662328742
3.68800000000192 -0.610950603899411 0.36331514506702 -0.612161306323571 0.0847900786471291 -1.16627083764696 -0.883034894003809
3.74399999999878 -0.510048493649094 0.36934978968236 -0.513255557191428 0.0371576800457137 -1.07257227798352 -0.931001474084079
3.76800000000003 -0.510048493649094 0.36934978968236 -0.513255557191428 0.00221783529424007 -1.06103632068582 -0.96523270075925
3.78399999999965 -0.510048493649094 0.36934978968236 -0.513255557191428 0.00221783529424007 -1.06103632068582 -0.96523270075925
3.84800000000178 -0.510964383118221 0.364655166799423 -0.613141100001485 0.00221783529424007 -1.06103632068582 -0.96523270075925
3.88100000000122 -0.410062272867904 0.370689811414707 -0.514235350869342 -0.0106056878634918 -0.978970657151732 -0.979099674244153
3.89700000000084 -0.410978162337031 0.36599518853177 -0.614120893679399 -0.0228688096539236 -0.943042012137874 -0.944525493291675
3.95300000000134 -0.410978162337031 0.36599518853177 -0.614120893679399 -0.0479813188638448 -0.825048039105005 -0.923920249821919
3.97599999999875 -0.411894051806144 0.361300565648889 -0.714006436489512 -0.083019680089617 -0.813583478513553 -0.958271049553799
4 -0.411894051806144 0.361300565648889 -0.714006436489512 -0.083019680089617 -0.813583478513553 -0.958271049553799
4.0570000000007 -0.410509566206755 0.261419812459167 -0.709324733606877 -0.0608901621066783 -0.743002241782945 -0.93792854564823
4.08000000000175 -0.410509566206755 0.261419812459167 -0.709324733606877 -0.0387481725069929 -0.672421798729261 -0.917572585833863
4.09600000000137 -0.409125080607382 0.161539059269444 -0.704643030724242 -0.0165936716096405 -0.601842157663741 -0.897203133574077
4.15200000000186 -0.407740595008008 0.0616583060797211 -0.699961327841663 0.0972935451999905 -0.437567910244961 -0.836030774565822
4.17599999999948 -0.406356109408634 -0.0382224471099448 -0.695279624959028 0.119509181690179 -0.367001098224791 -0.815577864194751
4.1919999999991 -0.30636988862743 -0.0368824253775415 -0.696259418636942 0.119509181690179 -0.367001098224791 -0.815577864194751
4.26399999999921 -0.305901292497168 -0.141457801450201 -0.79146325856442 0.131649449290187 -0.402930321554183 -0.85011525031558
4.28900000000067 -0.304516806897794 -0.241338554639924 -0.786781555681785 0.1781356632337 -0.404207076592874 -0.898747539094348
4.34500000000116 -0.200377129318483 -0.539640792476632 -0.773716240711849 0.271966353677288 -0.45291971098499 -0.947530227773414
4.37700000000041 -0.198992643719109 -0.639521545666355 -0.769034537829214 0.284118268593369 -0.4888143485906 -0.982143029878685
4.43999999999869 -0.0976219373385163 -0.738062277123674 -0.765332628624492 0.296279139104024 -0.524704347682132 -1.01676600968751
4.46399999999994 -0.0948529661397686 -0.93782378350312 -0.755969222859278 0.390098558979684 -0.573353088464762 -1.06577608967009
4.52800000000207 -0.0893150237422446 -1.33734679626195 -0.737242411328793 0.593008766516984 -0.894915369980534 -1.24088608376278
4.56000000000131 0.0125242787685806 -1.54046290379188 -0.82874434205155 0.664740654677624 -1.01397486288742 -1.31124110357203
4.57700000000114 0.0139087643679687 -1.6403436569816 -0.824062639168915 0.712010825975265 -1.06143589244417 -1.31200688904831
4.59300000000076 0.0139087643679687 -1.6403436569816 -0.824062639168915 0.712010825975265 -1.06143589244417 -1.31200688904831
4.60800000000017 0.0139087643679687 -1.6403436569816 -0.824062639168915 0.712010825975265 -1.06143589244417 -1.31200688904831
4.6239999999998 0.0139087643679687 -1.6403436569816 -0.824062639168915 0.712010825975265 -1.06143589244417 -1.31200688904831
4.68800000000192 -0.0773232494780984 -2.13169819889669 -0.599903245457767 0.83098632997712 -1.22792507086717 -1.38363019213949
4.71199999999953 -0.174540499060541 -2.33279972700853 -0.589560046014583 0.92541116293249 -1.32292948678769 -1.38567969592275
4.77600000000166 -0.17083433560127 -2.74171198553313 -0.770604320104326 1.09145634559135 -1.5369560753154 -1.45943489425945
4.80900000000111 -0.17083433560127 -2.74171198553313 -0.770604320104326 1.09145634559135 -1.5369560753154 -1.45943489425945
4.82500000000073 -0.270820556382446 -2.74305200726553 -0.769624526426412 1.09145634559135 -1.5369560753154 -1.45943489425945
4.89700000000084 -0.366653320365515 -3.0440342885671 -0.754599624100649 1.20595328392741 -1.46661071282525 -1.30178933137569
4.92000000000189 -0.36296845969764 -3.23910117206361 -0.645350675525378 1.29792624603915 -1.42025074205177 -1.21303258092024
4.93600000000151 -0.461570194879457 -3.34032194698574 -0.639689178964829 1.33280912030326 -1.43232538801767 -1.17919429166745
5.01599999999962 -0.558787444461885 -3.54142347509753 -0.629345979521702 1.42524920184102 -1.43311038486496 -1.04245947387336
5.04799999999887 -0.558787444461885 -3.54142347509753 -0.629345979521702 1.43740204444545 -1.46875245118913 -1.07774085749892
5.06400000000212 -0.557402958862511 -3.64130422828725 -0.624664276639066 1.47224771393247 -1.48096246854815 -1.04394359984476
5.07200000000012 -0.556018473263137 -3.74118498147692 -0.619982573756431 1.51922999394622 -1.52883154216044 -1.04548532015939
5.08799999999974 -0.55693436273225 -3.7458796043598 -0.719868116566488 1.51922999394622 -1.52883154216044 -1.04548532015939
5.18500000000131 -0.548180155797112 -4.23589412454254 -0.496688516533254 1.70725521064259 -1.81465533909885 -0.956834033526924
5.20799999999872 -0.548180155797112 -4.23589412454254 -0.496688516533254 1.75410290344443 -1.8626654366012 -0.958720755167162
5.22400000000198 -0.548180155797112 -4.23589412454254 -0.496688516533254 1.71941633604965 -1.85023112979108 -0.992309232120069
5.27999999999884 -0.546795670197739 -4.33577487773232 -0.492006813650619 1.78876913024974 -1.92230915939686 -0.877517794281407
5.31200000000172 -0.645397405379555 -4.43699565265445 -0.486345317090127 1.85804061351182 -1.94740353218899 -0.810428858282689
5.37700000000041 -0.744467736691618 -4.43364105150397 -0.385479980602099 1.89230696102944 -2.05458305663782 -0.681808548859166
5.40000000000146 -0.743083251092244 -4.53352180469363 -0.380798277719464 1.89230696102944 -2.05458305663782 -0.681808548859166
5.45600000000195 -0.744467736691618 -4.43364105150397 -0.385479980602099 1.89230696102944 -2.05458305663782 -0.681808548859166
5.4890000000014 -0.846754332541323 -4.33979494292947 -0.489067432616935 1.91475036983521 -2.03173399996797 -0.612709067857656
5.54400000000169 -0.850907789339459 -4.0401526833603 -0.503112541264784 1.92512275433754 -1.97338455199727 -0.507978999946037
5.5679999999993 -0.850907789339459 -4.0401526833603 -0.503112541264784 1.91304574327579 -1.93783840365543 -0.472374532834979
5.58399999999892 -0.950894010120649 -4.04149270509271 -0.50213274758687 1.91304574327579 -1.93783840365543 -0.472374532834979
5.65599999999904 -0.852760871069094 -3.83569655409804 -0.412590404219884 1.90097844266776 -1.90228737871826 -0.436780334669592
5.68800000000192 -0.854145356668482 -3.73581580090826 -0.417272107102519 1.90097844266776 -1.90228737871826 -0.436780334669592
5.69599999999991 -0.857830217336343 -3.54074891741175 -0.526521055677904 1.81945899810386 -1.88856940345741 -0.420788302643797
5.71199999999953 -0.859214702935716 -3.44086816422208 -0.531202758560482 1.80739534469529 -1.85299683971365 -0.385241001469832
5.72799999999916 -0.861067784665366 -3.2364120349597 -0.440680621515639 1.80739534469529 -1.85299683971365 -0.385241001469832
5.74399999999878 -0.761081563884161 -3.23507201322735 -0.441660415193496 1.80739534469529 -1.85299683971365 -0.385241001469832
5.80900000000111 -0.763850535082923 -3.03531050684796 -0.451023820958767 1.76073918618359 -1.80468654554861 -0.383326102698232
5.83200000000215 -0.765235020682297 -2.9354297536583 -0.455705523841402 1.76073918618359 -1.80468654554861 -0.383326102698232
5.91300000000047 -0.671255338428892 -2.4299913430944 -0.380208289122322 1.63288521795133 -1.64826220215605 -0.461055774991984
5.93600000000151 -0.673108420158528 -2.22553521383207 -0.289686152077365 1.56350715864775 -1.62313219877682 -0.528504256196137
5.95300000000134 -0.676793280826402 -2.03046833033551 -0.398935100652807 1.52880371517759 -1.61061770527699 -0.562244183604391
5.95999999999913 -0.679093655894903 -1.93528220002878 -0.503502346345442 1.51672279546457 -1.57498276349131 -0.526877186508398
6.03199999999924 -0.680478141494291 -1.83540144683906 -0.508184049228078 1.48200171604482 -1.56249593388726 -0.560645995332412
6.0570000000007 -0.681862627093665 -1.73552069364933 -0.512865752110713 1.42464788348937 -1.62031178063193 -0.615722859863285
6.07200000000012 -0.683247112693039 -1.63563994045961 -0.517547454993291 1.38991623623863 -1.65492864530096 -0.601682256482777
6.12900000000081 -0.590651916038979 -1.03032077670599 -0.446731923156847 1.04295635022499 -1.76637112278251 -0.700052088215763
6.16800000000148 -0.693407108018945 -0.831899292059006 -0.455115535244204 0.904276030854553 -1.8112138061827 -0.739308892167465
6.17599999999948 -0.593420887237741 -0.830559270326603 -0.456095328922117 0.904276030854553 -1.8112138061827 -0.739308892167465
6.2400000000016 -0.695707483087446 -0.73671316175222 -0.559682780936896 0.857407171556443 -1.76333468999932 -0.737972776325978
6.26399999999921 -0.697091968686834 -0.636832408562498 -0.564364483819475 0.786064661750394 -1.59725261661446 -0.714571048117928
6.33599999999933 -0.702629911084344 -0.237309395803663 -0.583091295349959 0.502019588923169 -1.12188063039321 -0.666381758229044
6.36100000000079 -0.704014396683718 -0.137428642613941 -0.587772998232595 0.442425243810323 -0.99183058272862 -0.679184389198934
6.4330000000009 -0.705398882283106 -0.0375478894242178 -0.59245470111523 0.383162345603077 -0.908268230316762 -0.643866599650628
6.46399999999994 -0.605412661501902 -0.0362078676918145 -0.593434494793087 0.360351306543635 -0.932330501446536 -0.712853842921213
6.52100000000064 -0.605881257632149 0.0683675083807884 -0.498230654865665 0.245825578644265 -1.04982764885326 -0.822491174415644
6.54400000000169 -0.505895036850958 0.0697075301131918 -0.499210448543579 0.176410016832251 -1.07276802193805 -0.842536656260635
6.56000000000131 -0.505895036850958 0.0697075301131918 -0.499210448543579 0.154167556489266 -1.14328181782351 -0.863045882877356
6.63200000000143 -0.505895036850958 0.0697075301131918 -0.499210448543579 0.119263860108481 -1.13164902126804 -0.897229425181253
6.65599999999904 -0.508195411919459 0.164893660419978 -0.603777694236271 0.119263860108481 -1.13164902126804 -0.897229425181253
6.72799999999916 -0.408209191138269 0.166233682152324 -0.604757487914128 0.039575786164795 -1.21494032241608 -1.02067886333378
6.76000000000204 -0.408209191138269 0.166233682152324 -0.604757487914128 0.00514148317690026 -1.24957677558308 -1.00644466571831
6.82500000000073 -0.408209191138269 0.166233682152324 -0.604757487914128 0.00514148317690026 -1.24957677558308 -1.00644466571831
6.84800000000178 -0.409125080607382 0.161539059269444 -0.704643030724242 0.00514148317690026 -1.24957677558308 -1.00644466571831
6.92000000000189 -0.410040970076508 0.156844436386507 -0.804528573534355 -0.00428067028490189 -1.40219510475212 -1.01311340972589
6.95300000000134 -0.410040970076508 0.156844436386507 -0.804528573534355 -0.0387527755048804 -1.43682229085796 -0.998847492124362
6.96900000000096 -0.410040970076508 0.156844436386507 -0.804528573534355 -0.0264075544752978 -1.47273330375177 -1.03350281095023
7.03199999999924 -0.408656484477135 0.0569636831967841 -0.799846870651777 0.00805712779469945 -1.43810081547717 -1.04777661899934
7.0570000000007 -0.408656484477135 0.0569636831967841 -0.799846870651777 0.0301798543642084 -1.3675628086347 -1.02737136848243
7.12900000000081 -0.303600917428668 -0.236643931756987 -0.686896012871671 0.178246352021038 -1.16880221987492 -0.98078571502063
7.15999999999985 -0.303132321298406 -0.341219307829647 -0.782099852799206 0.200425038717124 -1.09827721204353 -0.960282330728306
7.17599999999948 -0.302216431829279 -0.33652468494671 -0.682214309989092 0.235356208885133 -1.10991358013908 -0.926101478141789
7.2400000000016 -0.301747835699032 -0.44110006101937 -0.777418149916571 0.282047093409277 -1.11114726162018 -0.974996729352018
7.26399999999921 -0.201761614917856 -0.439760039286966 -0.778397943594484 0.316477981088216 -1.07649907249879 -0.989167538411075
7.28900000000067 -0.198992643719109 -0.639521545666355 -0.769034537829214 0.363132402408898 -1.07770197559283 -1.03808111824908
7.34500000000116 -0.0934684805403805 -1.03770453669279 -0.751287519976643 0.641703250654089 -1.0351851357635 -1.14497596845801
7.36800000000221 -0.0929998844101192 -1.14227991276539 -0.846491359904121 0.688268385768735 -1.03628338018168 -1.19398384806563
7.38400000000183 -0.0929998844101192 -1.14227991276539 -0.846491359904121 0.688268385768735 -1.03628338018168 -1.19398384806563
7.45600000000195 -0.0916153988107453 -1.24216066595511 -0.841809657021486 0.769839859713794 -1.04910555220407 -1.20890924067412
7.47999999999956 -0.0888464276119834 -1.44192217233456 -0.832446251256215 0.817056930938499 -1.09665164563931 -1.20976071738973
7.49599999999919 -0.0874619420126095 -1.54180292552422 -0.827764548373636 0.87582046284286 -1.13344919800757 -1.29381501008236
7.5679999999993 -0.281427845047219 -2.04858135782052 -0.90228198941486 1.09830470103486 -1.24236596963555 -1.36022483947152
7.59300000000076 -0.279127469978718 -2.14376748812731 -0.797714743722111 1.14548772866413 -1.28994815208261 -1.36139282084829
7.60800000000017 -0.281427845047219 -2.04858135782052 -0.90228198941486 1.14548772866413 -1.28994815208261 -1.36139282084829
7.68800000000192 -0.275889902649709 -2.44810437057942 -0.883555177884375 1.2025967682972 -1.2314372021911 -1.30645402118428
7.71199999999953 -0.373107152232151 -2.64920589869121 -0.873211978441248 1.27193136730516 -1.20865901594943 -1.28661387784201
7.77600000000166 -0.365268834766127 -3.14391504175683 -0.749917921218014 1.44564482890777 -1.1752919469793 -1.21296889557096
7.80900000000111 -0.467555430615832 -3.05006893318239 -0.853505373232849 1.44564482890777 -1.1752919469793 -1.21296889557096
7.88100000000122 -0.463401973817696 -3.34971119275156 -0.839460264585 1.52773445211137 -1.23517596639378 -1.18042409012194
7.90399999999863 -0.462017488218322 -3.44959194594128 -0.834778561702365 1.56269665958925 -1.24734711200277 -1.14654905289627
7.92000000000189 -0.55923473780075 -3.65069347405307 -0.824435362259237 1.6320953869011 -1.22482544228623 -1.12670542848468
7.99200000000201 -0.554165391533488 -3.9456411107393 -0.710504710801274 1.74856046050217 -1.25021538571546 -1.10836293903932
8.02500000000146 -0.554165391533488 -3.9456411107393 -0.710504710801274 1.71409800610421 -1.28494345399773 -1.09435745179722
8.08799999999974 -0.652767126715318 -4.04686188566137 -0.704843214240782 1.74944772386771 -1.34430159368108 -1.01272457344874
8.11999999999898 -0.649998155516556 -4.24662339204076 -0.695479808475511 1.81953742173619 -1.41620281674559 -0.897390841277523
8.17599999999948 -0.748599890698358 -4.34784416696294 -0.689818311915019 1.81997522317661 -1.51052272281278 -0.801931410235717
8.20799999999872 -0.748599890698358 -4.34784416696294 -0.689818311915019 1.81997522317661 -1.51052272281278 -0.801931410235717
8.21700000000055 -0.748599890698358 -4.34784416696294 -0.689818311915019 1.81997522317661 -1.51052272281278 -0.801931410235717
8.28900000000067 -0.84767022201045 -4.34448956581241 -0.588952975427048 1.83228010537282 -1.6877173648144 -0.694378876174123
8.31999999999971 -0.84767022201045 -4.34448956581241 -0.588952975427048 1.84423391008309 -1.8177926309517 -0.634650998971074
8.38400000000183 -0.846754332541323 -4.33979494292947 -0.489067432616935 1.89055160629126 -1.96064405165827 -0.541505995472274
8.40799999999945 -0.846754332541323 -4.33979494292947 -0.489067432616935 1.89055160629126 -1.96064405165827 -0.541505995472274
8.42399999999907 -0.846754332541323 -4.33979494292947 -0.489067432616935 1.89055160629126 -1.96064405165827 -0.541505995472274
8.49599999999919 -0.851823678808586 -4.04484730624324 -0.602998084074898 1.81945899810386 -1.88856940345741 -0.420788302643797
8.52100000000064 -0.852292274938833 -3.94027193017064 -0.507794244147419 1.84197996396856 -1.86575712542842 -0.351647810845266
8.53600000000006 -0.852292274938833 -3.94027193017064 -0.507794244147419 1.82993382386795 -1.8301858395765 -0.316092373465652
8.60000000000218 -0.852760871069094 -3.83569655409804 -0.412590404219884 1.80587054656935 -1.75902872358256 -0.245012174367714
8.6239999999998 -0.852760871069094 -3.83569655409804 -0.412590404219884 1.80587054656935 -1.75902872358256 -0.245012174367714
8.63200000000143 -0.754159135887278 -3.73447577917591 -0.418251900780433 1.80587054656935 -1.75902872358256 -0.245012174367714
8.64900000000125 -0.855529842267856 -3.63593504771859 -0.421953809985155 1.80587054656935 -1.75902872358256 -0.245012174367714
8.72799999999916 -0.765235020682297 -2.9354297536583 -0.455705523841402 1.60943298704937 -1.86013041000303 -0.339476616494983
8.76000000000204 -0.766619506281671 -2.83554900046857 -0.460387226723981 1.57485705122916 -1.84747296562575 -0.373116184816372
8.76800000000003 -0.766619506281671 -2.83554900046857 -0.460387226723981 1.57485705122916 -1.84747296562575 -0.373116184816372
8.83200000000215 -0.668017771099883 -2.73432822554639 -0.46604872328453 1.53997395649194 -1.88204669383631 -0.359094882891805
8.8640000000014 -0.669870852829504 -2.52987209628407 -0.375526586239687 1.45872319279203 -1.82120207783302 -0.390998193184118
8.93600000000151 -0.679562252025164 -1.83070682395612 -0.408298506418021 1.21308237647699 -1.49762948778567 -0.395793659991183
8.95999999999913 -0.680946737624538 -1.7308260707664 -0.412980209300656 1.11945303359702 -1.40143396815954 -0.393176099431745
8.97599999999875 -0.681415333754799 -1.62625069469379 -0.317776369373064 1.11945303359702 -1.40143396815954 -0.393176099431745
9.03199999999924 -0.682799819354187 -1.52636994150407 -0.322458072255699 1.07261350205648 -1.35336201412968 -0.39195354787777
9.06400000000212 -0.685100194422674 -1.43118381119729 -0.427025317948505 0.990967338370704 -1.2930225038508 -0.424765629921818
9.1359999999986 -0.592504997768629 -0.825864647443723 -0.356209786111947 0.674693694528335 -1.03980029184486 -0.405126418951937
9.15999999999985 -0.59527396896739 -0.626103141064277 -0.365573191877161 0.593035910612418 -1.02646071510261 -0.390356717284663
9.17599999999948 -0.59527396896739 -0.626103141064277 -0.365573191877161 0.546046151432162 -0.978573618839915 -0.389680653117861
9.2400000000016 -0.596658454566764 -0.526222387874554 -0.370254894759796 0.499039008541447 -0.930704442104807 -0.389062004132519
9.26399999999921 -0.496672233785574 -0.524882366142151 -0.37123468843771 0.452014402510509 -0.882853248663285 -0.388500768624391
9.27999999999884 -0.498056719384948 -0.425001612952485 -0.375916391320288 0.451696783971965 -0.836326495878053 -0.436802399857607
9.35199999999895 -0.402223955401894 -0.12401933165097 -0.390941293646051 0.285797393001955 -0.574744825433865 -0.414616574351113
9.37700000000041 -0.403608441001282 -0.0241385784612476 -0.395622996528687 0.238645177591854 -0.527004053814411 -0.414399606832266
9.39199999999983 -0.403608441001282 -0.0241385784612476 -0.395622996528687 0.238645177591854 -0.527004053814411 -0.414399606832266
9.44900000000052 -0.404524330470394 -0.0288332013441277 -0.495508539338857 0.226022229268442 -0.444713030259339 -0.428258521712387
9.47999999999956 -0.404524330470394 -0.0288332013441277 -0.495508539338857 0.178823199884788 -0.397009726334763 -0.42815642120973
9.55199999999968 -0.307307080887938 0.172268326767664 -0.505851738781985 0.0587984142120249 -0.137235584306929 -0.456336341123733
9.57700000000114 -0.307307080887938 0.172268326767664 -0.505851738781985 0.0459357688300474 -0.055046185598698 -0.470517056592873
9.63200000000143 -0.307307080887938 0.172268326767664 -0.505851738781985 0.0459357688300474 -0.055046185598698 -0.470517056592873
9.65599999999904 -0.307307080887938 0.172268326767664 -0.505851738781985 0.0459357688300474 -0.055046185598698 -0.470517056592873
9.68100000000049 -0.307307080887938 0.172268326767664 -0.505851738781985 0.0338930087729339 -0.0190767634170857 -0.436061782709405
9.75300000000061 -0.207320860106762 0.173608348500068 -0.506831532459898 0.0200565503677393 0.109287946946006 -0.499028789080302
9.77600000000166 -0.207320860106762 0.173608348500068 -0.506831532459898 0.0200565503677393 0.109287946946006 -0.499028789080302
9.84800000000178 -0.207320860106762 0.173608348500068 -0.506831532459898 0.0200565503677393 0.109287946946006 -0.499028789080302
9.88100000000122 -0.205936374507388 0.0737275953103449 -0.502149829577263 0.0424309311344413 0.179856391392968 -0.47857913262236
9.94399999999951 -0.00366355787649297 -0.0187784915316911 -0.399542171240284 0.13247509646633 0.365821696938196 -0.534748050882313
9.96900000000096 -0.00366355787649297 -0.0187784915316911 -0.399542171240284 0.13247509646633 0.365821696938196 -0.534748050882313
9.99200000000201 -0.00457944734560556 -0.0234731144145712 -0.499427714050455 0.13247509646633 0.365821696938196 -0.534748050882313
10.0479999999989 -0.00319496174623168 -0.123353867604294 -0.494746011167877 0.156464754889582 0.293899829782884 -0.603609864617687
10.0800000000017 0.0981757446343323 -0.221894599061613 -0.491044101963155 0.193615416329813 0.139848392218661 -0.658271948551304
10.0960000000014 0.0986443407645936 -0.326469975134273 -0.586247941890576 0.265113490631722 0.0204562057188664 -0.727097176455655
10.1680000000015 0.101881908093603 -0.630806857586265 -0.672088376052841 0.400974903948802 -0.513221993384889 -0.962043241556111
10.1919999999991 0.20095223940568 -0.634161458736799 -0.772953712540811 0.413944433464274 -0.595398527718421 -0.94827104835902
10.2010000000009 0.101881908093603 -0.630806857586265 -0.672088376052841 0.413944433464274 -0.595398527718421 -0.94827104835902
10.2639999999992 0.102350504223864 -0.735382233658925 -0.767292215980319 0.461234738680106 -0.642928189161638 -0.948632972867264
10.2890000000007 0.105119475422612 -0.93514374003837 -0.757928810215105 0.50773941945938 -0.64410970193482 -0.997445634629241
10.3040000000001 0.106503961022 -1.03502449322804 -0.75324710733247 0.555022800603777 -0.691646522701916 -0.997893801907774
10.3770000000004 0.0134401682376932 -1.535768280909 -0.728858799241493 0.730409347179236 -0.75321284063214 -1.06195611684651
10.4000000000015 0.0139087643679687 -1.6403436569816 -0.824062639168915 0.76552096863163 -0.765000843049148 -1.02772757741038
10.4170000000013 0.0139087643679687 -1.6403436569816 -0.824062639168915 0.73114993066385 -0.799685770309786 -1.01365939555209
10.4890000000014 0.0180622211661046 -1.93998591655077 -0.810017530521066 0.803333982169335 -0.965382519861287 -1.03591710450825
10.5210000000006 -0.0754701677484633 -2.33615432815907 -0.69042538250261 0.875423780832747 -1.13111259283097 -1.05850692902286
10.5440000000017 0.0272850242314888 -2.53457581280611 -0.68204177041531 0.888118238296973 -1.21345709467307 -1.04536532842946
10.6080000000002 -0.07223260041944 -2.64049121061106 -0.776265816664818 0.900763848022535 -1.29581580871218 -1.03227315629222
10.6320000000014 -0.07223260041944 -2.64049121061106 -0.776265816664818 0.970133450846348 -1.2730974327151 -1.01241118608343
10.6719999999987 -0.0694636292206781 -2.84025271699051 -0.766902410899604 1.0395182576242 -1.25041712590403 -0.992535745552561
10.7040000000015 -0.165296393203747 -3.14123499829202 -0.751877508573841 1.13126476232214 -1.1573824009554 -0.951606153291549
10.737000000001 -0.160227046936498 -3.43618263497831 -0.637946857115935 1.29256146902824 -1.04186454698134 -0.890564914938052
10.7530000000006 -0.158842561337124 -3.53606338816797 -0.6332651542333 1.36205269962689 -1.01935867999139 -0.870551480309944
10.8159999999989 -0.257444296518926 -3.6372841630901 -0.627603657672807 1.39654834057281 -0.984676528964112 -0.88454068251651
10.8400000000001 -0.257444296518926 -3.6372841630901 -0.627603657672807 1.43155916887372 -0.996891057360167 -0.85052479302561
10.8640000000014 -0.256059810919552 -3.73716491627977 -0.622921954790172 1.41951413970233 -0.961221726400837 -0.815322035339855
10.9200000000019 -0.452794685152924 -4.04418184219657 -0.706802801596552 1.58208357135907 -0.940140820117225 -0.657947316920031
10.9530000000013 -0.451410199553536 -4.14406259538629 -0.702121098713917 1.61708132954484 -0.952541993594575 -0.62393862102348
11.0410000000011 -0.550011934735352 -4.24528337030836 -0.696459602153425 1.60510466572592 -0.916898742145257 -0.5886550009908
11.0570000000007 -0.550011934735352 -4.24528337030836 -0.696459602153425 1.66277302621303 -0.859060598551629 -0.533232645122984
11.0640000000021 -0.550011934735352 -4.24528337030836 -0.696459602153425 1.66277302621303 -0.859060598551629 -0.533232645122984
11.119999999999 -0.546327074067477 -4.44035025380498 -0.587210653578154 1.766758940568 -0.755126062670526 -0.338989391958155
11.1450000000004 -0.646313294848682 -4.44169027553738 -0.58623085990024 1.77805076133128 -0.69648142704587 -0.234249096431572
11.232 -0.645397405379555 -4.43699565265445 -0.486345317090127 1.80123919268082 -0.673509913037837 -0.164816479573
11.2570000000014 -0.645397405379555 -4.43699565265445 -0.486345317090127 1.80123919268082 -0.673509913037837 -0.164816479573
11.3120000000017 -0.646781890978943 -4.33711489946472 -0.491027019972705 1.77873022926539 -0.838282857627884 -0.0906332251579969
11.3450000000012 -0.649550862177691 -4.13735339308528 -0.500390425737976 1.77884249662336 -0.885588230485992 -0.042797269930311
11.351999999999 -0.649550862177691 -4.13735339308528 -0.500390425737976 1.77884249662336 -0.885588230485992 -0.042797269930311
11.4330000000009 -0.648634972708578 -4.1326587702024 -0.400504882927862 1.74399412588838 -0.920143975089902 -0.0289887421886799
11.456000000002 -0.550949126995874 -4.03613261816315 -0.506051922298468 1.75586377565904 -0.955777593382603 -0.064355270560738
11.4720000000016 -0.551417723126136 -3.93155724209061 -0.41084808237099 1.72101224880818 -0.990333856038061 -0.050530403388273
11.5280000000021 -0.556039776054519 -3.52733960644878 -0.329689351091417 1.65215185280485 -1.20091170977023 -0.115068127925905
11.5600000000013 -0.561109122321781 -3.23239196976255 -0.443620002549324 1.62922666045435 -1.27110703275625 -0.136551749362057
11.5770000000011 -0.562493607921155 -3.13251121657288 -0.448301705431959 1.59435089429653 -1.30566020351868 -0.122653341370558
11.6399999999994 -0.561577718452028 -3.12781659368994 -0.348416162621902 1.55958608857591 -1.2929852386012 -0.15653548729016
11.6650000000009 -0.562962204051416 -3.02793584050022 -0.353097865504481 1.51284010411077 -1.24468365988607 -0.155107657020811
11.737000000001 -0.575422574445824 -2.12900906179283 -0.395233191448085 1.22116784391186 -1.06123614366803 -0.204132232804391
11.768 -0.576807060045198 -2.02912830860311 -0.399914894330664 1.20918640079564 -1.02551047104919 -0.168981465875965
11.8320000000022 -0.577275656175459 -1.92455293253056 -0.304711054403128 1.12754035333133 -1.01188649143085 -0.154002815601341
11.8559999999998 -0.578660141774847 -1.82467217934084 -0.309392757285764 1.08067870046333 -0.963731501774222 -0.15300832242052
11.8719999999994 -0.580044627374221 -1.72479142615111 -0.314074460168399 1.03379987799284 -0.915593954393433 -0.152071410939293
11.9360000000015 -0.58882013710074 -1.02093153094017 -0.246960837536619 0.752161882868397 -0.627138523417072 -0.147659088890724
11.969000000001 -0.491602887518312 -0.819830002828382 -0.257304036979804 0.646169820206581 -0.495277370105301 -0.111831704037744
11.9850000000006 -0.491602887518312 -0.819830002828382 -0.257304036979804 0.576416057343516 -0.517687223689667 -0.132299955075351
12.0479999999989 -0.492987373117685 -0.71994924963866 -0.261985739862382 0.564049666384711 -0.435191822512196 -0.1458690401179
12.0720000000001 -0.494371858717059 -0.620068496448937 -0.266667442745018 0.516976685373025 -0.387250348252624 -0.145565459280609
12.0879999999997 -0.495756344316447 -0.520187743259214 -0.271349145627653 0.469885574127862 -0.339327082495819 -0.145319450224174
12.1680000000015 -0.399923580333393 -0.219205461957756 -0.286374047953416 0.233507205431205 -0.0535822289428884 -0.193521647122953
12.2010000000009 -0.402223955401894 -0.12401933165097 -0.390941293646051 0.22153603391005 -0.0176373833723957 -0.158973486075773
12.2079999999987 -0.402223955401894 -0.12401933165097 -0.390941293646051 0.22153603391005 -0.0176373833723957 -0.158973486075773
12.2799999999988 -0.30453810968919 -0.0274931796117244 -0.496488333016771 0.151712361112364 -0.0403397799918876 -0.179720533312364
12.3040000000001 -0.303622220220078 -0.0227985567288442 -0.3966027902066 0.116461360645525 -0.0285405908764146 -0.214398656944378
12.3680000000022 -0.307307080887938 0.172268326767664 -0.505851738781985 0.0114102812151969 -0.0395959275057385 -0.269822869789517
12.3919999999998 -0.307307080887938 0.172268326767664 -0.505851738781985 -0.0238512102192286 -0.0279050585996403 -0.30452252635498
12.4079999999994 -0.307307080887938 0.172268326767664 -0.505851738781985 0.0114102812151969 -0.0395959275057385 -0.269822869789517
12.4239999999991 -0.307307080887938 0.172268326767664 -0.505851738781985 0.0114102812151969 -0.0395959275057385 -0.269822869789517
12.4959999999992 -0.207320860106762 0.173608348500068 -0.506831532459898 -0.0118199427052089 -0.0638884998894424 -0.338960197773503
12.5210000000006 -0.207320860106762 0.173608348500068 -0.506831532459898 -0.0118199427052089 -0.0638884998894424 -0.338960197773503
12.5770000000011 -0.207320860106762 0.173608348500068 -0.506831532459898 -0.0118199427052089 -0.0638884998894424 -0.338960197773503
12.6080000000002 -0.207320860106762 0.173608348500068 -0.506831532459898 -0.0118199427052089 -0.0638884998894424 -0.338960197773503
12.6239999999998 -0.107334639325558 0.174948370232471 -0.507811326137812 -0.0118199427052089 -0.0638884998894424 -0.338960197773503
12.6959999999999 -0.00504804347588106 0.0811022616579749 -0.40422387412292 0.0235451242135185 -0.125596783371905 -0.490978930165179
12.7210000000014 -0.00366355787649297 -0.0187784915316911 -0.399542171240284 0.0700477470397951 -0.126971370081606 -0.539457709760942
12.737000000001 -0.00366355787649297 -0.0187784915316911 -0.399542171240284 0.0821169848838393 -0.162927120170356 -0.573943113541791
12.7999999999993 -0.00319496174623168 -0.123353867604294 -0.494746011167877 0.106282007372527 -0.234824905456693 -0.642944136823613
12.8320000000022 0.0967912590349584 -0.122013845871891 -0.495725804845733 0.106282007372527 -0.234824905456693 -0.642944136823613
12.8400000000001 -0.00319496174623168 -0.123353867604294 -0.494746011167877 0.106282007372527 -0.234824905456693 -0.642944136823613
12.9130000000005 0.0986443407645936 -0.326469975134273 -0.586247941890576 0.249345371874343 -0.473617592477335 -0.781273333360095
12.9360000000015 -0.00087328388633523 -0.432385372939279 -0.680471988140141 0.273617343022964 -0.545419318007743 -0.850511330049086
13 0.100497422494229 -0.530926104396542 -0.676770078935419 0.345212238370638 -0.664715245117168 -0.920094770242954
13.0250000000015 0.000511201713038645 -0.532266126128945 -0.675790285257563 0.379584001711829 -0.630059400516726 -0.93418680835712
13.0879999999997 0.00374876904204768 -0.836603008581051 -0.761630719419827 0.473387444011904 -0.678781604240389 -0.983361363281392
13.119999999999 0.00790222584018352 -1.13624526815016 -0.747585610771921 0.567177258836294 -0.727479587845073 -1.03266923211176
13.1359999999986 0.00928671143955739 -1.23612602133989 -0.742903907889342 0.602288562680836 -0.739201501528388 -0.998399480519616
13.2010000000009 -0.0888464276119834 -1.44192217233456 -0.832446251256215 0.683908767299018 -0.752095427587665 -1.01303877332998
13.224000000002 0.0120556826383194 -1.43588752771933 -0.733540502124072 0.683908767299018 -0.752095427587665 -1.01303877332998
13.2400000000016 0.0120556826383194 -1.43588752771933 -0.733540502124072 0.683908767299018 -0.752095427587665 -1.01303877332998
13.3120000000017 -0.081008110145973 -1.93663131540023 -0.709152194033095 0.822886158924763 -0.706352990775641 -0.972667033363883
13.3359999999993 -0.0759387638787103 -2.23157895208641 -0.595221542575132 0.89239819190143 -0.683539324545766 -0.952460401934701
13.351999999999 -0.0745542782793365 -2.33145970527613 -0.590539839692497 0.927526656667741 -0.69544490689273 -0.918227355556493
13.4239999999991 -0.0731697926799626 -2.43134045846585 -0.585858136809861 0.961925775601659 -0.660764050997249 -0.932239991985253
13.4490000000005 -0.0717853070805745 -2.53122121165552 -0.581176433927283 0.961925775601659 -0.660764050997249 -0.932239991985253
13.4639999999999 -0.0727011965497013 -2.53591583453846 -0.681061976737396 1.03146890436449 -0.638027188468483 -0.912005850421777
13.5360000000001 -0.164380503734634 -3.13654037540914 -0.651991965763784 1.27460684500827 -0.535359874587108 -0.865162876899739
13.5600000000013 -0.16299601813526 -3.23642112859881 -0.647310262881149 1.35621119598828 -0.548476996131126 -0.879947511542784
13.6160000000018 -0.161611532535886 -3.33630188178859 -0.642628559998514 1.42582241870001 -0.525920732709656 -0.859656292336446
13.6490000000013 -0.161611532535886 -3.33630188178859 -0.642628559998514 1.42582241870001 -0.525920732709656 -0.859656292336446
13.6719999999987 -0.260213267717674 -3.43752265671071 -0.636967063438021 1.43856585631671 -0.608469435168605 -0.846676597861515
13.737000000001 -0.353745656632242 -3.83369106831901 -0.517374915419509 1.56914797636694 -0.810450430663569 -0.718612105947007
13.760000000002 -0.452347391814058 -3.93491184324108 -0.511713418859017 1.61618685020691 -0.858443422245609 -0.719810639022991
13.8250000000007 -0.353277060501995 -3.93826644439167 -0.612578755347045 1.5936319250821 -0.928756119755909 -0.74115704407826
13.8559999999998 -0.450962906214684 -4.03479259643075 -0.507031715976382 1.66365644779141 -0.953521790547528 -0.673150800390087
13.8719999999994 -0.450962906214684 -4.03479259643075 -0.507031715976382 1.6516783129821 -0.91788882364903 -0.637849100034254
13.9439999999995 -0.646781890978943 -4.33711489946472 -0.491027019972705 1.79192508815363 -1.01505700738272 -0.454053411053354
13.969000000001 -0.745852222291006 -4.33376029831425 -0.390161683484735 1.81493755419732 -0.992055069127591 -0.384713051984134
13.9850000000006 -0.745852222291006 -4.33376029831425 -0.390161683484735 1.81493755419732 -0.992055069127591 -0.384713051984134
14.0570000000007 -0.64586600150983 -4.33242027658184 -0.391141477162591 1.80425931691419 -1.1451317823112 -0.393843791813848
14.0800000000017 -0.646781890978943 -4.33711489946472 -0.491027019972705 1.80550445762942 -1.33380148998953 -0.43847293951726
14.0960000000014 -0.648166376578317 -4.23723414627494 -0.495708722855341 1.81751746227107 -1.41666354296256 -0.42621049316467
14.1680000000015 -0.548180155797112 -4.23589412454254 -0.496688516533254 1.75001167483006 -1.91044528464818 -0.440367867195273
14.2010000000009 -0.548180155797112 -4.23589412454254 -0.496688516533254 1.76210072681255 -1.9460247627308 -0.475899060450408
14.2170000000006 -0.548180155797112 -4.23589412454254 -0.496688516533254 1.76210072681255 -1.9460247627308 -0.475899060450408
14.2799999999988 -0.550949126995874 -4.03613261816315 -0.506051922298468 1.70447484575757 -2.05079957592588 -0.48337209096402
14.3040000000001 -0.55280220872551 -3.83167648890088 -0.415529785253625 1.68172729594832 -2.12097864831883 -0.504853291358869
14.3840000000018 -0.556039776054519 -3.52733960644878 -0.329689351091417 1.5892082403177 -2.26034052936368 -0.498153694239797
14.4079999999994 -0.556039776054519 -3.52733960644878 -0.329689351091417 1.5892082403177 -2.26034052936368 -0.498153694239797
14.4239999999991 -0.556039776054519 -3.52733960644878 -0.329689351091417 1.55476782331644 -2.24771110794804 -0.531625279943686
14.4799999999996 -0.560193232852654 -3.22769734687961 -0.343734459739267 1.50813720608925 -2.19950423215309 -0.52962949737569
14.505000000001 -0.56434668965079 -2.92805508731055 -0.357779568387116 1.37996725935155 -2.1377252177241 -0.511709075353043
14.5280000000021 -0.570800521517427 -2.5332266974346 -0.476391922727657 1.32112671098448 -2.0539132878328 -0.47451303690851
14.5440000000017 -0.572185007116815 -2.43334594424493 -0.481073625610293 1.27444556518252 -2.00576120494528 -0.472776300223813
14.5519999999997 -0.572653603247062 -2.32877056817227 -0.385869785682814 1.23991867354348 -1.99330144831893 -0.506412626040175
14.6399999999994 -0.574038088846436 -2.22888981498255 -0.39055148856545 1.15837071014773 -1.97977035754785 -0.490655032395946
14.6650000000009 -0.575891170576085 -2.02443368572023 -0.300029351520493 1.1116505100644 -1.9316787858218 -0.48906228811589
14.737000000001 -0.485596348990541 -1.32392839165988 -0.333781065376741 0.796217412022989 -1.6780539539776 -0.466598800234689
14.768 -0.488365320189303 -1.12416688528043 -0.343144471141954 0.679978293830706 -1.65248007038041 -0.485170003299371
14.7839999999997 -0.489749805788676 -1.02428613209071 -0.34782617402459 0.667789487363373 -1.61668627615036 -0.450155763257459
14.8480000000018 -0.38884769553836 -1.01825148747542 -0.248920424892447 0.655697617914995 -1.53418983580409 -0.463198112174437
14.8719999999994 -0.490218401918938 -0.919710756018105 -0.252622334097168 0.63139477390055 -1.41589865971008 -0.441326413123637
14.887999999999 -0.391616666737121 -0.818489981096036 -0.25828383065766 0.61921377134903 -1.33342496367275 -0.454486261500551
14.9599999999991 -0.397154609134631 -0.418966968337202 -0.277010642188145 0.451696783971965 -0.836326495878053 -0.436802399857607
14.992000000002 -0.398539094734005 -0.319086215147479 -0.28169234507078 0.439229783285565 -0.753950469673681 -0.45036196370318
15 -0.398539094734005 -0.319086215147479 -0.28169234507078 0.439229783285565 -0.753950469673681 -0.45036196370318
15.0640000000021 -0.399923580333393 -0.219205461957756 -0.286374047953416 0.369637196669178 -0.776621044834534 -0.470632071328235
15.0879999999997 -0.302237734620689 -0.122679309918567 -0.391921087323965 0.287944254328174 -0.763434601042544 -0.456191978011888
15.1599999999999 -0.305922595288564 0.0723875735779416 -0.501170035899349 0.113822937818064 -0.797190337396969 -0.531055304261272
15.1850000000013 -0.305922595288564 0.0723875735779416 -0.501170035899349 0.0788325891134506 -0.785468446604259 -0.565404527057946
15.2479999999996 -0.305922595288564 0.0723875735779416 -0.501170035899349 0.0666759589689341 -0.749535125366073 -0.530809198195555
15.2799999999988 -0.207320860106762 0.173608348500068 -0.506831532459898 0.0419046383359774 -0.63138186921771 -0.510146569453868
15.3450000000012 -0.207320860106762 0.173608348500068 -0.506831532459898 -0.0198152019847079 -0.359109938436455 -0.434632422987382
15.3680000000022 -0.207320860106762 0.173608348500068 -0.506831532459898 -0.0791553671811333 -0.275509157876774 -0.400277846269142
15.4399999999987 -0.207320860106762 0.173608348500068 -0.506831532459898 -0.0670661840687799 -0.311490184138178 -0.434731224911445
15.4799999999996 -0.105034264257071 0.0797622399256284 -0.403244080445006 -0.030114944222102 -0.465610137811105 -0.489568724690357
15.5360000000001 -0.00457944734560556 -0.0234731144145712 -0.499427714050455 -0.0951930243731191 -0.819680127340737 -0.64024175976644
15.5600000000013 0.0954067734355704 -0.0221330926821679 -0.500407507728369 -0.105271915792699 -0.926176294985707 -0.695156637950535
15.5770000000011 0.0954067734355704 -0.0221330926821679 -0.500407507728369 -0.0930397679856143 -0.962128278553399 -0.729702755642224
15.6399999999994 0.0967912590349584 -0.122013845871891 -0.495725804845733 -0.0681365394892138 -1.08019090744597 -0.750378182713671
15.6810000000005 0.0972598551652055 -0.22658922194455 -0.590929644773212 -0.0436117138110356 -1.15206189927369 -0.819564055326789
15.7530000000006 0.101413311963341 -0.526231481513662 -0.576884536125306 0.0308152854964331 -1.45996355141057 -0.930698011739251
15.7760000000017 0.100497422494229 -0.530926104396542 -0.676770078935419 0.0779053758875362 -1.50747955314639 -0.931348553856575
15.8480000000018 0.101881908093603 -0.630806857586265 -0.672088376052841 0.0902342513562728 -1.54336921903409 -0.966069863707379
15.8719999999994 0.103266393692991 -0.730687610775988 -0.667406673170206 0.137308145724701 -1.59089305473152 -0.966806512838341
15.9279999999999 0.1088043360905 -1.13021062353482 -0.648679861639721 0.265742446578101 -1.60503202307616 -1.03091463127054
15.9599999999991 0.112957792888636 -1.42985288310399 -0.634634752991872 0.359643574576296 -1.65377096330856 -1.08089800093302
16.0319999999992 0.11434227848801 -1.52973363629366 -0.629953050109236 0.428882943736751 -1.63085475678298 -1.06122507122686
16.0570000000007 0.113426389018883 -1.53442825917659 -0.72983859291935 0.451078211632477 -1.56038487952063 -1.04057245844745
16.119999999999 0.020362596234591 -2.03517204685755 -0.705450284828373 0.63380391303119 -1.32729032272339 -1.00774826962426
16.1520000000019 0.023131567433353 -2.234933553237 -0.696086879063159 0.759897589547136 -1.19937206050577 -0.98120448263159
16.2170000000006 0.0236001635636143 -2.3395089293096 -0.791290718990581 0.794359307602117 -1.16470383198973 -0.99531996314029
16.2570000000014 0.0249846491629881 -2.43938968249932 -0.786609016107946 0.851594534726842 -1.10617723308907 -0.940393927102486
16.3199999999997 -0.0680791436213042 -2.94013347018023 -0.762220708016969 1.11622448599525 -0.886357840970803 -0.921514951493323
16.351999999999 -0.0653101724225422 -3.13989497655962 -0.752857302251755 1.20811789012642 -0.79333363887823 -0.880329652405668
16.4239999999991 -0.0616253117546819 -3.33496186005618 -0.643608353676427 1.31211238067321 -0.736072108016156 -0.874136066246196
16.4490000000005 -0.161611532535886 -3.33630188178859 -0.642628559998514 1.3247874558154 -0.81859339223465 -0.861166187531187
16.4639999999999 -0.160227046936498 -3.43618263497831 -0.637946857115935 1.35986052533419 -0.830762405591199 -0.827065850589312
16.5210000000006 -0.254675325320164 -3.83704566946955 -0.618240251907537 1.52451462192725 -0.99808725328234 -0.713280945747762
16.5519999999997 -0.25329083972079 -3.93692642265927 -0.613558549024901 1.5715073655092 -1.04608898251788 -0.714565258173528
16.6320000000014 -0.351892574902621 -4.03814719758134 -0.607897052464409 1.60680246792303 -1.105541046522 -0.632713399310546
16.655999999999 -0.351892574902621 -4.03814719758134 -0.607897052464409 1.5947994016594 -1.06990235481049 -0.597407134577755
16.7210000000014 -0.449109824485049 -4.23924872569307 -0.597553853021282 1.69862438646972 -1.01304804983788 -0.355574749589349
16.7530000000006 -0.446809449416548 -4.33443485599992 -0.492986607328533 1.74463224015116 -0.967049402358419 -0.216906361975763
16.768 -0.447725338885675 -4.33912947888285 -0.592872150138646 1.74463224015116 -0.967049402358419 -0.216906361975763
16.7839999999997 -0.446809449416548 -4.33443485599992 -0.492986607328533 1.74463224015116 -0.967049402358419 -0.216906361975763
16.7999999999993 -0.546795670197739 -4.33577487773232 -0.492006813650619 1.70984380166325 -1.00163169567213 -0.203058026264874
16.8640000000014 -0.446809449416548 -4.33443485599992 -0.492986607328533 1.76861743222383 -1.1328432301974 -0.192063537635013
16.9039999999986 -0.44542496381716 -4.43431560918964 -0.488304904445897 1.82727335169016 -1.26411982667618 -0.181289614332223
16.9759999999987 -0.443124588748674 -4.52950173949642 -0.383737658753205 1.87463536784508 -1.54858421085324 -0.180222964821471
17 -0.444040478217786 -4.5341963623793 -0.483623201563319 1.8397175491024 -1.58314687410412 -0.166313042543699
17.0720000000001 -0.446809449416548 -4.33443485599992 -0.492986607328533 1.816778399628 -1.65329420527137 -0.187907368594606
17.0960000000014 -0.448193935015922 -4.23455410281014 -0.497668310211168 1.74690200958502 -1.72240516336981 -0.160029912359025
17.1130000000012 -0.449578420615296 -4.13467334962047 -0.502350013093746 1.71194679559423 -1.75695291394658 -0.146078730172757
17.1759999999995 -0.452815987944319 -3.83033646716848 -0.416509578931539 1.65404130281461 -1.86164625654907 -0.153633642042604
17.2170000000006 -0.352829767163129 -3.82899644543613 -0.417489372609396 1.61905981918102 -1.89618417795069 -0.139649384290003
17.2799999999988 -0.356067334492138 -3.52465956298403 -0.331648938447188 1.5616300298599 -1.95358717632239 -0.194737671219776
17.3040000000001 -0.3588363056909 -3.32489805660464 -0.341012344212459 1.52665134645683 -1.98812526602272 -0.180721365332091
17.3199999999997 -0.361605276889648 -3.12513655022519 -0.350375749977673 1.46929110890278 -2.04559021889431 -0.235731017828152
17.3770000000004 -0.367143219287172 -2.7256135374663 -0.369102561508157 1.36488597229586 -2.10200424643101 -0.241204071916724
17.4079999999994 -0.368527704886546 -2.62573278427664 -0.373784264390792 1.33043470166709 -2.08938050846622 -0.274792546537249
17.4239999999991 -0.368527704886546 -2.62573278427664 -0.373784264390792 1.33043470166709 -2.08938050846622 -0.274792546537249
17.4890000000014 -0.373149757814943 -2.22151514863492 -0.292625533111107 1.19057164734101 -1.94465687359626 -0.269673079570303
17.5119999999988 -0.377303214613079 -1.92187288906581 -0.306670641758956 1.08545632503842 -1.76554713277833 -0.279136934776805
17.5280000000021 -0.380072185811841 -1.72211138268636 -0.31603404752417 1.02662724889866 -1.68166000926838 -0.242528532126087
17.6000000000022 -0.384694238740224 -1.31789374704459 -0.234875316244597 0.886564814196951 -1.49040045022241 -0.286665036087441
17.6320000000014 -0.284708017959019 -1.31655372531219 -0.235855109922511 0.886564814196951 -1.49040045022241 -0.286665036087441
17.6880000000019 -0.286561099688669 -1.11209759604986 -0.145332972877611 0.758214200910245 -1.38204131458075 -0.318440638149111
17.7119999999995 -0.291630445955917 -0.817149959363633 -0.259263624335574 0.641842133610724 -1.30971563632539 -0.385509903969595
17.7279999999992 -0.293014931555291 -0.71726920617391 -0.26394532721821 0.594934280646821 -1.26178357882113 -0.384633881034667
17.7999999999993 -0.197182167572251 -0.416286924872395 -0.278970229543972 0.466070340339218 -1.10739377138054 -0.465409032037717
17.8320000000022 -0.197182167572251 -0.416286924872395 -0.278970229543972 0.466070340339218 -1.10739377138054 -0.465409032037717
17.8480000000018 -0.198566653171625 -0.316406171682672 -0.283651932426551 0.4539367135818 -1.07153915289255 -0.430584835966677
17.9130000000005 -0.202251513839514 -0.121339288186164 -0.392900881001879 0.241232220396886 -0.762094932023961 -0.407455308979108
17.9439999999995 -0.202720109969775 -0.0167639121135039 -0.297697041074457 0.181592753011359 -0.632052640028273 -0.420957251267239
17.9599999999991 -0.204104595569149 0.083116841076162 -0.302378743957036 0.134443477062133 -0.584339336482025 -0.420769039819404
18.0250000000015 -0.205489081168523 0.182997594265885 -0.307060446839671 0.121827786499096 -0.502081265212701 -0.434680513694507
18.0479999999989 -0.206404970637649 0.178302971382948 -0.406945989649728 0.0872761585709861 -0.536644504861847 -0.420638225399985
18.0720000000001 -0.106418749856445 0.179642993115351 -0.407925783327642 0.0872761585709861 -0.536644504861847 -0.420638225399985
18.1359999999986 -0.105502860387318 0.184337615998288 -0.308040240517585 -0.0519573169733519 -0.582358987423332 -0.461444458302096
18.1599999999999 -0.106887345986692 0.284218369188011 -0.31272194340022 -0.121550599150997 -0.605274211623664 -0.481826145751852
18.2400000000016 -0.106887345986692 0.284218369188011 -0.31272194340022 -0.121550599150997 -0.605274211623664 -0.481826145751852
18.2639999999992 -0.00781701467462881 0.28086376803742 -0.413587279888134 -0.144440668398446 -0.629645559023707 -0.550771381863538
18.3450000000012 0.0921692061065613 0.282203789769824 -0.414567073566047 -0.179494743134689 -0.618077530443207 -0.585235961943972
18.3770000000004 0.0921692061065613 0.282203789769824 -0.414567073566047 -0.167313533434847 -0.654057664329078 -0.619699190733042
18.4399999999987 0.0935536917059352 0.182323036580101 -0.409885370683412 -0.167313533434847 -0.654057664329078 -0.619699190733042
18.4639999999999 0.0935536917059352 0.182323036580101 -0.409885370683412 -0.189606989285714 -0.724615385850653 -0.640034098223628
18.5280000000021 0.194924398086513 0.0837823051227815 -0.40618346147869 -0.130184462044699 -0.808104522566694 -0.674613912624015
18.5600000000013 0.195392994216775 -0.0207930709497646 -0.501387301406282 -0.130184462044699 -0.808104522566694 -0.674613912624015
18.6320000000014 0.195392994216775 -0.0207930709497646 -0.501387301406282 -0.130184462044699 -0.808104522566694 -0.674613912624015
18.6650000000009 0.196777479816163 -0.120673824139487 -0.496705598523647 -0.117968943495001 -0.844065994982286 -0.709128811693014
18.737000000001 0.201399532744546 -0.524891459781259 -0.577864329803219 0.0905181194894246 -0.775125483363939 -0.64846516547332
18.768 0.20278401834392 -0.624772212970981 -0.573182626920584 0.0905181194894246 -0.775125483363939 -0.64846516547332
18.7760000000017 0.20278401834392 -0.624772212970981 -0.573182626920584 0.0905181194894246 -0.775125483363939 -0.64846516547332
18.8480000000018 0.204168503943308 -0.724652966160704 -0.568500924038005 0.159505892102621 -0.705931085178693 -0.67667088974751
18.8719999999994 0.306923695923231 -0.923074450807746 -0.560117311950648 0.229046273142833 -0.683027008484798 -0.656389379379736
18.887999999999 0.308308181522619 -1.02295520399741 -0.555435609068013 0.263529966567294 -0.648421787170019 -0.670464495725394
18.9530000000013 0.31431472005039 -1.52705359282885 -0.631912637465064 0.493302852824505 -0.416587323074418 -0.685618122111281
18.9759999999987 0.417069912030357 -1.72547507747595 -0.623529025377707 0.562932225191816 -0.393769054321417 -0.665185975546197
19.0479999999989 0.418454397629731 -1.82535583066567 -0.618847322495128 0.609419019032305 -0.394986398116277 -0.713921971638914
19.0720000000001 0.319852662447914 -1.92657660558774 -0.613185825934579 0.691096348145621 -0.408027918776845 -0.728271379829701
19.1450000000004 0.32954406164356 -2.62574187791569 -0.580413905756245 0.994545356812871 -0.484104249484512 -0.855411454781798
19.1680000000015 0.330928547242934 -2.72562263110535 -0.575732202873667 1.02974470654236 -0.496075446459359 -0.821108328263053
19.1850000000013 0.230026436992631 -2.73165727572069 -0.674637952005867 1.07617424208343 -0.497154793775919 -0.870025552573005
19.2479999999996 0.231410922592019 -2.83153802891047 -0.669956249123231 1.11137360465282 -0.509159007811478 -0.835743319098477
19.2890000000007 0.134193673009563 -3.03263955702226 -0.659613049680104 1.19374980067285 -0.569002245721348 -0.802235977711912
19.3610000000008 -0.0588563405559199 -3.53472336643557 -0.634244947911213 1.39280382670503 -0.654344537919342 -0.749524992177858
19.3919999999998 -0.0583877444256586 -3.63929874250817 -0.729448787838635 1.43991205526242 -0.702257622403996 -0.750521054845836
19.4490000000005 -0.0574718549565461 -3.63460411962529 -0.629563245028578 1.42792891840992 -0.666574912157268 -0.715363248177476
19.4799999999996 -0.0537869942886573 -3.8296710031218 -0.52031429645325 1.48619341310297 -0.655462580084131 -0.611885963480775
19.5519999999997 -0.148235272672352 -4.23053403761298 -0.500607691244852 1.60315884604657 -0.680807215840194 -0.356881196754629
19.5770000000011 -0.246837007854154 -4.33175481253517 -0.49494619468436 1.62632727106845 -0.657664805747387 -0.287496422132347
19.6320000000014 -0.247752897323281 -4.3364494354181 -0.594831737494474 1.59163061610306 -0.692264237543024 -0.273666298066053
19.6650000000009 -0.246837007854154 -4.33175481253517 -0.49494619468436 1.63855182394342 -0.740474189031788 -0.2748098955292
19.7439999999988 -0.34175388236811 -4.6280424709538 -0.380035749548483 1.81434430332051 -0.945154255000626 -0.196756071379596
19.7760000000017 -0.34175388236811 -4.6280424709538 -0.380035749548483 1.82634600743973 -1.02807176269302 -0.184355893941718
19.8480000000018 -0.34175388236811 -4.6280424709538 -0.380035749548483 1.82634600743973 -1.02807176269302 -0.184355893941718
19.8810000000012 -0.343138367967484 -4.52816171776408 -0.384717452431062 1.76861743222383 -1.1328432301974 -0.192063537635013
19.9439999999995 -0.445893559947436 -4.32974023311704 -0.393101064518419 1.7455957276249 -1.2976394996457 -0.118100305304984
19.9759999999987 -0.444977670478309 -4.3250456102341 -0.293215521708362 1.78035879057064 -1.31041936087305 -0.0842534963411495
20.0479999999989 -0.446362156077683 -4.22516485704432 -0.297897224590997 1.74544836213764 -1.34496863559408 -0.0703776259874908
20.0720000000001 -0.451431502344946 -3.9302172203582 -0.411827876048903 1.71070323250285 -1.3321936613663 -0.104216958728997
20.0879999999997 -0.451431502344946 -3.9302172203582 -0.411827876048903 1.69876263079033 -1.29656798457661 -0.0688042183759829
20.1680000000015 -0.460207012071464 -3.22635732514721 -0.34471425341718 1.62910586517613 -1.31836892488938 -0.0887817737005903
20.1919999999991 -0.461591497670838 -3.12647657195754 -0.349395956299759 1.58224596160974 -1.31726428780414 -0.0395147945374432
20.2639999999992 -0.362073873019924 -3.02056117415259 -0.255171910050137 1.53566907943786 -1.22167182024731 -0.0858675013617983
20.2960000000021 -0.366227329818059 -2.72091891458342 -0.269217018697987 1.41926014155872 -1.19526895380832 -0.10455084399432
20.3120000000017 -0.368996301016807 -2.52115740820403 -0.2785804244632 1.37249220665905 -1.14698983832332 -0.103267464336331
20.3770000000004 -0.377303214613079 -1.92187288906581 -0.306670641758956 1.17438491707786 -1.06005885978805 -0.155054891928651
20.4000000000015 -0.377303214613079 -1.92187288906581 -0.306670641758956 1.17438491707786 -1.06005885978805 -0.155054891928651
20.4799999999996 -0.380540781942088 -1.6175360066137 -0.220830207596748 1.03502800092527 -1.05742691817608 -0.243313880662678
20.5119999999988 -0.284708017959019 -1.31655372531219 -0.235855109922511 0.895680707380387 -1.05512433432879 -0.331611279218484
20.5770000000011 -0.289330070887416 -0.912336089670475 -0.154696378642825 0.674693694528335 -1.03980029184486 -0.405126418951937
20.6000000000022 -0.29071455648679 -0.812455336480753 -0.15937808152546 0.605137357122873 -1.06229304740514 -0.425234228167454
20.6719999999987 -0.293483527685567 -0.612693830101307 -0.168741487290731 0.533693084562123 -0.896141046588283 -0.403097418118845
20.6959999999999 -0.295783902754053 -0.517507699794464 -0.273308732983423 0.439605389494248 -0.800457981930426 -0.402031927055528
20.760000000002 -0.302706330750951 -0.0181039338459073 -0.296717247396543 0.109738549301503 -0.466140830131557 -0.400111741828637
20.7920000000013 -0.305006705819451 0.0770821964608217 -0.401284493089179 0.0279940349039751 -0.453012298292233 -0.386033019814161
20.8559999999998 -0.305006705819451 0.0770821964608217 -0.401284493089179 0.0279940349039751 -0.453012298292233 -0.386033019814161
20.8810000000012 -0.306391191418825 0.176962949650544 -0.405966195971814 -0.0537586451678432 -0.439896191653915 -0.372003884793524
20.8970000000008 -0.306391191418825 0.176962949650544 -0.405966195971814 -0.100969868370004 -0.392246492014412 -0.372074113493728
20.969000000001 -0.210558427435785 0.477945230952116 -0.420991098297577 -0.346300016084811 -0.353028575211728 -0.330455889717778
21 -0.210558427435785 0.477945230952116 -0.420991098297577 -0.415958703588125 -0.376024178632345 -0.350999752964868
21.0159999999996 -0.210558427435785 0.477945230952116 -0.420991098297577 -0.415958703588125 -0.376024178632345 -0.350999752964868
21.0720000000001 -0.10827183158608 0.384099122377734 -0.317403646282798 -0.336609396014489 -0.200348525479014 -0.324546700430902
21.0960000000014 -0.107355942116953 0.388793745260614 -0.217518103472685 -0.339844339293443 0.0344328075505792 -0.333189706124948
21.1759999999995 -0.00598523573637522 0.290253013803238 -0.213816194267963 -0.298536926077743 0.410400040174451 -0.301528024679344
21.2010000000009 -0.00598523573637522 0.290253013803238 -0.213816194267963 -0.264125245602563 0.444956560620609 -0.315475763670452
21.2799999999988 -0.00598523573637522 0.290253013803238 -0.213816194267963 -0.264125245602563 0.444956560620609 -0.315475763670452
21.3040000000001 0.0940009850448007 0.291593035535641 -0.214795987945877 -0.264125245602563 0.444956560620609 -0.315475763670452
21.3680000000022 0.0930850955756881 0.286898412652761 -0.31468153075599 -0.264125245602563 0.444956560620609 -0.315475763670452
21.3919999999998 0.0930850955756881 0.286898412652761 -0.31468153075599 -0.299591332617117 0.45642865725201 -0.350430314382189
21.4170000000013 0.0930850955756881 0.286898412652761 -0.31468153075599 -0.299591332617117 0.45642865725201 -0.350430314382189
21.4890000000014 0.0935536917059352 0.182323036580101 -0.409885370683412 -0.20731410655075 0.550121280294073 -0.309091271868634
21.5119999999988 0.0935536917059352 0.182323036580101 -0.409885370683412 -0.184890852597716 0.62072358064402 -0.288752438963409
21.5770000000011 0.0972385523738097 -0.0127438469163508 -0.300636422108141 -0.104419802091021 0.750372779269613 -0.212968393153096
21.6160000000018 0.0963226629046829 -0.0174384697992878 -0.400521964918198 -0.104419802091021 0.750372779269613 -0.212968393153096
21.6719999999987 0.197693369285275 -0.115979201256607 -0.396820055713476 -0.058111735704819 0.748910066285836 -0.261108179112877
21.7040000000015 0.198161965415537 -0.22055457732921 -0.492023895641012 0.0132381604101644 0.629295402561858 -0.329019553220859
21.7760000000017 0.299085378457235 -0.428365307742069 -0.683411369173882 0.108520406661819 0.437761664250017 -0.465925895133886
21.7999999999993 0.301385753525722 -0.523551438048855 -0.578844123481133 0.144012583065582 0.426149896629849 -0.43105446256521
21.8719999999994 0.304154724724484 -0.723312944428301 -0.569480717715919 0.274783202795458 0.223090536933682 -0.533755001267862
21.9039999999986 0.306923695923231 -0.923074450807746 -0.560117311950648 0.311793538381525 0.0690139594622715 -0.588682677924676
21.969000000001 0.311545748851643 -1.32729208644946 -0.641276043230278 0.479623924624047 -0.287920276680094 -0.747855898846549
21.992000000002 0.411531969632847 -1.32595206471711 -0.642255836908191 0.4916906123501 -0.323790345822518 -0.782537418290892
22.0570000000007 0.31201434498189 -1.43186746252212 -0.736479883157813 0.526926435122363 -0.335538558033868 -0.748072958074391
22.0800000000017 0.314783316180652 -1.63162896890151 -0.727116477392542 0.573375553933587 -0.336747729801795 -0.796788052967591
22.0960000000014 0.316167801780026 -1.73150972209123 -0.722434774509964 0.620670666834837 -0.384373302796976 -0.797091416142632
22.1359999999986 0.221719523396359 -2.13237275658247 -0.702728169301565 0.784000739943503 -0.410358825015862 -0.825856465364547
22.1680000000015 0.225404384064248 -2.32743964007898 -0.593479220726238 0.865653422228356 -0.423369150858131 -0.84031347642865
22.1919999999991 0.126802648882418 -2.4286604150011 -0.587817724165689 0.865653422228356 -0.423369150858131 -0.84031347642865
22.224000000002 0.126802648882418 -2.4286604150011 -0.587817724165689 0.90087092381349 -0.435278825671224 -0.805960592314826
22.2479999999996 0.125886759413291 -2.43335503788404 -0.687703266975802 0.90087092381349 -0.435278825671224 -0.805960592314826
22.273000000001 0.127271245012679 -2.53323579107371 -0.683021564093167 0.901652219618537 -0.481881854321637 -0.757653141022235
22.2890000000007 0.128655730612053 -2.63311654426343 -0.678339861210588 0.948860389182701 -0.529635433870036 -0.758244655681814
22.3040000000001 0.130040216211427 -2.7329972974531 -0.673658158327953 0.984022642161646 -0.541637443875553 -0.723949154433862
22.3199999999997 0.0314384810296247 -2.83421807237528 -0.667996661767461 0.984690805261108 -0.58831910185221 -0.67570737849322
22.3280000000013 0.0328229666289985 -2.934098825565 -0.663314958884826 0.984690805261108 -0.58831910185221 -0.67570737849322
22.4079999999994 0.0378923128962612 -3.22904646225112 -0.549384307426863 1.06694170829883 -0.648242067039053 -0.642176313837045
22.4399999999987 0.0378923128962612 -3.22904646225112 -0.549384307426863 1.06694170829883 -0.648242067039053 -0.642176313837045
22.4720000000016 0.039276798495635 -3.3289272154409 -0.544702604544227 1.13657024781052 -0.625733583170518 -0.621889145350153
22.5280000000021 -0.0565559654874193 -3.62990949674236 -0.529677702218464 1.32295836776078 -0.628789653896389 -0.582155448861028
22.5600000000013 -0.0537869942886573 -3.8296710031218 -0.52031429645325 1.42773847406788 -0.618736214977095 -0.527668248456195
22.6320000000014 -0.0537869942886573 -3.8296710031218 -0.52031429645325 1.43968468135766 -0.654426566369365 -0.562825332331717
22.655999999999 -0.152388729470488 -3.93089177804393 -0.514652799892701 1.47477975185089 -0.666766573484838 -0.528665531575665
22.6719999999987 -0.152388729470488 -3.93089177804393 -0.514652799892701 1.44018936224653 -0.701400950758591 -0.51477998798235
22.6880000000019 -0.152388729470488 -3.93089177804393 -0.514652799892701 1.44063703380709 -0.748394884717869 -0.466752891677135
22.7439999999988 -0.251459060782551 -3.92753717689345 -0.413787463404674 1.45359102433628 -0.925176385676848 -0.35800003199457
22.7760000000017 -0.251459060782551 -3.92753717689345 -0.413787463404674 1.45381020806853 -0.972247382119361 -0.310055620270668
22.8480000000018 -0.351445281563755 -3.92887719862586 -0.412807669726817 1.52347695776752 -0.950170871382901 -0.289911246157644
22.8719999999994 -0.352829767163129 -3.82899644543613 -0.417489372609396 1.49961343725817 -0.878824175554324 -0.219407481818524
22.9439999999995 -0.456969444742455 -3.53069420759931 -0.430554687579388 1.5217780483022 -0.714105697129003 -0.0582018143527842
22.969000000001 -0.456053555273328 -3.52599958471637 -0.330669144769331 1.54471193567708 -0.643865644637235 -0.0367838339727519
22.9850000000006 -0.456053555273328 -3.52599958471637 -0.330669144769331 1.56788631209534 -0.620819170324399 0.0326206855933459
23.0570000000007 -0.45882252647209 -3.32623807833698 -0.340032550534545 1.49805939351725 -0.642725592755628 0.0122360364618295
23.0800000000017 -0.463891872739353 -3.03129044165075 -0.453963201992451 1.44011857932147 -0.700374786862578 -0.0433227502089978
23.0960000000014 -0.363905651958163 -3.02995041991841 -0.454942995670365 1.44011857932147 -0.700374786862578 -0.0433227502089978
23.1759999999995 -0.368996301016807 -2.52115740820403 -0.2785804244632 1.26578504249923 -0.778951215100375 -0.0701118687553877
23.2079999999987 -0.36991219048592 -2.52585203108691 -0.378465967273371 1.26578504249923 -0.778951215100375 -0.0701118687553877
23.2170000000006 -0.371296676085308 -2.42597127789725 -0.383147670156006 1.26578504249923 -0.778951215100375 -0.0701118687553877
23.2890000000007 -0.274548022633127 -2.1202943737128 -0.298287029671599 1.11418045397607 -0.740432222678146 -0.123690591249705
23.3199999999997 -0.280085965030636 -1.72077136095396 -0.317013841202083 0.974740549390769 -0.784826345974282 -0.164294742949458
23.3840000000018 -0.283323532359645 -1.41643447850191 -0.231173407039876 0.870086759915368 -0.794825400303292 -0.218793596073507
23.4170000000013 -0.283323532359645 -1.41643447850191 -0.231173407039876 0.870086759915368 -0.794825400303292 -0.218793596073507
23.4959999999992 -0.288861474757155 -1.01691146574302 -0.24990021857036 0.614121567765202 -0.813993492677353 -0.278947348299234
23.5210000000006 -0.191644225174741 -0.815809937631229 -0.260243418013488 0.427842657723239 -0.811112218347136 -0.318948985113353
23.5360000000001 -0.19532908584263 -0.620743054134721 -0.369492366588759 0.358230309857085 -0.833693201687459 -0.339209924101746
23.5519999999997 -0.196713571442004 -0.520862300944998 -0.374174069471394 0.288633334776899 -0.856312749345752 -0.359457025124784
23.6080000000002 -0.198098057041378 -0.420981547755332 -0.378855772354029 0.206930939250843 -0.843060231585165 -0.345009860708247
23.6399999999994 -0.199482542640752 -0.321100794565609 -0.383537475236608 0.206930939250843 -0.843060231585165 -0.345009860708247
23.6490000000013 -0.199482542640752 -0.321100794565609 -0.383537475236608 0.171987766064957 -0.831200671414296 -0.379330323958289
23.7210000000014 -0.203635999438902 -0.0214585349964409 -0.397582583884514 -0.0631699216350908 -0.638879585644952 -0.329862056694414
23.7439999999988 -0.204104595569149 0.083116841076162 -0.302378743957036 -0.122430400075133 -0.555209223006602 -0.295328735786918
23.760000000002 -0.204104595569149 0.083116841076162 -0.302378743957036 -0.157473422082857 -0.543520856466802 -0.329830752275361
23.8250000000007 -0.106418749856445 0.179642993115351 -0.407925783327642 -0.204652503754758 -0.495869542762669 -0.329901069701162
23.8559999999998 -0.105502860387318 0.184337615998288 -0.308040240517585 -0.217288519556208 -0.413701620017254 -0.344094230901953
23.8719999999994 -0.106418749856445 0.179642993115351 -0.407925783327642 -0.217288519556208 -0.413701620017254 -0.344094230901953
23.887999999999 -0.106418749856445 0.179642993115351 -0.407925783327642 -0.229975710783512 -0.331548492425382 -0.358336857058378
23.9039999999986 -0.106418749856445 0.179642993115351 -0.407925783327642 -0.242714189272437 -0.249410212693779 -0.37262906548995
23.9200000000019 -0.00643252907525493 0.180983014847698 -0.408905577005555 -0.25550406723901 -0.167286833696882 -0.386970973876954
23.9279999999999 -0.00643252907525493 0.180983014847698 -0.408905577005555 -0.25550406723901 -0.167286833696882 -0.386970973876954
24 -0.00551663960612814 0.185677637730635 -0.309020034195498 -0.269155634235763 -0.0391110277084123 -0.450121524085373
24.0319999999992 -0.00551663960612814 0.185677637730635 -0.309020034195498 -0.269155634235763 -0.0391110277084123 -0.450121524085373
24.1039999999994 0.094469581175062 0.187017659463038 -0.309999827873355 -0.270023024097226 0.00693623072492907 -0.498899022200104
24.1290000000008 0.094469581175062 0.187017659463038 -0.309999827873355 -0.270947624078742 0.0529633009289751 -0.547695269216549
24.2010000000009 0.094469581175062 0.187017659463038 -0.309999827873355 -0.283033719579706 0.0889898930322742 -0.513399456485987
24.224000000002 0.0930850955756881 0.286898412652761 -0.31468153075599 -0.283033719579706 0.0889898930322742 -0.513399456485987
24.2960000000021 0.094469581175062 0.187017659463038 -0.309999827873355 -0.23839846886108 0.230206399793197 -0.472838630549335
24.3359999999993 0.094469581175062 0.187017659463038 -0.309999827873355 -0.26352902949821 0.348298103020681 -0.453154658905122
24.4079999999994 0.19353991248714 0.183663058312504 -0.410865164361326 -0.241191294944503 0.418913752008583 -0.432868316896303
24.4330000000009 0.19353991248714 0.183663058312504 -0.410865164361326 -0.22916943324283 0.382879886034353 -0.467127926332621
24.4959999999992 0.194924398086513 0.0837823051227815 -0.40618346147869 -0.223534131806872 0.00549786411535415 -0.547251713604813
24.5280000000021 0.293994729398577 0.0804277039723047 -0.507048797966775 -0.230873887547538 -0.289766772862354 -0.642152625502932
24.5440000000017 0.295379214997951 -0.0194530492173612 -0.502367095084196 -0.205793430259505 -0.407816657789359 -0.662249465591988
24.6080000000002 0.295379214997951 -0.0194530492173612 -0.502367095084196 -0.202988585674171 -0.59644430316243 -0.702758937567452
24.6399999999994 0.395365435779155 -0.0181130274850148 -0.503346888762053 -0.202988585674171 -0.59644430316243 -0.702758937567452
24.655999999999 0.296763700597339 -0.119333802407084 -0.497685392201561 -0.190788245536413 -0.632425586524999 -0.737203096922426
24.7210000000014 0.400903378176679 -0.417636040243906 -0.484620077231625 -0.046811727324431 -0.917313509224122 -0.826913997872347
24.7530000000006 0.401371974306926 -0.522211416316509 -0.579823917159047 -0.0345678257914767 -0.953251187799736 -0.861478155319506
24.768 0.401371974306926 -0.522211416316509 -0.579823917159047 -0.0567569732206284 -1.0238039209794 -0.881858058262328
24.8250000000007 0.401371974306926 -0.522211416316509 -0.579823917159047 -0.00955717884544107 -1.07127449881775 -0.882193117776677
24.8640000000014 0.301854349655983 -0.628126814121458 -0.674047963408611 0.0154279891352312 -1.18929804291236 -0.903009808467673
24.8719999999994 0.301854349655983 -0.628126814121458 -0.674047963408611 0.0154279891352312 -1.18929804291236 -0.903009808467673
24.9360000000015 0.209706446340817 -1.12417597891954 -0.549774112507521 0.161994868651287 -1.66263762216365 -1.03633859834755
24.9599999999991 0.212475417539579 -1.32393748529898 -0.540410706742307 0.221411582058581 -1.74601368185454 -1.07200115515469
25.0410000000011 0.212944013669841 -1.42851286137159 -0.635614546669785 0.221411582058581 -1.74601368185454 -1.07200115515469
25.0720000000001 0.11434227848801 -1.52973363629366 -0.629953050109236 0.3002438455504 -1.57039072950626 -1.04516488788755
25.1290000000008 0.121264706484908 -2.02913740224221 -0.606544535696173 0.537385291473113 -1.08995294758791 -0.915640449838082
25.1599999999999 0.12403367768367 -2.22889890862166 -0.597181129930959 0.604251162559917 -0.878536259872419 -0.853446719349017
25.1759999999995 0.12403367768367 -2.22889890862166 -0.597181129930959 0.62656588819206 -0.808065925835962 -0.832688249849977
25.2479999999996 0.125418163283044 -2.32877966181138 -0.592499427048324 0.696076677330677 -0.785276610225768 -0.812507663604998
25.273000000001 0.126802648882418 -2.4286604150011 -0.587817724165689 0.742640803494521 -0.786431331851805 -0.861420381732994
25.3359999999993 0.133725076879315 -2.92806418094966 -0.564409209752625 0.987479096789405 -0.825543341324195 -0.905735440964932
25.3770000000004 0.0374237167659999 -3.12447108617857 -0.454180467499327 1.06907591699564 -0.838603086397661 -0.920606605721705
25.4330000000009 0.0374237167659999 -3.12447108617857 -0.454180467499327 1.10414111050114 -0.850627744786677 -0.886470241612949
25.4639999999999 0.0378923128962612 -3.22904646225112 -0.549384307426863 1.13919688273936 -0.862686508216352 -0.85234410359171
25.5440000000017 -0.157010782398885 -3.52667414240216 -0.433494068613072 1.35045981144651 -1.03056077602797 -0.787367263543501
25.5679999999993 -0.156542186268624 -3.63124951847476 -0.528697908540551 1.35087137004195 -1.07746326046875 -0.739377208682157
25.6320000000014 -0.156542186268624 -3.63124951847476 -0.528697908540551 1.35087137004195 -1.07746326046875 -0.739377208682157
25.6650000000009 -0.255612517580687 -3.62789491732428 -0.42783257205258 1.39819623656406 -1.17236231829101 -0.69265934529118
25.6810000000005 -0.254228031981313 -3.72777567051395 -0.423150869169945 1.39846619035237 -1.21933256891825 -0.644733653713924
25.7439999999988 -0.352829767163129 -3.82899644543613 -0.417489372609396 1.48050582643588 -1.37385821800175 -0.516472761636676
25.7760000000017 -0.452815987944319 -3.83033646716848 -0.416509578931539 1.48054991015907 -1.42094408577817 -0.468646441226196
25.8559999999998 -0.352829767163129 -3.82899644543613 -0.417489372609396 1.44579185167633 -1.45554418431949 -0.454661729674378
