Time(s) x(mm) y(mm) z(mm) rx(deg) ry(deg) rz(deg)
0 0.323476092675136 -0.905233112574251 -0.570890733299223 0.396605384416477 -0.974685932500209 -0.887286475127769
0 0.302332552582385 -1.00293207389814 -0.568086509957141 0.396605384416477 -0.974685932500209 -0.887286475127769
0.0169999999998254 0.302332552582385 -1.00293207389814 -0.568086509957141 0.396605384416477 -0.974685932500209 -0.887286475127769
0.0319999999992433 0.302332552582385 -1.00293207389814 -0.568086509957141 0.396605384416477 -0.974685932500209 -0.887286475127769
0.0480000000006839 0.302332552582385 -1.00293207389814 -0.568086509957141 0.428618279602438 -0.99226707369841 -0.852116621656891
0.0560000000004948 0.302332552582385 -1.00293207389814 -0.568086509957141 0.468475250492725 -0.960119172863003 -0.86381991814341
0.0720000000001164 0.281189012489605 -1.10063103522225 -0.565282286615115 0.468475250492725 -0.960119172863003 -0.86381991814341
0.0889999999999418 0.260045472396811 -1.19832999654625 -0.56247806327309 0.508323219091608 -0.927965370837766 -0.875512613147771
0.10399999999936 0.315495384291808 -1.41484300483069 -0.555591517369066 0.591126449977002 -0.949325653281241 -0.887302338977313
0.111999999999171 0.273208304106262 -1.61024092747869 -0.549983070684959 0.702862941097207 -0.902676029911906 -0.875496009913011
0.128000000000611 0.252064764013483 -1.70793988880268 -0.547178847342934 0.702862941097207 -0.902676029911906 -0.875496009913011
0.144000000000233 0.287027711318146 -2.02516285737784 -0.637440580786119 0.825498145557634 -0.891906268915475 -0.899009824911896
0.161000000000058 0.321334083120348 -2.33937482698627 -0.62774981154007 0.948118981777399 -0.881136047765859 -0.922564166926407
0.175999999999476 0.300190543027568 -2.43707378831027 -0.624945588198045 0.987943762656133 -0.848949281293602 -0.934187052767601
0.199999999998909 0.257903462842023 -2.63247171095827 -0.619337141513938 1.05987238210555 -0.83457840371179 -0.910690992379974
0.255999999999403 0.215616382656464 -2.82786963360638 -0.613728694829888 1.13181235867753 -0.820251432711972 -0.887187257676411
0.343999999999141 0.131042222285359 -3.21866547890249 -0.602511801461674 1.34770025001437 -0.777534072516073 -0.816630620395494
0.465000000000146 -0.0301253900735219 -3.49064727723817 -0.595377230655458 1.41968547359795 -0.763382840675015 -0.793096801408239
0.479999999999563 -0.0294688145710893 -3.49365827620488 -0.695329733344579 1.40891365787268 -0.727656794284597 -0.757493502495862
0.495999999999185 -0.0294688145710893 -3.49365827620488 -0.695329733344579 1.43803709417197 -0.659766334397002 -0.733397289663964
0.512000000000626 -0.050612354663869 -3.59135723752888 -0.692525510002554 1.47017656782054 -0.677845308865416 -0.698300328926291
0.528000000000247 -0.071755894756663 -3.689056198853 -0.689721286660529 1.49934090853719 -0.609973886180449 -0.674157685745507
0.545000000000073 -0.169492886837219 -3.66794111321667 -0.690999385880389 1.52077445885905 -0.59238660764271 -0.6034172196275
0.552999999999884 -0.190636426929998 -3.76564007454067 -0.688195162538364 1.54999723578316 -0.524537100473368 -0.579225745712712
0.567999999999302 -0.288373419010554 -3.74452498890435 -0.68947326175828 1.57147925784693 -0.507006973918651 -0.508447200346852
0.615999999999985 -0.211779967022778 -3.86333903586467 -0.685390939196338 1.61142424525599 -0.474885498057563 -0.519853880100311
0.65599999999904 -0.309516959103334 -3.84222395022834 -0.686669038416198 1.64359590392474 -0.49311116272758 -0.484710558129142
0.777000000000044 -0.352460614791312 -4.03461087390963 -0.581108089043028 1.60127066259476 -0.658899090304433 -0.262976310833235
0.815999999998894 -0.353117190293744 -4.03159987494291 -0.481155586353793 1.5932027904061 -0.709291136009187 -0.216486683121139
0.864999999999782 -0.353773765796177 -4.0285888759762 -0.381203083664673 1.62519605119229 -0.727669257606612 -0.181424722771521
0.912000000000262 -0.332630225703397 -3.9308899146522 -0.384007307006698 1.59574112589776 -0.795399252451312 -0.205709319866676
0.959999999999127 -0.311486685610632 -3.8331909533282 -0.386811530348723 1.60067520922107 -0.967633983540284 -0.184250226682817
0.992000000000189 -0.290343145517852 -3.7354919920042 -0.389615753690805 1.61137376751473 -1.00333157100652 -0.219990839946267
1.04800000000068 -0.269199605425072 -3.6377930306802 -0.39241997703283 1.57122198768454 -1.03534710702375 -0.208504833578382
1.10399999999936 -0.324649517320054 -3.42128002239576 -0.399306522936854 1.52034708999098 -1.03164444005787 -0.161290359798323
1.13600000000042 -0.283019012636956 -3.22287110078094 -0.30496246693167 1.47778269317825 -0.977543171682915 -0.160561501612757
1.15200000000004 -0.33912550003437 -3.0033470935299 -0.21189651014646 1.39504206888392 -0.955457231051662 -0.148407410969378
1.18399999999929 -0.296181844346393 -2.81096016984861 -0.317457459519801 1.34416213288115 -0.95169898079635 -0.101282331640162
1.19999999999891 -0.275038304253613 -2.7132612085245 -0.320261682861826 1.31229365012887 -0.933384436384867 -0.136313359826747
1.21600000000035 -0.275038304253613 -2.7132612085245 -0.320261682861826 1.27212867714146 -0.965374276345721 -0.124817131997433
1.23300000000017 -0.275038304253613 -2.7132612085245 -0.320261682861826 1.27212867714146 -0.965374276345721 -0.124817131997433
1.2489999999998 -0.177301312173057 -2.73437629416082 -0.318983583641909 1.31229365012887 -0.933384436384867 -0.136313359826747
1.2559999999994 -0.275038304253613 -2.7132612085245 -0.320261682861826 1.30158309734101 -0.897621888790537 -0.100707445612951
1.27199999999903 -0.253894764160833 -2.6155622472005 -0.323065906203851 1.2589849811214 -0.843560430168694 -0.100189136777879
1.28800000000047 -0.232751224068053 -2.5178632858765 -0.325870129545933 1.2777683655651 -0.740025865198424 -0.0405016739278432
1.32799999999952 -0.268370746875149 -2.19762931833463 -0.135655893413571 1.16612260472013 -0.388249751612048 0.00897345698813142
1.35199999999895 -0.18379658650403 -1.80683347303864 -0.146872786781785 1.08631750489188 -0.0547182988122142 0.0927754004447978
1.36800000000039 -0.162653046411251 -1.70913451171452 -0.14967701012381 1.03296135151857 0.0351502259655462 0.128042237407388
1.42399999999907 -0.195646267208602 -1.40094454003952 -0.359272784748214 0.966320007996619 0.246878303041766 0.186991601117574
1.46500000000015 -0.195646267208602 -1.40094454003952 -0.359272784748214 0.966320007996619 0.246878303041766 0.186991601117574
1.49599999999919 -0.153359187023057 -1.20554661739152 -0.364881231432321 0.891133048756257 0.31896388045929 0.151035238153538
1.503999999999 -0.132872222432709 -1.1048366571008 -0.267732952085112 0.898815175124082 0.369010684044026 0.104174668497562
1.54500000000007 -0.0912417177495684 -0.906427735485977 -0.173388896080098 0.780505966189648 0.494834669755142 0.0675191899746629
1.58399999999892 -0.0482980620615905 -0.714040811804693 -0.278949845453269 0.734467727472371 0.63457611544386 0.0551046213035977
1.60800000000017 -0.0271545219688107 -0.616341850480694 -0.281754068795351 0.701953477047236 0.652477598526683 0.0193078363231083
1.625 -0.124891514049366 -0.595226764844369 -0.283032168015268 0.691422456523246 0.688416098469278 0.0544128104615125
1.64799999999923 -0.124891514049366 -0.595226764844369 -0.283032168015268 0.66200332805612 0.620452922498548 0.0305016480658468
1.69700000000012 -0.082604433863807 -0.399828842196257 -0.288640614699318 0.589550621337106 0.606284573280276 0.00590678748879262
1.71999999999935 0.0362760983095143 -0.323244966508582 -0.290166738821483 0.487756659646279 0.524071361827296 -0.04247580642122
1.72799999999916 -0.0614608937710415 -0.302129880872258 -0.2914448380414 0.498351720736844 0.488101713022471 -0.0775160543550278
1.76000000000022 -0.0198303890879146 -0.103720959257544 -0.19710078203633 0.35674466579265 0.373752810937622 -0.114436017931325
1.79999999999927 0.00131315100487939 -0.00602199793343061 -0.199905005378412 0.255146274765646 0.29135703187669 -0.162502122341585
1.82400000000052 0.0231132666000917 0.0886659644238534 -0.302661731409557 0.255146274765646 0.29135703187669 -0.162502122341585
1.84000000000015 0.0231132666000917 0.0886659644238534 -0.302661731409557 0.255146274765646 0.29135703187669 -0.162502122341585
1.86499999999978 0.0231132666000917 0.0886659644238534 -0.302661731409557 0.182838989345126 0.276944278270911 -0.186883724960028
1.90400000000045 0.044256806692843 0.186364925747853 -0.305465954751583 0.124426208819962 0.14081278185813 -0.233981809990658
1.92000000000007 0.0449133821952756 0.183353926781137 -0.405418457440817 0.0521794170944889 0.126323455799578 -0.258265076856536
1.95199999999932 0.0660569222880696 0.281052888105137 -0.408222680782899 -0.0384194293975444 0.0076371001473124 -0.340839595849267
1.99200000000019 0.0660569222880696 0.281052888105137 -0.408222680782899 -0.107410710604948 -0.0925315930919541 -0.352732947561349
2.01699999999983 0.0660569222880696 0.281052888105137 -0.408222680782899 -0.107410710604948 -0.0925315930919541 -0.352732947561349
2.03199999999924 -0.0316800697924862 0.302167973741462 -0.409500780002759 -0.107410710604948 -0.0925315930919541 -0.352732947561349
2.05600000000049 0.0660569222880696 0.281052888105137 -0.408222680782899 -0.107410710604948 -0.0925315930919541 -0.352732947561349
2.09599999999955 -0.0316800697924862 0.302167973741462 -0.409500780002759 -0.161275528599638 -0.00296253901005712 -0.318699442966515
2.11199999999917 0.0878570378832819 0.375740850462421 -0.510979406814158 -0.182833860977341 0.0691872843067874 -0.249053275915374
2.14400000000023 0.0872004623808493 0.378751849429136 -0.411026904124924 -0.236685568952521 0.158790857051983 -0.215210800563898
2.18399999999929 0.0872004623808493 0.378751849429136 -0.411026904124924 -0.301290635967463 0.284509952754159 -0.14674973288346
2.19999999999891 0.0872004623808493 0.378751849429136 -0.411026904124924 -0.301290635967463 0.284509952754159 -0.14674973288346
2.2489999999998 0.184937454461405 0.357636763792812 -0.409748804905007 -0.344416029919707 0.338016836243774 -0.147883545614642
2.28800000000047 0.0872004623808493 0.378751849429136 -0.411026904124924 -0.275356069890076 0.438183755705875 -0.135961177400388
2.30400000000009 0.163137338866193 0.262948801435527 -0.306992078873748 -0.238783461945048 0.555758718993349 -0.159890847459047
2.32099999999991 0.163137338866193 0.262948801435527 -0.306992078873748 -0.238783461945048 0.555758718993349 -0.159890847459047
2.34399999999914 0.260874330946749 0.241833715799203 -0.305713979653831 -0.173147103341641 0.741504689431082 -0.160408988705614
2.38400000000001 0.33746778293451 0.123019668838879 -0.301631657091889 -0.147422153632029 0.895216634056917 -0.14958606282014
2.40799999999945 0.239074215351522 0.147145753441919 -0.202957253622685 -0.107612697423826 0.927280535525763 -0.160845140348884
2.42399999999907 0.239730790853955 0.144134754475203 -0.302909756311806 -0.107612697423826 0.927280535525763 -0.160845140348884
2.44800000000032 0.33746778293451 0.123019668838879 -0.301631657091889 -0.107612697423826 0.927280535525763 -0.160845140348884
2.48799999999937 0.338780933939375 0.116997670905334 -0.501536662470357 -0.107612697423826 0.927280535525763 -0.160845140348884
2.503999999999 0.317637393846624 0.0192987095814487 -0.498732439128275 -0.06781157576623 0.959350172907568 -0.172093847071741
2.52800000000025 0.296493853753844 -0.0784002517426643 -0.49592821578625 -0.06781157576623 0.959350172907568 -0.172093847071741
2.5679999999993 0.276006889163483 -0.179110212033379 -0.593076495133346 -0.0280187767388065 0.991425539510139 -0.183332188457813
2.59200000000055 0.373743881244039 -0.200225297669704 -0.591798395913429 0.0117657115768767 1.02350662864727 -0.194560169966553
2.61599999999999 0.352600341151259 -0.297924258993817 -0.588994172571404 0.0550876582943025 0.969994338445931 -0.19325757826747
2.66400000000067 0.352600341151259 -0.297924258993817 -0.588994172571404 0.0550876582943025 0.969994338445931 -0.19325757826747
2.68000000000029 0.331456801058479 -0.395623220317816 -0.586189949229322 0.0948742025254423 1.00207892161095 -0.204481405507337
2.71199999999953 0.40805025304627 -0.514437267278026 -0.58210762666738 0.145249338593613 0.998121976938484 -0.250500430838535
2.75200000000041 0.442356624848486 -0.828649236886577 -0.572416857421331 0.228343663491331 0.976698325039795 -0.260514977154121
2.77700000000004 0.400069544662941 -1.02404715953446 -0.566808410737281 0.311428305660758 0.955258661571989 -0.270588662765809
2.79199999999946 0.400726120165373 -1.02705815850118 -0.666760913426515 0.351194362093228 0.987368636375418 -0.281795133643823
2.82400000000052 0.476662996650717 -1.1428612064949 -0.562726088175282 0.383925716161165 0.969800010429759 -0.245800966058342
2.86499999999978 0.477319572153149 -1.14587220546161 -0.662678590864516 0.394503290030891 0.93380309323424 -0.280721526718046
2.8799999999992 0.456176032060355 -1.24357116678561 -0.659874367522491 0.405089793874986 0.897810409662422 -0.315650842707213
2.90400000000045 0.511625943955352 -1.46008417507005 -0.652987821618467 0.512852010822391 0.7187145890035 -0.383719913592481
2.94399999999951 0.427051783584247 -1.85088002036616 -0.64177092825031 0.64186419686064 0.467788383282626 -0.522434889480119
2.96799999999894 0.503645235572023 -1.96969406732649 -0.637688605688368 0.735492263585896 0.410453620738341 -0.56828416017252
2.99200000000019 0.482501695479257 -2.06739302865049 -0.634884382346343 0.746152007236702 0.374552023907712 -0.603429057084364
3.00900000000001 0.580238687559813 -2.08850811428681 -0.633606283126426 0.756820865001625 0.338654750004273 -0.638582848780393
3.04800000000068 0.461358155386478 -2.16509198997448 -0.632080159004261 0.800030127585446 0.285085126344753 -0.638124758413767
3.06400000000031 0.440214615293698 -2.26279095129848 -0.629275935662236 0.832545596278255 0.267375952728642 -0.60251647904523
3.11199999999917 0.419727650703337 -2.36350091158931 -0.726424215009331 0.889753552680399 0.0921108796917817 -0.625717803259455
3.14400000000023 0.356297030425011 -2.65659779556131 -0.718011544983199 0.997374498556704 -0.0868478412612853 -0.695933602235462
3.17599999999948 0.314009950239452 -2.85199571820942 -0.712403098299092 1.11584128619947 -0.212031804599968 -0.660495970063435
3.18399999999929 0.29220983464424 -2.94668368056671 -0.609646372267889 1.12655732315721 -0.247836105552006 -0.695896523052155
3.20800000000054 0.292866410146672 -2.94969467953342 -0.70959887495701 1.12974477370334 -0.333694398274153 -0.6845510708963
3.2489999999998 0.195129418066117 -2.9285795938971 -0.710876974176927 1.12974477370334 -0.333694398274153 -0.6845510708963
3.27199999999903 0.271722870053907 -3.04739364085742 -0.706794651614985 1.17273598197913 -0.387403906756787 -0.684702837492936
3.29600000000028 0.250579329961127 -3.14509260218142 -0.703990428272959 1.21878697555096 -0.527023106843653 -0.673699698511489
3.33599999999933 0.110555257694998 -3.31937543919321 -0.699660080808769 1.27547675095373 -0.70245316001782 -0.698422334806877
3.36800000000039 0.0682681775094665 -3.51477336184121 -0.694051634124662 1.36411702757506 -0.895966133788853 -0.688397059826097
3.39300000000003 0.0471246374166867 -3.61247232316521 -0.691247410782637 1.36697538077358 -0.98191877549844 -0.677449064643051
3.44000000000051 0.0259810973238928 -3.71017128448932 -0.688443187440612 1.40975597383423 -1.03575381275944 -0.678111686783167
3.45600000000013 0.0259810973238928 -3.71017128448932 -0.688443187440612 1.39895922622232 -1.00003128030683 -0.642465199497955
3.48799999999937 -0.0710993192542304 -3.69206719781971 -0.789673789349763 1.42814881904744 -0.932188876411978 -0.618372762475372
3.53600000000006 -0.135186515034988 -3.98215308282499 -0.681308616634396 1.47847077327206 -0.757865535458364 -0.381585525072176
3.55999999999949 -0.1569866306302 -4.07684104518228 -0.578551890603194 1.49712735893203 -0.6543480953275 -0.321748582049445
3.57599999999911 -0.1569866306302 -4.07684104518228 -0.578551890603194 1.558567436353 -0.604859869230766 -0.262405427366156
3.60000000000036 -0.17813017072298 -4.17454000650639 -0.575747667261169 1.5479167276391 -0.569139611790648 -0.226751743178688
3.63999999999942 -0.275867162803536 -4.15342492087007 -0.577025766481086 1.53727552820648 -0.533414916361306 -0.19110705384312
3.65599999999904 -0.275867162803536 -4.15342492087007 -0.577025766481086 1.5479167276391 -0.569139611790648 -0.226751743178688
3.67200000000048 -0.17813017072298 -4.17454000650639 -0.575747667261169 1.56933774299218 -0.551756176327667 -0.155962619332788
3.69700000000012 -0.199930286318192 -4.26922796886367 -0.472990941229853 1.62005682451263 -0.555437952236377 -0.203006212981449
3.73599999999897 -0.221073826410986 -4.36692693018767 -0.470186717887827 1.68415614329907 -0.592222500237712 -0.132781581237828
3.76000000000022 -0.221073826410986 -4.36692693018767 -0.470186717887827 1.72426748856892 -0.56019788941533 -0.144143266884915
3.77700000000004 -0.242217366503738 -4.46462589151167 -0.467382494545802 1.75631095571539 -0.578647114359678 -0.109045613423329
3.81599999999889 -0.242217366503738 -4.46462589151167 -0.467382494545802 1.75631095571539 -0.578647114359678 -0.109045613423329
3.84000000000015 -0.144480374423182 -4.485740977148 -0.466104395325885 1.75631095571539 -0.578647114359678 -0.109045613423329
3.85699999999997 -0.144480374423182 -4.485740977148 -0.466104395325885 1.75631095571539 -0.578647114359678 -0.109045613423329
3.8799999999992 -0.221073826410986 -4.36692693018767 -0.470186717887827 1.788338370298 -0.597128221053057 -0.0739607541305918
3.92900000000009 -0.200586861820625 -4.26621696989696 -0.373038438540732 1.76958983519474 -0.611956978767849 0.00822102458607879
3.95199999999932 -0.178786746225413 -4.17152900753968 -0.475795164571934 1.76958983519474 -0.611956978767849 0.00822102458607879
3.96799999999894 -0.276523738305968 -4.15041392190335 -0.477073263791851 1.79099441629334 -0.594818756875663 0.0790632889173634
3.99200000000019 -0.255380198213189 -4.05271496057924 -0.479877487133876 1.79099441629334 -0.594818756875663 0.0790632889173634
4.03199999999924 -0.254723622710756 -4.05572595954595 -0.579829989823111 1.750787141129 -0.626786267512838 0.0903948990024758
4.06400000000031 -0.255380198213189 -4.05271496057924 -0.479877487133876 1.76137427729408 -0.662473579197787 0.05463652116889
4.07200000000012 -0.234236658120409 -3.95501599925524 -0.482681710475902 1.72116634994484 -0.694442653218471 0.0659904121810385
4.11999999999898 -0.192606153437296 -3.75660707764052 -0.388337654470888 1.6832352266223 -0.812599218204375 0.0880223303809128
4.16100000000006 -0.226912525239499 -3.44239510803209 -0.398028423716937 1.65585403802527 -0.966439687132356 0.0743069088116339
4.17599999999948 -0.205768985146747 -3.34469614670809 -0.400832647058962 1.61559081226267 -0.998383365725029 0.0857405783615624
4.19999999999891 -0.282362437134523 -3.22588209974776 -0.404914969620904 1.58598733956304 -1.06603053042592 0.0614363992830233
4.24099999999999 -0.162825329458741 -3.1523092230268 -0.50639359643219 1.54571443794706 -1.09796983523539 0.0729031735654753
4.26399999999921 -0.239418781446517 -3.03349517606637 -0.510475918994132 1.54571443794706 -1.09796983523539 0.0729031735654753
4.29600000000028 -0.21893181685617 -2.93278521577565 -0.413327639647036 1.48438397865292 -1.14713898139824 0.0137294210594531
4.33599999999933 -0.135014231987498 -2.53897837151283 -0.324592030326016 1.39359463388753 -1.26406624756048 -0.0695535821059563
4.35199999999895 -0.113870691894704 -2.44127941018871 -0.327396253668041 1.32163652733869 -1.27764073984012 -0.092894817415429
4.36800000000039 -0.0927271518019523 -2.34358044886483 -0.330200477010067 1.26046764972119 -1.32701848233212 -0.151875973542232
4.39300000000003 -0.0504400716163786 -2.14818252621671 -0.335808923694174 1.22024377249096 -1.35898819687141 -0.14028153594616
4.43199999999888 -0.127033523604155 -2.02936847925639 -0.339891246256116 1.18001094749512 -1.39095196640389 -0.128676290273985
4.45600000000013 -0.0292965315235989 -2.05048356489272 -0.338613147036199 1.14832997433431 -1.37266676467194 -0.1635651362406
4.47999999999956 -0.105889983511375 -1.93166951793228 -0.342695469598198 1.10582691270487 -1.31862753229845 -0.162877240262012
4.52000000000044 -0.0424593632330499 -1.63857263396028 -0.35110813962433 0.948825821604024 -1.22440132031313 -0.18505785269993
4.54500000000007 -0.0767657350352806 -1.32436066435196 -0.360798908870379 0.874471473236556 -1.15232785719729 -0.219604013368988
4.55999999999949 -0.0556221949425009 -1.22666170302784 -0.363603132212404 0.759909196725168 -1.11235110623979 -0.242669601865587
4.57599999999911 -0.0344786548497211 -1.12896274170384 -0.366407355554429 0.717265553603427 -1.05847238629287 -0.242366959436649
4.61599999999999 -0.0899285667447032 -0.912449733419407 -0.373293901458453 0.634485273001757 -1.03660437084669 -0.23051528928163
4.64799999999923 -0.0899285667447032 -0.912449733419407 -0.373293901458453 0.60263999388452 -1.01865553574929 -0.265647894779732
4.68000000000029 -0.0687850266519519 -0.814750772095522 -0.376098124800478 0.591813293510695 -0.982759633536359 -0.230332401668473
4.71999999999935 -0.0264979464663782 -0.619352849447409 -0.381706571484585 0.434421257889883 -0.889252092118631 -0.253757449207512
4.73599999999897 -0.00535440637359841 -0.521653888123296 -0.38451079482661 0.40251133537339 -0.871423098768393 -0.288986569485656
4.75200000000041 -0.082604433863807 -0.399828842196257 -0.288640614699318 0.359746471931685 -0.817681664706904 -0.289039047250091
4.76800000000003 -0.082604433863807 -0.399828842196257 -0.288640614699318 0.276913832043755 -0.795966999393119 -0.277546311829822
4.80799999999908 -0.0396607781758291 -0.207441918514974 -0.394201564072659 0.20214492583072 -0.724551800837387 -0.313043800825514
4.83200000000033 -0.0403173536782617 -0.204430919548258 -0.294249061383425 0.20214492583072 -0.724551800837387 -0.313043800825514
4.87199999999939 -0.0403173536782617 -0.204430919548258 -0.294249061383425 0.188488744710476 -0.602880824329346 -0.289813082526442
4.91200000000026 -0.116910805666038 -0.0856168725879343 -0.298331383945367 0.150332973196197 -0.323526490778187 -0.208544496489357
4.9369999999999 -0.0957672655732438 0.0120820887361788 -0.301135607287392 0.0906781184963349 -0.0625265866477924 -0.198253142673145
4.94399999999951 -0.0957672655732438 0.0120820887361788 -0.301135607287392 0.109170749093481 0.041545074688738 -0.139791432222234
4.96799999999894 -0.074623725480464 0.109781050060178 -0.303939830629474 0.0385552014974353 0.338574308256177 -0.0952155497411517
5.01699999999983 0.044256806692843 0.186364925747853 -0.305465954751583 0.0321628708497316 0.509850543292647 -0.11984947779818
5.03999999999905 -0.0534801853877127 0.207480011384177 -0.306744053971499 0.0215046486061788 0.545908614863322 -0.0850125304067736
5.06400000000031 0.044256806692843 0.186364925747853 -0.305465954751583 0.0321628708497316 0.509850543292647 -0.11984947779818
5.10399999999936 0.0449133821952756 0.183353926781137 -0.405418457440817 0.0136246119560277 0.40569982430987 -0.178198567128251
5.11999999999898 0.0449133821952756 0.183353926781137 -0.405418457440817 -0.00485541568967943 0.301544024356029 -0.236526461393532
5.13600000000042 0.163793914368625 0.259937802468812 -0.406944581562982 -0.0265495015189734 0.282969885971661 -0.307160392286014
5.16100000000006 0.261530906449181 0.238822716832487 -0.405666482343065 -0.0341530877391647 0.142740058181274 -0.400289149299676
5.20800000000054 0.262187481951614 0.235811717865658 -0.505618985032299 -0.0524332287893435 0.0385573796855588 -0.458547843095259
5.22400000000016 0.262187481951614 0.235811717865658 -0.505618985032299 -0.0524332287893435 0.0385573796855588 -0.458547843095259
5.24099999999999 0.262187481951614 0.235811717865658 -0.505618985032299 -0.0524332287893435 0.0385573796855588 -0.458547843095259
5.28000000000065 0.261530906449181 0.238822716832487 -0.405666482343065 -0.0416384269615793 0.00251280478430737 -0.493419602794343
5.32099999999991 0.261530906449181 0.238822716832487 -0.405666482343065 -0.0706554363055218 -0.0656301378371744 -0.516786333645456
5.33599999999933 0.261530906449181 0.238822716832487 -0.405666482343065 -0.0996568732455049 -0.13377684857169 -0.540128723588836
5.35199999999895 0.261530906449181 0.238822716832487 -0.405666482343065 -0.0996568732455049 -0.13377684857169 -0.540128723588836
5.39300000000003 0.261530906449181 0.238822716832487 -0.405666482343065 -0.128642799034178 -0.201927311490663 -0.563446814704026
5.44000000000051 0.163793914368625 0.259937802468812 -0.406944581562982 -0.128642799034178 -0.201927311490663 -0.563446814704026
5.45600000000013 0.262187481951614 0.235811717865658 -0.505618985032299 -0.128642799034178 -0.201927311490663 -0.563446814704026
5.49599999999919 0.164450489871058 0.256926803501983 -0.506897084252216 -0.139487494960831 -0.165874769987427 -0.528582147447766
5.53600000000006 0.240387366356387 0.141123755508488 -0.40286225900104 -0.121304029881308 -0.0616727709607617 -0.470403869236555
5.55999999999949 0.262187481951614 0.235811717865658 -0.505618985032299 -0.132114117600434 -0.0256142969894624 -0.435555130305363
5.57599999999911 0.262187481951614 0.235811717865658 -0.505618985032299 -0.164434160292924 -0.00823382445478024 -0.471233369693192
5.60000000000036 0.24104394185882 0.138112756541659 -0.502814761690274 -0.103062803882181 0.0425244329477779 -0.412205571556925
5.65599999999904 0.241700517361252 0.135101757574944 -0.602767264379395 -0.135408074182526 0.0599194040355082 -0.44790669358123
5.68000000000029 0.339437509441808 0.113986671938619 -0.601489165159478 -0.0955823987623316 0.0920102314828616 -0.459391451183086
5.69700000000012 0.339437509441808 0.113986671938619 -0.601489165159478 -0.0955823987623316 0.0920102314828616 -0.459391451183086
5.73599999999897 0.296493853753844 -0.0784002517426643 -0.49592821578625 0.0238427794650593 0.188317629288799 -0.493782980669571
5.76000000000022 0.373743881244039 -0.200225297669704 -0.591798395913429 0.0636339296206159 0.220431711098701 -0.505225928832901
5.79199999999946 0.352600341151259 -0.297924258993817 -0.588994172571404 0.135870315958457 0.235102520609267 -0.480926194025673
5.84000000000015 0.449680757729382 -0.316028345663426 -0.487763570662366 0.175662382167636 0.267219179686253 -0.492343050998898
5.85699999999997 0.450337333231815 -0.319039344630141 -0.587716073351487 0.175662382167636 0.267219179686253 -0.492343050998898
5.87199999999939 0.429193793139035 -0.416738305954141 -0.584911850009405 0.215445874612268 0.29934162388742 -0.503749471976725
5.89600000000064 0.505787245126825 -0.535552352914351 -0.580829527447463 0.265944797534295 0.295476660831985 -0.550100287775311
5.9369999999999 0.463500164941266 -0.730950275562464 -0.575221080763413 0.385194887006898 0.391916843884426 -0.584260278070091
5.96799999999894 0.51960665233868 -0.950474282813616 -0.668287037548623 0.475346128254669 0.420285053523271 -0.642002860818727
5.97600000000057 0.498463112245929 -1.0481732441375 -0.665482814206598 0.515054178628601 0.452461764173455 -0.653359399952861
6.00900000000001 0.498463112245929 -1.0481732441375 -0.665482814206598 0.55475371876918 0.484644210250467 -0.664705547683648
6.05600000000049 0.401382695667806 -1.03006915746789 -0.766713416115635 0.55475371876918 0.484644210250467 -0.664705547683648
6.07200000000012 0.380239155575026 -1.12776811879201 -0.763909192773554 0.565440837654148 0.448708451696536 -0.6997587489129
6.08899999999994 0.380239155575026 -1.12776811879201 -0.763909192773554 0.598038510332532 0.431153801561264 -0.664039837359585
6.11999999999898 0.414545527377229 -1.44198008840044 -0.754218423527504 0.691696768567158 0.373922002155445 -0.709897517850947
6.16100000000006 0.351114907098903 -1.73507697237244 -0.745805753501372 0.788882206749984 0.230988923440888 -0.744097719249459
6.17599999999948 0.427708359086679 -1.85389101933288 -0.74172343093943 0.79958760480815 0.195108998862616 -0.779287216804558
6.1919999999991 0.287684286820578 -2.02817385634455 -0.73739308347524 0.882514996337321 0.173785055077162 -0.790326978392244
6.21600000000035 0.385421278901134 -2.04928894198088 -0.736114984255323 0.893223804974591 0.137926645284653 -0.825563594629978
6.26399999999921 0.287684286820578 -2.02817385634455 -0.73739308347524 0.886002601861637 0.0880338959545027 -0.778641831430677
6.28000000000065 0.266540746727799 -2.12587281766855 -0.734588860133215 0.886002601861637 0.0880338959545027 -0.778641831430677
6.3130000000001 0.224253666542225 -2.32127074031666 -0.728980413449108 0.961621536069033 0.0167320875612517 -0.742927940648562
6.36000000000058 0.237416498251676 -2.73318167124899 -0.716485420861034 1.0511757460654 -0.176314667893554 -0.731220497858209
6.3760000000002 0.216272958158896 -2.8308806325731 -0.713681197519008 1.0511757460654 -0.176314667893554 -0.731220497858209
6.40799999999945 0.195129418066117 -2.9285795938971 -0.710876974176927 1.09423917805072 -0.229967228984522 -0.731234848333399
6.44800000000032 0.195129418066117 -2.9285795938971 -0.710876974176927 1.09423917805072 -0.229967228984522 -0.731234848333399
6.47299999999996 0.173985877973351 -3.0262785552211 -0.708072750834901 1.12655732315721 -0.247836105552006 -0.695896523052155
6.503999999999 0.131698797787791 -3.22167647786921 -0.702464304150794 1.16957837038745 -0.301531275852921 -0.695997964377031
6.54500000000007 0.0682681775094665 -3.51477336184121 -0.694051634124662 1.3383780633381 -0.430549568923914 -0.708099638510274
6.5679999999993 0.0471246374166867 -3.61247232316521 -0.691247410782637 1.37060877066866 -0.448564869263155 -0.672889836743601
6.60000000000036 0.0259810973238928 -3.71017128448932 -0.688443187440612 1.41353885707613 -0.502352070029197 -0.673255588637303
6.63999999999942 0.0259810973238928 -3.71017128448932 -0.688443187440612 1.41353885707613 -0.502352070029197 -0.673255588637303
6.67200000000048 0.00483755723111301 -3.80787024581332 -0.68563896409853 1.44573148553836 -0.520425665129356 -0.63808858345864
6.6880000000001 0.00483755723111301 -3.80787024581332 -0.68563896409853 1.44573148553836 -0.520425665129356 -0.63808858345864
6.71199999999953 -0.114042974942222 -3.88445412150099 -0.684112839976422 1.4672062713656 -0.502803360452492 -0.567336005629042
6.76000000000022 -0.156330055127768 -4.07985204414899 -0.678504393292314 1.51300011121355 -0.553709305053013 -0.414842046502584
6.78499999999985 -0.275210587301103 -4.15643591983678 -0.676978269170206 1.51300011121355 -0.553709305053013 -0.414842046502584
6.81599999999889 -0.296354127393883 -4.25413488116078 -0.674174045828124 1.54510870841987 -0.571945904989673 -0.379707670302188
6.87199999999939 -0.296354127393883 -4.25413488116078 -0.674174045828124 1.53444357915667 -0.53622550563281 -0.344068630506605
6.89600000000064 -0.297010702896316 -4.25112388219407 -0.574221543139004 1.585301732544 -0.451004177231951 -0.249011447364008
6.92000000000007 -0.297010702896316 -4.25112388219407 -0.574221543139004 1.55346352615397 -0.343829529625224 -0.142114851716102
6.95999999999913 -0.395404270479304 -4.22699779759103 -0.475547139669686 1.60246494314392 -0.0837674833946649 0.0842748296965181
7 -0.373604154884092 -4.13230983523374 -0.578303865700946 1.61365059231875 -0.0307275482346558 0.190826085438646
7.01699999999983 -0.373604154884092 -4.13230983523374 -0.578303865700946 1.65379685585582 0.00124466725049379 0.179626152902078
7.03199999999924 -0.373604154884092 -4.13230983523374 -0.578303865700946 1.65379685585582 0.00124466725049379 0.179626152902078
7.07200000000012 -0.471341146964647 -4.11119474959742 -0.579581964920862 1.65379685585582 0.00124466725049379 0.179626152902078
7.09599999999955 -0.353117190293744 -4.03159987494291 -0.481155586353793 1.60316150380937 0.00501472623822878 0.226428061878776
7.10399999999936 -0.353117190293744 -4.03159987494291 -0.481155586353793 1.60316150380937 0.00501472623822878 0.226428061878776
7.14400000000023 -0.311486685610632 -3.8331909533282 -0.386811530348723 1.56299877094477 -0.0269443928617866 0.237626983947794
7.17599999999948 -0.387423562095975 -3.71738790533459 -0.490846355599842 1.51233187454094 -0.0231364486993128 0.284406428611123
7.19999999999891 -0.366280022003195 -3.61968894401059 -0.493650578941867 1.51233187454094 -0.0231364486993128 0.284406428611123
7.21600000000035 -0.366280022003195 -3.61968894401059 -0.493650578941867 1.51233187454094 -0.0231364486993128 0.284406428611123
7.24099999999999 -0.26854302992264 -3.64080402964692 -0.492372479721951 1.51233187454094 -0.0231364486993128 0.284406428611123
7.28000000000065 -0.248056065332278 -3.54009406935609 -0.395224200374855 1.4931612122802 -0.126609541926864 0.224489757647988
7.29600000000028 -0.226912525239499 -3.44239510803209 -0.398028423716937 1.45298118173925 -0.158558632803206 0.235732291920626
7.3130000000001 -0.205768985146747 -3.34469614670809 -0.400832647058962 1.43387924956315 -0.262046573443231 0.175871524091945
7.34399999999914 -0.142994940370826 -3.04858826376926 -0.30929281439586 1.3746646724758 -0.39750138391803 0.127353470334498
7.3760000000002 -0.156157772080277 -2.63667733283683 -0.321787806983934 1.25398726976707 -0.582406454130547 0.0195759663416288
7.40099999999984 -0.156157772080277 -2.63667733283683 -0.321787806983934 1.25398726976707 -0.582406454130547 0.0195759663416288
7.41599999999926 -0.135014231987498 -2.53897837151283 -0.324592030326016 1.22447919316382 -0.650168620437564 -0.00454898825863112
7.44000000000051 -0.134357656485065 -2.54198937047954 -0.424544533015251 1.21382062022085 -0.614375106158791 0.0309790285338682
7.49599999999919 -0.07092703620674 -2.24889248650754 -0.432957203041383 1.15235706619363 -0.663884574097802 -0.0282972118487634
7.52000000000044 -0.127033523604155 -2.02936847925639 -0.339891246256116 1.0482772760719 -0.659463663692022 -0.0872322665106873
7.55299999999988 -0.161996470908818 -1.71214551068124 -0.24962951281293 0.946782148454408 -0.741139649994053 -0.134919337867759
7.60000000000036 -0.076109159532848 -1.32737166331867 -0.460751411559613 0.730624767206877 -0.782990608427844 -0.205967054235739
7.625 -0.174502727115836 -1.30324557871563 -0.362077008090239 0.730624767206877 -0.782990608427844 -0.205967054235739
7.65599999999904 -0.153359187023057 -1.20554661739152 -0.364881231432321 0.7198568128088 -0.747110287707596 -0.170633253711666
7.69700000000012 -0.229952639010833 -1.0867325704312 -0.368963553994263 0.634389326860434 -0.639393884859588 -0.17054170820422
7.71999999999935 -0.188322134327692 -0.888323648816367 -0.274619497989136 0.548842650702539 -0.531742600703749 -0.170676224278173
7.75200000000041 -0.125548089551799 -0.592215765877654 -0.183079665326147 0.409631997277951 -0.334433851382715 -0.136164161951439
7.79199999999946 -0.159197885851597 -0.281014795235933 -0.29272293726126 0.273135237813173 -0.222944383221876 -0.0903946009529433
7.81599999999889 -0.0403173536782617 -0.204430919548258 -0.294249061383425 0.230245494370105 -0.169208361682092 -0.0908895572666676
7.84900000000016 -0.138054345758817 -0.183315833911934 -0.295527160603342 0.230245494370105 -0.169208361682092 -0.0908895572666676
7.88799999999901 -0.116910805666038 -0.0856168725879343 -0.298331383945367 0.205849500552933 -0.101797908990646 -0.173476377503057
7.91200000000026 -0.116910805666038 -0.0856168725879343 -0.298331383945367 0.205849500552933 -0.101797908990646 -0.173476377503057
7.94399999999951 -0.0957672655732438 0.0120820887361788 -0.301135607287392 0.181309368572607 -0.0344744849401772 -0.256121370713274
7.98400000000038 0.0436002311904105 0.189375924714568 -0.205513452062462 0.116734078775502 0.000697333503761222 -0.327375049053738
8.00900000000001 0.0436002311904105 0.189375924714568 -0.205513452062462 0.0844227448853461 0.0182346459162163 -0.363020171283238
8.03199999999924 0.044256806692843 0.186364925747853 -0.305465954751583 0.0844227448853461 0.0182346459162163 -0.363020171283238
8.08100000000013 0.0436002311904105 0.189375924714568 -0.205513452062462 0.0736659505167483 0.0542599659507833 -0.32809276669898
8.09599999999955 0.0436002311904105 0.189375924714568 -0.205513452062462 0.0413317537659629 0.0717703931759649 -0.363767784563647
8.13600000000042 0.065400346785637 0.284063887071852 -0.308270178093665 0.0273267115619611 0.193404476815885 -0.341128631048457
8.15200000000004 0.065400346785637 0.284063887071852 -0.308270178093665 -0.00507141012542912 0.210870065392464 -0.376868631868554
8.19999999999891 0.0865438868784167 0.381762848395852 -0.31107440143569 -0.019147226475624 0.332494496461198 -0.354355328715078
8.21600000000035 -0.011193105202139 0.402877934032176 -0.312352500655606 -0.019147226475624 0.332494496461198 -0.354355328715078
8.23300000000017 0.0865438868784167 0.381762848395852 -0.31107440143569 -0.019147226475624 0.332494496461198 -0.354355328715078
8.2559999999994 0.0865438868784167 0.381762848395852 -0.31107440143569 -0.019147226475624 0.332494496461198 -0.354355328715078
8.30400000000009 0.0106070103930733 0.497565896389574 -0.415109226686866 -0.0623418421894398 0.385975478022469 -0.355343852142013
8.33599999999933 0.109000577976062 0.47343981178642 -0.513783630156183 -0.0623418421894398 0.385975478022469 -0.355343852142013
8.36800000000039 0.0872004623808493 0.378751849429136 -0.411026904124924 -0.0657566507640967 0.471529689758134 -0.367773325364008
8.41599999999926 0.109000577976062 0.47343981178642 -0.513783630156183 -0.0657566507640967 0.471529689758134 -0.367773325364008
8.44000000000051 0.109000577976062 0.47343981178642 -0.513783630156183 -0.0657566507640967 0.471529689758134 -0.367773325364008
8.45600000000013 0.109000577976062 0.47343981178642 -0.513783630156183 -0.0657566507640967 0.471529689758134 -0.367773325364008
8.47999999999956 0.0878570378832819 0.375740850462421 -0.510979406814158 -0.10555788541285 0.439439130358004 -0.356389153084111
8.52800000000025 0.163793914368625 0.259937802468812 -0.406944581562982 -0.080672919526761 0.281762463967127 -0.413562063952704
8.55299999999988 0.163793914368625 0.259937802468812 -0.406944581562982 -0.0699149719026342 0.245703661443951 -0.448385132445439
8.58399999999892 0.142650374275831 0.162238841144813 -0.4041403582209 -0.066541703945009 0.160158578561614 -0.436018363208687
8.625 0.240387366356387 0.141123755508488 -0.40286225900104 -0.055765372700487 0.124106882699963 -0.470865747672184
8.63999999999942 0.240387366356387 0.141123755508488 -0.40286225900104 -0.055765372700487 0.124106882699963 -0.470865747672184
8.65599999999904 0.24104394185882 0.138112756541659 -0.502814761690274 -0.055765372700487 0.124106882699963 -0.470865747672184
8.68000000000029 0.24104394185882 0.138112756541659 -0.502814761690274 -0.055765372700487 0.124106882699963 -0.470865747672184
8.72799999999916 0.296493853753844 -0.0784002517426643 -0.49592821578625 0.0777949177044165 0.0988348768853548 -0.52786467146814
8.7440000000006 0.27535031366105 -0.176099213066664 -0.493123992444225 0.0777949177044165 0.0988348768853548 -0.52786467146814
8.76000000000022 0.352600341151259 -0.297924258993817 -0.588994172571404 0.128361774406874 0.0949414053673556 -0.574252276110182
8.78499999999985 0.428537217636602 -0.413727306987425 -0.484959347320284 0.16813922798528 0.127073156183074 -0.585714090155073
8.82400000000052 0.429193793139035 -0.416738305954141 -0.584911850009405 0.16813922798528 0.127073156183074 -0.585714090155073
8.84900000000016 0.331456801058479 -0.395623220317816 -0.586189949229322 0.178913561726389 0.0910719616226457 -0.620661459311592
8.86499999999978 0.310313260965714 -0.493322181641702 -0.583385725887297 0.211323101720354 0.0736126378562511 -0.585012505684961
8.88799999999901 0.386250137451057 -0.609125229635424 -0.479350900636234 0.222099362732059 0.0376213238620721 -0.619986686398347
8.92900000000009 0.34461963276793 -0.807534151250252 -0.573694956641248 0.326614337664841 -0.0556416442093176 -0.700896257666907
8.95199999999932 0.378926004570161 -1.12174612085857 -0.564004187395199 0.369773088075907 -0.109108292873676 -0.700394969860706
8.96799999999894 0.357782464477367 -1.21944508218257 -0.561199964053174 0.452689461708701 -0.13043529877131 -0.711451044093432
8.99200000000019 0.434375916465143 -1.33825912914301 -0.557117641491232 0.463483712925955 -0.166369791759962 -0.746555770717226
9.03199999999924 0.315495384291808 -1.41484300483069 -0.555591517369066 0.474287111252741 -0.20229992892914 -0.781669598732845
9.05600000000049 0.413232376372363 -1.43595809046701 -0.55431341814915 0.50324536984279 -0.134200494232549 -0.75805731194216
9.08899999999994 0.295008419701475 -1.5155529651214 -0.652739796716276 0.564596468997 -0.0836961280372578 -0.698906876352669
9.14400000000023 0.287027711318146 -2.02516285737784 -0.637440580786119 0.753001139425263 0.203056922223808 -0.579805113055333
9.16100000000006 0.244084055630154 -2.21754978105912 -0.531879631412835 0.782105816247718 0.271102070147616 -0.555979221738769
9.18399999999929 0.321334083120348 -2.33937482698627 -0.62774981154007 0.843740616746383 0.321390009528881 -0.496497486419072
9.19999999999891 0.202453550947013 -2.41595870267395 -0.626223687417962 0.883534002430619 0.353535007247585 -0.507809382101253
9.21600000000035 0.202453550947013 -2.41595870267395 -0.626223687417962 0.872903379483706 0.389412284247001 -0.472599570759512
9.23300000000017 0.300190543027568 -2.43707378831027 -0.624945588198045 0.912696250276388 0.421555942026345 -0.483889502240291
9.2489999999998 0.279047002934817 -2.53477274963427 -0.62214136485602 0.923318905166436 0.385685738321074 -0.519110833448821
9.2559999999994 0.279047002934817 -2.53477274963427 -0.62214136485602 0.923318905166436 0.385685738321074 -0.519110833448821
9.3130000000001 0.215616382656464 -2.82786963360638 -0.613728694829888 1.02356429707015 0.156657384993525 -0.542116844691534
9.33599999999933 0.270409719049042 -3.04137164292399 -0.50688964623663 1.12359562567955 -0.07245041407821 -0.565732451046332
9.35199999999895 0.325859630944038 -3.25788465120843 -0.500003100332663 1.20961716618419 -0.179942441852396 -0.565791933716706
9.3760000000002 0.283572550758464 -3.45328257385643 -0.494394653648556 1.26637089673614 -0.355410270215419 -0.590148793412629
9.45600000000013 0.241285470572933 -3.64868049650443 -0.488786206964448 1.35221928925155 -0.463006587782775 -0.590703490156204
9.47999999999956 0.241285470572933 -3.64868049650443 -0.488786206964448 1.35519675296756 -0.548959587007064 -0.579613631048746
9.48799999999937 0.220141930480139 -3.74637945782854 -0.485981983622423 1.39806226685278 -0.60279568243186 -0.580026375286039
9.52800000000025 0.17785485029458 -3.94177738047654 -0.480373536938316 1.42512620483361 -0.757173001630195 -0.48735842185128
9.54500000000007 0.156711310201814 -4.03947634180054 -0.477569313596291 1.47862534958557 -0.846809255568719 -0.523581482548319
9.61599999999999 0.0932806899234748 -4.33257322577265 -0.469156643570159 1.57978303676425 -1.07368340025093 -0.397082235777761
9.63299999999981 0.0932806899234748 -4.33257322577265 -0.469156643570159 1.57978303676425 -1.07368340025093 -0.397082235777761
9.64799999999923 0.0932806899234748 -4.33257322577265 -0.469156643570159 1.57978303676425 -1.07368340025093 -0.397082235777761
9.67200000000048 -0.0255998422498749 -4.40915710146032 -0.467630519447994 1.57978303676425 -1.07368340025093 -0.397082235777761
9.68000000000029 -0.0255998422498749 -4.40915710146032 -0.467630519447994 1.61986675475529 -1.04162185109078 -0.408600450849479
9.69700000000012 0.0721371498306809 -4.43027218709665 -0.466352420228134 1.64103877348038 -1.02428927935948 -0.337920452649645
9.75200000000041 -0.067886922435406 -4.60455502410832 -0.462022072763943 1.74476965578421 -0.940524984856064 -0.137245733926901
9.77700000000004 -0.0890304625281999 -4.70225398543244 -0.459217849421862 1.79785896648465 -0.941913529968162 -0.0315508658087215
9.79199999999946 -0.186767454608756 -4.68113889979611 -0.460495948641778 1.79785896648465 -0.941913529968162 -0.0315508658087215
9.82400000000052 -0.186767454608756 -4.68113889979611 -0.460495948641778 1.81907744863817 -0.924831231952921 0.039215469755244
9.84000000000015 -0.186767454608756 -4.68113889979611 -0.460495948641778 1.78722031207836 -0.906245698587445 0.00426437318933047
9.88799999999901 -0.208567570203968 -4.77582686215339 -0.357739222610633 1.83809549158547 -0.821543598478042 0.099479016137111
9.91200000000026 -0.111487153625845 -4.793930948823 -0.256508620701482 1.85717527450895 -0.718261999949402 0.159763532718028
9.92900000000009 -0.111487153625845 -4.793930948823 -0.256508620701482 1.88686761665109 -0.650652765438319 0.18425579866662
9.94399999999951 -0.111487153625845 -4.793930948823 -0.256508620701482 1.90604387472462 -0.547384852102722 0.244589208820656
9.99200000000019 -0.111487153625845 -4.793930948823 -0.256508620701482 1.90429914085193 -0.372780476724071 0.376537807654465
10.0169999999998 -0.111487153625845 -4.793930948823 -0.256508620701482 1.89382202386027 -0.337102532259033 0.412321361848979
10.0319999999992 -0.111487153625845 -4.793930948823 -0.256508620701482 1.89382202386027 -0.337102532259033 0.412321361848979
10.0560000000005 -0.0144067370477217 -4.81203503549261 -0.15527801879233 1.93411335235623 -0.305197150160886 0.401116374822251
10.1039999999994 -0.0698566489427037 -4.59552202720818 -0.162164564696354 1.93188155741789 -0.218890004810389 0.390511315476021
10.1280000000006 -0.048713108849924 -4.49782306588406 -0.164968788038379 1.91916531617674 -0.0969077714919938 0.415631760275951
10.1440000000002 -0.0275695687571726 -4.40012410456018 -0.167773011380405 1.94900068258773 -0.0293108148350583 0.440245222078836
10.1689999999999 -0.0830194806521547 -4.18361109627574 -0.174659557284429 1.93627953742219 0.0926835997229332 0.465302271783388
10.2080000000005 0.0358610515211808 -4.10702722058807 -0.176185681406537 1.93392044662247 0.178989740706593 0.45457594285574
10.241 -0.0612193650569424 -4.08892313391846 -0.277416283315688 1.93392044662247 0.178989740706593 0.45457594285574
10.2559999999994 -0.0407324004665952 -3.98821317362763 -0.180268003968536 1.93392044662247 0.178989740706593 0.45457594285574
10.271999999999 -0.0407324004665952 -3.98821317362763 -0.180268003968536 1.93392044662247 0.178989740706593 0.45457594285574
10.3130000000001 0.0226982198117298 -3.69511628965563 -0.188680673994668 1.82123917381118 0.133812106140034 0.441386194684412
10.3359999999993 -0.0334082675856848 -3.47559228240448 -0.0956147172095143 1.75922866511045 0.0847863879166002 0.381463693095397
10.3680000000004 0.0300223526926402 -3.18249539843248 -0.104027387235647 1.64661266119302 0.0394933574460783 0.368384992322359
10.4239999999991 -0.00362744360715794 -2.87129442779087 -0.213670659170816 1.58469527283506 -0.00966866613803615 0.308582389947601
10.4400000000005 0.0941095484733978 -2.8924095134272 -0.212392559950899 1.58469527283506 -0.00966866613803615 0.308582389947601
10.4560000000001 0.0941095484733978 -2.8924095134272 -0.212392559950899 1.58469527283506 -0.00966866613803615 0.308582389947601
10.4799999999996 0.0175160964856218 -2.77359546646676 -0.216474882512841 1.57422355758349 0.0260836888608945 0.344172773804031
10.4879999999994 0.0386596365784015 -2.67589650514276 -0.219279105854923 1.49136861136303 0.0483991972155068 0.355519847822215
10.5450000000001 -0.0306096825284641 -2.04446156695928 -0.138708141657844 1.28827884408327 0.283563966049079 0.320073512193321
10.5679999999993 -0.0649160543306948 -1.73024959735085 -0.148398910903893 1.15211600285975 0.395727572521931 0.366221431945086
10.6000000000004 -0.0226289741451353 -1.53485167470274 -0.154007357588 1.07694962398742 0.468071243722362 0.330268037408506
10.6479999999992 -0.000828858549922984 -1.44016371234545 -0.256764083619146 1.03410172700838 0.522143025894389 0.329883863850559
10.6640000000007 -0.00148543405235557 -1.43715271337874 -0.156811580930025 1.0445706454253 0.486268005213016 0.294598536449474
10.6880000000001 0.01965810604041 -1.33945375205485 -0.159615804272107 1.00169948525707 0.540313270385197 0.294183835800805
10.7049999999999 0.0619451862259695 -1.14405582940674 -0.165224250956157 0.896795768458223 0.54458151073185 0.233898349876632
10.7520000000004 0.0269822389213061 -0.826832860831701 -0.0749625175129722 0.74892555811343 0.602606948122349 0.172985357184943
10.768 0.0481257790141001 -0.729133899507588 -0.0777667408550542 0.676452124923424 0.58857652191935 0.148383584594087
10.7849999999999 0.0692693191068656 -0.631434938183588 -0.0805709641970793 0.643983133971795 0.606497828387382 0.11259186386175
10.7999999999993 0.167006311187436 -0.652550023819913 -0.0792928649771625 0.643983133971795 0.606497828387382 0.11259186386175
10.8490000000002 0.0910694347020922 -0.53674697582619 -0.183327690228339 0.593451668809432 0.610459198515415 0.158868733295525
10.8719999999994 -0.00666755737846358 -0.515631890189866 -0.184605789448256 0.560977451384055 0.628344505749211 0.123051715137763
10.887999999999 0.0138194072118836 -0.414921929899151 -0.0874575101010464 0.528487045343233 0.646197299804829 0.0872221063271572
10.9120000000003 0.0356195228070817 -0.320233967541867 -0.190214236132363 0.485429425379645 0.699997170107023 0.0863966701051577
10.9519999999993 0.0779066029926412 -0.124836044893868 -0.195822682816413 0.297386801743052 0.725235659400123 0.0361150072823387
10.9760000000006 0.0990501430854351 -0.0271370835697553 -0.198626906158495 0.254259691070257 0.7789432139667 0.0351019819219352
11.009 0.0990501430854351 -0.0271370835697553 -0.198626906158495 0.181782576323618 0.764573911253394 0.0103782297855877
11.0640000000003 0.0231132666000917 0.0886659644238534 -0.302661731409557 0.149211923074074 0.782187904660791 -0.025576754687567
11.0810000000001 0.0231132666000917 0.0886659644238534 -0.302661731409557 0.149211923074074 0.782187904660791 -0.025576754687567
11.0959999999995 0.0231132666000917 0.0886659644238534 -0.302661731409557 0.149211923074074 0.782187904660791 -0.025576754687567
11.119999999999 0.044256806692843 0.186364925747853 -0.305465954751583 0.0767487718582685 0.767731492101216 -0.0502990535243051
11.1610000000001 0.0660569222880696 0.281052888105137 -0.408222680782899 0.00429755033225744 0.753229820880855 -0.0750126730832181
11.1839999999993 0.0660569222880696 0.281052888105137 -0.408222680782899 -0.0282849180590353 0.770727450501702 -0.110994167528986
11.1999999999989 0.0660569222880696 0.281052888105137 -0.408222680782899 -0.0282849180590353 0.770727450501702 -0.110994167528986
11.2330000000002 0.0660569222880696 0.281052888105137 -0.408222680782899 -0.0389140088769591 0.806805110701552 -0.0762228522566957
11.271999999999 0.0660569222880696 0.281052888105137 -0.408222680782899 -0.0715198799145358 0.82427555931217 -0.112234548454603
11.2960000000003 0.065400346785637 0.284063887071852 -0.308270178093665 -0.0423016740586477 0.892408551609528 -0.0887381615122882
11.3130000000001 0.065400346785637 0.284063887071852 -0.308270178093665 -0.0423016740586477 0.892408551609528 -0.0887381615122882
11.3359999999993 0.163793914368625 0.259937802468812 -0.406944581562982 -0.0855676482143889 0.945951120523007 -0.0900558880060027
11.3760000000002 0.163793914368625 0.259937802468812 -0.406944581562982 -0.089039025975895 1.03153198124966 -0.102655896777853
11.4009999999998 0.163793914368625 0.259937802468812 -0.406944581562982 -0.12175176447508 1.04893895126827 -0.138769204507409
11.4159999999993 0.163793914368625 0.259937802468812 -0.406944581562982 -0.12175176447508 1.04893895126827 -0.138769204507409
11.4560000000001 0.283331022044393 0.333510679189772 -0.508423208374325 -0.111134927967546 1.01284043857631 -0.173465855136015
11.4959999999992 0.261530906449181 0.238822716832487 -0.405666482343065 -0.0571846362317869 0.923265554684815 -0.206826021700565
11.5120000000006 0.33746778293451 0.123019668838879 -0.301631657091889 -0.0756819819518049 0.819018596175775 -0.265033147560851
11.5280000000002 0.338124358436943 0.120008669872163 -0.401584159781123 -0.0650207530291488 0.782939692369453 -0.29978017441839
11.5529999999999 0.414717810424747 0.00119462291183936 -0.397501837219181 -0.0294484931691394 0.58918083579844 -0.391593772189644
11.6000000000004 0.414717810424747 0.00119462291183936 -0.397501837219181 -0.0477860303593325 0.484948693198647 -0.449817992645152
11.625 0.414717810424747 0.00119462291183936 -0.397501837219181 -0.037054539084151 0.448891116549723 -0.484622094780262
11.6399999999994 0.414717810424747 0.00119462291183936 -0.397501837219181 -0.037054539084151 0.448891116549723 -0.484622094780262
11.6640000000007 0.317637393846624 0.0192987095814487 -0.498732439128275 -0.037054539084151 0.448891116549723 -0.484622094780262
11.7119999999995 0.373087305741606 -0.197214298702988 -0.491845893224308 0.0459696118763492 0.427592744298402 -0.495010924126873
11.7279999999992 0.351943765648826 -0.294913260027101 -0.489041669882283 0.0567039044900075 0.391556128179636 -0.529862341879601
11.7440000000006 0.429193793139035 -0.416738305954141 -0.584911850009405 0.0567039044900075 0.391556128179636 -0.529862341879601
11.777 0.407393677543837 -0.511426268311311 -0.482155123978259 0.139712821905493 0.370258807388064 -0.540348405526421
11.8240000000005 0.38690671295349 -0.612136228602139 -0.579303403325355 0.150450010515269 0.334243220662455 -0.575247124211731
11.8400000000001 0.289169720872934 -0.591021142965815 -0.580581502545272 0.139712821905493 0.370258807388064 -0.540348405526421
11.857 0.38690671295349 -0.612136228602139 -0.579303403325355 0.150450010515269 0.334243220662455 -0.575247124211731
11.887999999999 0.36576317286071 -0.709835189926139 -0.576499179983273 0.150450010515269 0.334243220662455 -0.575247124211731
11.9290000000001 0.399412969160508 -1.02103616056775 -0.46685590804816 0.23691843824495 0.227345610323666 -0.573645083599583
11.9519999999993 0.357125888974934 -1.21643408321586 -0.461247461364053 0.280121073959688 0.173871182675218 -0.572929316225725
11.9679999999989 0.336638924384587 -1.31714404350669 -0.558395740711092 0.290872781981157 0.137889516494244 -0.607917415682921
12 0.413232376372363 -1.43595809046701 -0.55431341814915 0.323302778288597 0.120379751835009 -0.572270369715128
12.0480000000007 0.413232376372363 -1.43595809046701 -0.55431341814915 0.373828643997765 0.116553143427471 -0.618728357533393
12.0810000000001 0.391432260777165 -1.5306460528243 -0.451556692118004 0.384583602127371 0.0805927066682132 -0.653763743777971
12.0959999999995 0.370288720684385 -1.62834501414829 -0.448752468775979 0.456775658084411 0.0952016922905755 -0.629598324103465
12.119999999999 0.426395208081814 -1.84786902139945 -0.541818425561075 0.550457320838046 0.0379088101548421 -0.675639211689655
12.1360000000004 0.405251667989035 -1.94556798272345 -0.53901420221905 0.633381026220643 0.0165445798816578 -0.686665553826399
12.1999999999989 0.397270959605692 -2.45517787497988 -0.523714986288894 0.809937972802338 -0.0620986933067512 -0.744131093952968
12.2160000000003 0.397270959605692 -2.45517787497988 -0.523714986288894 0.849693765109903 -0.0299143884824546 -0.755566066468268
12.2330000000002 0.397270959605692 -2.45517787497988 -0.523714986288894 0.849693765109903 -0.0299143884824546 -0.755566066468268
12.2639999999992 0.397270959605692 -2.45517787497988 -0.523714986288894 0.842326016231937 -0.0798113321012507 -0.708669523753699
12.271999999999 0.37612741951294 -2.55287683630388 -0.520910762946869 0.853064057501545 -0.115671991879497 -0.743931715001565
12.2880000000005 0.37612741951294 -2.55287683630388 -0.520910762946869 0.896169935010241 -0.169261742499386 -0.743789221762501
12.3040000000001 0.354983879420146 -2.65057579762788 -0.518106539604844 0.939255696400333 -0.222867886681656 -0.743703604578943
12.3209999999999 0.333840339327367 -2.74827475895188 -0.515302316262762 0.98232143277809 -0.276490365999347 -0.7436748539433
12.3359999999993 0.312696799234587 -2.84597372027599 -0.512498092920737 1.03612444262322 -0.365944701488014 -0.77908115236494
12.351999999999 0.270409719049042 -3.04137164292399 -0.50688964623663 1.07915302313641 -0.419589454177213 -0.779192840415294
12.3680000000004 0.270409719049042 -3.04137164292399 -0.50688964623663 1.12216190704352 -0.473250348404857 -0.779361364121711
12.384 0.249266178956262 -3.13907060424799 -0.504085422894605 1.16515118556679 -0.526927325981396 -0.779586714703495
12.4009999999998 0.228122638863482 -3.2367695655721 -0.501281199552523 1.17592580943817 -0.562707744498771 -0.815054203388003
12.4159999999993 0.228122638863482 -3.2367695655721 -0.501281199552523 1.20812094996387 -0.580620328773503 -0.779868883531219
12.473 0.109242106690132 -3.31335344125978 -0.499755075430414 1.20812094996387 -0.580620328773503 -0.779868883531219
12.4959999999992 0.0880985665973526 -3.41105240258378 -0.496950852088389 1.28015708793048 -0.566398579459284 -0.756195977270614
12.5120000000006 0.0880985665973526 -3.41105240258378 -0.496950852088389 1.30159182638159 -0.548628600222252 -0.685499211449266
12.5280000000002 0.0669550265046013 -3.50875136390778 -0.494146628746307 1.33376438651812 -0.566652238120076 -0.650329049316808
12.5450000000001 -0.0519255056687342 -3.58533523959545 -0.492620504624199 1.40583071826745 -0.552569706314477 -0.626635306783627
12.5529999999999 0.0246679463190276 -3.70414928655589 -0.488538182062257 1.43798967501609 -0.570666408403744 -0.591485583788079
12.5679999999993 -0.0724124702590956 -3.68604519988628 -0.589768783971408 1.47013284807191 -0.588795144097684 -0.556348458242565
12.5839999999989 -0.0935560103518753 -3.78374416121028 -0.586964560629326 1.47013284807191 -0.588795144097684 -0.556348458242565
12.6479999999992 -0.114699550444655 -3.88144312253428 -0.584160337287301 1.54221466128507 -0.574838751333338 -0.532663265238179
12.6720000000005 -0.114699550444655 -3.88144312253428 -0.584160337287301 1.56366146358283 -0.557330325079413 -0.461895836991292
12.6880000000001 -0.114699550444655 -3.88144312253428 -0.584160337287301 1.52368119161362 -0.589431197052415 -0.450472535476502
12.7049999999999 -0.114699550444655 -3.88144312253428 -0.584160337287301 1.55578334151195 -0.607661857337354 -0.415355725244384
12.7199999999993 -0.135843090537421 -3.97914208385828 -0.581356113945276 1.54784489152064 -0.658001507908147 -0.368826773413644
12.735999999999 -0.1569866306302 -4.07684104518228 -0.578551890603194 1.5798974153991 -0.676287046407529 -0.333739832761781
12.7520000000004 -0.157643206132633 -4.07383004621556 -0.47859938791396 1.60386774544611 -0.744997921231987 -0.252181994088405
12.8079999999991 -0.275867162803536 -4.15342492087007 -0.577025766481086 1.62769428080809 -0.813794185763343 -0.170681972793232
12.8320000000003 -0.17813017072298 -4.17454000650639 -0.575747667261169 1.62769428080809 -0.813794185763343 -0.170681972793232
12.8490000000002 -0.17813017072298 -4.17454000650639 -0.575747667261169 1.62769428080809 -0.813794185763343 -0.170681972793232
12.8719999999994 -0.199930286318192 -4.26922796886367 -0.472990941229853 1.62769428080809 -0.813794185763343 -0.170681972793232
12.887999999999 -0.297667278398748 -4.24811288322735 -0.474269040449769 1.65717334126058 -0.746079233657208 -0.146375455071664
12.9040000000005 -0.200586861820625 -4.26621696989696 -0.373038438540732 1.68913464316362 -0.764521044394604 -0.111338893740732
12.9290000000001 -0.200586861820625 -4.26621696989696 -0.373038438540732 1.72928305779199 -0.732511561163249 -0.122736101470934
12.9439999999995 -0.221730401913419 -4.36391593122096 -0.370234215198707 1.76942278000446 -0.700496240782877 -0.134122592389527
12.9599999999991 -0.221730401913419 -4.36391593122096 -0.370234215198707 1.79078949067365 -0.683315493484464 -0.0633106696186566
12.9760000000006 -0.221730401913419 -4.36391593122096 -0.370234215198707 1.79078949067365 -0.683315493484464 -0.0633106696186566
13.0319999999992 -0.221730401913419 -4.36391593122096 -0.370234215198707 1.83094634265312 -0.651310832458379 -0.0746705439230305
13.0480000000007 -0.123993409832863 -4.38503101685728 -0.36895611597879 1.83094634265312 -0.651310832458379 -0.0746705439230305
13.0889999999999 -0.200586861820625 -4.26621696989696 -0.373038438540732 1.79078949067365 -0.683315493484464 -0.0633106696186566
13.1360000000004 -0.179443321727845 -4.16851800857296 -0.375842661882814 1.75300921292419 -0.80150009077411 -0.0413039447866014
13.1610000000001 -0.158299781635066 -4.07081904724885 -0.378646885224839 1.72345791753413 -0.869169803267067 -0.0656760330168659
13.1759999999995 -0.234893233622842 -3.95200500028852 -0.382729207786781 1.68326439565638 -0.901156761082729 -0.0542545852797383
13.2080000000005 -0.213093118027643 -3.85731703793124 -0.485485933817984 1.65372901896905 -0.968832470453017 -0.0785797366984236
13.2489999999998 -0.11601270144952 -3.87542112460085 -0.384255331908946 1.67491576420339 -0.951641701068357 -0.00785443149606434
13.271999999999 -0.213749693530076 -3.85430603896452 -0.385533431128863 1.67261503002934 -0.865465072303521 -0.0184947941851424
13.3040000000001 -0.171462613344517 -3.65890811631652 -0.391141877812913 1.61943891829915 -0.775569195184884 0.0179603389397727
13.351999999999 -0.20642556064918 -3.34168514774137 -0.300880144369728 1.58287476628727 -0.496090796844309 0.103485003825728
13.384 -0.163481904961174 -3.14929822406009 -0.406441093743069 1.51913430250312 -0.370416988622513 0.175209376077656
13.4159999999993 -0.142338364868394 -3.05159926273598 -0.409245317085094 1.47651663020158 -0.316223924662659 0.175568834776238
13.4319999999989 -0.142338364868394 -3.05159926273598 -0.409245317085094 1.47651663020158 -0.316223924662659 0.175568834776238
13.4799999999996 -0.121194824775614 -2.95390030141198 -0.412049540427176 1.48707701505191 -0.35197936372533 0.139972100546549
13.503999999999 -0.0789077445900688 -2.75850237876398 -0.417657987111227 1.38525688324613 -0.433272996562787 0.0917885788200682
13.5360000000001 -0.0372772399069419 -2.56009345714915 -0.3233139311061 1.32614391654177 -0.568751277707675 0.0433755938863751
13.5759999999991 0.0472969204641771 -2.16929761185304 -0.334530824474257 1.15481919556671 -0.749906620949977 -0.0172016234869041
13.6080000000002 0.0466403449617445 -2.16628661288632 -0.234578321785023 1.16551233763538 -0.785705902217516 -0.0527246736148264
13.625 0.0677838850545243 -2.06858765156232 -0.237382545127105 1.12534302936058 -0.817678828781394 -0.0412548664245547
13.655999999999 0.0677838850545243 -2.06858765156232 -0.237382545127105 1.09343697142291 -0.799454595712017 -0.0763844393847704
13.6720000000005 0.0677838850545243 -2.06858765156232 -0.237382545127105 1.09343697142291 -0.799454595712017 -0.0763844393847704
13.7119999999995 0.0334775132522935 -1.75437568195389 -0.247073314373097 1.00814595212899 -0.691449381237543 -0.0757720077172443
13.735999999999 0.075764593437853 -1.55897775930578 -0.252681761057204 0.922776868995574 -0.583507965663861 -0.0753858607991732
13.768 0.0414582216356223 -1.24476578969745 -0.262372530303253 0.76519054633362 -0.489592144899601 -0.0991000820250494
13.8240000000005 0.062601761728402 -1.14706682837345 -0.265176753645278 0.722424394559425 -0.435706068713055 -0.0991419380560535
13.857 0.062601761728402 -1.14706682837345 -0.265176753645278 0.722424394559425 -0.435706068713055 -0.0991419380560535
13.8719999999994 0.083745301821196 -1.04936786704934 -0.26798097698736 0.679638245223819 -0.381836284364635 -0.0992403923164975
13.8960000000006 0.00715184983341999 -0.930553820089017 -0.272063299549302 0.607486197850556 -0.395898682579985 -0.123180356771887
13.9519999999993 0.070582470111745 -0.637456936117019 -0.280475969575434 0.406791362417619 -0.248665390338217 -0.147967816456696
13.9679999999989 0.0917260102045248 -0.539757974792906 -0.283280192917459 0.334624729692751 -0.262902320098875 -0.172002011332101
13.9840000000004 0.0151325582167487 -0.420943927832582 -0.287362515479401 0.323888823115487 -0.226927491709655 -0.136917550095144
14.009 0.0151325582167487 -0.420943927832582 -0.287362515479401 0.29172020785166 -0.209184087074289 -0.172436872539842
14.0239999999994 0.0151325582167487 -0.420943927832582 -0.287362515479401 0.25171906738109 -0.241196305519658 -0.160972864201055
14.0399999999991 0.0151325582167487 -0.420943927832582 -0.287362515479401 0.29172020785166 -0.209184087074289 -0.172436872539842
14.0959999999995 0.0356195228070817 -0.320233967541867 -0.190214236132363 0.224387192632409 0.00222350436614818 -0.114893739526139
14.119999999999 0.0567630628998614 -0.222535006217868 -0.193018459474388 0.157004792048933 0.213645666718513 -0.0577434024654526
14.1440000000002 0.0779066029926412 -0.124836044893868 -0.195822682816413 0.129521769665429 0.457087604884303 -0.0122985039633296
14.1839999999993 0.00131315100487939 -0.00602199793343061 -0.199905005378412 0.0588074004733617 0.754197548478048 0.0317381452592269
14.2080000000005 0.0231132666000917 0.0886659644238534 -0.302661731409557 0.0156441819870982 0.807836871609584 0.0305617261502368
14.2489999999998 0.120850258680647 0.0675508787875287 -0.301383632189641 0.0555445857478969 0.839854956247271 0.0193296044189503
14.2960000000003 0.120850258680647 0.0675508787875287 -0.301383632189641 0.0368639991587591 0.735699504586812 -0.03904352357378
14.3130000000001 0.141993798773399 0.165249840111528 -0.304187855531666 0.00760189548742702 0.667603952877721 -0.0625817458890756
14.3439999999991 0.240387366356387 0.141123755508488 -0.40286225900104 0.00702938498296578 0.576920310974261 -0.20293995378369
14.393 0.359267898529737 0.217707631196163 -0.404388383123148 -0.000751040002074781 0.436680918056756 -0.296069077390249
14.4079999999994 0.359924474032169 0.214696632229334 -0.504340885812383 -0.040588547490725 0.404608494806853 -0.2846954692252
14.4480000000003 0.359924474032169 0.214696632229334 -0.504340885812383 -0.0298723533290787 0.368549369971558 -0.319520912208387
14.4879999999994 0.338124358436943 0.120008669872163 -0.401584159781123 -0.0298723533290787 0.368549369971558 -0.319520912208387
14.5120000000006 0.338124358436943 0.120008669872163 -0.401584159781123 -0.019147226475624 0.332494496461198 -0.354355328715078
14.5280000000002 0.338124358436943 0.120008669872163 -0.401584159781123 -0.019147226475624 0.332494496461198 -0.354355328715078
14.5529999999999 0.338124358436943 0.120008669872163 -0.401584159781123 -0.00841315836005897 0.296443879951894 -0.389198731272565
14.6000000000004 0.316980818344192 0.0223097085481641 -0.398779936439041 -0.0699149719026342 0.245703661443951 -0.448385132445439
14.625 0.436517926019931 0.0958825852690097 -0.500258563250441 -0.0699149719026342 0.245703661443951 -0.448385132445439
14.6479999999992 0.436517926019931 0.0958825852690097 -0.500258563250441 -0.0591480819437921 0.209649124524564 -0.483217229583764
14.6640000000007 0.436517926019931 0.0958825852690097 -0.500258563250441 -0.0591480819437921 0.209649124524564 -0.483217229583764
14.7119999999995 0.3942308458344 -0.099515337378989 -0.494650116566334 -0.0449800719231626 0.0880594647022283 -0.505722194176293
14.735999999999 0.3942308458344 -0.099515337378989 -0.494650116566334 -0.0706554363055218 -0.0656301378371744 -0.516786333645456
14.7520000000004 0.373087305741606 -0.197214298702988 -0.491845893224308 -0.02753386913955 -0.11907852411627 -0.516046663531338
14.768 0.373087305741606 -0.197214298702988 -0.491845893224308 -0.0565438003005963 -0.187213406701163 -0.539409518163111
14.8320000000003 0.351943765648826 -0.294913260027101 -0.489041669882283 -0.00261037772470465 -0.27669303088297 -0.573676749892594
14.8490000000002 0.351943765648826 -0.294913260027101 -0.489041669882283 -0.00261037772470465 -0.27669303088297 -0.573676749892594
14.8799999999992 0.330800225556047 -0.392612221351101 -0.486237446540201 -0.0134514340092618 -0.240667055871605 -0.538746897060106
14.9290000000001 0.462843589438833 -0.727939276595748 -0.475268578074292 0.0952414608983667 -0.108340951775165 -0.53840690948001
14.9519999999993 0.419899933750827 -0.920326200277145 -0.369707628700951 0.17488116247093 -0.0441145624504792 -0.561408253521007
14.9599999999991 0.419899933750827 -0.920326200277145 -0.369707628700951 0.164096534789658 -0.00811485908824259 -0.526439288819968
14.9840000000004 0.496493385738631 -1.03914024723736 -0.365625306139009 0.243716945176224 0.0561208375806964 -0.549375759134309
15.0480000000007 0.476006421148284 -1.13985020752818 -0.462773585486161 0.243716945176224 0.0561208375806964 -0.549375759134309
15.0720000000001 0.476006421148284 -1.13985020752818 -0.462773585486161 0.251102259665426 0.105748179385167 -0.596470185325609
15.0959999999995 0.433062765460278 -1.33223713120947 -0.357212636112877 0.323302778288597 0.120379751835009 -0.572270369715128
15.1759999999995 0.523475624659937 -1.86597310806906 -0.440587823652038 0.615784922188644 0.223855297759162 -0.675249775684464
15.1999999999989 0.502332084567158 -1.96367206939306 -0.437783600310013 0.666225739277179 0.220124714500343 -0.721767460748251
15.2160000000003 0.502332084567158 -1.96367206939306 -0.437783600310013 0.666225739277179 0.220124714500343 -0.721767460748251
15.241 0.50298866006959 -1.96668306835977 -0.537736102999133 0.666225739277179 0.220124714500343 -0.721767460748251
15.2559999999994 0.50298866006959 -1.96668306835977 -0.537736102999133 0.705940123908604 0.252315295514915 -0.733155264718856
15.3130000000001 0.439558039791265 -2.25977995233177 -0.529323432973001 0.817901298543473 0.299066311913341 -0.720278955548293
15.3279999999995 0.418414499698471 -2.35747891365588 -0.526519209630976 0.890168498640241 0.313576318636806 -0.696017000175735
15.3680000000004 0.354983879420146 -2.65057579762788 -0.518106539604844 1.00217343795565 0.360234015639167 -0.683067044921362
15.4239999999991 0.312696799234587 -2.84597372027599 -0.512498092920737 1.041890857185 0.392432119365993 -0.694376824341043
15.4480000000003 0.313353374737019 -2.84898471924271 -0.612450595609971 1.041890857185 0.392432119365993 -0.694376824341043
15.4560000000001 0.214959807154031 -2.82485863463967 -0.513776192140654 1.11420084580252 0.406846212432086 -0.670067386655977
15.4879999999994 0.291553259141807 -2.94367268159999 -0.509693869578655 1.11420084580252 0.406846212432086 -0.670067386655977
15.503999999999 0.270409719049042 -3.04137164292399 -0.50688964623663 1.14678602568785 0.389023982175756 -0.634471257160132
15.5679999999993 0.109242106690132 -3.31335344125978 -0.499755075430414 1.25581012174728 0.389013832679084 -0.42145695847279
15.5839999999989 -0.00963842548320315 -3.38993731694745 -0.498228951308306 1.27777148545219 0.406819941473219 -0.350505895558543
15.616 -0.0307819655759545 -3.48763627827145 -0.495424727966224 1.27777148545219 0.406819941473219 -0.350505895558543
15.6640000000007 0.0669550265046013 -3.50875136390778 -0.494146628746307 1.35015077474761 0.420901372912424 -0.326146466777135
15.6880000000001 -0.0519255056687342 -3.58533523959545 -0.492620504624199 1.36069375591698 0.385112070648569 -0.361558778520325
15.7049999999999 0.0458114864118215 -3.60645032523178 -0.491342405404282 1.39319902019835 0.367041942491145 -0.326011289914808
15.735999999999 0.00352440622624783 -3.80184824787989 -0.485733958720175 1.51167743656729 0.241119298973087 -0.290438811678226
15.7520000000004 -0.0176191338665319 -3.89954720920389 -0.48292973537815 1.50416983188207 0.190839531102877 -0.243754624442272
15.7999999999993 -0.0599062140520772 -4.09494513185189 -0.477321288694043 1.59001246098008 0.0829064272213548 -0.24399291863387
15.8240000000005 -0.0605627895545098 -4.09193413288517 -0.377368786004922 1.62236006007616 0.0646431101129328 -0.208611161348186
15.8320000000003 0.0378307780284786 -4.11606021748821 -0.476043189474126 1.62236006007616 0.0646431101129328 -0.208611161348186
15.8649999999998 -0.0605627895545098 -4.09193413288517 -0.377368786004922 1.62236006007616 0.0646431101129328 -0.208611161348186
15.8799999999992 -0.0599062140520772 -4.09494513185189 -0.477321288694043 1.62523752953427 -0.0214452893329794 -0.197596887442653
15.9439999999995 -0.0817063296472895 -4.18963309420928 -0.374564562662897 1.65249748642859 -0.17627163824348 -0.104763357601272
15.9679999999989 -0.0817063296472895 -4.18963309420928 -0.374564562662897 1.65517927516255 -0.262399162401769 -0.0938673053551813
15.9840000000004 -0.0817063296472895 -4.18963309420928 -0.374564562662897 1.68733881272159 -0.280800731232276 -0.0586343513335992
16.0169999999998 -0.0817063296472895 -4.18963309420928 -0.374564562662897 1.69790360008186 -0.316507867089966 -0.0943069418325395
16.0319999999992 -0.0817063296472895 -4.18963309420928 -0.374564562662897 1.69790360008186 -0.316507867089966 -0.0943069418325395
16.0399999999991 -0.0817063296472895 -4.18963309420928 -0.374564562662897 1.69790360008186 -0.316507867089966 -0.0943069418325395
16.0560000000005 -0.0817063296472895 -4.18963309420928 -0.374564562662897 1.69790360008186 -0.316507867089966 -0.0943069418325395
16.0720000000001 -0.0817063296472895 -4.18963309420928 -0.374564562662897 1.68733881272159 -0.280800731232276 -0.0586343513335992
16.0959999999995 -0.0605627895545098 -4.09193413288517 -0.377368786004922 1.68993225464539 -0.366951387595016 -0.0478056528572477
16.1119999999992 -0.158956357137498 -4.06780804828213 -0.278694382535605 1.68993225464539 -0.366951387595016 -0.0478056528572477
16.1280000000006 -0.158956357137498 -4.06780804828213 -0.278694382535605 1.72203522457657 -0.385401802373069 -0.0126205026098993
16.1440000000002 -0.137812817044718 -3.97010908695802 -0.281498605877687 1.72203522457657 -0.385401802373069 -0.0126205026098993
16.1999999999989 -0.193262728939729 -3.7535960786737 -0.288385151781654 1.7139694789618 -0.435876022941712 0.0338522031892572
16.2240000000002 -0.192606153437296 -3.75660707764052 -0.388337654470888 1.7139694789618 -0.435876022941712 0.0338522031892572
16.2559999999994 -0.193262728939729 -3.7535960786737 -0.288385151781654 1.7139694789618 -0.435876022941712 0.0338522031892572
16.2960000000003 -0.150975648754155 -3.5581981560257 -0.293993598465761 1.67380831985281 -0.467862073589285 0.0451632857209632
16.3209999999999 -0.129832108661375 -3.46049919470158 -0.296797821807786 1.56144480942493 -0.513370970335589 0.0326631782179109
16.351999999999 -0.164795055966039 -3.14327622612655 -0.206536088364601 1.52127570866623 -0.54534871223625 0.0440108265756072
16.3680000000004 -0.240731932451382 -3.02747317813294 -0.310570913615777 1.4810979845671 -0.577320620343072 0.0553691777969219
16.4319999999989 -0.176644736670625 -2.73738729312765 -0.418936086331144 1.40893365292111 -0.590900292722316 0.0315845655967309
16.4560000000001 -0.177301312173057 -2.73437629416082 -0.318983583641909 1.40893365292111 -0.590900292722316 0.0315845655967309
16.4879999999994 -0.156157772080277 -2.63667733283683 -0.321787806983934 1.34742618654968 -0.640292936231474 -0.0277706946007267
16.5450000000001 -0.148833639199367 -2.12405644161367 -0.237134520224856 1.21386510687475 -0.703490855799908 -0.11077514885246
16.5599999999995 -0.106546559013807 -1.92865851896556 -0.242742966908963 1.14177344872037 -0.717274088369373 -0.134473308312937
16.5759999999991 -0.085403018921042 -1.83095955764168 -0.245547190250988 1.10979984075374 -0.699095453045525 -0.169636823815368
16.6000000000004 -0.0636029033258296 -1.73627159528428 -0.348303916282248 1.08041478563124 -0.766913885242276 -0.193643850561721
16.616 -0.0636029033258296 -1.73627159528428 -0.348303916282248 1.08041478563124 -0.766913885242276 -0.193643850561721
16.6720000000005 -0.140196355313606 -1.61745754832396 -0.352386238844247 1.03772121976257 -0.712963938677254 -0.193335670945086
16.6880000000001 -0.119052815220826 -1.51975858699984 -0.355190462186272 0.984292084716422 -0.623197186282722 -0.157657715414067
16.7049999999999 -0.195646267208602 -1.40094454003952 -0.359272784748214 0.952275632645446 -0.605111915686703 -0.192889108827757
16.7279999999992 -0.153359187023057 -1.20554661739152 -0.364881231432321 0.856043693815796 -0.46146087653792 -0.157322525277534
16.777 -0.166522018732508 -0.793635686459197 -0.377376224020395 0.644742596648643 -0.278056627254417 -0.1462470147984
16.7919999999995 -0.243115470720269 -0.674821639498759 -0.381458546582337 0.601883282022848 -0.224244112645415 -0.146481915643409
16.8079999999991 -0.243115470720269 -0.674821639498759 -0.381458546582337 0.559003648202658 -0.17044808884278 -0.146773474673449
16.8320000000003 -0.22197193062749 -0.57712267817476 -0.384262769924362 0.559003648202658 -0.17044808884278 -0.146773474673449
16.8960000000006 -0.20082839053471 -0.479423716850647 -0.387066993266444 0.454716811901295 -0.0767772138490074 -0.0654631940162521
16.9120000000003 -0.17968485044193 -0.381724755526648 -0.389871216608469 0.368884495031214 0.0307676111471871 -0.0664496787776316
16.9369999999999 -0.158541310349165 -0.284025794202648 -0.392675439950494 0.315265306086637 0.120505538015517 -0.0319981122491835
16.9599999999991 -0.213991222244161 -0.0675127859183249 -0.399561985854518 0.218653245007307 0.263983980442484 0.00158950475016412
17.0169999999998 -0.171704142058587 0.127885136729788 -0.405170432538625 0.0496106412388484 0.393081592980014 0.0103372905707325
17.0319999999992 -0.192847682151367 0.0301861754057882 -0.402366209196543 0.0496106412388484 0.393081592980014 0.0103372905707325
17.0480000000007 -0.192847682151367 0.0301861754057882 -0.402366209196543 0.0496106412388484 0.393081592980014 0.0103372905707325
17.0810000000001 -0.171704142058587 0.127885136729788 -0.405170432538625 0.0496106412388484 0.393081592980014 0.0103372905707325
17.1280000000006 -0.0528236098852801 0.204469012417462 -0.406696556660734 -0.0583132983890915 0.481861607810537 -0.0623688882685751
17.152 -0.0316800697924862 0.302167973741462 -0.409500780002759 -0.101441311690536 0.535453083003853 -0.0634642170523953
17.1689999999999 -0.0310234942900536 0.299156974774633 -0.509453282691993 -0.13392048698833 0.552935736493852 -0.0993765148515879
17.1999999999989 0.0878570378832819 0.375740850462421 -0.510979406814158 -0.166415608831428 0.570385765018628 -0.135301045253765
17.2080000000005 0.0878570378832819 0.375740850462421 -0.510979406814158 -0.177093462022405 0.606482702917127 -0.100558671725944
17.271999999999 0.0660569222880696 0.281052888105137 -0.408222680782899 -0.195596135727979 0.502250817643142 -0.158699054433424
17.2960000000003 0.163137338866193 0.262948801435527 -0.306992078873748 -0.214040990654643 0.398013926308756 -0.216818200923557
17.3130000000001 0.163137338866193 0.262948801435527 -0.306992078873748 -0.200023849492752 0.276376774194959 -0.239096595227078
17.3359999999993 0.163137338866193 0.262948801435527 -0.306992078873748 -0.236690294042669 0.0679183941561566 -0.3553123325845
17.351999999999 0.163137338866193 0.262948801435527 -0.306992078873748 -0.26252454976602 -0.085744397290192 -0.366182366737286
17.3680000000004 0.184280878958972 0.360647762759527 -0.309796302215773 -0.280739765105655 -0.189973743696115 -0.424246539199004
17.384 0.282017871039528 0.339532677123202 -0.308518202995856 -0.309763554223588 -0.258123227635202 -0.447481304381822
17.4009999999998 0.282674446541961 0.336521678156487 -0.40847070568509 -0.298897577540311 -0.294207839926961 -0.482290856021481
17.4159999999993 0.282674446541961 0.336521678156487 -0.40847070568509 -0.327889559509562 -0.362363675754375 -0.505499039624356
17.4319999999989 0.282674446541961 0.336521678156487 -0.40847070568509 -0.327889559509562 -0.362363675754375 -0.505499039624356
17.4879999999994 0.184937454461405 0.357636763792812 -0.409748804905007 -0.295721830218048 -0.379700746462711 -0.469934043768801
17.5120000000006 0.163793914368625 0.259937802468812 -0.406944581562982 -0.295721830218048 -0.379700746462711 -0.469934043768801
17.5280000000002 0.164450489871058 0.256926803501983 -0.506897084252216 -0.295721830218048 -0.379700746462711 -0.469934043768801
17.5529999999999 0.164450489871058 0.256926803501983 -0.506897084252216 -0.255836843361195 -0.347634216096157 -0.481539588347913
17.5920000000006 0.164450489871058 0.256926803501983 -0.506897084252216 -0.255836843361195 -0.347634216096157 -0.481539588347913
17.616 0.143306949778264 0.159227842177984 -0.504092860910134 -0.255836843361195 -0.347634216096157 -0.481539588347913
17.6479999999992 0.143306949778264 0.159227842177984 -0.504092860910134 -0.255836843361195 -0.347634216096157 -0.481539588347913
17.7119999999995 0.122163409685513 0.0615288808540981 -0.501288637568109 -0.194625793822786 -0.296886717308613 -0.422705894086948
17.7279999999992 0.122163409685513 0.0615288808540981 -0.501288637568109 -0.154732809911075 -0.264824381733167 -0.434273867678988
17.7440000000006 0.198756861673289 -0.0572851661063396 -0.497206315006167 -0.165569550182107 -0.228764570363717 -0.399405972594586
17.768 0.198756861673289 -0.0572851661063396 -0.497206315006167 -0.104268119306589 -0.178100380622539 -0.34046744253874
17.8240000000005 0.27535031366105 -0.176099213066664 -0.493123992444225 -0.0751558416919251 -0.110000312423069 -0.317095977546069
17.8400000000001 0.27535031366105 -0.176099213066664 -0.493123992444225 -0.0643593960784905 -0.146049280826049 -0.351986308099723
17.857 0.276006889163483 -0.179110212033379 -0.593076495133346 -0.0643593960784905 -0.146049280826049 -0.351986308099723
17.8799999999992 0.254863349070703 -0.276809173357492 -0.590272271791264 -0.0244593776859368 -0.113992324360584 -0.363494653993937
17.9439999999995 0.462843589438833 -0.727939276595748 -0.475268578074292 0.236271132006326 0.00648482199850305 -0.502293346759356
17.9679999999989 0.441700049346053 -0.825638237919861 -0.47246435473221 0.315910372984927 0.0707141447513046 -0.525198648398619
17.9760000000006 0.442356624848486 -0.828649236886577 -0.572416857421331 0.326664739657352 0.0347410087974355 -0.560219802289738
18.009 0.518950076836248 -0.947463283846901 -0.568334534859389 0.406253910783284 0.0990075393133039 -0.583106200674209
18.0560000000005 0.497806536743497 -1.04516224517079 -0.565530311517364 0.406253910783284 0.0990075393133039 -0.583106200674209
18.0810000000001 0.476662996650717 -1.1428612064949 -0.562726088175282 0.449404300075011 0.0454803083246362 -0.582567233936146
18.0959999999995 0.476006421148284 -1.13985020752818 -0.462773585486161 0.489196210899555 0.0776202933592744 -0.594001102273877
18.119999999999 0.434375916465143 -1.33825912914301 -0.557117641491232 0.539713849542834 0.0738352693992764 -0.640527354029448
18.1689999999999 0.469338863769806 -1.65548209771805 -0.647379374934417 0.662411685940981 0.0846164031453555 -0.662935792822507
18.1839999999993 0.448195323677027 -1.75318105904205 -0.644575151592335 0.673141621471635 0.0487140429321485 -0.698097305299451
18.1999999999989 0.427051783584247 -1.85088002036616 -0.64177092825031 0.712893585297993 0.08088927945033 -0.709518599123842
18.2330000000002 0.328658216001259 -1.82675393576312 -0.543096524780992 0.745333877337823 0.0632242186695376 -0.673978968496837
18.2489999999998 0.426395208081814 -1.84786902139945 -0.541818425561075 0.745333877337823 0.0632242186695376 -0.673978968496837
18.2639999999992 0.405908243491467 -1.94857898169016 -0.638966704908285 0.745333877337823 0.0632242186695376 -0.673978968496837
18.271999999999 0.405251667989035 -1.94556798272345 -0.53901420221905 0.756058142891824 0.0273389773054733 -0.709178667671986
18.2880000000005 0.384108127896269 -2.04326694404745 -0.536209978876968 0.788475742308676 0.0096472341445376 -0.673669207896577
18.3040000000001 0.362964587803489 -2.14096590537144 -0.533405755534943 0.828247295668314 0.0418173972480571 -0.685081331827492
18.3209999999999 0.342477623213142 -2.24167586566216 -0.630554034882152 0.871378897790168 -0.0117780115577049 -0.684834874397833
18.3359999999993 0.321334083120348 -2.33937482698627 -0.62774981154007 0.954273358285426 -0.0332176966509096 -0.696059795028995
18.351999999999 0.279047002934817 -2.53477274963427 -0.62214136485602 0.986665960715575 -0.0510129238413579 -0.660613144169571
18.3680000000004 0.160166470761467 -2.61135662532195 -0.620615240733855 1.0264585327628 -0.0188439088032071 -0.672012125264598
18.384 0.139022930668688 -2.70905558664595 -0.61781101739183 1.0695471502887 -0.0725024224274755 -0.671922611310153
18.4009999999998 0.139022930668688 -2.70905558664595 -0.61781101739183 1.0695471502887 -0.0725024224274755 -0.671922611310153
18.4650000000001 0.117879390575908 -2.80675454797006 -0.615006794049805 1.10191937281425 -0.0903654428259621 -0.63651375658687
18.4879999999994 0.0967358504831282 -2.90445350929406 -0.612202570707723 1.14496527631957 -0.144066707080948 -0.63651143617923
18.503999999999 0.07493573488793 -2.99914147165134 -0.509445844676463 1.11584128619947 -0.212031804599968 -0.660495970063435
18.5200000000004 0.0537921947951503 -3.09684043297534 -0.506641621334438 1.1588597238634 -0.265737217638977 -0.660570720322417
18.5759999999991 0.0669550265046013 -3.50875136390778 -0.494146628746307 1.22950127626383 -0.473463634463446 -0.567508907909203
18.6000000000004 0.0458114864118215 -3.60645032523178 -0.491342405404282 1.27239566575299 -0.527266250491693 -0.567801324694682
18.6080000000002 0.0458114864118215 -3.60645032523178 -0.491342405404282 1.23247075069067 -0.559387360816528 -0.556334348198912
18.6399999999994 0.0451549109093889 -3.60343932626506 -0.391389902715162 1.23247075069067 -0.559387360816528 -0.556334348198912
18.6800000000003 0.0246679463190276 -3.70414928655589 -0.488538182062257 1.27533564966321 -0.613204134926214 -0.556676845828401
18.7049999999999 0.00286783072381525 -3.79883724891317 -0.385781456031054 1.34740025759552 -0.599169436243808 -0.53299256023232
18.7199999999993 -0.0182757093689645 -3.89653621023717 -0.382977232689029 1.42232511395444 -0.67117272629379 -0.498313416628701
18.7440000000006 -0.03941924946173 -3.99423517156117 -0.380173009347004 1.46511686072298 -0.725075039114401 -0.498836469523139
18.7999999999993 -0.0817063296472895 -4.18963309420928 -0.374564562662897 1.57193639931244 -0.815478496340049 -0.429344016986008
18.8240000000005 -0.102849869740069 -4.28733205553328 -0.371760339320872 1.61464565751909 -0.869463942581755 -0.430040848814373
18.8400000000001 -0.0817063296472895 -4.18963309420928 -0.374564562662897 1.61464565751909 -0.869463942581755 -0.430040848814373
18.8649999999998 -0.102849869740069 -4.28733205553328 -0.371760339320872 1.61464565751909 -0.869463942581755 -0.430040848814373
18.8799999999992 -0.102849869740069 -4.28733205553328 -0.371760339320872 1.61464565751909 -0.869463942581755 -0.430040848814373
18.9290000000001 -0.201243437323058 -4.26320597093024 -0.273085935851498 1.66221701823657 -1.00699589787443 -0.267227256832463
18.9519999999993 -0.201243437323058 -4.26320597093024 -0.273085935851498 1.69409550182791 -1.025421480298 -0.232299493732896
18.9679999999989 -0.298980429403613 -4.24209088529392 -0.274364035071414 1.68578743074431 -1.07588946555359 -0.185906307488271
19 -0.298980429403613 -4.24209088529392 -0.274364035071414 1.71761631665196 -1.09436942264358 -0.151008126522602
19.0169999999998 -0.298980429403613 -4.24209088529392 -0.274364035071414 1.71761631665196 -1.09436942264358 -0.151008126522602
19.0560000000005 -0.298980429403613 -4.24209088529392 -0.274364035071414 1.70692671300889 -1.05869421407177 -0.115206067363119
19.0810000000001 -0.277836889310834 -4.14439192396981 -0.277168258413496 1.66440552494976 -1.0045226149016 -0.114346166648836
19.0959999999995 -0.277836889310834 -4.14439192396981 -0.277168258413496 1.69392337524436 -0.936843983695487 -0.090023425784953
19.1119999999992 -0.355086916801042 -4.02256687804277 -0.181298078286204 1.67261503002934 -0.865465072303521 -0.0184947941851424
19.1759999999995 -0.38873671310084 -3.71136590740105 -0.290941350221487 1.6597532301135 -0.654997244445517 0.148816626624267
19.1999999999989 -0.38873671310084 -3.71136590740105 -0.290941350221487 1.68940975645637 -0.587345222200537 0.173204040068895
19.2160000000003 -0.367593173008061 -3.61366694607705 -0.293745573563513 1.64686999336705 -0.533089881970584 0.17379048038646
19.241 -0.366936597505628 -3.61667794504388 -0.393698076252747 1.64686999336705 -0.533089881970584 0.17379048038646
19.2960000000003 -0.325306092822487 -3.41826902342893 -0.29935402024762 1.61722010924943 -0.600754107425851 0.149422315351564
19.3130000000001 -0.325962668324919 -3.41525802446222 -0.199401517558385 1.58758705069278 -0.668422827701146 0.125079090339095
19.3279999999995 -0.283675588139388 -3.21986010181422 -0.205009964242436 1.58758705069278 -0.668422827701146 0.125079090339095
19.351999999999 -0.241388507953815 -3.02446217916622 -0.210618410926543 1.48583884565118 -0.749582545639605 0.0770741663856489
19.4009999999998 -0.199101427768269 -2.82906425651822 -0.21622685761065 1.4669194051806 -0.853015860494419 0.0171616443859379
19.4319999999989 -0.17795788767549 -2.73136529519411 -0.219031080952675 1.42670286363136 -0.884975453450982 0.0286002570545029
19.4560000000001 -0.275694879756045 -2.71025020955778 -0.220309180172592 1.38416485279691 -0.830824114860102 0.0291892138800908
19.503999999999 -0.114527267397136 -2.438268411222 -0.227443750978807 1.30969603775019 -0.75834118434627 -0.00538376323676372
19.5280000000002 -0.170633754794594 -2.21874440397096 -0.134377794193711 1.20318117428838 -0.667700312560844 -0.0752465628562617
19.5450000000001 -0.226083666689576 -2.00223139568664 -0.141264340097678 1.16051821039577 -0.613674018551187 -0.0749176138540198
19.5839999999989 -0.140852930816038 -1.61444654935724 -0.252433736155012 0.970942964276661 -0.501417255685773 -0.133538990685117
19.6000000000004 -0.119709390723258 -1.51674758803313 -0.255237959497038 0.928186174654091 -0.44749309111968 -0.133446997814773
19.616 -0.217446382803814 -1.4956325023968 -0.256516058716954 0.928186174654091 -0.44749309111968 -0.133446997814773
19.6329999999998 -0.119709390723258 -1.51674758803313 -0.255237959497038 0.928186174654091 -0.44749309111968 -0.133446997814773
19.6970000000001 -0.175159302618269 -1.30023457974892 -0.262124505401005 0.853300990765767 -0.375563755561781 -0.168755316603343
19.7119999999995 -0.154015762525489 -1.2025356184248 -0.264928728743087 0.781148078026262 -0.389600965155018 -0.19267541972984
19.7279999999992 -0.111728682339916 -1.00713769577669 -0.270537175427137 0.738316410764948 -0.335763792836877 -0.192763599616533
19.7600000000002 -0.16717859423494 -0.790624687492482 -0.277423721331161 0.623298150191848 -0.296081360670998 -0.216894343649159
19.777 -0.146035054142146 -0.692925726168369 -0.280227944673186 0.580413720438413 -0.242305383131703 -0.217132570985223
19.7919999999995 -0.124891514049366 -0.595226764844369 -0.283032168015268 0.508246164174631 -0.256516775170151 -0.241147270037729
19.8079999999991 -0.103747973956587 -0.497527803520256 -0.285836391357293 0.508246164174631 -0.256516775170151 -0.241147270037729
19.8240000000005 -0.201484966037142 -0.476412717883932 -0.28711449057721 0.508246164174631 -0.256516775170151 -0.241147270037729
19.8400000000001 -0.201484966037142 -0.476412717883932 -0.28711449057721 0.508246164174631 -0.256516775170151 -0.241147270037729
19.857 -0.201484966037142 -0.476412717883932 -0.28711449057721 0.49752193862719 -0.22057751550136 -0.205992394735203
19.8719999999994 -0.201484966037142 -0.476412717883932 -0.28711449057721 0.494583869158615 -0.134803021827258 -0.217779017496591
19.9200000000001 -0.15985446135403 -0.278003796269218 -0.192770434572139 0.381170917715863 0.216051110070323 -0.172439312536581
19.9439999999995 -0.13871092126125 -0.180304834945218 -0.195574657914221 0.277985369007742 0.530800555654048 -0.163168163406522
19.9840000000004 -0.0964238410756764 0.0150930877028941 -0.201183104598272 0.20694493896479 0.827827381607023 -0.118865739641166
20.0239999999994 -0.0752803009828966 0.112792049026893 -0.203987327940354 0.160283910885 0.967079336278941 -0.13239154050972
20.0480000000007 -0.0752803009828966 0.112792049026893 -0.203987327940354 0.160283910885 0.967079336278941 -0.13239154050972
20.0640000000003 -0.0752803009828966 0.112792049026893 -0.203987327940354 0.170873811323619 0.931036339335788 -0.167221262604611
20.0889999999999 -0.0752803009828966 0.112792049026893 -0.203987327940354 0.141665376713937 0.862917372878675 -0.190823454058668
20.1360000000004 -0.0323366452949188 0.305178972708177 -0.309548277313525 0.0720061335370008 0.672033462655598 -0.34353726358019
20.1689999999999 0.065400346785637 0.284063887071852 -0.308270178093665 0.0210150305866691 0.585238602650705 -0.437749837215861
20.1839999999993 0.0865438868784167 0.381762848395852 -0.31107440143569 0.0317220975921364 0.549190599724537 -0.47256810632801
20.2080000000005 0.184280878958972 0.360647762759527 -0.309796302215773 -0.0298679714993534 0.498365912284095 -0.531871544714823
20.2559999999994 0.0865438868784167 0.381762848395852 -0.31107440143569 -0.0298679714993534 0.498365912284095 -0.531871544714823
20.271999999999 0.0865438868784167 0.381762848395852 -0.31107440143569 -0.01912800557094 0.462313976498216 -0.566678318434355
20.3130000000001 0.0865438868784167 0.381762848395852 -0.31107440143569 -0.0480960613176717 0.394118504065679 -0.590073870327994
20.3209999999999 0.0865438868784167 0.381762848395852 -0.31107440143569 -0.0480960613176717 0.394118504065679 -0.590073870327994
20.3760000000002 0.107687426971196 0.479461809719965 -0.313878624777715 -0.116774692265223 0.293776141804601 -0.601992514615762
20.4009999999998 0.108344002473629 0.476450810753249 -0.413831127466949 -0.105984826243671 0.257716296414025 -0.636791781113573
20.4319999999989 0.107687426971196 0.479461809719965 -0.313878624777715 -0.145712130177325 0.225572063158033 -0.625317386706572
20.4799999999996 0.108344002473629 0.476450810753249 -0.413831127466949 -0.145712130177325 0.225572063158033 -0.625317386706572
20.503999999999 0.108344002473629 0.476450810753249 -0.413831127466949 -0.188994896714367 0.278903508375994 -0.626324602893368
20.5200000000004 0.108344002473629 0.476450810753249 -0.413831127466949 -0.188994896714367 0.278903508375994 -0.626324602893368
20.5360000000001 0.108344002473629 0.476450810753249 -0.413831127466949 -0.188994896714367 0.278903508375994 -0.626324602893368
20.5920000000006 0.107687426971196 0.479461809719965 -0.313878624777715 -0.199790826655437 0.314979987001949 -0.591563697161618
20.616 0.108344002473629 0.476450810753249 -0.413831127466949 -0.199790826655437 0.314979987001949 -0.591563697161618
20.6479999999992 0.108344002473629 0.476450810753249 -0.413831127466949 -0.199790826655437 0.314979987001949 -0.591563697161618
20.6970000000001 0.108344002473629 0.476450810753249 -0.413831127466949 -0.170845644753959 0.383193268588405 -0.568257040785962
20.7199999999993 0.184937454461405 0.357636763792812 -0.409748804905007 -0.131122005106707 0.415331600287484 -0.579691850773859
20.735999999999 0.184937454461405 0.357636763792812 -0.409748804905007 -0.0914069354233997 0.447475712272325 -0.591116274547364
20.7600000000002 0.261530906449181 0.238822716832487 -0.405666482343065 -0.0624477240824924 0.515683048180362 -0.567741394323249
20.777 0.261530906449181 0.238822716832487 -0.405666482343065 -0.0624477240824924 0.515683048180362 -0.567741394323249
20.7849999999999 0.260874330946749 0.241833715799203 -0.305713979653831 -0.0227420032499305 0.547831810434287 -0.579133539912615
20.7999999999993 0.261530906449181 0.238822716832487 -0.405666482343065 -0.0227420032499305 0.547831810434287 -0.579133539912615
20.8240000000005 0.261530906449181 0.238822716832487 -0.405666482343065 -0.0227420032499305 0.547831810434287 -0.579133539912615
20.8400000000001 0.261530906449181 0.238822716832487 -0.405666482343065 -0.0227420032499305 0.547831810434287 -0.579133539912615
20.8649999999998 0.338124358436943 0.120008669872163 -0.401584159781123 -0.0120024580734542 0.511781250158432 -0.613933986535467
20.887999999999 0.33746778293451 0.123019668838879 -0.301631657091889 0.0276869735242441 0.543942662604494 -0.625327286268443
20.9120000000003 0.316324242841759 0.0253207075148794 -0.298827433749807 0.0710290612876929 0.49057919477176 -0.624303321542755
20.9290000000001 0.295837278251412 -0.0753892527758353 -0.395975713097016 0.121454830404733 0.486721586137951 -0.670551638920109
20.9439999999995 0.372430730239174 -0.194203299736273 -0.391893390535074 0.182609970087141 0.446880587733812 -0.751710219383348
20.9519999999993 0.372430730239174 -0.194203299736273 -0.391893390535074 0.182609970087141 0.446880587733812 -0.751710219383348
20.9679999999989 0.351287190146394 -0.291902261060272 -0.389089167193049 0.193363484633165 0.410877638521536 -0.786607870401877
20.9840000000004 0.351943765648826 -0.294913260027101 -0.489041669882283 0.193363484633165 0.410877638521536 -0.786607870401877
21 0.351943765648826 -0.294913260027101 -0.489041669882283 0.243761156122534 0.407090131428159 -0.832940221659493
21.0169999999998 0.351943765648826 -0.294913260027101 -0.489041669882283 0.243761156122534 0.407090131428159 -0.832940221659493
21.0720000000001 0.428537217636602 -0.413727306987425 -0.484959347320284 0.287121304425674 0.353752545999194 -0.832125683182623
21.0959999999995 0.407393677543837 -0.511426268311311 -0.482155123978259 0.297886700600132 0.31777499994506 -0.867079605248033
21.1440000000002 0.421213084755692 -0.926348198210576 -0.569612634079306 0.44574679702304 0.171397806781091 -0.947185221495427
21.1759999999995 0.378926004570161 -1.12174612085857 -0.564004187395199 0.539478246841187 0.114351923511516 -0.99317612650215
21.2330000000002 0.336638924384587 -1.31714404350669 -0.558395740711092 0.582783048456443 0.0609823608283486 -0.992708978808722
21.2489999999998 0.336638924384587 -1.31714404350669 -0.558395740711092 0.582783048456443 0.0609823608283486 -0.992708978808722
21.2639999999992 0.336638924384587 -1.31714404350669 -0.558395740711092 0.582783048456443 0.0609823608283486 -0.992708978808722
21.3209999999999 0.349801756094038 -1.72905497443901 -0.545900748123017 0.629672529976842 -0.0780441558539239 -0.980451882588398
21.3359999999993 0.328658216001259 -1.82675393576312 -0.543096524780992 0.672905747306656 -0.131462075633226 -0.980149277716669
21.351999999999 0.286371135815713 -2.02215185841112 -0.537488078096885 0.716118701158992 -0.184896623178709 -0.979903554043532
21.4079999999994 0.22294051553736 -2.31524874238323 -0.529075408070753 0.770124140365258 -0.274210738073149 -1.0149577303471
21.4319999999989 0.22294051553736 -2.31524874238323 -0.529075408070753 0.770124140365258 -0.274210738073149 -1.0149577303471
21.4879999999994 0.180653435351829 -2.51064666503123 -0.523466961386703 0.842183514808982 -0.259585550961065 -0.991101390336722
21.5120000000006 0.256590311837158 -2.62644971302484 -0.419432136135583 0.914254584276472 -0.245004608380137 -0.967236912023132
21.5529999999999 0.193816267061251 -2.92255759596367 -0.510971968798572 1.01870463575746 -0.248196082416366 -0.90801150444177
21.5839999999989 0.150872611373273 -3.11494451964495 -0.405411019425401 1.10155774373324 -0.269546244236749 -0.919524402034068
21.6329999999998 0.129729071280494 -3.21264348096906 -0.402606796083319 1.14128619753349 -0.237321654174281 -0.930992583085132
21.655999999999 0.129729071280494 -3.21264348096906 -0.402606796083319 1.14128619753349 -0.237321654174281 -0.930992583085132
21.6640000000007 0.129729071280494 -3.21264348096906 -0.402606796083319 1.14128619753349 -0.237321654174281 -0.930992583085132
21.6800000000003 0.1085855311877 -3.31034244229306 -0.399802572741294 1.16290977424875 -0.219337878237456 -0.860257447437467
21.7440000000006 0.0451549109093889 -3.60343932626506 -0.391389902715162 1.28153534442232 -0.255133042093429 -0.683554848203081
