Time(s) x(mm) y(mm) z(mm) rx(deg) ry(deg) rz(deg)
0 -0.0314240701222701 0.00154361123401259 28.2419724903392 0 9.93923337957349E-17 2.23632751040404E-16
0 -0.0282338082768945 -0.0283813613850725 27.9434857766599 0 9.93923337957349E-17 2.23632751040404E-16
0.0159999999999627 -0.0261069670466298 -0.0483313431311672 27.7444946342069 0 9.93923337957349E-17 2.23632751040404E-16
0.0240000000000009 -0.0192610333445629 0.0311140109635062 27.5355889882696 0 9.93923337957349E-17 2.23632751040404E-16
0.0399999999999636 -0.0150073508840478 -0.00878595252868308 27.1376067033639 0 9.93923337957349E-17 2.23632751040404E-16
0.0570000000000164 -0.011817089038658 -0.038710925147825 26.8391199896845 0 9.93923337957349E-17 2.23632751040404E-16
0.0720000000000027 -0.000717472876075931 0.000834465454659039 26.2322320588412 0 9.93923337957349E-17 2.23632751040404E-16
0.0879999999999654 0.0103821432865061 0.0403798560571431 25.6253441279981 0 9.93923337957349E-17 2.23632751040404E-16
0.105000000000018 0.0167626669772716 -0.0194700891811408 25.0283707006394 0 9.93923337957349E-17 2.23632751040404E-16
0.120000000000005 0.0257354419096032 0.0400252831674379 24.6204739122491 0 9.93923337957349E-17 2.23632751040404E-16
0.135999999999967 0.0299891243701182 0.000125319675248647 24.2224916273432 0 9.93923337957349E-17 2.23632751040404E-16
0.15300000000002 0.0321159656003829 -0.019824662070846 24.0235004848903 0 9.93923337957349E-17 2.23632751040404E-16
0.168000000000006 0.0321159656003829 -0.019824662070846 24.0235004848903 0 9.93923337957349E-17 2.23632751040404E-16
0.183999999999969 0.0321159656003829 -0.019824662070846 24.0235004848903 0 9.93923337957349E-17 2.23632751040404E-16
0.201000000000022 0.0310525449852435 -0.00984967119779867 24.1229960561168 0 9.93923337957349E-17 2.23632751040404E-16
0.240000000000009 0.024672021294478 0.0500002740404852 24.7199694834755 0 9.93923337957349E-17 2.23632751040404E-16
0.336000000000013 -0.0213878745748133 0.0510639927096008 27.7345801307225 0 9.93923337957349E-17 2.23632751040404E-16
0.384000000000015 -0.0235147158050779 0.0710139744556955 27.9335712731755 0 9.93923337957349E-17 2.23632751040404E-16
0.456000000000017 -0.0478407893605066 0.0118731749967651 29.3463382773148 0 9.93923337957349E-17 2.23632751040404E-16
0.47199999999998 -0.0531578924361469 0.0617481293620017 29.843816133447 0 9.93923337957349E-17 2.23632751040404E-16
0.513000000000034 -0.0785473866067008 0.0125823207761755 31.3560787088128 0 9.93923337957349E-17 2.23632751040404E-16
0.552000000000021 0.0149550176874129 0.0678424108767786 31.9545798557066 0 9.93923337957349E-17 2.23632751040404E-16
0.609000000000037 0.0138915970722735 0.0778174017498259 32.0540754269331 0 9.93923337957349E-17 2.23632751040404E-16
0.648000000000025 -0.00618079402264016 -0.0212233612012369 33.0688601461666 0 9.93923337957349E-17 2.23632751040404E-16
0.687999999999988 -0.0268511957213775 0.0290061660537049 34.5712082180478 0 9.93923337957349E-17 2.23632751040404E-16
0.728000000000065 -0.0422044943444746 0.0293607389434101 35.5760784337969 0 9.93923337957349E-17 2.23632751040404E-16
0.73599999999999 -0.0453947561898644 0.059285711562552 35.8745651474762 0 9.93923337957349E-17 2.23632751040404E-16
0.783999999999992 0.053424751179918 0.0646708472980322 35.9755884382379 0 9.93923337957349E-17 2.23632751040404E-16
0.816000000000031 0.0455153968627116 -0.00479951592365069 36.2839896554016 0 9.93923337957349E-17 2.23632751040404E-16
0.831999999999994 0.0423251350173359 0.0251254566954913 36.582476369081 0 9.93923337957349E-17 2.23632751040404E-16
0.879999999999995 0.0158722202316426 -0.0140653610172308 38.1942345156732 0 9.93923337957349E-17 2.23632751040404E-16
0.913000000000011 -0.00160791962170492 0.00623919361851222 39.3980958738751 0 9.93923337957349E-17 2.23632751040404E-16
0.967999999999961 -0.012707535784287 -0.0333061969839719 40.0049838047183 0 9.93923337957349E-17 2.23632751040404E-16
1 -0.00798844331248461 0.0660891388567393 39.9950693012339 0 9.93923337957349E-17 2.23632751040404E-16
1.03999999999996 -0.0291242550225235 -0.0229766332212193 41.1093495916938 0 9.93923337957349E-17 2.23632751040404E-16
1.072 -0.0376316199435536 0.0568232937631592 41.9053141615054 0 9.93923337957349E-17 2.23632751040404E-16
1.12900000000002 0.0347349726405497 0.0230176117857468 43.6180955988592 0 9.93923337957349E-17 2.23632751040404E-16
1.15999999999997 0.0257621977082181 -0.0364777605628319 44.0259923872495 0 9.93923337957349E-17 2.23632751040404E-16
1.19200000000001 0.0304812901800489 0.0629175752779361 44.016077883765 0 9.93923337957349E-17 2.23632751040404E-16
1.22500000000002 0.021508515247703 0.00342220292935735 44.4239746721553 0 9.93923337957349E-17 2.23632751040404E-16
1.27999999999997 -0.00707124076824073 -0.0158186330373269 46.2347239612004 0 9.93923337957349E-17 2.23632751040404E-16
1.30399999999997 -0.0213611187762126 -0.0254390510207259 47.140098605723 0 9.93923337957349E-17 2.23632751040404E-16
1.32100000000003 -0.0245513806216024 0.00448592159835925 47.4385853194024 0 9.93923337957349E-17 2.23632751040404E-16
1.36000000000001 -0.0309319043123679 0.0643358668366432 48.0355587467611 0 9.93923337957349E-17 2.23632751040404E-16
1.39300000000003 -0.0298684836972427 0.0543608759635958 47.9360631755346 0 9.93923337957349E-17 2.23632751040404E-16
1.40800000000002 -0.0319953249274931 0.0743108577096905 48.1350543179875 0 9.93923337957349E-17 2.23632751040404E-16
1.45600000000002 -0.0531311366375462 -0.0147549143682681 49.2493346084475 0 9.93923337957349E-17 2.23632751040404E-16
1.48000000000002 -0.0637653427888267 0.084994994362205 50.244290320712 0 9.93923337957349E-17 2.23632751040404E-16
1.49599999999998 0.0202988765616965 -0.058535587218671 50.8626204745748 0 9.93923337957349E-17 2.23632751040404E-16
1.50400000000002 0.0171086147163066 -0.0286106145995291 51.1611071882542 0 9.93923337957349E-17 2.23632751040404E-16
1.51999999999998 0.0128549322557916 0.0112893488926602 51.55908947316 0 9.93923337957349E-17 2.23632751040404E-16
1.57600000000002 0.00860124979529076 0.0511893123848495 51.9570717580658 0 9.93923337957349E-17 2.23632751040404E-16
1.60000000000002 0.00753782918015133 0.0611643032578968 52.0565673292923 0 9.93923337957349E-17 2.23632751040404E-16
1.61599999999999 0.00541098794990091 0.0811142850039914 52.2555584717451 0 9.93923337957349E-17 2.23632751040404E-16
1.67200000000003 -0.0210419268357924 0.0419234672912125 53.8673166183373 0 9.93923337957349E-17 2.23632751040404E-16
1.69600000000003 0.0587686100542015 -0.0617071507974742 54.883629057106 0 9.93923337957349E-17 2.23632751040404E-16
1.70500000000004 -0.0443045797760817 -0.0271923230407083 55.1805880512502 0 9.93923337957349E-17 2.23632751040404E-16
1.75999999999999 0.0470709832877958 0.0480177488060463 55.978080340597 0 9.93923337957349E-17 2.23632751040404E-16
1.78399999999999 0.0470709832877958 0.0480177488060463 55.978080340597 0 9.93923337957349E-17 2.23632751040404E-16
1.79999999999995 -0.0528119446971118 0.0526076039436703 55.9765526210618 0 9.93923337957349E-17 2.23632751040404E-16
1.84799999999996 0.0306542640495735 0.0583473125687419 57.0824461275725 0 9.93923337957349E-17 2.23632751040404E-16
1.86400000000003 0.0206180685020882 0.00882693109321053 57.5898384871892 0 9.93923337957349E-17 2.23632751040404E-16
1.88 0.00526476987900537 0.00918150398297257 58.5947087029382 0 9.93923337957349E-17 2.23632751040404E-16
1.928 -0.0111519493592169 0.0195110677456114 59.6990744899136 0 9.93923337957349E-17 2.23632751040404E-16
1.952 -0.0132787905894673 0.039461049491706 59.8980656323665 0 9.93923337957349E-17 2.23632751040404E-16
1.96100000000001 -0.0143422112046068 0.0494360403647534 59.997561203593 0 9.93923337957349E-17 2.23632751040404E-16
2 -0.0122153699743421 0.0294860586186587 59.7985700611401 0 9.93923337957349E-17 2.23632751040404E-16
2.024 -0.0100885287440917 0.00953607687256408 59.5995789186872 0 9.93923337957349E-17 2.23632751040404E-16
2.03300000000002 -0.00583484628357667 -0.0303638866196252 59.2015966337814 0 9.93923337957349E-17 2.23632751040404E-16
2.08799999999997 0.0216814891172277 -0.00114805977983679 57.4903429159627 0 9.93923337957349E-17 2.23632751040404E-16
2.11199999999997 0.0338445258949491 0.0284223399496 56.7839594138931 0 9.93923337957349E-17 2.23632751040404E-16
2.15999999999997 0.041288470200854 -0.0414025961617313 56.087490415308 0 9.93923337957349E-17 2.23632751040404E-16
2.17700000000002 0.041288470200854 -0.0414025961617313 56.087490415308 0 9.93923337957349E-17 2.23632751040404E-16
2.19200000000001 0.041288470200854 -0.0414025961617313 56.087490415308 0 9.93923337957349E-17 2.23632751040404E-16
2.24900000000002 0.0634877025260039 0.0376881850432369 54.8737145536215 0 9.93923337957349E-17 2.23632751040404E-16
2.26400000000001 0.0688048056016441 -0.0121867693219428 54.3762366974893 0 9.93923337957349E-17 2.23632751040404E-16
2.27999999999997 -0.019978506220653 0.0319484764181652 53.7678210471109 0 9.93923337957349E-17 2.23632751040404E-16
2.32100000000003 -0.00143494575219449 0.00166893090931808 52.4644641176826 0 9.93923337957349E-17 2.23632751040404E-16
2.33600000000001 0.000691895478070137 -0.0182810508367766 52.2654729752296 0 9.93923337957349E-17 2.23632751040404E-16
2.35199999999998 0.00281873670832056 -0.0382310325828712 52.0664818327767 0 9.93923337957349E-17 2.23632751040404E-16
2.39999999999998 0.00388215732345998 -0.0482060234559185 51.9669862615503 0 9.93923337957349E-17 2.23632751040404E-16
2.42399999999998 0.013918352870931 0.00131435801961288 51.4595939019335 0 9.93923337957349E-17 2.23632751040404E-16
2.43200000000002 0.0228911278032484 0.0608097303681916 51.0516971135432 0 9.93923337957349E-17 2.23632751040404E-16
2.48000000000002 0.0414346882717211 0.0305301848594013 49.7483401841149 0 9.93923337957349E-17 2.23632751040404E-16
2.49599999999998 0.0535977250494568 0.060100584588838 49.0419566820453 0 9.93923337957349E-17 2.23632751040404E-16
2.54399999999998 0.0642319312007373 -0.0396493241416351 48.0470009697808 0 9.93923337957349E-17 2.23632751040404E-16
2.56799999999998 0.0652953518158625 -0.0496243150146825 47.9475053985543 0 9.93923337957349E-17 2.23632751040404E-16
2.58500000000004 -0.0356509967841703 -0.035059469004068 48.0454732502456 0 9.93923337957349E-17 2.23632751040404E-16
2.62400000000002 -0.0245513806216024 0.00448592159835925 47.4385853194024 0 9.93923337957349E-17 2.23632751040404E-16
2.63999999999999 -0.0134517644590062 0.0440313122009002 46.8316973885591 0 9.93923337957349E-17 2.23632751040404E-16
2.65700000000004 -0.0113249232287558 0.0240813304548624 46.6327062461062 0 9.93923337957349E-17 2.23632751040404E-16
2.70500000000004 0.017254832787188 0.0433221664215466 44.8219569570611 0 9.93923337957349E-17 2.23632751040404E-16
2.72800000000007 0.021508515247703 0.00342220292935735 44.4239746721553 0 9.93923337957349E-17 2.23632751040404E-16
2.77599999999995 0.0268256183233433 -0.0464527514358792 43.9264968160231 0 9.93923337957349E-17 2.23632751040404E-16
2.79200000000003 0.0257621977082181 -0.0364777605628319 44.0259923872495 0 9.93923337957349E-17 2.23632751040404E-16
2.84799999999996 0.0421789169464546 -0.0468073243255276 42.9216266002741 0 9.93923337957349E-17 2.23632751040404E-16
2.87199999999996 0.0554053743392871 -0.027211915469195 42.1157475269779 0 9.93923337957349E-17 2.23632751040404E-16
2.91300000000001 -0.0190880594750524 0.0265437482543121 40.601957232077 0 9.93923337957349E-17 2.23632751040404E-16
2.928 -0.016961218244802 0.00659376650821741 40.4029660896241 0 9.93923337957349E-17 2.23632751040404E-16
2.94399999999996 0.0861119715854954 -0.0279210612485485 40.10600709548 0 9.93923337957349E-17 2.23632751040404E-16
2.98500000000001 -0.012707535784287 -0.0333061969839719 40.0049838047183 0 9.93923337957349E-17 2.23632751040404E-16
3.00900000000001 -0.0116441151691475 -0.0432811878570192 39.9054882334918 0 9.93923337957349E-17 2.23632751040404E-16
3.06399999999996 0.0137453790013922 0.00588462072886387 38.3932256581261 0 9.93923337957349E-17 2.23632751040404E-16
3.08100000000002 0.0259084157790994 0.0354550204582438 37.6868421560565 0 9.93923337957349E-17 2.23632751040404E-16
3.096 0.0370080319416957 0.0750004110607279 37.0799542252133 0 9.93923337957349E-17 2.23632751040404E-16
3.14400000000001 0.0476422380929762 -0.0247494976697453 36.0849985129487 0 9.93923337957349E-17 2.23632751040404E-16
3.16800000000001 0.0487056587081014 -0.0347244885427926 35.9855029417224 0 9.93923337957349E-17 2.23632751040404E-16
3.21600000000001 0.0518959205534912 -0.0646494611619346 35.687016228043 0 9.93923337957349E-17 2.23632751040404E-16
3.23199999999997 0.0608686954858086 -0.0051540888132422 35.2791194396526 0 9.93923337957349E-17 2.23632751040404E-16
3.24900000000002 -0.0347605500385839 -0.0404641971678643 34.8796094352117 0 9.93923337957349E-17 2.23632751040404E-16
3.30399999999997 0.00066513967944104 0.0582219928934364 32.8599545002292 0 9.93923337957349E-17 2.23632751040404E-16
3.32100000000003 0.00385540152481667 0.0282970202742945 32.5614677865498 0 9.93923337957349E-17 2.23632751040404E-16
3.37599999999998 0.0102359252155964 -0.0315529249639894 31.9644943591911 0 9.93923337957349E-17 2.23632751040404E-16
3.40800000000002 0.0112993458307216 -0.0415279158370367 31.8649987879646 0 9.93923337957349E-17 2.23632751040404E-16
3.44799999999998 0.0313717369256352 0.0575128471140829 30.8502140687312 0 9.93923337957349E-17 2.23632751040404E-16
3.47199999999998 0.0388156812315259 -0.0123120889972483 30.153745070146 0 9.93923337957349E-17 2.23632751040404E-16
3.50400000000002 0.0620783341718294 0.0568037013346725 28.8404736372332 0 9.93923337957349E-17 2.23632751040404E-16
3.52800000000002 0.0663320166323444 0.0169037378424832 28.4424913523274 0 9.93923337957349E-17 2.23632751040404E-16
3.57600000000002 0.0716491197079847 -0.0329712165226965 27.9450134961951 0 9.93923337957349E-17 2.23632751040404E-16
3.60000000000002 0.0716491197079847 -0.0329712165226965 27.9450134961951 0 9.93923337957349E-17 2.23632751040404E-16
3.60900000000004 0.0737759609382493 -0.0529211982687912 27.7460223537421 0 9.93923337957349E-17 2.23632751040404E-16
3.65700000000004 -0.00497115533659098 0.0407344289468483 26.6302143437471 0 9.93923337957349E-17 2.23632751040404E-16
3.67200000000003 0.000345947739049279 -0.00914052541838828 26.1327364876148 0 9.93923337957349E-17 2.23632751040404E-16
3.68799999999999 0.0125089845167707 0.0204298743110485 25.4263529855452 0 9.93923337957349E-17 2.23632751040404E-16
3.74400000000003 0.0310525449852435 -0.00984967119779867 24.1229960561168 0 9.93923337957349E-17 2.23632751040404E-16
3.75999999999999 0.0321159656003829 -0.019824662070846 24.0235004848903 0 9.93923337957349E-17 2.23632751040404E-16
3.77599999999995 0.0321159656003829 -0.019824662070846 24.0235004848903 0 9.93923337957349E-17 2.23632751040404E-16
3.81600000000003 0.0353062274457585 -0.0497496346899879 23.725013771211 0 9.93923337957349E-17 2.23632751040404E-16
3.83199999999999 0.0442790023780901 0.00974573765864761 23.3171169828207 0 9.93923337957349E-17 2.23632751040404E-16
3.84799999999996 0.054315197925547 0.0592661191341222 22.809724623204 0 9.93923337957349E-17 2.23632751040404E-16
3.904 -0.0148611328131807 0.0631468284923358 20.7984564721708 0 9.93923337957349E-17 2.23632751040404E-16
3.91999999999996 -0.0116708709678051 0.0332218558731938 20.4999697584914 0 9.93923337957349E-17 2.23632751040404E-16
3.976 -0.0063537678921648 -0.0166530984920428 20.0024919023591 0 9.93923337957349E-17 2.23632751040404E-16
3.99199999999996 -0.0063537678921648 -0.0166530984920428 20.0024919023591 0 9.93923337957349E-17 2.23632751040404E-16
4.00900000000001 -0.00422692666190017 -0.0366030802380806 19.8035007599062 0 9.93923337957349E-17 2.23632751040404E-16
4.048 0.0169088850481387 0.0524626918399349 18.6892204694463 0 9.93923337957349E-17 2.23632751040404E-16
4.072 0.0232894087389042 -0.007387253398349 18.0922470420876 0 9.93923337957349E-17 2.23632751040404E-16
4.08100000000002 0.0354524455166256 0.0221831463310309 17.385863540018 0 9.93923337957349E-17 2.23632751040404E-16
4.12900000000002 -0.0480137632300313 0.0164434377059024 16.2799700335074 0 9.93923337957349E-17 2.23632751040404E-16
4.15300000000002 0.0550594266002378 -0.0180713900508067 15.9830110393631 0 9.93923337957349E-17 2.23632751040404E-16
4.16800000000001 0.0550594266002378 -0.0180713900508067 15.9830110393631 0 9.93923337957349E-17 2.23632751040404E-16
4.21600000000001 0.0582496884456276 -0.0479963626699487 15.6845243256838 0 9.93923337957349E-17 2.23632751040404E-16
4.23199999999997 0.0693493046082097 -0.00845097206740775 15.0776363948406 0 9.93923337957349E-17 2.23632751040404E-16
4.24900000000002 0.0714761458384601 -0.0284009538135024 14.8786452523877 0 9.93923337957349E-17 2.23632751040404E-16
4.31200000000001 0.00914574880184205 0.0549251096393846 12.6584714554171 0 9.93923337957349E-17 2.23632751040404E-16
4.33600000000001 0.0133994312623571 0.0150251461471953 12.2604891705113 0 9.93923337957349E-17 2.23632751040404E-16
4.34500000000003 0.0144628518774823 0.00505015527414798 12.1609935992848 0 9.93923337957349E-17 2.23632751040404E-16
4.36000000000001 0.0165896931077469 -0.0148998264719467 11.9620024568319 0 9.93923337957349E-17 2.23632751040404E-16
4.37599999999998 0.0165896931077469 -0.0148998264719467 11.9620024568319 0 9.93923337957349E-17 2.23632751040404E-16
4.39300000000003 0.0165896931077469 -0.0148998264719467 11.9620024568319 0 9.93923337957349E-17 2.23632751040404E-16
4.40800000000002 0.0176531137228721 -0.024874817344994 11.8625068856055 0 9.93923337957349E-17 2.23632751040404E-16
4.45600000000002 0.0430426078934403 0.0242909912408891 10.3502443102398 0 9.93923337957349E-17 2.23632751040404E-16
4.48000000000002 0.0494231315842057 -0.0355589539973948 9.75327088288105 0 9.93923337957349E-17 2.23632751040404E-16
4.49599999999998 -0.0393601802381198 0.00857629174259955 9.14485523250266 0 9.93923337957349E-17 2.23632751040404E-16
4.55200000000002 0.0769394669850243 -0.00634312715766328 8.04201716506242 0 9.93923337957349E-17 2.23632751040404E-16
4.56799999999998 -0.0218800403847581 -0.0117282628931434 7.94099387430072 0 9.93923337957349E-17 2.23632751040404E-16
4.58500000000004 -0.0107804242221761 0.0278171277093406 7.33410594345759 0 9.93923337957349E-17 2.23632751040404E-16
4.66399999999999 0.00350945378581002 0.0374375456926828 6.42873129893496 0 9.93923337957349E-17 2.23632751040404E-16
4.67200000000003 0.106582643616093 0.00292271793597365 6.13177230479073 0 9.93923337957349E-17 2.23632751040404E-16
4.72800000000007 0.03421605103199 0.0367283999133292 4.418990867437 0 9.93923337957349E-17 2.23632751040404E-16
4.74400000000003 0.0374063128773656 0.00680342729418726 4.12050415375762 0 9.93923337957349E-17 2.23632751040404E-16
4.75999999999999 0.0395331541076303 -0.0131465544519074 3.92151301130474 0 9.93923337957349E-17 2.23632751040404E-16
4.81600000000003 0.0416599953378807 -0.033096536198002 3.7225218688518 0 9.93923337957349E-17 2.23632751040404E-16
4.83199999999999 0.0506327702702265 0.0263988361505767 3.31462508046155 0 9.93923337957349E-17 2.23632751040404E-16
4.84799999999996 0.0548864527307416 -0.0135011273416126 2.91664279555573 0 9.93923337957349E-17 2.23632751040404E-16
4.904 -0.0142898780079861 -0.00962041798334212 0.905374644522567 0 9.93923337957349E-17 2.23632751040404E-16
4.91999999999996 -0.00531710307564026 0.0498749543652366 0.497477856132264 0 9.93923337957349E-17 2.23632751040404E-16
4.94399999999996 -0.00106342061512521 0.00997499087304732 0.0994955712263845 0 9.93923337957349E-17 2.23632751040404E-16
4.96100000000001 0.00106342061513942 -0.00997499087304732 -0.0994955712264982 0 9.93923337957349E-17 2.23632751040404E-16
5 -0.00106342061512521 0.00997499087304732 0.0994955712263845 0 9.93923337957349E-17 2.23632751040404E-16
5.024 -0.00425368246051505 0.0398999634921893 0.397982284905765 0 9.93923337957349E-17 2.23632751040404E-16
5.03300000000002 -0.00744394430589068 0.0698249361113312 0.696468998585146 0 9.93923337957349E-17 2.23632751040404E-16
5.08100000000002 0.068112910123574 0.00609428151472002 2.11076372225961 0 9.93923337957349E-17 2.23632751040404E-16
5.10500000000002 -0.0471233164844165 0.0110387095421061 3.11410621847347 0 9.93923337957349E-17 2.23632751040404E-16
5.12 0.0495693496551013 0.036373827023624 3.41412065168799 0 9.93923337957349E-17 2.23632751040404E-16
5.16800000000001 0.038469733492505 -0.00317156357886006 4.02100858253118 0 9.93923337957349E-17 2.23632751040404E-16
5.18399999999997 -0.0556306814054466 0.0908386365264846 3.91007078828511 0 9.93923337957349E-17 2.23632751040404E-16
5.22500000000002 0.03421605103199 0.0367283999133292 4.418990867437 0 9.93923337957349E-17 2.23632751040404E-16
5.24000000000001 0.0220530142542827 0.00715800018383561 5.12537436950663 0 9.93923337957349E-17 2.23632751040404E-16
5.25599999999997 0.0199261730240323 0.0271079819299302 5.32436551195957 0 9.93923337957349E-17 2.23632751040404E-16
5.31200000000001 -0.0107804242221761 0.0278171277093406 7.33410594345759 0 9.93923337957349E-17 2.23632751040404E-16
5.33600000000001 -0.0197531991544935 -0.0316782446392381 7.74200273184783 0 9.93923337957349E-17 2.23632751040404E-16
5.34500000000003 -0.0218800403847581 -0.0117282628931434 7.94099387430072 0 9.93923337957349E-17 2.23632751040404E-16
5.39999999999998 -0.018224368528081 0.0976420638206719 8.03057494204273 0 9.93923337957349E-17 2.23632751040404E-16
5.41700000000003 -0.0250703022301337 0.0181967097259985 8.2394805879801 0 9.93923337957349E-17 2.23632751040404E-16
5.43200000000002 -0.0340430771624796 -0.0412986626225802 8.6473773763704 0 9.93923337957349E-17 2.23632751040404E-16
5.48000000000002 0.0441060285085655 0.0143160003678418 10.2507487390133 0 9.93923337957349E-17 2.23632751040404E-16
5.50400000000002 -0.070066777484314 0.00928543752200994 11.1545956640007 0 9.93923337957349E-17 2.23632751040404E-16
5.51999999999998 0.026625888655218 0.0346205550035847 11.4546100972152 0 9.93923337957349E-17 2.23632751040404E-16
5.56799999999998 0.0155262724926075 -0.00492483559889934 12.0614980280584 0 9.93923337957349E-17 2.23632751040404E-16
5.59199999999998 0.0165896931077469 -0.0148998264719467 11.9620024568319 0 9.93923337957349E-17 2.23632751040404E-16
5.60900000000004 0.0144628518774823 0.00505015527414798 12.1609935992848 0 9.93923337957349E-17 2.23632751040404E-16
5.64800000000002 0.00017297386952464 -0.00457026270925098 13.0663682438074 0 9.93923337957349E-17 2.23632751040404E-16
5.66399999999999 -0.0130534835233078 -0.0241656715656404 13.8722473171035 0 9.93923337957349E-17 2.23632751040404E-16
5.71199999999999 -0.0326604646069342 0.0160888648163109 15.2750998177584 0 9.93923337957349E-17 2.23632751040404E-16
5.72800000000007 -0.0358507264523098 0.0460138374354528 15.5735865314377 0 9.93923337957349E-17 2.23632751040404E-16
5.74400000000003 -0.0390409882976996 0.0759388100545948 15.872073245117 0 9.93923337957349E-17 2.23632751040404E-16
5.79200000000003 -0.0401044089128249 0.0859138009276421 15.9715688163435 0 9.93923337957349E-17 2.23632751040404E-16
5.80799999999999 -0.0411678295279501 0.0958887918006894 16.0710643875699 0 9.93923337957349E-17 2.23632751040404E-16
5.82399999999996 -0.0490771838451565 0.0264184285789497 16.3794656047338 0 9.93923337957349E-17 2.23632751040404E-16
5.86400000000003 -0.0665573236985182 0.0467229832147495 17.5833269629357 0 9.93923337957349E-17 2.23632751040404E-16
5.88 0.022225988123779 0.00258773747469832 18.191742613314 0 9.93923337957349E-17 2.23632751040404E-16
5.904 0.00793611011580708 -0.00703268050870065 19.0971172578366 0 9.93923337957349E-17 2.23632751040404E-16
5.952 -0.00057125480522302 0.0727672464756779 19.8930818276482 0 9.93923337957349E-17 2.23632751040404E-16
5.96799999999996 -0.0063537678921648 -0.0166530984920428 20.0024919023591 0 9.93923337957349E-17 2.23632751040404E-16
5.98500000000001 -0.00163467542034823 0.0827422373487252 19.9925773988746 0 9.93923337957349E-17 2.23632751040404E-16
6.024 -0.0116708709678051 0.0332218558731938 20.4999697584914 0 9.93923337957349E-17 2.23632751040404E-16
6.03999999999996 -0.0206436459001367 -0.0262735164753849 20.9078665468818 0 9.93923337957349E-17 2.23632751040404E-16
6.05700000000002 -0.0259607489757769 0.0236014378898517 21.4053444030141 0 9.93923337957349E-17 2.23632751040404E-16
6.12 0.0421521611478397 0.0296957194047422 23.5161081252736 0 9.93923337957349E-17 2.23632751040404E-16
6.13599999999997 0.0400253199175751 0.04964570115078 23.7150992677265 0 9.93923337957349E-17 2.23632751040404E-16
6.15300000000002 0.0331793862155081 -0.0297996529438365 23.9240049136639 0 9.93923337957349E-17 2.23632751040404E-16
6.20100000000002 0.0310525449852435 -0.00984967119779867 24.1229960561168 0 9.93923337957349E-17 2.23632751040404E-16
6.22500000000002 0.0278622831398678 0.0200753014213433 24.4214827697962 0 9.93923337957349E-17 2.23632751040404E-16
6.24000000000001 0.0188895082075362 -0.0394200709272354 24.8293795581864 0 9.93923337957349E-17 2.23632751040404E-16
6.28800000000001 -0.00390773472146577 0.030759438073801 26.5307187725206 0 9.93923337957349E-17 2.23632751040404E-16
6.31200000000001 -0.0171341921143124 0.0111640292174116 27.3365978458168 0 9.93923337957349E-17 2.23632751040404E-16
6.32799999999997 -0.0203244539596881 0.0410890018365535 27.6350845594961 0 9.93923337957349E-17 2.23632751040404E-16
6.37599999999998 -0.0292972288920197 -0.018406370512082 28.0429813478863 0 9.93923337957349E-17 2.23632751040404E-16
6.39300000000003 -0.0235147158050779 0.0710139744556955 27.9335712731755 0 9.93923337957349E-17 2.23632751040404E-16
6.40800000000002 -0.0256415570353283 0.0909639562017901 28.1325624156284 0 9.93923337957349E-17 2.23632751040404E-16
6.44799999999998 -0.0478407893605066 0.0118731749967651 29.3463382773148 0 9.93923337957349E-17 2.23632751040404E-16
6.47199999999998 0.0420059430769157 -0.0422370616163903 29.8552583564667 0 9.93923337957349E-17 2.23632751040404E-16
6.51999999999998 0.0181452795327886 0.0379174382576366 31.6560931420273 0 9.93923337957349E-17 2.23632751040404E-16
6.55200000000002 0.0102359252155964 -0.0315529249639894 31.9644943591911 0 9.93923337957349E-17 2.23632751040404E-16
6.58500000000004 0.0149550176874129 0.0678424108767786 31.9545798557066 0 9.93923337957349E-17 2.23632751040404E-16
6.60900000000004 0.0138915970722735 0.0778174017498259 32.0540754269331 0 9.93923337957349E-17 2.23632751040404E-16
6.66399999999999 -0.0114978970982804 0.0286515931639997 33.5663380022988 0 9.93923337957349E-17 2.23632751040404E-16
6.68100000000004 -0.0225975132608625 -0.0108937974384844 34.173225933142 0 9.93923337957349E-17 2.23632751040404E-16
6.72800000000007 0.057678433640433 0.0247708838058998 35.577606153332 0 9.93923337957349E-17 2.23632751040404E-16
6.74400000000003 0.0555515924101684 0.0447208655519376 35.7765972957849 0 9.93923337957349E-17 2.23632751040404E-16
6.79999999999995 -0.0475215974201149 0.0792356933086467 36.0735562899291 0 9.93923337957349E-17 2.23632751040404E-16
6.81600000000003 0.0502344893345281 0.0945958199171741 36.2740751519171 0 9.93923337957349E-17 2.23632751040404E-16
6.83199999999999 0.0423251350173359 0.0251254566954913 36.582476369081 0 9.93923337957349E-17 2.23632751040404E-16
6.87199999999996 0.023781574548849 0.0554050022043384 37.8858332985094 0 9.93923337957349E-17 2.23632751040404E-16
6.89599999999996 0.00370918345393534 -0.0436357607467244 38.9006180177429 0 9.93923337957349E-17 2.23632751040404E-16
6.952 -0.0069250226973594 0.056114147983692 39.8955737300074 0 9.93923337957349E-17 2.23632751040404E-16
6.96799999999996 -0.012707535784287 -0.0333061969839719 40.0049838047183 0 9.93923337957349E-17 2.23632751040404E-16
7.01599999999996 -0.0111787051578602 0.0960141114758812 40.2935560149132 0 9.93923337957349E-17 2.23632751040404E-16
7.03300000000002 -0.0190880594750524 0.0265437482543121 40.601957232077 0 9.93923337957349E-17 2.23632751040404E-16
7.048 -0.0291242550225235 -0.0229766332212193 41.1093495916938 0 9.93923337957349E-17 2.23632751040404E-16
7.10500000000002 0.0389886551010648 -0.0168823517063856 43.2201133139534 0 9.93923337957349E-17 2.23632751040404E-16
7.12 0.0357983932556891 0.0130426209127563 43.5186000276328 0 9.93923337957349E-17 2.23632751040404E-16
7.13599999999997 0.0336715520254245 0.0329926026587941 43.7175911700857 0 9.93923337957349E-17 2.23632751040404E-16
7.14400000000001 0.0315447107951741 0.0529425844048887 43.9165823125386 0 9.93923337957349E-17 2.23632751040404E-16
7.15999999999997 0.0257621977082181 -0.0364777605628319 44.0259923872495 0 9.93923337957349E-17 2.23632751040404E-16
7.21600000000001 0.0225719358628282 -0.00655278794368996 44.3244791009288 0 9.93923337957349E-17 2.23632751040404E-16
7.23199999999997 0.017254832787188 0.0433221664215466 44.8219569570611 0 9.93923337957349E-17 2.23632751040404E-16
7.25599999999997 0.00721863723974536 -0.00619821505398477 45.3293493166778 0 9.93923337957349E-17 2.23632751040404E-16
7.30399999999997 -0.0213611187762126 -0.0254390510207259 47.140098605723 0 9.93923337957349E-17 2.23632751040404E-16
7.32799999999997 -0.0266782218518529 0.0244359033444539 47.6375764618552 0 9.93923337957349E-17 2.23632751040404E-16
7.34500000000003 -0.0288050630821175 0.0443858850905485 47.8365676043081 0 9.93923337957349E-17 2.23632751040404E-16
7.35199999999998 0.0700144442876649 0.0497710208260287 47.9375908950698 0 9.93923337957349E-17 2.23632751040404E-16
7.42399999999998 0.0599782487402223 0.000250639350554138 48.4449832546865 0 9.93923337957349E-17 2.23632751040404E-16
7.44799999999998 0.0535977250494568 0.060100584588838 49.0419566820453 0 9.93923337957349E-17 2.23632751040404E-16
7.47199999999998 0.0403712676565959 0.0405051757324486 49.8478357553413 0 9.93923337957349E-17 2.23632751040404E-16
7.50400000000002 0.0171086147163066 -0.0286106145995291 51.1611071882542 0 9.93923337957349E-17 2.23632751040404E-16
7.51999999999998 0.013918352870931 0.00131435801961288 51.4595939019335 0 9.93923337957349E-17 2.23632751040404E-16
7.53700000000003 0.0107280910255412 0.0312393306387548 51.7580806156129 0 9.93923337957349E-17 2.23632751040404E-16
7.54399999999998 0.00966467041041597 0.0412143215118022 51.8575761868393 0 9.93923337957349E-17 2.23632751040404E-16
7.56100000000004 0.00860124979529076 0.0511893123848495 51.9570717580658 0 9.93923337957349E-17 2.23632751040404E-16
7.57600000000002 0.00753782918015133 0.0611643032578968 52.0565673292923 0 9.93923337957349E-17 2.23632751040404E-16
7.63300000000004 -0.0024983663673197 0.0116439217823654 52.563959688909 0 9.93923337957349E-17 2.23632751040404E-16
7.65700000000004 -0.0146614031450127 -0.0179264779470714 53.2703431909786 0 9.93923337957349E-17 2.23632751040404E-16
7.67200000000003 -0.0210419268357924 0.0419234672912125 53.8673166183373 0 9.93923337957349E-17 2.23632751040404E-16
7.72000000000003 -0.0474948416214716 0.00273264957843367 55.4790747649296 0 9.93923337957349E-17 2.23632751040404E-16
7.75200000000007 0.048134403902921 0.0380427579329989 55.8785847693705 0 9.93923337957349E-17 2.23632751040404E-16
7.79999999999995 0.0470709832877958 0.0480177488060463 55.978080340597 0 9.93923337957349E-17 2.23632751040404E-16
7.81600000000003 -0.0560022065425017 0.0825325765628122 56.2750393347412 0 9.93923337957349E-17 2.23632751040404E-16
7.83199999999999 0.0349079465100743 0.0184473490765527 56.6844638426666 0 9.93923337957349E-17 2.23632751040404E-16
7.84799999999996 0.0306542640495735 0.0583473125687419 57.0824461275725 0 9.93923337957349E-17 2.23632751040404E-16
7.89599999999996 -0.00264458443818683 -0.0602888592387671 58.903109920102 0 9.93923337957349E-17 2.23632751040404E-16
7.91999999999996 -0.00902510812896651 -0.000438914000483237 59.5000833474608 0 9.93923337957349E-17 2.23632751040404E-16
7.976 -0.0143422112046068 0.0494360403647534 59.997561203593 0 9.93923337957349E-17 2.23632751040404E-16
7.99199999999996 -0.0132787905894673 0.039461049491706 59.8980656323665 0 9.93923337957349E-17 2.23632751040404E-16
8.00900000000001 -0.0122153699743421 0.0294860586186587 59.7985700611401 0 9.93923337957349E-17 2.23632751040404E-16
8.048 -0.00370800505332625 -0.0503138683657198 59.0026054913285 0 9.93923337957349E-17 2.23632751040404E-16
8.06399999999996 0.00951845233952042 -0.0307184595092167 58.1967264180324 0 9.93923337957349E-17 2.23632751040404E-16
8.08100000000002 0.0127087141849103 -0.0606434321283587 57.898239704353 0 9.93923337957349E-17 2.23632751040404E-16
8.12900000000002 0.0380982083554642 -0.0114776235425893 56.3859771289872 0 9.93923337957349E-17 2.23632751040404E-16
8.14400000000001 0.041288470200854 -0.0414025961617313 56.087490415308 0 9.93923337957349E-17 2.23632751040404E-16
8.15999999999997 0.041288470200854 -0.0414025961617313 56.087490415308 0 9.93923337957349E-17 2.23632751040404E-16
8.22500000000002 0.0513246657483108 0.00811778531385698 55.5800980556912 0 9.93923337957349E-17 2.23632751040404E-16
8.24000000000001 -0.0443045797760817 -0.0271923230407083 55.1805880512502 0 9.93923337957349E-17 2.23632751040404E-16
8.25599999999997 -0.0353318048437785 0.0323030493078704 54.7726912628599 0 9.93923337957349E-17 2.23632751040404E-16
8.31200000000001 -0.00356178698244491 0.0216189126554127 52.6634552601354 0 9.93923337957349E-17 2.23632751040404E-16
8.33600000000001 0.000691895478070137 -0.0182810508367766 52.2654729752296 0 9.93923337957349E-17 2.23632751040404E-16
8.34500000000003 0.00175531609319535 -0.0282560417098239 52.1659774040032 0 9.93923337957349E-17 2.23632751040404E-16
8.36000000000001 0.00281873670832056 -0.0382310325828712 52.0664818327767 0 9.93923337957349E-17 2.23632751040404E-16
8.37599999999998 0.00281873670832056 -0.0382310325828712 52.0664818327767 0 9.93923337957349E-17 2.23632751040404E-16
8.43200000000002 0.0228911278032484 0.0608097303681916 51.0516971135432 0 9.93923337957349E-17 2.23632751040404E-16
8.45600000000002 0.0271448102637635 0.0209097668760023 50.6537148286374 0 9.93923337957349E-17 2.23632751040404E-16
8.47199999999998 0.0324619133394037 -0.0289651874891774 50.1562369725052 0 9.93923337957349E-17 2.23632751040404E-16
8.48000000000002 0.044624950117111 0.000605212240259334 49.4498534704355 0 9.93923337957349E-17 2.23632751040404E-16
8.51999999999998 -0.0399046792446853 0.00484049448812129 48.4434555351514 0 9.93923337957349E-17 2.23632751040404E-16
8.54399999999998 0.0631685105856121 -0.0296743332685878 48.1464965410071 0 9.93923337957349E-17 2.23632751040404E-16
8.56100000000004 0.0642319312007373 -0.0396493241416351 48.0470009697808 0 9.93923337957349E-17 2.23632751040404E-16
8.61599999999999 0.0674221930461272 -0.0695742967607771 47.7485142561014 0 9.93923337957349E-17 2.23632751040404E-16
8.63300000000004 -0.0234879600064772 -0.00548906927468806 47.3390897481759 0 9.93923337957349E-17 2.23632751040404E-16
8.64800000000002 0.0806486504389454 -0.0499788879044445 46.9426351828052 0 9.93923337957349E-17 2.23632751040404E-16
8.68799999999999 0.00615521662462015 0.00377677581906255 45.4288448879043 0 9.93923337957349E-17 2.23632751040404E-16
8.70400000000006 0.0183182534023132 0.0333471755484993 44.7224613858347 0 9.93923337957349E-17 2.23632751040404E-16
8.72000000000003 0.0204450946325778 0.0133971938024047 44.5234702433818 0 9.93923337957349E-17 2.23632751040404E-16
8.77599999999995 0.0257621977082181 -0.0364777605628319 44.0259923872495 0 9.93923337957349E-17 2.23632751040404E-16
8.79999999999995 0.0268256183233433 -0.0464527514358792 43.9264968160231 0 9.93923337957349E-17 2.23632751040404E-16
8.85599999999999 0.0490248506485074 0.0326380297690889 42.7127209543367 0 9.93923337957349E-17 2.23632751040404E-16
8.87199999999996 0.0554053743392871 -0.027211915469195 42.1157475269779 0 9.93923337957349E-17 2.23632751040404E-16
8.928 -0.016961218244802 0.00659376650821741 40.4029660896241 0 9.93923337957349E-17 2.23632751040404E-16
8.952 -0.0137709563994122 -0.0233312061109245 40.1044793759448 0 9.93923337957349E-17 2.23632751040404E-16
8.99199999999996 -0.012707535784287 -0.0333061969839719 40.0049838047183 0 9.93923337957349E-17 2.23632751040404E-16
9.01599999999996 -0.00951727393889712 -0.0632311696031138 39.706497091039 0 9.93923337957349E-17 2.23632751040404E-16
9.05700000000002 0.0105551171560023 0.0358095933480058 38.6917123718055 0 9.93923337957349E-17 2.23632751040404E-16
9.08100000000002 0.0248449951639742 0.0454300113312911 37.7863377272829 0 9.93923337957349E-17 2.23632751040404E-16
9.13599999999997 0.0476422380929762 -0.0247494976697453 36.0849985129487 0 9.93923337957349E-17 2.23632751040404E-16
9.15999999999997 0.0487056587081014 -0.0347244885427926 35.9855029417224 0 9.93923337957349E-17 2.23632751040404E-16
9.17700000000002 0.0487056587081014 -0.0347244885427926 35.9855029417224 0 9.93923337957349E-17 2.23632751040404E-16
9.23199999999997 0.0608686954858086 -0.0051540888132422 35.2791194396526 0 9.93923337957349E-17 2.23632751040404E-16
9.24900000000002 -0.0300414575667673 0.0589311386728468 34.8696949317272 0 9.93923337957349E-17 2.23632751040404E-16
9.29700000000003 -0.00146170155082359 0.0781719746395311 33.0589456426821 0 9.93923337957349E-17 2.23632751040404E-16
9.31200000000001 0.00279198090969146 0.0382720111473418 32.6609633577763 0 9.93923337957349E-17 2.23632751040404E-16
9.37599999999998 0.0102359252155964 -0.0315529249639894 31.9644943591911 0 9.93923337957349E-17 2.23632751040404E-16
9.39300000000003 0.00917250460045693 -0.0215779340909421 32.0639899304176 0 9.93923337957349E-17 2.23632751040404E-16
9.42399999999998 0.0223989619933036 -0.00198252523449582 31.2581108571214 0 9.93923337957349E-17 2.23632751040404E-16
9.44799999999998 0.0313717369256352 0.0575128471140829 30.8502140687312 0 9.93923337957349E-17 2.23632751040404E-16
9.46500000000003 0.0366888400012755 0.0076378927488463 30.3527362125989 0 9.93923337957349E-17 2.23632751040404E-16
9.50400000000002 0.0620783341718294 0.0568037013346725 28.8404736372332 0 9.93923337957349E-17 2.23632751040404E-16
9.53700000000003 0.0684588578626091 -0.00304624390361141 28.2435002098744 0 9.93923337957349E-17 2.23632751040404E-16
9.55200000000002 0.0705856990928595 -0.022996225649706 28.0445090674215 0 9.93923337957349E-17 2.23632751040404E-16
9.59199999999998 0.0705856990928595 -0.022996225649706 28.0445090674215 0 9.93923337957349E-17 2.23632751040404E-16
9.60900000000004 -0.0271703876617693 -0.0383563522581198 27.8439902054334 0 9.93923337957349E-17 2.23632751040404E-16
9.62400000000002 0.0806218946403163 0.0265241558258822 27.5371167078048 0 9.93923337957349E-17 2.23632751040404E-16
9.67200000000003 0.000345947739049279 -0.00914052541838828 26.1327364876148 0 9.93923337957349E-17 2.23632751040404E-16
9.68799999999999 0.0125089845167707 0.0204298743110485 25.4263529855452 0 9.93923337957349E-17 2.23632751040404E-16
9.73599999999999 0.028925703754993 0.010100310548296 24.3219871985697 0 9.93923337957349E-17 2.23632751040404E-16
9.75200000000007 0.0321159656003829 -0.019824662070846 24.0235004848903 0 9.93923337957349E-17 2.23632751040404E-16
9.76800000000003 0.0331793862155081 -0.0297996529438365 23.9240049136639 0 9.93923337957349E-17 2.23632751040404E-16
9.81600000000003 0.0353062274457585 -0.0497496346899879 23.725013771211 0 9.93923337957349E-17 2.23632751040404E-16
9.83199999999999 0.0442790023780901 0.00974573765864761 23.3171169828207 0 9.93923337957349E-17 2.23632751040404E-16
9.84799999999996 0.0485326848386052 -0.0301542258335417 22.9191346979149 0 9.93923337957349E-17 2.23632751040404E-16
9.89599999999996 -0.0227704871303871 -0.00632353472929026 21.1068576893347 0 9.93923337957349E-17 2.23632751040404E-16
9.91300000000001 -0.0137977121980555 0.0531718376192885 20.6989609009443 0 9.93923337957349E-17 2.23632751040404E-16
9.928 -0.0106074503526798 0.0232468650001465 20.400474187265 0 9.93923337957349E-17 2.23632751040404E-16
9.98500000000001 -0.0063537678921648 -0.0166530984920428 20.0024919023591 0 9.93923337957349E-17 2.23632751040404E-16
10 -0.00529034727703959 -0.0266280893650332 19.9029963311327 0 9.93923337957349E-17 2.23632751040404E-16
10.016 -0.00316350604677496 -0.0465780711111279 19.7040051886798 0 9.93923337957349E-17 2.23632751040404E-16
10.064 0.0200991468935285 0.022537719220793 18.390733755767 0 9.93923337957349E-17 2.23632751040404E-16
10.081 0.026479670584294 -0.037312226017491 17.7937603284082 0 9.93923337957349E-17 2.23632751040404E-16
10.096 -0.0612402206228637 -0.00315197115048704 17.0858491068034 0 9.93923337957349E-17 2.23632751040404E-16
10.16 0.0550594266002378 -0.0180713900508067 15.9830110393631 0 9.93923337957349E-17 2.23632751040404E-16
10.177 0.0550594266002378 -0.0180713900508067 15.9830110393631 0 9.93923337957349E-17 2.23632751040404E-16
10.192 -0.0448235013846414 -0.0134815349131827 15.981483319828 0 9.93923337957349E-17 2.23632751040404E-16
10.24 -0.0305336233766695 -0.00386111692978375 15.0761086753055 0 9.93923337957349E-17 2.23632751040404E-16
10.256 0.0736029870687247 -0.048350935559597 14.6796541099347 0 9.93923337957349E-17 2.23632751040404E-16
10.273 -0.0151803247535724 -0.00421568981954579 14.0712384595564 0 9.93923337957349E-17 2.23632751040404E-16
10.288 -0.00301728797585099 0.025354709909891 13.3648549574868 0 9.93923337957349E-17 2.23632751040404E-16
10.297 0.00701890757159163 0.0748750913854792 12.85746259787 0 9.93923337957349E-17 2.23632751040404E-16
10.36 0.0165896931077469 -0.0148998264719467 11.9620024568319 0 9.93923337957349E-17 2.23632751040404E-16
10.384 0.0155262724926075 -0.00492483559889934 12.0614980280584 0 9.93923337957349E-17 2.23632751040404E-16
10.4 0.0165896931077469 -0.0148998264719467 11.9620024568319 0 9.93923337957349E-17 2.23632751040404E-16
10.441 0.0298161505005936 0.00469558238444279 11.1561233835358 0 9.93923337957349E-17 2.23632751040404E-16
10.456 0.0398523460480504 0.054215963860031 10.6487310239191 0 9.93923337957349E-17 2.23632751040404E-16
10.472 0.0451694491236907 0.00434100949479443 10.1512531677868 0 9.93923337957349E-17 2.23632751040404E-16
10.528 -0.0261337228452732 0.0281717005990458 8.3389761592066 0 9.93923337957349E-17 2.23632751040404E-16
10.552 -0.0229434609998833 -0.00175327202009612 8.04048944552721 0 9.93923337957349E-17 2.23632751040404E-16
10.568 -0.0218800403847581 -0.0117282628931434 7.94099387430072 0 9.93923337957349E-17 2.23632751040404E-16
10.616 -0.0186897785393683 -0.0416532355122854 7.64250716062134 0 9.93923337957349E-17 2.23632751040404E-16
10.633 -0.0107804242221761 0.0278171277093406 7.33410594345759 0 9.93923337957349E-17 2.23632751040404E-16
10.648 -0.00652674176167523 -0.0120828357828486 6.93612365855171 0 9.93923337957349E-17 2.23632751040404E-16
10.696 0.0220530142542827 0.00715800018383561 5.12537436950663 0 9.93923337957349E-17 2.23632751040404E-16
10.712 0.0331526304168648 0.0467033907863765 4.51848643866344 0 9.93923337957349E-17 2.23632751040404E-16
10.7280000000001 0.03421605103199 0.0367283999133292 4.418990867437 0 9.93923337957349E-17 2.23632751040404E-16
10.768 0.0395331541076303 -0.0131465544519074 3.92151301130474 0 9.93923337957349E-17 2.23632751040404E-16
10.792 0.0395331541076303 -0.0131465544519074 3.92151301130474 0 9.93923337957349E-17 2.23632751040404E-16
10.84 0.0527596115004911 0.00644885440448206 3.11563393800861 0 9.93923337957349E-17 2.23632751040404E-16
10.856 -0.0428696340239156 -0.0288612539500832 2.7161239335677 0 9.93923337957349E-17 2.23632751040404E-16
10.896 -0.0164167192382365 0.0103295637627525 1.10436578697545 0 9.93923337957349E-17 2.23632751040404E-16
10.913 -0.0121630367777215 -0.0295703997294368 0.706383502069684 0 9.93923337957349E-17 2.23632751040404E-16
10.928 -0.00425368246051505 0.0398999634921893 0.397982284905765 0 9.93923337957349E-17 2.23632751040404E-16
10.985 0 0 0 0 9.93923337957349E-17 2.23632751040404E-16
11 -0.00106342061512521 0.00997499087304732 0.0994955712263845 0 9.93923337957349E-17 2.23632751040404E-16
11.016 -0.00212684123025042 0.0199499817460946 0.198991142452883 0 9.93923337957349E-17 2.23632751040404E-16
11.072 -0.0238606635441414 0.0801544998740269 1.8008347855606 0 9.93923337957349E-17 2.23632751040404E-16
11.096 -0.0428696340239156 -0.0288612539500832 2.7161239335677 0 9.93923337957349E-17 2.23632751040404E-16
11.105 0.0538230321156163 -0.00352613646856526 3.01613836678217 0 9.93923337957349E-17 2.23632751040404E-16
11.153 -0.0614131944924026 0.00141829155876394 4.01948086299603 0 9.93923337957349E-17 2.23632751040404E-16
11.177 0.038469733492505 -0.00317156357886006 4.02100858253118 0 9.93923337957349E-17 2.23632751040404E-16
11.232 0.027370117329923 -0.042716954181401 4.62789651337437 0 9.93923337957349E-17 2.23632751040404E-16
11.249 0.0220530142542827 0.00715800018383561 5.12537436950663 0 9.93923337957349E-17 2.23632751040404E-16
11.264 0.0177993317937677 0.0470579636760249 5.52335665441245 0 9.93923337957349E-17 2.23632751040404E-16
11.28 0.00563629501606044 0.0174875639465881 6.22974015648208 0 9.93923337957349E-17 2.23632751040404E-16
11.321 -0.0186897785393683 -0.0416532355122854 7.64250716062134 0 9.93923337957349E-17 2.23632751040404E-16
11.352 -0.0218800403847581 -0.0117282628931434 7.94099387430072 0 9.93923337957349E-17 2.23632751040404E-16
11.4 -0.0229434609998833 -0.00175327202009612 8.04048944552721 0 9.93923337957349E-17 2.23632751040404E-16
11.417 -0.0250703022301337 0.0181967097259985 8.2394805879801 0 9.93923337957349E-17 2.23632751040404E-16
11.48 0.0441060285085655 0.0143160003678418 10.2507487390133 0 9.93923337957349E-17 2.23632751040404E-16
11.496 0.0330064123459834 -0.0252293902346992 10.8576366698565 0 9.93923337957349E-17 2.23632751040404E-16
11.537 0.0187165343379974 -0.0348498082180413 11.763011314379 0 9.93923337957349E-17 2.23632751040404E-16
11.552 0.0165896931077469 -0.0148998264719467 11.9620024568319 0 9.93923337957349E-17 2.23632751040404E-16
11.609 0.0144628518774823 0.00505015527414798 12.1609935992848 0 9.93923337957349E-17 2.23632751040404E-16
11.624 0.00442665633003969 -0.0444702262013834 12.6683859589016 0 9.93923337957349E-17 2.23632751040404E-16
11.64 0.00017297386952464 -0.00457026270925098 13.0663682438074 0 9.93923337957349E-17 2.23632751040404E-16
11.688 -0.0284067821464191 -0.0238110986758784 14.8771175328525 0 9.93923337957349E-17 2.23632751040404E-16
11.712 -0.0326604646069342 0.0160888648163109 15.2750998177584 0 9.93923337957349E-17 2.23632751040404E-16
11.7280000000001 -0.0358507264523098 0.0460138374354528 15.5735865314377 0 9.93923337957349E-17 2.23632751040404E-16
11.744 0.056122847215363 -0.028046380923854 15.8835154681367 0 9.93923337957349E-17 2.23632751040404E-16
11.808 -0.0458869219997666 -0.0035065440401354 16.0809788910544 0 9.93923337957349E-17 2.23632751040404E-16
11.824 -0.0490771838451565 0.0264184285789497 16.3794656047338 0 9.93923337957349E-17 2.23632751040404E-16
11.872 0.0311987630561106 0.0620831098232202 17.7838458249237 0 9.93923337957349E-17 2.23632751040404E-16
11.904 0.00793611011580708 -0.00703268050870065 19.0971172578366 0 9.93923337957349E-17 2.23632751040404E-16
11.961 -0.00057125480522302 0.0727672464756779 19.8930818276482 0 9.93923337957349E-17 2.23632751040404E-16
11.976 -0.0063537678921648 -0.0166530984920428 20.0024919023591 0 9.93923337957349E-17 2.23632751040404E-16
12.016 -0.00954402973754043 0.0132718741270992 20.3009786160385 0 9.93923337957349E-17 2.23632751040404E-16
12.033 -0.0206436459001367 -0.0262735164753849 20.9078665468818 0 9.93923337957349E-17 2.23632751040404E-16
12.057 -0.0248973283606375 0.0136264470168044 21.3058488317876 0 9.93923337957349E-17 2.23632751040404E-16
12.112 0.0442790023780901 0.00974573765864761 23.3171169828207 0 9.93923337957349E-17 2.23632751040404E-16
12.129 0.0410887405327145 0.0396707102777896 23.6156036965 0 9.93923337957349E-17 2.23632751040404E-16
12.144 0.0342428068306333 -0.0397746438169406 23.8245093424375 0 9.93923337957349E-17 2.23632751040404E-16
12.192 -0.0630478699127366 0.084160528907546 24.0120582618707 0 9.93923337957349E-17 2.23632751040404E-16
12.208 0.0310525449852435 -0.00984967119779867 24.1229960561168 0 9.93923337957349E-17 2.23632751040404E-16
12.225 0.0278622831398678 0.0200753014213433 24.4214827697962 0 9.93923337957349E-17 2.23632751040404E-16
12.28 -0.00390773472146577 0.030759438073801 26.5307187725206 0 9.93923337957349E-17 2.23632751040404E-16
12.304 -0.0150073508840478 -0.00878595252868308 27.1376067033639 0 9.93923337957349E-17 2.23632751040404E-16
12.321 -0.0181976127294377 0.0211390200904589 27.4360934170433 0 9.93923337957349E-17 2.23632751040404E-16
12.36 -0.0292972288920197 -0.018406370512082 28.0429813478863 0 9.93923337957349E-17 2.23632751040404E-16
12.376 -0.0292972288920197 -0.018406370512082 28.0429813478863 0 9.93923337957349E-17 2.23632751040404E-16
12.393 -0.0282338082768945 -0.0283813613850725 27.9434857766599 0 9.93923337957349E-17 2.23632751040404E-16
12.448 -0.0446505275151168 -0.0180517976223769 29.0478515636354 0 9.93923337957349E-17 2.23632751040404E-16
12.472 0.0467250355487323 0.0571582742243777 29.8453438529822 0 9.93923337957349E-17 2.23632751040404E-16
12.513 0.0213355413781784 0.00799246563855149 31.3576064283479 0 9.93923337957349E-17 2.23632751040404E-16
12.528 0.0170818589176633 0.0478924291306839 31.7555887132537 0 9.93923337957349E-17 2.23632751040404E-16
12.544 0.0160184383025381 0.0578674200037312 31.8550842844801 0 9.93923337957349E-17 2.23632751040404E-16
12.561 0.0102359252155964 -0.0315529249639894 31.9644943591911 0 9.93923337957349E-17 2.23632751040404E-16
12.616 0.00704566337020651 -0.00162795234484747 32.2629810728704 0 9.93923337957349E-17 2.23632751040404E-16
12.64 0.00066513967944104 0.0582219928934364 32.8599545002292 0 9.93923337957349E-17 2.23632751040404E-16
12.688 -0.0268511957213775 0.0290061660537049 34.5712082180478 0 9.93923337957349E-17 2.23632751040404E-16
12.7040000000001 0.0608686954858086 -0.0051540888132422 35.2791194396526 0 9.93923337957349E-17 2.23632751040404E-16
12.72 0.0587418542555582 0.0147958929328524 35.4781105821056 0 9.93923337957349E-17 2.23632751040404E-16
12.736 -0.0443313355747392 0.0493107206895047 35.7750695762497 0 9.93923337957349E-17 2.23632751040404E-16
12.7520000000001 -0.0464581768049896 0.0692607024355993 35.9740607187027 0 9.93923337957349E-17 2.23632751040404E-16
12.768 0.053424751179918 0.0646708472980322 35.9755884382379 0 9.93923337957349E-17 2.23632751040404E-16
12.816 -0.0485850180352401 0.089210684181694 36.1730518611556 0 9.93923337957349E-17 2.23632751040404E-16
12.84 0.0401982937870713 0.0450754384415859 36.7814675115339 0 9.93923337957349E-17 2.23632751040404E-16
12.856 -0.0697208297452931 0.000144912103621664 37.2873321516155 0 9.93923337957349E-17 2.23632751040404E-16
12.896 0.00370918345393534 -0.0436357607467244 38.9006180177429 0 9.93923337957349E-17 2.23632751040404E-16
12.913 -0.00267134023684434 0.0162141844915595 39.4975914451016 0 9.93923337957349E-17 2.23632751040404E-16
12.928 -0.00373476085196955 0.02618917536455 39.597087016328 0 9.93923337957349E-17 2.23632751040404E-16
12.976 -0.00798844331248461 0.0660891388567393 39.9950693012339 0 9.93923337957349E-17 2.23632751040404E-16
13.009 -0.00905186392760982 0.0760641297297866 40.0945648724603 0 9.93923337957349E-17 2.23632751040404E-16
13.016 -0.0158977976296626 -0.0033812243648299 40.3034705183977 0 9.93923337957349E-17 2.23632751040404E-16
13.072 0.0633147286564792 0.0422584477524879 41.8073463098141 0 9.93923337957349E-17 2.23632751040404E-16
13.088 0.051151691878772 0.0126880480229943 42.5137298118838 0 9.93923337957349E-17 2.23632751040404E-16
13.105 0.0400520757162042 -0.026857342579433 43.1206177427269 0 9.93923337957349E-17 2.23632751040404E-16
13.153 0.0315447107951741 0.0529425844048887 43.9165823125386 0 9.93923337957349E-17 2.23632751040404E-16
13.168 0.0304812901800489 0.0629175752779361 44.016077883765 0 9.93923337957349E-17 2.23632751040404E-16
13.184 0.0315447107951741 0.0529425844048887 43.9165823125386 0 9.93923337957349E-17 2.23632751040404E-16
13.232 0.0193816740174384 0.023372184675452 44.6229658146082 0 9.93923337957349E-17 2.23632751040404E-16
13.249 0.00934547846999578 -0.0261481968000794 45.130358174225 0 9.93923337957349E-17 2.23632751040404E-16
13.264 0.00402837539435552 0.0237267575651572 45.6278360303572 0 9.93923337957349E-17 2.23632751040404E-16
13.304 -0.0213611187762126 -0.0254390510207259 47.140098605723 0 9.93923337957349E-17 2.23632751040404E-16
13.328 -0.0266782218518529 0.0244359033444539 47.6375764618552 0 9.93923337957349E-17 2.23632751040404E-16
13.345 -0.0288050630821175 0.0443858850905485 47.8365676043081 0 9.93923337957349E-17 2.23632751040404E-16
13.376 -0.0309319043123679 0.0643358668366432 48.0355587467611 0 9.93923337957349E-17 2.23632751040404E-16
13.4 -0.0319953249274931 0.0743108577096905 48.1350543179875 0 9.93923337957349E-17 2.23632751040404E-16
13.417 -0.0330587455426183 0.0842858485827378 48.234549889214 0 9.93923337957349E-17 2.23632751040404E-16
13.456 -0.0484120441657154 0.0846404214724998 49.239420104963 0 9.93923337957349E-17 2.23632751040404E-16
13.48 0.0371810058112061 0.0704301483515906 50.1463224690207 0 9.93923337957349E-17 2.23632751040404E-16
13.496 0.0250179690335131 0.040859748622097 50.8527059710903 0 9.93923337957349E-17 2.23632751040404E-16
13.544 0.0107280910255412 0.0312393306387548 51.7580806156129 0 9.93923337957349E-17 2.23632751040404E-16
13.561 0.00860124979529076 0.0511893123848495 51.9570717580658 0 9.93923337957349E-17 2.23632751040404E-16
13.576 0.00860124979529076 0.0511893123848495 51.9570717580658 0 9.93923337957349E-17 2.23632751040404E-16
13.592 0.00860124979529076 0.0511893123848495 51.9570717580658 0 9.93923337957349E-17 2.23632751040404E-16
13.609 0.00753782918015133 0.0611643032578968 52.0565673292923 0 9.93923337957349E-17 2.23632751040404E-16
13.616 0.0043475673347757 0.0910892758770387 52.3550540429716 0 9.93923337957349E-17 2.23632751040404E-16
13.633 -0.0024983663673197 0.0116439217823654 52.563959688909 0 9.93923337957349E-17 2.23632751040404E-16
13.648 -0.00781546944295997 0.061518876147602 53.0614375450413 0 9.93923337957349E-17 2.23632751040404E-16
13.664 -0.0178516649904026 0.0119984946720706 53.568829904658 0 9.93923337957349E-17 2.23632751040404E-16
13.681 -0.0242321886811681 0.0718484399103545 54.1658033320167 0 9.93923337957349E-17 2.23632751040404E-16
13.696 -0.0411143179307061 -0.0571172956598502 54.8821013375709 0 9.93923337957349E-17 2.23632751040404E-16
13.7040000000001 -0.0453680003912211 -0.017217332167661 55.2800836224767 0 9.93923337957349E-17 2.23632751040404E-16
13.72 0.0523880863634361 -0.00185720555919033 55.4806024844647 0 9.93923337957349E-17 2.23632751040404E-16
13.736 0.0502612451331856 0.0180927761869043 55.6795936269176 0 9.93923337957349E-17 2.23632751040404E-16
13.792 -0.0517485240819866 0.0426326130706229 55.8770570498354 0 9.93923337957349E-17 2.23632751040404E-16
13.816 0.043880721442406 0.0779427214251882 56.2765670542764 0 9.93923337957349E-17 2.23632751040404E-16
13.824 0.0349079465100743 0.0184473490765527 56.6844638426666 0 9.93923337957349E-17 2.23632751040404E-16
13.88 0.0142375448113228 0.0686768763314376 58.1868119145479 0 9.93923337957349E-17 2.23632751040404E-16
13.904 -0.00477142566845146 -0.0403388774926725 59.1021010625549 0 9.93923337957349E-17 2.23632751040404E-16
13.913 -0.00689826689870188 -0.0203888957465779 59.3010922050078 0 9.93923337957349E-17 2.23632751040404E-16
13.961 -0.0143422112046068 0.0494360403647534 59.997561203593 0 9.93923337957349E-17 2.23632751040404E-16
13.985 -0.0132787905894673 0.039461049491706 59.8980656323665 0 9.93923337957349E-17 2.23632751040404E-16
14 -0.0122153699743421 0.0294860586186587 59.7985700611401 0 9.93923337957349E-17 2.23632751040404E-16
14.057 0.00420134926388016 0.019156494855963 58.6942042741646 0 9.93923337957349E-17 2.23632751040404E-16
14.081 0.0127087141849103 -0.0606434321283587 57.898239704353 0 9.93923337957349E-17 2.23632751040404E-16
14.096 0.0248717509626033 -0.0310730323989787 57.1918562022834 0 9.93923337957349E-17 2.23632751040404E-16
14.105 0.0269985921928679 -0.0510230141450734 56.9928650598305 0 9.93923337957349E-17 2.23632751040404E-16
14.168 0.0423518908159792 -0.0513775870347786 55.9879948440815 0 9.93923337957349E-17 2.23632751040404E-16
14.184 0.041288470200854 -0.0414025961617313 56.087490415308 0 9.93923337957349E-17 2.23632751040404E-16
14.201 0.0423518908159792 -0.0513775870347786 55.9879948440815 0 9.93923337957349E-17 2.23632751040404E-16
14.216 0.0455421526613691 -0.0813025596539205 55.6895081304021 0 9.93923337957349E-17 2.23632751040404E-16
14.232 0.0534515069785613 -0.0118321964322377 55.3811069132383 0 9.93923337957349E-17 2.23632751040404E-16
14.256 -0.0342683842286391 0.0223280584348231 54.6731956916334 0 9.93923337957349E-17 2.23632751040404E-16
14.304 -0.00568862821269533 0.0415688944015074 52.8624464025883 0 9.93923337957349E-17 2.23632751040404E-16
14.321 -0.0024983663673197 0.0116439217823654 52.563959688909 0 9.93923337957349E-17 2.23632751040404E-16
14.336 0.000691895478070137 -0.0182810508367766 52.2654729752296 0 9.93923337957349E-17 2.23632751040404E-16
14.384 0.00281873670832056 -0.0382310325828712 52.0664818327767 0 9.93923337957349E-17 2.23632751040404E-16
14.4 0.00388215732345998 -0.0482060234559185 51.9669862615503 0 9.93923337957349E-17 2.23632751040404E-16
14.417 0.0060089985537104 -0.0681560052020131 51.7679951190974 0 9.93923337957349E-17 2.23632751040404E-16
14.456 0.0271448102637635 0.0209097668760023 50.6537148286374 0 9.93923337957349E-17 2.23632751040404E-16
14.48 0.0414346882717211 0.0305301848594013 49.7483401841149 0 9.93923337957349E-17 2.23632751040404E-16
14.496 -0.047348623550576 0.0746654305994525 49.1399245337365 0 9.93923337957349E-17 2.23632751040404E-16
14.537 -0.0377778380144207 -0.0151094872579733 48.2444643926985 0 9.93923337957349E-17 2.23632751040404E-16
14.561 -0.0356509967841703 -0.035059469004068 48.0454732502456 0 9.93923337957349E-17 2.23632751040404E-16
14.576 -0.0345875761690451 -0.0450344598771153 47.9459776790191 0 9.93923337957349E-17 2.23632751040404E-16
14.624 -0.0256148012367277 0.0144609124714066 47.5380808906289 0 9.93923337957349E-17 2.23632751040404E-16
14.64 -0.0213611187762126 -0.0254390510207259 47.140098605723 0 9.93923337957349E-17 2.23632751040404E-16
14.657 -0.012388343843881 0.0340563213279097 46.7322018173327 0 9.93923337957349E-17 2.23632751040404E-16
14.72 0.0204450946325778 0.0133971938024047 44.5234702433818 0 9.93923337957349E-17 2.23632751040404E-16
14.744 0.0246987770930787 -0.0265027696897846 44.125487958476 0 9.93923337957349E-17 2.23632751040404E-16
14.76 0.0268256183233433 -0.0464527514358792 43.9264968160231 0 9.93923337957349E-17 2.23632751040404E-16
14.808 0.0268256183233433 -0.0464527514358792 43.9264968160231 0 9.93923337957349E-17 2.23632751040404E-16
14.824 0.0368618138708143 0.00306763003965216 43.4191044564063 0 9.93923337957349E-17 2.23632751040404E-16
14.84 0.0389886551010648 -0.0168823517063856 43.2201133139534 0 9.93923337957349E-17 2.23632751040404E-16
14.904 -0.0212149007053029 0.0464937300004067 40.8009483745299 0 9.93923337957349E-17 2.23632751040404E-16
14.92 -0.0180246388599272 0.0165687573812647 40.5024616608506 0 9.93923337957349E-17 2.23632751040404E-16
14.968 -0.012707535784287 -0.0333061969839719 40.0049838047183 0 9.93923337957349E-17 2.23632751040404E-16
14.985 -0.012707535784287 -0.0333061969839719 40.0049838047183 0 9.93923337957349E-17 2.23632751040404E-16
15.024 -0.00373476085196955 0.02618917536455 39.597087016328 0 9.93923337957349E-17 2.23632751040404E-16
15.057 0.00583602468418576 -0.063585742492819 38.7016268752899 0 9.93923337957349E-17 2.23632751040404E-16
15.064 0.0137453790013922 0.00588462072886387 38.3932256581261 0 9.93923337957349E-17 2.23632751040404E-16
15.081 0.0201259026921576 -0.05396532450942 37.7962522307674 0 9.93923337957349E-17 2.23632751040404E-16
15.096 0.0370080319416957 0.0750004110607279 37.0799542252133 0 9.93923337957349E-17 2.23632751040404E-16
15.136 0.0455153968627116 -0.00479951592365069 36.2839896554016 0 9.93923337957349E-17 2.23632751040404E-16
15.16 -0.0511772692768062 -0.0301346334052255 35.9839752221872 0 9.93923337957349E-17 2.23632751040404E-16
15.177 -0.0511772692768062 -0.0301346334052255 35.9839752221872 0 9.93923337957349E-17 2.23632751040404E-16
15.225 0.0587418542555582 0.0147958929328524 35.4781105821056 0 9.93923337957349E-17 2.23632751040404E-16
15.24 -0.0379508118839595 -0.0105392245487224 35.1780961488911 0 9.93923337957349E-17 2.23632751040404E-16
15.256 -0.0279146163365027 0.0389811569267522 34.6707037892743 0 9.93923337957349E-17 2.23632751040404E-16
15.304 0.00066513967944104 0.0582219928934364 32.8599545002292 0 9.93923337957349E-17 2.23632751040404E-16
