Time(ddMMyy_HHmmssfff format) Time(s) x(mm) y(mm) z(mm) rx(deg) ry(deg) rz(deg)
260226_121212500 0 0 -5.6843418860808E-14 0 0 -1.9878466759147E-16 -6.21202086223343E-17
260226_121217853 0 0 -5.6843418860808E-14 0 0 -1.9878466759147E-16 -6.21202086223343E-17
260226_121217887 0.0240000000001146 0 -5.6843418860808E-14 0 0 -1.9878466759147E-16 -6.21202086223343E-17
260226_121217948 0.05600000000004 -0.0028025492246968 -0.00212209045508871 0.099938193149228 0.0476628451341747 5.25450267747529E-05 0.0472261097997336
260226_121217995 0.127999999999929 0.0941742799576133 0.00171585766617 0.202801037539132 0.104965945532618 0.0833830071486909 0.084098143909785
260226_121218408 0.545000000000073 0.0881558613486817 0.10151553037241 0.204751413189456 0.104965945532618 0.0833830071486909 0.084098143909785
260226_121218472 0.593000000000075 0.0909584105733927 0.103637620827442 0.104813220040114 0.104965945532618 0.0833830071486909 0.084098143909785
260226_121218581 0.720000000000027 0.102581927631732 0.00808212903126559 -0.0970135419087228 0 -1.9878466759147E-16 -6.21202086223343E-17
260226_121218628 0.751999999999953 0.00280254922471102 0.00212209045497502 -0.0999381931492849 0 -1.9878466759147E-16 -6.21202086223343E-17
260226_121218691 0.832000000000107 0 -5.6843418860808E-14 0 0.0114153570019865 0.0344366766684326 0.0355160687596478
260226_121218739 0.873000000000047 0.0969768291823243 0.00383794812120186 0.10286284438979 0.0228388141278126 0.0688689866465787 0.0710414061219978
260226_121218772 0.903999999999996 0.0909584105733927 0.103637620827442 0.104813220040114 0.104965945532618 0.0833830071486909 0.084098143909785
260226_121218820 0.960000000000036 0.0881558613486817 0.10151553037241 0.204751413189456 0.104965945532618 0.0833830071486909 0.084098143909785
260226_121218900 1.03999999999996 0.0909584105733927 0.103637620827442 0.104813220040114 0.104965945532618 0.0833830071486909 0.084098143909785
260226_121218932 1.06500000000005 0.0909584105733927 0.103637620827442 0.104813220040114 0.0935500628057409 0.0489671426564852 0.0485361328488937
260226_121218964 1.096 0.0997793784070211 0.00596003857623373 0.00292465124056207 0.0114153570019865 0.0344366766684326 0.0355160687596478
260226_121218996 1.12799999999993 0.102581927631732 0.00808212903126559 -0.0970135419087228 0 -1.9878466759147E-16 -6.21202086223343E-17
260226_121219075 1.20900000000006 0.102581927631732 0.00808212903126559 -0.0970135419087228 0 -1.9878466759147E-16 -6.21202086223343E-17
260226_121219092 1.22399999999993 0 -5.6843418860808E-14 0 -0.0114072653106281 -0.0344410380126138 -0.035506810866295
260226_121219122 1.25700000000006 0 -5.6843418860808E-14 0 0.0116762398352938 -0.0543799777517353 -0.105294274951121
260226_121219154 1.28800000000001 0 -5.6843418860808E-14 0 0.0597282255023001 -0.143060766491413 -0.19896407874606
260226_121219232 1.35300000000007 -0.102995247791242 0.0959617245849813 -0.100912468739466 0.0488885042241186 -0.266230136803317 -0.375355110048722
260226_121219311 1.43200000000002 -0.102995247791242 0.0959617245849813 -0.100912468739466 -0.010124903368852 -0.300837350259039 -0.457925660872456
260226_121219359 1.48000000000002 -0.109013666400159 0.195761397291164 -0.0989620930890851 -0.0672571500465311 -0.384408956909366 -0.49440650820486
260226_121219407 1.54500000000007 -0.109426986559683 0.299805250907468 -0.296888103737331 -0.172098407600608 -0.468205755906211 -0.577725082119153
260226_121219438 1.57600000000002 -0.109426986559683 0.299805250907468 -0.296888103737331 -0.172098407600608 -0.468205755906211 -0.577725082119153
260226_121219533 1.62400000000002 -0.109426986559683 0.299805250907468 -0.296888103737331 -0.172098407600608 -0.468205755906211 -0.577725082119153
260226_121219581 1.72000000000003 -0.112642855943903 0.40172701406874 -0.394875921236292 -0.199135396005461 -0.350557123028151 -0.599982798982411
260226_121219629 1.76800000000003 -0.212422234350925 0.39576697549245 -0.397800572476854 -0.235585788939209 -0.316294895643727 -0.611573954233798
260226_121219645 1.78400000000011 -0.212422234350925 0.39576697549245 -0.397800572476854 -0.235585788939209 -0.316294895643727 -0.611573954233798
260226_121219661 1.79999999999995 -0.212422234350925 0.39576697549245 -0.397800572476854 -0.199135396005461 -0.350557123028151 -0.599982798982411
260226_121219740 1.83200000000011 -0.112642855943903 0.40172701406874 -0.394875921236292 -0.221738826172314 -0.419575319198035 -0.67074664384414
260226_121219759 1.88799999999992 -0.112642855943903 0.40172701406874 -0.394875921236292 -0.324674699937129 -0.55235059134299 -0.707680704978184
260226_121219798 1.92100000000005 -0.0128634775368823 0.407687052644974 -0.391951269995786 -0.299500445535088 -0.621136415964871 -0.731444889524677
260226_121219851 1.98399999999992 -0.0128634775368823 0.407687052644974 -0.391951269995786 -0.310764670091035 -0.655675326284703 -0.766749749438123
260226_121219867 2 -0.112642855943903 0.40172701406874 -0.394875921236292 -0.310764670091035 -0.655675326284703 -0.766749749438123
260226_121219884 2.01700000000005 -0.106624437334972 0.3019273413625 -0.396826296886672 -0.310764670091035 -0.655675326284703 -0.766749749438123
260226_121219941 2.07200000000012 -0.00684505892795073 0.307887379938734 -0.39390164564611 -0.312661675788034 -0.606832689027738 -0.812894450675387
260226_121219978 2.11300000000006 -0.00964760815266175 0.305765289483702 -0.293963452496769 -0.278107929052238 -0.592195636680904 -0.847496900381169
260226_121220074 2.14400000000001 -0.00684505892795073 0.307887379938734 -0.39390164564611 -0.280095183173372 -0.543310555164203 -0.893605069139341
260226_121220168 2.24000000000001 -0.000826640319019134 0.208087707232494 -0.395852021296491 -0.243566846335036 -0.577524773992461 -0.882087811489422
260226_121220201 2.33600000000001 0.00799432751459506 0.110410124981343 -0.497740590096043 -0.158401463335052 -0.700280312223973 -0.964422610592693
260226_121220279 2.40100000000007 -0.0945876001171371 0.102327995950077 -0.400727048187377 -0.147191265120626 -0.665763290222937 -0.929053175846459
260226_121220345 2.48000000000002 -0.0797482136745629 -0.0951492590073713 -0.504565992637311 -0.06976149104904 -0.464015108582685 -0.868034811928108
260226_121220395 2.52800000000002 -0.0649088272319887 -0.292626513964819 -0.6084049370873 0.00761423656350252 -0.262283612259873 -0.806589016372931
260226_121220439 2.57600000000002 -0.0588904086230855 -0.392426186671003 -0.610355312737624 0.0532914247486959 -0.212994026325511 -0.805459820969296
260226_121220471 2.60799999999995 0.0380864205592388 -0.388588238549801 -0.507492468347834 0.0532914247486959 -0.212994026325511 -0.805459820969296
260226_121220550 2.6880000000001 0.064962644219662 -0.785664838919729 -0.615232164098529 0.292522670734157 -0.42786120241381 -1.03933777329507
260226_121220630 2.7360000000001 0.186013147837684 -1.18102558162332 -0.520170822310092 0.472515793208772 -0.5883573408211 -1.21535942057588
260226_121220693 2.79999999999995 0.192031566446616 -1.28082525432961 -0.522121197960473 0.509200505154203 -0.622530546120753 -1.20400121678598
260226_121220833 2.904 0.0374042891197632 -1.98922094997067 -0.641561323143264 0.765289640690695 -0.900237140145915 -1.31230167696771
260226_121220928 3 0.0466385771129296 -2.19094238583813 -0.545523881294685 0.899013343963505 -1.02178030829201 -1.34891960993022
260226_121221022 3.12799999999993 -0.295510619810074 -3.11085750404425 -0.674714060259248 1.24607590282777 -1.51975800200103 -1.45125451719408
260226_121221050 3.17599999999993 -0.295510619810074 -3.11085750404425 -0.674714060259248 1.28273239140381 -1.553949946755 -1.44019521097711
260226_121221133 3.20900000000006 -0.28949220120117 -3.21065717675043 -0.676664435909629 1.2935478843191 -1.51966598495012 -1.40433335917105
260226_121221244 3.31999999999994 -0.446922027752692 -3.92117496284652 -0.696166367943135 1.56282519142192 -1.00933583296333 -0.92304754920445
260226_121221291 3.43200000000002 -0.543485536775492 -4.02905676458408 -0.601103201684737 1.62119276973603 -0.975247237709413 -0.839746829101152
260226_121221323 3.46399999999994 -0.53746711816656 -4.12885643729032 -0.603053577335061 1.72899244722993 -1.02836226303391 -0.85177719215087
260226_121221340 3.47199999999998 -0.53425124878234 -4.23077820045154 -0.505065759836214 1.7654960609173 -1.06266908814694 -0.840610928245465
260226_121221402 3.53700000000003 -0.621993789971498 -4.4363375844402 -0.511891162377424 1.95715374930531 -1.15025708590138 -0.794288861848958
260226_121221435 3.56799999999998 -0.618777920587263 -4.53825934760152 -0.413903344878463 2.02850069276109 -1.1689898103847 -0.817570911145894
260226_121221515 3.64800000000014 -0.618777920587263 -4.53825934760152 -0.413903344878463 2.0315997040716 -1.26884325928646 -0.726512665422526
260226_121221560 3.69600000000014 -0.724575717603216 -4.44441971347152 -0.414877620468644 2.06000991833625 -1.43711899625029 -0.660457450249861
260226_121221578 3.71199999999999 -0.730594136212176 -4.34462004076534 -0.412927244818263 2.06132682626456 -1.48700400983926 -0.614855334597851
260226_121221639 3.78400000000011 -0.830373514619168 -4.35058007934157 -0.415851896058825 2.02748944061315 -1.5523225997434 -0.534681463194831
260226_121221671 3.80799999999999 -0.830373514619168 -4.35058007934157 -0.415851896058825 2.02748944061315 -1.5523225997434 -0.534681463194831
260226_121221687 3.82500000000005 -0.8363919332281 -4.25078040663533 -0.413901520408444 2.02748944061315 -1.5523225997434 -0.534681463194831
260226_121221752 3.88799999999992 -0.757883680032108 -3.84349958677916 -0.503113559715871 1.9729656645617 -1.73558221284507 -0.480922002888955
260226_121221829 3.96900000000005 -0.781957354467806 -3.44430089595426 -0.495312057114461 1.92794849601264 -1.83480887575201 -0.43656168094404
260226_121221926 4.06500000000005 -0.806031028903533 -3.04510220512935 -0.487510554513051 1.82030445082351 -1.78122699734699 -0.424037626598844
260226_121221957 4.096 -0.826888833955024 -2.74782527746567 -0.381721234412623 1.74888603215771 -1.76203208102135 -0.400445672528945
260226_121222020 4.16100000000006 -0.751183129983673 -2.34266654806447 -0.370995080570708 1.65216738552526 -1.67416957595048 -0.352053400714106
260226_121222052 4.19200000000001 -0.751183129983673 -2.34266654806447 -0.370995080570708 1.68734445363558 -1.65899221061028 -0.386728886797276
260226_121222067 4.20900000000006 -0.751183129983673 -2.34266654806447 -0.370995080570708 1.64129248817531 -1.70836487344673 -0.38800365715336
260226_121222117 4.24800000000005 -0.669459007403475 -2.03730749136957 -0.362219302379117 1.59315433355045 -1.65855404566582 -0.480925936283775
260226_121222163 4.29600000000005 -0.702766969832311 -1.43638736467716 -0.450455241626344 1.39122041950161 -1.6046087820576 -0.562645244172596
260226_121222179 4.31200000000013 -0.702766969832311 -1.43638736467716 -0.450455241626344 1.34403326942575 -1.60448590927736 -0.609665612884275
260226_121222244 4.37599999999998 -0.623845396476781 -1.13315039843724 -0.341741270285411 1.26050988489397 -1.57002873672464 -0.667836846956337
260226_121222273 4.40800000000013 -0.621042847252085 -1.13102830798221 -0.441679463434753 1.26050988489397 -1.57002873672464 -0.667836846956337
260226_121222291 4.42399999999998 -0.627061265861016 -1.03122863527597 -0.439729087784428 1.22418368291193 -1.53567814727872 -0.679015475808541
260226_121222304 4.44100000000003 -0.633079684469948 -0.931428962569726 -0.437778712134048 1.18784842667717 -1.50133250781388 -0.690202980243713
260226_121222368 4.50400000000013 -0.663171777514577 -0.432430599038639 -0.428026833882313 0.876362592738798 -1.34479070434865 -0.805512036861403
260226_121222402 4.53700000000003 -0.672406065507744 -0.230709163171127 -0.524064275730836 0.768648280336282 -1.29122312909983 -0.793321755220709
260226_121222463 4.60000000000014 -0.669603516283019 -0.228587072716095 -0.624002468880121 0.73224123099489 -1.25692585739734 -0.804594464964441
260226_121222496 4.63300000000004 -0.678424484116647 -0.130909490464887 -0.522113900080456 0.649928066029695 -1.27199570290411 -0.816801009912116
260226_121222511 4.64800000000014 -0.678424484116647 -0.130909490464887 -0.522113900080456 0.613512415976932 -1.23770770754979 -0.828089629410905
260226_121222574 4.71199999999999 -0.596700361536421 0.17444956623001 -0.513338121888864 0.295239804247832 -1.26341582785946 -0.840959506903707
260226_121222606 4.74400000000014 -0.599916230920655 0.276371329391282 -0.611325939387825 0.176475147576039 -1.24413771882309 -0.864289415407344
260226_121222622 4.75999999999999 -0.602718780145352 0.27424923893625 -0.51138774623854 0.165385330924702 -1.27861310982909 -0.899701635016714
260226_121222685 4.82500000000005 -0.602718780145352 0.27424923893625 -0.51138774623854 0.140053011374875 -1.20987507711696 -0.875640492705655
260226_121222717 4.85599999999999 -0.599916230920655 0.276371329391282 -0.611325939387825 0.103621647612735 -1.17561748398744 -0.887000507065334
260226_121222733 4.87300000000005 -0.599916230920655 0.276371329391282 -0.611325939387825 0.0671810449204501 -1.14136494538045 -0.898369466129411
260226_121222797 4.93599999999992 -0.508957820347277 0.380008950218723 -0.506512719347654 0.0290171833779573 -1.05811293615381 -0.955884689095147
260226_121222829 4.96900000000005 -0.508957820347277 0.380008950218723 -0.506512719347654 0.0290171833779573 -1.05811293615381 -0.955884689095147
260226_121222893 5.03199999999993 -0.500136852513634 0.282331367967515 -0.608401288147263 -0.00746977960183086 -1.02388233555596 -0.967272906573721
260226_121222924 5.06500000000005 -0.400357474106613 0.288291406543806 -0.605476636906758 -0.0328151314020391 -0.95515049508627 -0.943297933159609
260226_121222987 5.12000000000012 -0.397554924881916 0.290413496998838 -0.705414830056043 -0.0599991288120378 -0.837432259458322 -0.965448331147429
260226_121223021 5.16100000000006 -0.397554924881916 0.290413496998838 -0.705414830056043 -0.0599991288120378 -0.837432259458322 -0.965448331147429
260226_121223036 5.16800000000012 -0.400357474106613 0.288291406543806 -0.605476636906758 -0.0599991288120378 -0.837432259458322 -0.965448331147429
260226_121223099 5.23199999999997 -0.394339055497682 0.188491733837566 -0.607427012557139 -0.0395494343333942 -0.719430841228116 -0.940731932538763
260226_121223131 5.26400000000012 -0.391536506272985 0.190613824292598 -0.707365205706424 -0.0171541567726295 -0.650445624233674 -0.869891241004409
260226_121223162 5.29600000000005 -0.385518087664053 0.0908141515864145 -0.709315581356748 0.0378312949637419 -0.517656956782956 -0.879545054949038
260226_121223210 5.34400000000005 -0.376283799670915 -0.110907284281097 -0.613278139508168 0.10600344370382 -0.399433518052183 -0.807527034375239
260226_121223242 5.37599999999998 -0.376283799670915 -0.110907284281097 -0.613278139508168 0.151709280554064 -0.350131274265381 -0.806418607157608
260226_121223290 5.42399999999998 -0.273701872039183 -0.102825155249832 -0.710291681416948 0.140479985925199 -0.384577160960131 -0.841961046080822
260226_121223322 5.45600000000013 -0.267683453430251 -0.202624827956072 -0.712242057067272 0.140479985925199 -0.384577160960131 -0.841961046080822
260226_121223370 5.50400000000013 -0.14984881919645 -0.496063807498501 -0.715168532777795 0.23478345532656 -0.423411951019763 -0.934894191547589
260226_121223403 5.53700000000003 -0.137811981978587 -0.695663152910925 -0.7190692840785 0.294677425389403 -0.477074537710163 -0.993463471778917
260226_121223449 5.58500000000004 -0.137811981978587 -0.695663152910925 -0.7190692840785 0.294677425389403 -0.477074537710163 -0.993463471778917
260226_121223512 5.64800000000014 -0.125775144760738 -0.895262498323405 -0.722970035379205 0.380113498322462 -0.599289352009542 -1.07630027718631
260226_121223528 5.66399999999999 -0.122559275376517 -0.997184261484676 -0.624982217880302 0.44223742300796 -0.702100009899432 -1.08915764407688
260226_121223591 5.72900000000004 0.0133306146840653 -1.59002225914577 -0.633759820541854 0.685024372944393 -0.965147132808053 -1.27887805360484
260226_121223662 5.79999999999995 0.0193490332929969 -1.68982193185195 -0.635710196192235 0.782026622074011 -1.05260976569711 -1.3266986617297
260226_121223718 5.85599999999999 -0.0623750892872295 -1.99518098854696 -0.644485974383826 0.833451295464109 -1.1896862057159 -1.3757282414811
260226_121223734 5.87300000000005 -0.0563566706782979 -2.0949806612532 -0.646436350034151 0.859188789461148 -1.25822015036358 -1.40027282825168
260226_121223750 5.88799999999992 -0.150117630476387 -2.20074037253562 -0.651311376925037 0.932507046309108 -1.32658253379691 -1.37795387029674
260226_121223798 5.93599999999992 -0.225823334447711 -2.60589910193681 -0.662037530766952 1.05553503771104 -1.48242500304926 -1.45082604593557
260226_121223814 5.952 -0.225823334447711 -2.60589910193681 -0.662037530766952 1.09219017760483 -1.51660970067176 -1.43973437147218
260226_121223830 5.96900000000005 -0.217002366614082 -2.70357668418796 -0.763926099566618 1.08134916538572 -1.55093363511901 -1.47551299352173
260226_121223893 6.03199999999993 -0.310763326412172 -2.8093363954705 -0.768801126457504 1.12883637629596 -1.55079940526953 -1.42865174107192
260226_121223941 6.07999999999993 -0.392487448992398 -3.11469545216545 -0.777576904649095 1.24543891343814 -1.48201372316808 -1.26319621901048
260226_121223973 6.11300000000006 -0.483032539406253 -3.32237692660919 -0.68446411404102 1.31458311863921 -1.41342077981247 -1.14449460657234
260226_121224004 6.14400000000001 -0.470995702188418 -3.52197627202167 -0.688364865341725 1.36199117979814 -1.4134137817838 -1.09748397784645
