Time(ddMMyy_HHmmssfff format) Time(s) x(mm) y(mm) z(mm) rx(deg) ry(deg) rz(deg)
280525_154259244 0 2.8421709430404E-14 0 0 0 4.48042004688586E-16 0
280525_154304574 0 2.8421709430404E-14 0 0 0 4.48042004688586E-16 0
280525_154304734 0.0410000000000537 2.8421709430404E-14 0 0 0 4.48042004688586E-16 0
280525_154304869 0.296000000000049 -0.00251434917865367 0.199977533020046 -0.00163227921649423 0 4.48042004688586E-16 0
280525_154304945 0.368000000000052 -0.00502869835732156 0.399955066040036 -0.00326455843298845 0 4.48042004688586E-16 0
280525_154305176 0.480000000000018 -0.0163432696613341 1.29985396463002 -0.0106098149072125 0 4.48042004688586E-16 0
280525_154305276 0.696000000000026 -0.0364580630906914 2.8996742287901 -0.0236680486391663 0 4.48042004688586E-16 0
280525_154305399 0.824000000000069 -0.051544158162713 4.0995394269101 -0.0334617239381316 0 4.48042004688586E-16 0
280525_154305511 0.936000000000035 -0.06616245485165 4.70019723196862 0.0613881923730446 0 4.48042004688586E-16 0
280525_154305602 1.03200000000004 0.0243109922523246 6.00063772535538 -0.0419030392448008 0 4.48042004688586E-16 0
280525_154305649 1.08000000000004 0.0109498701527144 6.50130676390387 0.0537630166746226 0 4.48042004688586E-16 0
280525_154305923 1.35200000000009 -0.0104220978659697 8.20111579457398 0.0398886433344501 0 4.48042004688586E-16 0
280525_154305988 1.40800000000002 -0.0192223199913144 8.90103716014397 0.0341756660767203 0 4.48042004688586E-16 0
280525_154306128 1.55200000000002 -0.0255081929379912 9.40098099269397 0.0300949680354847 0 4.48042004688586E-16 0
280525_154306217 1.62400000000002 -0.0305368912953412 9.80093605873395 0.0268304096024963 0 4.48042004688586E-16 0
280525_154306488 1.92100000000005 -0.031794065884668 9.90092482524398 0.0260142699942492 0 4.48042004688586E-16 0
280525_154306563 1.98400000000004 -0.0222044675530668 9.70022208622549 -0.0721002047499155 0 4.48042004688586E-16 0
280525_154306824 2.24800000000005 0.000424675054958357 7.90042428904547 -0.0574096918014675 0 4.48042004688586E-16 0
280525_154306855 2.28100000000006 0.00293902423362624 7.70044675602549 -0.0557774125849733 0 4.48042004688586E-16 0
280525_154307032 2.45600000000002 0.0217966430736567 6.20061525837542 -0.043535318461295 0 4.48042004688586E-16 0
280525_154307200 2.51200000000006 0.0255681668416656 5.90064895884541 -0.0410868996365537 0 4.48042004688586E-16 0
280525_154307295 2.72000000000003 0.0481973094496908 4.10085116166533 -0.0263963866881056 0 4.48042004688586E-16 0
280525_154307346 2.76800000000003 0.0519688332176997 3.80088486213532 -0.0239479678633643 0 4.48042004688586E-16 0
280525_154307376 2.80000000000007 0.0569975315750355 3.40092979609534 -0.0206834094303758 0 4.48042004688586E-16 0
280525_154307671 3.048 -0.0125717458933252 0.999887665100005 -0.00816139608247113 0 4.48042004688586E-16 0
280525_154307743 3.16800000000001 -0.0100573967146573 0.799910132080015 -0.0065291168659769 0 4.48042004688586E-16 0
280525_154307870 3.29600000000005 -0.00251434917865367 0.199977533020046 -0.00163227921649423 0 4.48042004688586E-16 0
280525_154307899 3.32000000000005 -0.00251434917865367 0.199977533020046 -0.00163227921649423 0 4.48042004688586E-16 0
280525_154308262 3.68000000000006 -0.0133611220995817 0.500669038548494 0.0956660559194233 0 4.48042004688586E-16 0
280525_154308404 3.83199999999999 -0.017600444250661 1.39984273114004 -0.0114259545154596 0 4.48042004688586E-16 0
280525_154308449 3.86400000000003 -0.0213719680186699 1.69980903067005 -0.0138743733402009 0 4.48042004688586E-16 0
280525_154308734 4.16100000000006 -0.0535907089583105 3.70030956686861 0.0695495884555157 0 4.48042004688586E-16 0
280525_154308781 4.20900000000006 -0.0611337564943142 4.30024216592858 0.0646527508060331 0 4.48042004688586E-16 0
280525_154309038 4.40800000000002 0.00592117179537865 6.90126182994391 0.0504984582416341 0 4.48042004688586E-16 0
280525_154309096 4.5200000000001 0.00340682261671077 7.1012393629639 0.0488661790251399 0 4.48042004688586E-16 0
280525_154309271 4.69600000000003 -0.0154507962233197 8.60107086061396 0.0366240849014616 0 4.48042004688586E-16 0
280525_154309333 4.75200000000007 -0.0167079708126465 8.70105962712398 0.0358079452932145 0 4.48042004688586E-16 0
280525_154309584 5.00800000000004 -0.0305368912953412 9.80093605873395 0.0268304096024963 0 4.48042004688586E-16 0
280525_154309617 5.04100000000005 -0.031794065884668 9.90092482524398 0.0260142699942492 0 4.48042004688586E-16 0
280525_154309645 5.072 -0.031794065884668 9.90092482524398 0.0260142699942492 0 4.48042004688586E-16 0
280525_154309948 5.36800000000005 -0.0196901183743989 9.50024455320545 -0.0704679255334213 0 4.48042004688586E-16 0
280525_154310012 5.43200000000002 -0.0192223199913144 8.90103716014397 0.0341756660767203 0 4.48042004688586E-16 0
280525_154310148 5.57600000000002 -0.00586119789171846 8.40036812159548 -0.0614903898427031 0 4.48042004688586E-16 0
280525_154310219 5.62400000000002 0.00293902423362624 7.70044675602549 -0.0557774125849733 0 4.48042004688586E-16 0
280525_154310466 5.88800000000003 0.0331112143776693 5.30071635978538 -0.036190061987071 0 4.48042004688586E-16 0
280525_154310528 5.952 0.0343683889670103 5.20072759327542 -0.0353739223788239 0 4.48042004688586E-16 0
280525_154310670 6.096 -0.0440011106266951 3.49960682785007 -0.0285648862886489 0 4.48042004688586E-16 0
280525_154310846 6.27200000000005 -0.0251434917866789 1.99977533020007 -0.0163227921649423 0 4.48042004688586E-16 0
280525_154310876 6.30500000000006 -0.0238863171973378 1.8997865636901 -0.0155066525566951 0 4.48042004688586E-16 0
280525_154311065 6.48800000000006 -0.00880022212531628 0.699921365570049 -0.00571297725772979 0 4.48042004688586E-16 0
280525_154311251 6.57600000000002 -0.00251434917865367 0.199977533020046 -0.00163227921649423 0 4.48042004688586E-16 0
280525_154311346 6.76800000000003 -0.00125717458931263 0.0999887665100232 -0.000816139608247113 0 4.48042004688586E-16 0
280525_154311397 6.81600000000003 -0.00125717458931263 0.0999887665100232 -0.000816139608247113 0 4.48042004688586E-16 0
280525_154311555 6.976 -0.00377152376798051 0.299966299530013 -0.00244841882474134 0 4.48042004688586E-16 0
280525_154311719 7.048 -0.0171326458675907 0.800635338078507 0.093217637094682 0 4.48042004688586E-16 0
280525_154311855 7.28100000000006 -0.0276578409653467 2.19975286322011 -0.0179550713814365 0 4.48042004688586E-16 0
280525_154311885 7.31200000000001 -0.0359902647076069 2.30046683572857 0.0809755429709753 0 4.48042004688586E-16 0
280525_154312188 7.56000000000006 -0.0578300311093898 4.5994832594601 -0.0375424219793672 0 4.48042004688586E-16 0
280525_154312266 7.69600000000003 0.0184929176887323 5.9013741648439 0.0586598543241053 0 4.48042004688586E-16 0
280525_154312411 7.84000000000003 0.000892473438042884 7.30121689598388 0.0472338998086457 0 4.48042004688586E-16 0
280525_154312441 7.87300000000005 -0.00287905032996605 7.6011831955139 0.0447854809839328 0 4.48042004688586E-16 0
280525_154312475 7.89700000000005 -0.0041362249193071 7.70117196202398 0.0439693413756572 0 4.48042004688586E-16 0
280525_154312760 8.18500000000006 -0.0229938437593233 9.20100345967398 0.031727247251979 0 4.48042004688586E-16 0
280525_154312825 8.24800000000005 -0.0280225421166591 9.60095852571396 0.0284626888189905 0 4.48042004688586E-16 0
280525_154313047 8.40800000000002 -0.031794065884668 9.90092482524398 0.0260142699942492 0 4.48042004688586E-16 0
280525_154313108 8.53600000000006 -0.031794065884668 9.90092482524398 0.0260142699942492 0 4.48042004688586E-16 0
280525_154313301 8.72000000000003 -0.0196901183743989 9.50024455320545 -0.0704679255334213 0 4.48042004688586E-16 0
280525_154313365 8.78399999999999 -0.0204794945806555 9.00102592665394 0.0333595264684732 0 4.48042004688586E-16 0
280525_154313598 9.024 0.0104820717696441 7.1005141569654 -0.050880574935519 0 4.48042004688586E-16 0
280525_154313665 9.072 0.0167679447163209 6.6005703244154 -0.0467998768942834 0 4.48042004688586E-16 0
280525_154313994 9.29600000000005 0.0507116586283587 3.90087362864534 -0.0247641074716114 0 4.48042004688586E-16 0
280525_154314024 9.44800000000009 0.0595118807537034 3.20095226307535 -0.0190511302138816 0 4.48042004688586E-16 0
280525_154314132 9.56000000000006 -0.0339437139120236 2.69969669577011 -0.022035769422672 0 4.48042004688586E-16 0
280525_154314183 9.60800000000006 -0.0264006663760057 2.09976409671009 -0.0171389317731894 0 4.48042004688586E-16 0
280525_154314425 9.81600000000003 -0.00754304753598944 0.599932599060025 -0.00489683764948268 0 4.48042004688586E-16 0
280525_154314529 9.952 -0.00502869835732156 0.399955066040036 -0.00326455843298845 0 4.48042004688586E-16 0
280525_154314669 10.096 -0.00125717458931263 0.0999887665100232 -0.000816139608247113 0 4.48042004688586E-16 0
280525_154314733 10.1610000000001 -0.00125717458931263 0.0999887665100232 -0.000816139608247113 0 4.48042004688586E-16 0
280525_154315019 10.4400000000001 -0.0138289204826663 1.09987643161003 -0.00897753569071824 0 4.48042004688586E-16 0
280525_154315096 10.5200000000001 -0.0234185188142675 1.30057917062851 0.0891369390534464 0 4.48042004688586E-16 0
280525_154315354 10.672 -0.0460476614222927 3.10037696780859 0.0744464261049984 0 4.48042004688586E-16 0
280525_154315391 10.808 -0.0465154598053772 3.69958436087012 -0.0301971655051432 0 4.48042004688586E-16 0
280525_154315554 10.976 -0.0711911532089999 5.10015229800865 0.0581236339400562 0 4.48042004688586E-16 0
280525_154315619 11.0410000000001 -0.0850200736916804 6.20002872961868 0.0491460982493379 0 4.48042004688586E-16 0
280525_154315899 11.3200000000001 -0.0104220978659697 8.20111579457398 0.0398886433344501 0 4.48042004688586E-16 0
280525_154315947 11.3680000000001 -0.0129364470446518 8.40109332759397 0.0382563641179559 0 4.48042004688586E-16 0
280525_154316107 11.528 -0.0255081929379912 9.40098099269397 0.0300949680354847 0 4.48042004688586E-16 0
280525_154316296 11.72 -0.031794065884668 9.90092482524398 0.0260142699942492 0 4.48042004688586E-16 0
280525_154316416 11.84 -0.031794065884668 9.90092482524398 0.0260142699942492 0 4.48042004688586E-16 0
280525_154316466 11.888 -0.031794065884668 9.90092482524398 0.0260142699942492 0 4.48042004688586E-16 0
280525_154316748 12.176 -0.0108898962490542 8.80032318763546 -0.0647549482756915 0 4.48042004688586E-16 0
280525_154316811 12.24 -0.00790774868730182 8.00113826155393 0.0415209225509443 0 4.48042004688586E-16 0
280525_154316984 12.408 0.012996420948312 6.90053662394541 -0.0492482957190248 0 4.48042004688586E-16 0
280525_154317142 12.4480000000001 0.0217966430736567 6.20061525837542 -0.043535318461295 0 4.48042004688586E-16 0
280525_154317279 12.7040000000001 0.0494544840390319 4.00086239515531 -0.0255802470798585 0 4.48042004688586E-16 0
280525_154317333 12.76 -0.0490298089840451 3.89956189389011 -0.0318294447216374 0 4.48042004688586E-16 0
280525_154317614 13.024 -0.0163432696613341 1.29985396463002 -0.0106098149072125 0 4.48042004688586E-16 0
280525_154317663 13.0890000000001 -0.0125717458933252 0.999887665100005 -0.00816139608247113 0 4.48042004688586E-16 0
280525_154317834 13.2570000000001 -0.00377152376798051 0.299966299530013 -0.00244841882474134 0 4.48042004688586E-16 0
280525_154318044 13.4640000000001 -0.00125717458931263 0.0999887665100232 -0.000816139608247113 0 4.48042004688586E-16 0
280525_154318181 13.6080000000001 -0.00251434917865367 0.199977533020046 -0.00163227921649423 0 4.48042004688586E-16 0
280525_154318228 13.6560000000001 -0.00502869835732156 0.399955066040036 -0.00326455843298845 0 4.48042004688586E-16 0
280525_154318529 13.952 -0.0251434917866789 1.99977533020007 -0.0163227921649423 0 4.48042004688586E-16 0
280525_154318621 14.032 -0.0377152376800325 2.99966299530007 -0.0244841882474134 0 4.48042004688586E-16 0
280525_154318987 14.408 0.0134642193313965 6.30132923088388 0.0553952958911168 0 4.48042004688586E-16 0
280525_154319016 14.4400000000001 -0.0913059466383572 6.69997256216868 0.0450654002081023 0 4.48042004688586E-16 0
280525_154319050 14.4720000000001 0.00466399720605182 7.00125059645387 0.049682318633387 0 4.48042004688586E-16 0
280525_154319216 14.6320000000001 -0.0116792724553108 8.30110456108395 0.039072503726203 0 4.48042004688586E-16 0
280525_154319427 14.856 -0.0267653675273323 9.50096975920394 0.0292788284272376 0 4.48042004688586E-16 0
280525_154319569 14.9930000000001 -0.0305368912953412 9.80093605873395 0.0268304096024963 0 4.48042004688586E-16 0
280525_154319641 15.056 -0.031794065884668 9.90092482524398 0.0260142699942492 0 4.48042004688586E-16 0
280525_154320059 15.48 -0.00963272165971318 8.70033442112549 -0.0639388086674444 0 4.48042004688586E-16 0
280525_154320272 15.576 -0.00460402330237741 8.30037935508545 -0.0606742502344559 0 4.48042004688586E-16 0
280525_154320430 15.849 0.0293396906096746 5.6006826593154 -0.0386384808118123 0 4.48042004688586E-16 0
280525_154320491 15.897 0.0331112143776693 5.30071635978538 -0.036190061987071 0 4.48042004688586E-16 0
280525_154320795 16.2090000000001 -0.0326865393226825 2.59970792926009 -0.0212196298144249 0 4.48042004688586E-16 0
280525_154320885 16.2570000000001 -0.0251434917866789 1.99977533020007 -0.0163227921649423 0 4.48042004688586E-16 0
280525_154321184 16.5440000000001 -0.00502869835732156 0.399955066040036 -0.00326455843298845 0 4.48042004688586E-16 0
280525_154321228 16.648 -0.00251434917865367 0.199977533020046 -0.00163227921649423 0 4.48042004688586E-16 0
280525_154321435 16.856 -0.00125717458931263 0.0999887665100232 -0.000816139608247113 0 4.48042004688586E-16 0
280525_154321496 16.921 -0.0138289204826663 1.09987643161003 -0.00897753569071824 0 4.48042004688586E-16 0
280525_154321805 17.224 -0.0251434917866789 1.99977533020007 -0.0163227921649423 0 4.48042004688586E-16 0
280525_154321989 17.4160000000001 -0.0414867614480272 3.29962929483008 -0.0269326070721547 0 4.48042004688586E-16 0
280525_154322159 17.5840000000001 -0.0578300311093898 4.5994832594601 -0.0375424219793672 0 4.48042004688586E-16 0
280525_154322318 17.744 0.0184929176887323 5.9013741648439 0.0586598543241053 0 4.48042004688586E-16 0
280525_154322376 17.784 0.0109498701527144 6.50130676390387 0.0537630166746226 0 4.48042004688586E-16 0
280525_154322555 17.9690000000001 -0.00665057409797498 7.90114949504397 0.0423370621591914 0 4.48042004688586E-16 0
280525_154322725 18.152 -0.0217366691699965 9.10101469316396 0.0325433868602261 0 4.48042004688586E-16 0
280525_154322848 18.272 -0.0305368912953412 9.80093605873395 0.0268304096024963 0 4.48042004688586E-16 0
280525_154322897 18.3280000000001 -0.0305368912953412 9.80093605873395 0.0268304096024963 0 4.48042004688586E-16 0
280525_154323163 18.5920000000001 -0.0234616421424079 9.80021085273546 -0.0729163443581626 0 4.48042004688586E-16 0
280525_154323230 18.6560000000001 -0.0196901183743989 9.50024455320545 -0.0704679255334213 0 4.48042004688586E-16 0
280525_154323371 18.8000000000001 -0.0121470708383811 8.90031195414548 -0.0655710878839386 0 4.48042004688586E-16 0
280525_154323558 18.984 0.00419619882296729 7.60045798951541 -0.0549612729767546 0 4.48042004688586E-16 0
280525_154323701 19.128 0.0167679447163209 6.6005703244154 -0.0467998768942834 0 4.48042004688586E-16 0
280525_154323782 19.2090000000001 0.0293396906096746 5.6006826593154 -0.0386384808118123 0 4.48042004688586E-16 0
280525_154324024 19.4480000000001 0.0595118807537034 3.20095226307535 -0.0190511302138816 0 4.48042004688586E-16 0
280525_154324065 19.4960000000001 -0.0364580630906914 2.8996742287901 -0.0236680486391663 0 4.48042004688586E-16 0
280525_154324226 19.6560000000001 -0.0201147934293431 1.59982026416003 -0.0130582337319538 0 4.48042004688586E-16 0
280525_154324417 19.832 -0.00754304753598944 0.599932599060025 -0.00489683764948268 0 4.48042004688586E-16 0
280525_154324528 19.952 -0.00502869835732156 0.399955066040036 -0.00326455843298845 0 4.48042004688586E-16 0
280525_154324574 20 -0.00377152376798051 0.299966299530013 -0.00244841882474134 0 4.48042004688586E-16 0
280525_154324857 20.224 -0.00251434917865367 0.199977533020046 -0.00163227921649423 0 4.48042004688586E-16 0
280525_154324940 20.3680000000001 -0.00502869835732156 0.399955066040036 -0.00326455843298845 0 4.48042004688586E-16 0
280525_154325084 20.5120000000001 -0.0221613442249264 1.20059040411854 0.0899530786616936 0 4.48042004688586E-16 0
280525_154325151 20.5600000000001 -0.018857618840002 1.49983149765001 -0.0122420941237067 0 4.48042004688586E-16 0
280525_154325410 20.84 -0.0528013327520398 4.19952819342012 -0.0342778635463787 0 4.48042004688586E-16 0
280525_154325477 20.904 -0.06616245485165 4.70019723196862 0.0613881923730446 0 4.48042004688586E-16 0
280525_154325605 21.032 0.0243109922523246 6.00063772535538 -0.0419030392448008 0 4.48042004688586E-16 0
280525_154325748 21.176 0.00592117179537865 6.90126182994391 0.0504984582416341 0 4.48042004688586E-16 0
280525_154325922 21.3440000000001 -0.0104220978659697 8.20111579457398 0.0398886433344501 0 4.48042004688586E-16 0
280525_154325987 21.4160000000001 -0.0179651454019876 8.80104839363395 0.0349918056849674 0 4.48042004688586E-16 0
280525_154326255 21.6800000000001 -0.031794065884668 9.90092482524398 0.0260142699942492 0 4.48042004688586E-16 0
280525_154326288 21.7120000000001 -0.031794065884668 9.90092482524398 0.0260142699942492 0 4.48042004688586E-16 0
280525_154326499 21.904 -0.01591859460639 9.20027825367549 -0.06801950670868 0 4.48042004688586E-16 0
280525_154326777 22.2 -0.0129364470446518 8.40109332759397 0.0382563641179559 0 4.48042004688586E-16 0
280525_154326826 22.248 0.000424675054958357 7.90042428904547 -0.0574096918014675 0 4.48042004688586E-16 0
280525_154327109 22.5360000000001 0.0255681668416656 5.90064895884541 -0.0410868996365537 0 4.48042004688586E-16 0
280525_154327169 22.6 0.0343683889670103 5.20072759327542 -0.0353739223788239 0 4.48042004688586E-16 0
280525_154327299 22.7280000000001 0.0481973094496908 4.10085116166533 -0.0263963866881056 0 4.48042004688586E-16 0
280525_154327347 22.7760000000001 -0.047772634394704 3.79957312738009 -0.0310133051133903 0 4.48042004688586E-16 0
280525_154327616 23.0410000000001 -0.0163432696613341 1.29985396463002 -0.0106098149072125 0 4.48042004688586E-16 0
280525_154327662 23.0890000000001 -0.0125717458933252 0.999887665100005 -0.00816139608247113 0 4.48042004688586E-16 0
280525_154327829 23.2570000000001 -0.00377152376798051 0.299966299530013 -0.00244841882474134 0 4.48042004688586E-16 0
280525_154327996 23.4240000000001 -0.00251434917865367 0.199977533020046 -0.00163227921649423 0 4.48042004688586E-16 0
280525_154328154 23.5840000000001 -0.00251434917865367 0.199977533020046 -0.00163227921649423 0 4.48042004688586E-16 0
280525_154328217 23.648 -0.00502869835732156 0.399955066040036 -0.00326455843298845 0 4.48042004688586E-16 0
280525_154328469 23.897 -0.0297043917609443 1.80052300317851 0.0850562410122109 0 4.48042004688586E-16 0
280525_154328521 23.9450000000001 -0.0309615663502711 1.90051176968859 0.0842401014039638 0 4.48042004688586E-16 0
280525_154328548 23.976 -0.0276578409653467 2.19975286322011 -0.0179550713814365 0 4.48042004688586E-16 0
280525_154328702 24.128 -0.0498191851903016 3.4003432673386 0.0719980072802571 0 4.48042004688586E-16 0
280525_154328852 24.2810000000001 0.027293139814077 5.20145279927391 0.064372831581835 0 4.48042004688586E-16 0
280525_154329010 24.432 0.00843552097404654 6.70128429692392 0.0521307374581284 0 4.48042004688586E-16 0
280525_154329060 24.4880000000001 0.00340682261671077 7.1012393629639 0.0488661790251399 0 4.48042004688586E-16 0
280525_154329356 24.784 -0.0192223199913144 8.90103716014397 0.0341756660767203 0 4.48042004688586E-16 0
280525_154329402 24.832 -0.0255081929379912 9.40098099269397 0.0300949680354847 0 4.48042004688586E-16 0
280525_154329529 24.96 -0.0280225421166591 9.60095852571396 0.0284626888189905 0 4.48042004688586E-16 0
280525_154329560 24.9930000000001 -0.0305368912953412 9.80093605873395 0.0268304096024963 0 4.48042004688586E-16 0
280525_154329781 25.216 -0.0247188167317347 9.90019961924548 -0.0737324839664097 0 4.48042004688586E-16 0
280525_154329833 25.2570000000001 -0.0305368912953412 9.80093605873395 0.0268304096024963 0 4.48042004688586E-16 0
280525_154329956 25.384 -0.0255081929379912 9.40098099269397 0.0300949680354847 0 4.48042004688586E-16 0
280525_154330068 25.504 -0.00963272165971318 8.70033442112549 -0.0639388086674444 0 4.48042004688586E-16 0
280525_154330180 25.6080000000001 0.000424675054958357 7.90042428904547 -0.0574096918014675 0 4.48042004688586E-16 0
280525_154330212 25.6400000000001 0.00545337341230834 7.50046922300538 -0.054145133368479 0 4.48042004688586E-16 0
280525_154330339 25.768 0.014253595537653 6.80054785743539 -0.0484321561107777 0 4.48042004688586E-16 0
280525_154330373 25.8000000000001 0.0192822938949888 6.40059279139541 -0.0451675976777892 0 4.48042004688586E-16 0
280525_154330387 25.816 0.0230538176629977 6.1006264918654 -0.0427191788530479 0 4.48042004688586E-16 0
280525_154330403 25.832 0.0268253414309925 5.80066019233539 -0.0402707600283065 0 4.48042004688586E-16 0
280525_154330435 25.864 0.0305968651990014 5.50069389280537 -0.0378223412035652 0 4.48042004688586E-16 0
280525_154330547 25.984 0.0393970873243461 4.80077252723538 -0.0321093639458354 0 4.48042004688586E-16 0
280525_154330595 26.024 0.0481973094496908 4.10085116166533 -0.0263963866881056 0 4.48042004688586E-16 0
280525_154331665 27.096 -0.0100573967146573 0.799910132080015 -0.0065291168659769 0 4.48042004688586E-16 0
280525_154331698 27.128 -0.0183898204569175 0.90062410458853 0.0924014974864349 0 4.48042004688586E-16 0
280525_154331727 27.1610000000001 -0.0138289204826663 1.09987643161003 -0.00897753569071824 0 4.48042004688586E-16 0
280525_154331858 27.2810000000001 -0.0276578409653467 2.19975286322011 -0.0179550713814365 0 4.48042004688586E-16 0
280525_154331903 27.3280000000001 -0.0359902647076069 2.30046683572857 0.0809755429709753 0 4.48042004688586E-16 0
280525_154332052 27.4720000000001 -0.0502869835733719 3.99955066040008 -0.0326455843298845 0 4.48042004688586E-16 0
280525_154332110 27.5360000000001 -0.0573622327263053 4.00027586639857 0.0671011696307744 0 4.48042004688586E-16 0
280525_154332141 27.5680000000001 -0.0553156819307219 4.39950572644011 -0.035910142762873 0 4.48042004688586E-16 0
280525_154332336 27.76 0.0159785685100644 6.10135169786389 0.057027575107611 0 4.48042004688586E-16 0
280525_154332394 27.816 0.00340682261671077 7.1012393629639 0.0488661790251399 0 4.48042004688586E-16 0
280525_154332585 28 -0.0116792724553108 8.30110456108395 0.039072503726203 0 4.48042004688586E-16 0
280525_154332682 28.104 -0.0204794945806555 9.00102592665394 0.0333595264684732 0 4.48042004688586E-16 0
280525_154332909 28.336 -0.0305368912953412 9.80093605873395 0.0268304096024963 0 4.48042004688586E-16 0
280525_154332974 28.4000000000001 -0.0305368912953412 9.80093605873395 0.0268304096024963 0 4.48042004688586E-16 0
280525_154333131 28.5600000000001 -0.031794065884668 9.90092482524398 0.0260142699942492 0 4.48042004688586E-16 0
280525_154333180 28.6080000000001 -0.0305368912953412 9.80093605873395 0.0268304096024963 0 4.48042004688586E-16 0
280525_154333210 28.6400000000001 -0.0280225421166591 9.60095852571396 0.0284626888189905 0 4.48042004688586E-16 0
280525_154333403 28.8240000000001 -0.0141936216339786 8.50108209410394 0.0374402245097087 0 4.48042004688586E-16 0
280525_154333463 28.888 -0.00334684871303637 8.20039058857549 -0.0598581106262088 0 4.48042004688586E-16 0
280525_154333624 29.048 0.0155107701269799 6.70055909092542 -0.0476160165025306 0 4.48042004688586E-16 0
280525_154333670 29.096 0.0167679447163209 6.6005703244154 -0.0467998768942834 0 4.48042004688586E-16 0
280525_154333701 29.128 0.0167679447163209 6.6005703244154 -0.0467998768942834 0 4.48042004688586E-16 0
280525_154333906 29.336 0.0406542619136872 4.70078376072536 -0.0312932243375883 0 4.48042004688586E-16 0
280525_154333970 29.3920000000001 0.0481973094496908 4.10085116166533 -0.0263963866881056 0 4.48042004688586E-16 0
280525_154334133 29.552 -0.0352008885013504 2.79968546228008 -0.0228519090309192 0 4.48042004688586E-16 0
280525_154334187 29.6080000000001 -0.0276578409653467 2.19975286322011 -0.0179550713814365 0 4.48042004688586E-16 0
280525_154334398 29.8240000000001 -0.00880022212531628 0.699921365570049 -0.00571297725772979 0 4.48042004688586E-16 0
280525_154334482 29.904 -0.00502869835732156 0.399955066040036 -0.00326455843298845 0 4.48042004688586E-16 0
280525_154334674 30.096 -0.00125717458931263 0.0999887665100232 -0.000816139608247113 0 4.48042004688586E-16 0
280525_154334732 30.1610000000001 -0.00125717458931263 0.0999887665100232 -0.000816139608247113 0 4.48042004688586E-16 0
280525_154334936 30.36 -0.00502869835732156 0.399955066040036 -0.00326455843298845 0 4.48042004688586E-16 0
280525_154335031 30.456 -0.0150860950719931 1.19986519812005 -0.00979367529896535 0 4.48042004688586E-16 0
280525_154335189 30.6160000000001 -0.0276578409653467 2.19975286322011 -0.0179550713814365 0 4.48042004688586E-16 0
280525_154335234 30.6640000000001 -0.0339437139120236 2.69969669577011 -0.022035769422672 0 4.48042004688586E-16 0
280525_154335254 30.6800000000001 -0.0352008885013504 2.79968546228008 -0.0228519090309192 0 4.48042004688586E-16 0
280525_154335441 30.864 -0.0578300311093898 4.5994832594601 -0.0375424219793672 0 4.48042004688586E-16 0
280525_154335526 30.952 -0.067419629440991 4.80018599847864 0.0605720527647975 0 4.48042004688586E-16 0
280525_154335670 31.096 0.0109498701527144 6.50130676390387 0.0537630166746226 0 4.48042004688586E-16 0
280525_154335707 31.1370000000001 0.00969269556338759 6.60129553041389 0.0529468770663755 0 4.48042004688586E-16 0
280525_154335886 31.312 -0.00916492327664287 8.10112702806396 0.0407047829426972 0 4.48042004688586E-16 0
280525_154335964 31.3920000000001 -0.0154507962233197 8.60107086061396 0.0366240849014616 0 4.48042004688586E-16 0
280525_154336111 31.5360000000001 -0.0255081929379912 9.40098099269397 0.0300949680354847 0 4.48042004688586E-16 0
280525_154336150 31.576 -0.0267653675273323 9.50096975920394 0.0292788284272376 0 4.48042004688586E-16 0
280525_154336327 31.7520000000001 -0.031794065884668 9.90092482524398 0.0260142699942492 0 4.48042004688586E-16 0
280525_154336392 31.816 -0.031794065884668 9.90092482524398 0.0260142699942492 0 4.48042004688586E-16 0
280525_154336534 31.96 -0.0305368912953412 9.80093605873395 0.0268304096024963 0 4.48042004688586E-16 0
280525_154336581 32.008 -0.0267653675273323 9.50096975920394 0.0292788284272376 0 4.48042004688586E-16 0
280525_154336806 32.2330000000001 -0.00916492327664287 8.10112702806396 0.0407047829426972 0 4.48042004688586E-16 0
280525_154336874 32.296 0.00293902423362624 7.70044675602549 -0.0557774125849733 0 4.48042004688586E-16 0
280525_154337029 32.456 0.0230538176629977 6.1006264918654 -0.0427191788530479 0 4.48042004688586E-16 0
280525_154337091 32.5200000000001 0.0255681668416656 5.90064895884541 -0.0410868996365537 0 4.48042004688586E-16 0
280525_154337295 32.72 0.0481973094496908 4.10085116166533 -0.0263963866881056 0 4.48042004688586E-16 0
280525_154337360 32.784 0.0544831823963676 3.60090732911533 -0.0223156886468701 0 4.48042004688586E-16 0
280525_154337514 32.9450000000001 -0.0289150155546736 2.29974162973008 -0.0187712109896836 0 4.48042004688586E-16 0
280525_154337564 32.9930000000001 -0.0238863171973378 1.8997865636901 -0.0155066525566951 0 4.48042004688586E-16 0
280525_154337754 33.176 -0.0100573967146573 0.799910132080015 -0.0065291168659769 0 4.48042004688586E-16 0
280525_154337823 33.248 -0.00377152376798051 0.299966299530013 -0.00244841882474134 0 4.48042004688586E-16 0
280525_154337971 33.4000000000001 -0.00251434917865367 0.199977533020046 -0.00163227921649423 0 4.48042004688586E-16 0
280525_154338007 33.432 -0.00125717458931263 0.0999887665100232 -0.000816139608247113 0 4.48042004688586E-16 0
280525_154338035 33.4640000000001 -0.00125717458931263 0.0999887665100232 -0.000816139608247113 0 4.48042004688586E-16 0
280525_154338210 33.6400000000001 -0.00377152376798051 0.299966299530013 -0.00244841882474134 0 4.48042004688586E-16 0
280525_154338275 33.7040000000001 -0.0062858729466484 0.499943832550002 -0.00408069804123556 0 4.48042004688586E-16 0
280525_154338446 33.873 -0.0213719680186699 1.69980903067005 -0.0138743733402009 0 4.48042004688586E-16 0
280525_154338497 33.921 -0.0297043917609443 1.80052300317851 0.0850562410122109 0 4.48042004688586E-16 0
280525_154338718 34.144 -0.0510763597796284 3.50033203384857 0.07118186767201 0 4.48042004688586E-16 0
280525_154338796 34.2090000000001 -0.0611337564943142 4.30024216592858 0.0646527508060331 0 4.48042004688586E-16 0
280525_154338953 34.3760000000001 -0.0799913753343446 5.80007366357864 0.0524106566823264 0 4.48042004688586E-16 0
280525_154339001 34.4240000000001 0.00969269556338759 6.60129553041389 0.0529468770663755 0 4.48042004688586E-16 0
280525_154339207 34.6320000000001 -0.0104220978659697 8.20111579457398 0.0398886433344501 0 4.48042004688586E-16 0
280525_154339287 34.7120000000001 -0.0154507962233197 8.60107086061396 0.0366240849014616 0 4.48042004688586E-16 0
280525_154339429 34.856 -0.0267653675273323 9.50096975920394 0.0292788284272376 0 4.48042004688586E-16 0
280525_154339481 34.912 -0.0280225421166591 9.60095852571396 0.0284626888189905 0 4.48042004688586E-16 0
280525_154339696 35.12 -0.031794065884668 9.90092482524398 0.0260142699942492 0 4.48042004688586E-16 0
280525_154339762 35.1850000000001 -0.031794065884668 9.90092482524398 0.0260142699942492 0 4.48042004688586E-16 0
280525_154339918 35.3440000000001 -0.0209472929637258 9.60023331971547 -0.0712840651416684 0 4.48042004688586E-16 0
280525_154340014 35.4400000000001 -0.0192223199913144 8.90103716014397 0.0341756660767203 0 4.48042004688586E-16 0
280525_154340203 35.6320000000001 0.00419619882296729 7.60045798951541 -0.0549612729767546 0 4.48042004688586E-16 0
280525_154340283 35.7120000000001 0.0104820717696441 7.1005141569654 -0.050880574935519 0 4.48042004688586E-16 0
280525_154340408 35.832 0.0280825160203335 5.70067142582542 -0.0394546204200594 0 4.48042004688586E-16 0
280525_154340471 35.897 0.0331112143776693 5.30071635978538 -0.036190061987071 0 4.48042004688586E-16 0
280525_154340700 36.128 0.0607690553430444 3.10096349656533 -0.0182349906056345 0 4.48042004688586E-16 0
280525_154340771 36.2 -0.0352008885013504 2.79968546228008 -0.0228519090309192 0 4.48042004688586E-16 0
280525_154340908 36.336 -0.022629142608011 1.79979779718002 -0.014690512948448 0 4.48042004688586E-16 0
280525_154340973 36.4000000000001 -0.0163432696613341 1.29985396463002 -0.0106098149072125 0 4.48042004688586E-16 0
280525_154341179 36.6080000000001 -0.00377152376798051 0.299966299530013 -0.00244841882474134 0 4.48042004688586E-16 0
280525_154341230 36.6560000000001 -0.00251434917865367 0.199977533020046 -0.00163227921649423 0 4.48042004688586E-16 0
280525_154341402 36.832 -0.00125717458931263 0.0999887665100232 -0.000816139608247113 0 4.48042004688586E-16 0
280525_154341448 36.873 -0.0100573967146573 0.799910132080015 -0.0065291168659769 0 4.48042004688586E-16 0
280525_154341719 37.144 -0.0125717458933252 0.999887665100005 -0.00816139608247113 0 4.48042004688586E-16 0
280525_154341876 37.3040000000001 -0.0289150155546736 2.29974162973008 -0.0187712109896836 0 4.48042004688586E-16 0
280525_154341930 37.36 -0.0314293647333557 2.49971916275007 -0.0204034902061778 0 4.48042004688586E-16 0
280525_154341956 37.384 -0.0352008885013504 2.79968546228008 -0.0228519090309192 0 4.48042004688586E-16 0
280525_154342147 37.576 -0.0636481056729821 4.50021969894857 0.0630204715895388 0 4.48042004688586E-16 0
280525_154342211 37.6400000000001 -0.0762198515663357 5.50010736404863 0.0548590755070677 0 4.48042004688586E-16 0
280525_154342386 37.808 0.00592117179537865 6.90126182994391 0.0504984582416341 0 4.48042004688586E-16 0
280525_154342433 37.856 -0.001621875740625 7.50119442900387 0.0456016205921514 0 4.48042004688586E-16 0
280525_154342655 38.08 -0.0204794945806555 9.00102592665394 0.0333595264684732 0 4.48042004688586E-16 0
280525_154342733 38.1610000000001 -0.0217366691699965 9.10101469316396 0.0325433868602261 0 4.48042004688586E-16 0
280525_154342765 38.192 -0.0242510183486644 9.30099222618395 0.0309111076437318 0 4.48042004688586E-16 0
280525_154342906 38.336 -0.0305368912953412 9.80093605873395 0.0268304096024963 0 4.48042004688586E-16 0
280525_154342969 38.4000000000001 -0.0305368912953412 9.80093605873395 0.0268304096024963 0 4.48042004688586E-16 0
280525_154343142 38.5680000000001 -0.031794065884668 9.90092482524398 0.0260142699942492 0 4.48042004688586E-16 0
280525_154343224 38.648 -0.0280225421166591 9.60095852571396 0.0284626888189905 0 4.48042004688586E-16 0
280525_154343380 38.808 -0.0179651454019876 8.80104839363395 0.0349918056849674 0 4.48042004688586E-16 0
280525_154343443 38.873 -0.00460402330237741 8.30037935508545 -0.0606742502344559 0 4.48042004688586E-16 0
280525_154343653 39.08 0.0167679447163209 6.6005703244154 -0.0467998768942834 0 4.48042004688586E-16 0
280525_154343730 39.152 0.0205394684843299 6.30060402488539 -0.0443514580695421 0 4.48042004688586E-16 0
280525_154343885 39.312 0.0406542619136872 4.70078376072536 -0.0312932243375883 0 4.48042004688586E-16 0
280525_154343944 39.3760000000001 0.0456829602710229 4.30082869468532 -0.0280286659045998 0 4.48042004688586E-16 0
280525_154344165 39.5920000000001 -0.0289150155546736 2.29974162973008 -0.0187712109896836 0 4.48042004688586E-16 0
280525_154344219 39.6400000000001 -0.0213719680186699 1.69980903067005 -0.0138743733402009 0 4.48042004688586E-16 0
280525_154344395 39.816 -0.0100573967146573 0.799910132080015 -0.0065291168659769 0 4.48042004688586E-16 0
280525_154344458 39.88 -0.00502869835732156 0.399955066040036 -0.00326455843298845 0 4.48042004688586E-16 0
280525_154344648 40.072 -0.00125717458931263 0.0999887665100232 -0.000816139608247113 0 4.48042004688586E-16 0
280525_154344708 40.1370000000001 -0.00125717458931263 0.0999887665100232 -0.000816139608247113 0 4.48042004688586E-16 0
280525_154344738 40.168 -0.00125717458931263 0.0999887665100232 -0.000816139608247113 0 4.48042004688586E-16 0
280525_154344881 40.3040000000001 -0.00251434917865367 0.199977533020046 -0.00163227921649423 0 4.48042004688586E-16 0
280525_154344933 40.36 -0.00502869835732156 0.399955066040036 -0.00326455843298845 0 4.48042004688586E-16 0
280525_154345160 40.5920000000001 -0.0238863171973378 1.8997865636901 -0.0155066525566951 0 4.48042004688586E-16 0
280525_154345224 40.6560000000001 -0.0339437139120236 2.69969669577011 -0.022035769422672 0 4.48042004688586E-16 0
280525_154345366 40.8000000000001 -0.0452582852160361 3.5995955943601 -0.0293810258968961 0 4.48042004688586E-16 0
280525_154345431 40.864 -0.0565728565200487 4.49949449295008 -0.0367262823711201 0 4.48042004688586E-16 0
280525_154345620 41.048 0.0147213939207234 6.20134046437391 0.0562114354993639 0 4.48042004688586E-16 0
280525_154345671 41.096 0.0109498701527144 6.50130676390387 0.0537630166746226 0 4.48042004688586E-16 0
280525_154345813 41.24 -0.00665057409797498 7.90114949504397 0.0423370621591914 0 4.48042004688586E-16 0
280525_154345848 41.272 -0.00916492327664287 8.10112702806396 0.0407047829426972 0 4.48042004688586E-16 0
280525_154346021 41.4480000000001 -0.0229938437593233 9.20100345967398 0.031727247251979 0 4.48042004688586E-16 0
280525_154346069 41.4960000000001 -0.0255081929379912 9.40098099269397 0.0300949680354847 0 4.48042004688586E-16 0
280525_154346100 41.528 -0.0255081929379912 9.40098099269397 0.0300949680354847 0 4.48042004688586E-16 0
280525_154346244 41.672 -0.031794065884668 9.90092482524398 0.0260142699942492 0 4.48042004688586E-16 0
280525_154346292 41.72 -0.031794065884668 9.90092482524398 0.0260142699942492 0 4.48042004688586E-16 0
280525_154346464 41.897 -0.031794065884668 9.90092482524398 0.0260142699942492 0 4.48042004688586E-16 0
280525_154346529 41.96 -0.0305368912953412 9.80093605873395 0.0268304096024963 0 4.48042004688586E-16 0
280525_154346681 42.1130000000001 -0.0146614200170632 9.10028948716547 -0.0672033671004328 0 4.48042004688586E-16 0
280525_154346732 42.1610000000001 -0.0121470708383811 8.90031195414548 -0.0655710878839386 0 4.48042004688586E-16 0
280525_154346899 42.3280000000001 0.00293902423362624 7.70044675602549 -0.0557774125849733 0 4.48042004688586E-16 0
280525_154346954 42.384 0.00922489718030306 7.20050292347543 -0.0516967145437661 0 4.48042004688586E-16 0
280525_154347094 42.528 0.0255681668416656 5.90064895884541 -0.0410868996365537 0 4.48042004688586E-16 0
280525_154347141 42.5680000000001 0.0280825160203335 5.70067142582542 -0.0394546204200594 0 4.48042004688586E-16 0
280525_154347336 42.76 0.0507116586283587 3.90087362864534 -0.0247641074716114 0 4.48042004688586E-16 0
280525_154347393 42.8240000000001 -0.0364580630906914 2.8996742287901 -0.0236680486391663 0 4.48042004688586E-16 0
280525_154347536 42.9690000000001 -0.0264006663760057 2.09976409671009 -0.0171389317731894 0 4.48042004688586E-16 0
280525_154347569 43 -0.022629142608011 1.79979779718002 -0.014690512948448 0 4.48042004688586E-16 0
280525_154347764 43.192 -0.00880022212531628 0.699921365570049 -0.00571297725772979 0 4.48042004688586E-16 0
280525_154347817 43.24 -0.00377152376798051 0.299966299530013 -0.00244841882474134 0 4.48042004688586E-16 0
280525_154347951 43.3760000000001 -0.00251434917865367 0.199977533020046 -0.00163227921649423 0 4.48042004688586E-16 0
280525_154347994 43.4240000000001 0.00456089997430809 0.199252327021611 -0.101379033177125 0 4.48042004688586E-16 0
280525_154348155 43.5840000000001 -0.00251434917865367 0.199977533020046 -0.00163227921649423 0 4.48042004688586E-16 0
280525_154348235 43.6640000000001 -0.00502869835732156 0.399955066040036 -0.00326455843298845 0 4.48042004688586E-16 0
280525_154348345 43.768 -0.0100573967146573 0.799910132080015 -0.0065291168659769 0 4.48042004688586E-16 0
280525_154348388 43.816 -0.0163432696613341 1.29985396463002 -0.0106098149072125 0 4.48042004688586E-16 0
280525_154348553 43.976 -0.0276578409653467 2.19975286322011 -0.0179550713814365 0 4.48042004688586E-16 0
280525_154348601 44.024 -0.0377152376800325 2.99966299530007 -0.0244841882474134 0 4.48042004688586E-16 0
280525_154348728 44.152 -0.0523335343689695 3.60032080035859 0.0703657280637628 0 4.48042004688586E-16 0
280525_154348771 44.2 -0.0528013327520398 4.19952819342012 -0.0342778635463787 0 4.48042004688586E-16 0
280525_154348931 44.3680000000001 0.0222644414567412 5.60140786531389 0.0611082731488466 0 4.48042004688586E-16 0
280525_154348999 44.4240000000001 0.0109498701527144 6.50130676390387 0.0537630166746226 0 4.48042004688586E-16 0
280525_154349153 44.5840000000001 -0.001621875740625 7.50119442900387 0.0456016205921514 0 4.48042004688586E-16 0
280525_154349204 44.6320000000001 -0.00334684871303637 8.20039058857549 -0.0598581106262088 0 4.48042004688586E-16 0
280525_154349376 44.8000000000001 -0.0217366691699965 9.10101469316396 0.0325433868602261 0 4.48042004688586E-16 0
280525_154349423 44.849 -0.0267653675273323 9.50096975920394 0.0292788284272376 0 4.48042004688586E-16 0
280525_154349551 44.976 -0.0292797167060002 9.70094729222399 0.0276465492107434 0 4.48042004688586E-16 0
280525_154349599 45.024 -0.031794065884668 9.90092482524398 0.0260142699942492 0 4.48042004688586E-16 0
280525_154349758 45.1850000000001 -0.031794065884668 9.90092482524398 0.0260142699942492 0 4.48042004688586E-16 0
280525_154349803 45.2330000000001 -0.0305368912953412 9.80093605873395 0.0268304096024963 0 4.48042004688586E-16 0
280525_154349949 45.3760000000001 -0.0255081929379912 9.40098099269397 0.0300949680354847 0 4.48042004688586E-16 0
280525_154350000 45.432 -0.0192223199913144 8.90103716014397 0.0341756660767203 0 4.48042004688586E-16 0
280525_154350187 45.6160000000001 0.0016818496442994 7.80043552253545 -0.0565935521932204 0 4.48042004688586E-16 0
280525_154350233 45.6560000000001 0.00796772259097622 7.30049168998539 -0.0525128541520132 0 4.48042004688586E-16 0
280525_154350366 45.792 0.0180251193056478 6.50058155790538 -0.0459837372860363 0 4.48042004688586E-16 0
280525_154350422 45.849 0.0293396906096746 5.6006826593154 -0.0386384808118123 0 4.48042004688586E-16 0
280525_154350580 46.008 0.0444257856816819 4.40081746119535 -0.028844805512847 0 4.48042004688586E-16 0
280525_154350627 46.056 0.0532260078070266 3.70089609562535 -0.0231318282551172 0 4.48042004688586E-16 0
280525_154350772 46.2 -0.0352008885013504 2.79968546228008 -0.0228519090309192 0 4.48042004688586E-16 0
280525_154350801 46.2330000000001 -0.0289150155546736 2.29974162973008 -0.0187712109896836 0 4.48042004688586E-16 0
280525_154350977 46.408 -0.0163432696613341 1.29985396463002 -0.0106098149072125 0 4.48042004688586E-16 0
280525_154351026 46.456 -0.0100573967146573 0.799910132080015 -0.0065291168659769 0 4.48042004688586E-16 0
280525_154351167 46.5920000000001 -0.00502869835732156 0.399955066040036 -0.00326455843298845 0 4.48042004688586E-16 0
280525_154351200 46.624 -0.00377152376798051 0.299966299530013 -0.00244841882474134 0 4.48042004688586E-16 0
280525_154351231 46.6560000000001 0.00456089997430809 0.199252327021611 -0.101379033177125 0 4.48042004688586E-16 0
280525_154351389 46.816 -0.00125717458931263 0.0999887665100232 -0.000816139608247113 0 4.48042004688586E-16 0
280525_154351437 46.864 -0.00125717458931263 0.0999887665100232 -0.000816139608247113 0 4.48042004688586E-16 0
280525_154351562 46.9930000000001 -0.00377152376798051 0.299966299530013 -0.00244841882474134 0 4.48042004688586E-16 0
280525_154351598 47.024 -0.00754304753598944 0.599932599060025 -0.00489683764948268 0 4.48042004688586E-16 0
280525_154351781 47.2090000000001 -0.0213719680186699 1.69980903067005 -0.0138743733402009 0 4.48042004688586E-16 0
280525_154351848 47.272 -0.0276578409653467 2.19975286322011 -0.0179550713814365 0 4.48042004688586E-16 0
280525_154352002 47.432 -0.0452582852160361 3.5995955943601 -0.0293810258968961 0 4.48042004688586E-16 0
280525_154352071 47.4960000000001 -0.0573622327263053 4.00027586639857 0.0671011696307744 0 4.48042004688586E-16 0
280525_154352261 47.6880000000001 0.0184929176887323 5.9013741648439 0.0586598543241053 0 4.48042004688586E-16 0
280525_154352325 47.736 0.0172357430993912 6.00136293135387 0.0578437147158581 0 4.48042004688586E-16 0
280525_154352357 47.784 0.0122070447420555 6.4013179973939 0.0545791562828697 0 4.48042004688586E-16 0
280525_154352479 47.912 -0.0041362249193071 7.70117196202398 0.0439693413756572 0 4.48042004688586E-16 0
280525_154352514 47.9450000000001 -0.0041362249193071 7.70117196202398 0.0439693413756572 0 4.48042004688586E-16 0
280525_154352642 48.072 -0.0204794945806555 9.00102592665394 0.0333595264684732 0 4.48042004688586E-16 0
280525_154352671 48.096 -0.0204794945806555 9.00102592665394 0.0333595264684732 0 4.48042004688586E-16 0
280525_154352701 48.128 -0.0204794945806555 9.00102592665394 0.0333595264684732 0 4.48042004688586E-16 0
280525_154352736 48.1610000000001 -0.0217366691699965 9.10101469316396 0.0325433868602261 0 4.48042004688586E-16 0
280525_154352784 48.2090000000001 -0.0267653675273323 9.50096975920394 0.0292788284272376 0 4.48042004688586E-16 0
280525_154352816 48.24 -0.0280225421166591 9.60095852571396 0.0284626888189905 0 4.48042004688586E-16 0
280525_154352848 48.272 -0.0305368912953412 9.80093605873395 0.0268304096024963 0 4.48042004688586E-16 0
280525_154352956 48.384 -0.0305368912953412 9.80093605873395 0.0268304096024963 0 4.48042004688586E-16 0
280525_154352989 48.4160000000001 -0.0305368912953412 9.80093605873395 0.0268304096024963 0 4.48042004688586E-16 0
280525_154353147 48.576 -0.031794065884668 9.90092482524398 0.0260142699942492 0 4.48042004688586E-16 0
280525_154353163 48.5920000000001 -0.0305368912953412 9.80093605873395 0.0268304096024963 0 4.48042004688586E-16 0
280525_154353285 48.7120000000001 -0.0184329437850579 9.40025578669548 -0.0696517859251742 0 4.48042004688586E-16 0
280525_154353335 48.76 -0.0242510183486644 9.30099222618395 0.0309111076437318 0 4.48042004688586E-16 0
280525_154353431 48.856 -0.00586119789171846 8.40036812159548 -0.0614903898427031 0 4.48042004688586E-16 0
