Time(ddMMyy_HHmmssfff format) Time(s) x(mm) y(mm) z(mm) rx(deg) ry(deg) rz(deg)
280525_115512096 0 -1.4210854715202E-14 0 0 1.9878466759147E-16 -9.31803129335015E-17 3.9756933518294E-16
280525_115516973 0 -1.4210854715202E-14 0 0 1.9878466759147E-16 -9.31803129335015E-17 3.9756933518294E-16
280525_115517006 0.0240000000001146 -1.4210854715202E-14 0 0 1.9878466759147E-16 -9.31803129335015E-17 3.9756933518294E-16
280525_115517083 0.104000000000042 -0.00674318692115605 0.199873783459964 -0.00223609381384904 1.9878466759147E-16 -9.31803129335015E-17 3.9756933518294E-16
280525_115517116 0.137000000000171 -0.00674318692115605 0.199873783459964 -0.00223609381384904 1.9878466759147E-16 -9.31803129335015E-17 3.9756933518294E-16
280525_115517163 0.185000000000173 -0.0202295607634682 0.599621350379891 -0.00670828144160396 1.9878466759147E-16 -9.31803129335015E-17 3.9756933518294E-16
280525_115517243 0.264000000000124 -0.0236011542240391 0.699558242109845 -0.00782632834852848 1.9878466759147E-16 -9.31803129335015E-17 3.9756933518294E-16
280525_115517276 0.296000000000049 -0.0370875280663512 1.09930580902983 -0.0122985159762834 1.9878466759147E-16 -9.31803129335015E-17 3.9756933518294E-16
280525_115517354 0.376000000000204 -0.043830714987493 1.29917959248979 -0.0145346097901893 1.9878466759147E-16 -9.31803129335015E-17 3.9756933518294E-16
280525_115517401 0.424000000000206 -0.0505739019086491 1.49905337594976 -0.0167707036040383 1.9878466759147E-16 -9.31803129335015E-17 3.9756933518294E-16
280525_115517449 0.472000000000207 -0.070803462672103 2.09867472632965 -0.0234789850456991 1.9878466759147E-16 -9.31803129335015E-17 3.9756933518294E-16
280525_115517466 0.488000000000056 0.0190052975306969 2.40187827952059 -0.0248903401566167 1.9878466759147E-16 -9.31803129335015E-17 3.9756933518294E-16
280525_115517528 0.553000000000111 0.0055189236883848 2.80162584644052 -0.0293625277843717 1.9878466759147E-16 -9.31803129335015E-17 3.9756933518294E-16
280525_115517575 0.592000000000098 0.00214733022781388 2.90156273817053 -0.0304805746912962 1.9878466759147E-16 -9.31803129335015E-17 3.9756933518294E-16
280525_115517638 0.657000000000153 -0.0180822305356401 3.50118408855036 -0.0371888561329001 1.9878466759147E-16 -9.31803129335015E-17 3.9756933518294E-16
280525_115517654 0.672000000000025 -0.0248254174567961 3.70105787201032 -0.039424949946806 1.9878466759147E-16 -9.31803129335015E-17 3.9756933518294E-16
280525_115517736 0.753000000000156 -0.055169758601977 4.60048989758025 -0.0494873721092404 1.9878466759147E-16 -9.31803129335015E-17 3.9756933518294E-16
280525_115517781 0.801000000000158 -0.055169758601977 4.60048989758025 -0.0494873721092404 1.9878466759147E-16 -9.31803129335015E-17 3.9756933518294E-16
280525_115517846 0.864000000000033 0.0158015407788383 5.40442959864328 0.0434859128646963 1.9878466759147E-16 -9.31803129335015E-17 3.9756933518294E-16
280525_115517893 0.912000000000035 -0.0111712069057717 6.20392473248307 0.0345415376091864 1.9878466759147E-16 -9.31803129335015E-17 3.9756933518294E-16
280525_115517968 0.993000000000166 -0.0212859872874986 6.50373540767305 0.031187396888356 1.9878466759147E-16 -9.31803129335015E-17 3.9756933518294E-16
280525_115518002 1.02400000000011 -0.0280291742086547 6.70360919113301 0.028951303074507 1.9878466759147E-16 -9.31803129335015E-17 3.9756933518294E-16
280525_115518047 1.06400000000008 -0.0448871415115377 7.20329364978295 0.0233610685398276 1.9878466759147E-16 -9.31803129335015E-17 3.9756933518294E-16
280525_115518079 1.096 0.0348068383095352 7.80630787816381 0.0185955727080795 1.9878466759147E-16 -9.31803129335015E-17 3.9756933518294E-16
280525_115518158 1.17700000000013 0.0246920579278083 8.10611855335378 0.0152414319872491 1.9878466759147E-16 -9.31803129335015E-17 3.9756933518294E-16
280525_115518193 1.20800000000008 0.0213204644672373 8.20605544508373 0.0141233850803246 1.9878466759147E-16 -9.31803129335015E-17 3.9756933518294E-16
280525_115518237 1.25600000000009 0.00783409062492524 8.60580301200372 0.0096511974525697 1.9878466759147E-16 -9.31803129335015E-17 3.9756933518294E-16
280525_115518269 1.28800000000001 -0.00902387667794358 9.10548747065366 0.00406096291789027 1.9878466759147E-16 -9.31803129335015E-17 3.9756933518294E-16
280525_115518334 1.35200000000009 -0.0191386570596848 9.40529814584357 0.000706822197059864 1.9878466759147E-16 -9.31803129335015E-17 3.9756933518294E-16
280525_115518364 1.38400000000001 -0.0191386570596848 9.40529814584357 0.000706822197059864 1.9878466759147E-16 -9.31803129335015E-17 3.9756933518294E-16
280525_115518431 1.44800000000009 -0.0225102505202557 9.50523503757353 -0.000411224709864655 1.9878466759147E-16 -9.31803129335015E-17 3.9756933518294E-16
280525_115518462 1.48000000000002 -0.0292534374414117 9.70510882103349 -0.00264731852377054 1.9878466759147E-16 -9.31803129335015E-17 3.9756933518294E-16
280525_115518512 1.52800000000002 -0.0326250309019827 9.8050457127635 -0.00376536543069506 1.9878466759147E-16 -9.31803129335015E-17 3.9756933518294E-16
280525_115518553 1.57600000000002 -0.0359966243625536 9.90498260449351 -0.00488341233761957 1.9878466759147E-16 -9.31803129335015E-17 3.9756933518294E-16
280525_115518604 1.62400000000002 -0.0359966243625536 9.90498260449351 -0.00488341233761957 1.9878466759147E-16 -9.31803129335015E-17 3.9756933518294E-16
280525_115518728 1.75300000000016 -0.0359966243625536 9.90498260449351 -0.00488341233761957 1.9878466759147E-16 -9.31803129335015E-17 3.9756933518294E-16
280525_115518791 1.80800000000022 -0.0326250309019827 9.8050457127635 -0.00376536543069506 1.9878466759147E-16 -9.31803129335015E-17 3.9756933518294E-16
280525_115518888 1.90400000000022 -0.0157670635990996 9.30536125411356 0.00182486910398438 1.9878466759147E-16 -9.31803129335015E-17 3.9756933518294E-16
280525_115518965 1.98500000000013 -0.00902387667794358 9.10548747065366 0.00406096291789027 1.9878466759147E-16 -9.31803129335015E-17 3.9756933518294E-16
280525_115519047 2.06400000000008 0.0112056840855104 8.50586612027371 0.0107692443594942 1.9878466759147E-16 -9.31803129335015E-17 3.9756933518294E-16
280525_115519077 2.096 0.0280636513883934 8.00618166162377 0.0163594788942305 1.9878466759147E-16 -9.31803129335015E-17 3.9756933518294E-16
280525_115519126 2.14400000000001 0.0381784317701204 7.7063709864338 0.0197136196150041 1.9878466759147E-16 -9.31803129335015E-17 3.9756933518294E-16
280525_115519203 2.22500000000014 0.0449216186912622 7.50649720297389 0.0219497134289099 1.9878466759147E-16 -9.31803129335015E-17 3.9756933518294E-16
280525_115519235 2.25600000000009 0.0584079925335743 7.10674963605396 0.0264219010566649 1.9878466759147E-16 -9.31803129335015E-17 3.9756933518294E-16
280525_115519273 2.28800000000001 -0.0246575807480696 6.60367229940306 0.0300693499814315 1.9878466759147E-16 -9.31803129335015E-17 3.9756933518294E-16
280525_115519298 2.32100000000014 -0.00919171338669855 6.20287304326087 -0.0654333370103473 1.9878466759147E-16 -9.31803129335015E-17 3.9756933518294E-16
280525_115519362 2.38400000000001 -0.00442801998461562 6.00405094902317 0.0367776314230923 1.9878466759147E-16 -9.31803129335015E-17 3.9756933518294E-16
280525_115519417 2.43200000000002 0.00905835385768228 5.60430338210324 0.0412498190507904 1.9878466759147E-16 -9.31803129335015E-17 3.9756933518294E-16
280525_115519441 2.46500000000015 0.0245242212190675 5.20350412596105 -0.0542528679409884 1.9878466759147E-16 -9.31803129335015E-17 3.9756933518294E-16
280525_115519457 2.48000000000002 0.0346390016007945 4.90369345077113 -0.050898727220158 1.9878466759147E-16 -9.31803129335015E-17 3.9756933518294E-16
280525_115519524 2.5440000000001 -0.0383117912991082 4.10080543893031 -0.0438971375745609 1.9878466759147E-16 -9.31803129335015E-17 3.9756933518294E-16
280525_115519556 2.57600000000002 -0.0383117912991082 4.10080543893031 -0.0438971375745609 1.9878466759147E-16 -9.31803129335015E-17 3.9756933518294E-16
280525_115519630 2.64900000000011 -0.0180822305356401 3.50118408855036 -0.0371888561329001 1.9878466759147E-16 -9.31803129335015E-17 3.9756933518294E-16
280525_115519708 2.72800000000007 0.0156337040701118 2.50181517125054 -0.0260083870635412 1.9878466759147E-16 -9.31803129335015E-17 3.9756933518294E-16
280525_115519779 2.79300000000012 0.0190052975306969 2.40187827952059 -0.0248903401566167 1.9878466759147E-16 -9.31803129335015E-17 3.9756933518294E-16
280525_115519839 2.85600000000022 0.0358632648335657 1.90219382087065 -0.0193001056218804 1.9878466759147E-16 -9.31803129335015E-17 3.9756933518294E-16
280525_115519898 2.92000000000007 -0.0404591215269221 1.19924270075978 -0.0134165628832648 1.9878466759147E-16 -9.31803129335015E-17 3.9756933518294E-16
280525_115519914 2.93700000000013 -0.0370875280663512 1.09930580902983 -0.0122985159762834 1.9878466759147E-16 -9.31803129335015E-17 3.9756933518294E-16
280525_115519993 3.01600000000008 -0.0303443411451951 0.899432025569865 -0.0100624221624344 1.9878466759147E-16 -9.31803129335015E-17 3.9756933518294E-16
280525_115520025 3.048 0.0729507928999027 0.802888011840821 -0.00700158964559705 1.9878466759147E-16 -9.31803129335015E-17 3.9756933518294E-16
280525_115520076 3.10400000000004 -0.0101147803817412 0.299810675189974 -0.00335414072077356 1.9878466759147E-16 -9.31803129335015E-17 3.9756933518294E-16
280525_115520105 3.12900000000013 -0.0101147803817412 0.299810675189974 -0.00335414072077356 1.9878466759147E-16 -9.31803129335015E-17 3.9756933518294E-16
280525_115520169 3.19200000000001 -0.00674318692115605 0.199873783459964 -0.00223609381384904 1.9878466759147E-16 -9.31803129335015E-17 3.9756933518294E-16
280525_115520200 3.22500000000014 -0.00674318692115605 0.199873783459964 -0.00223609381384904 1.9878466759147E-16 -9.31803129335015E-17 3.9756933518294E-16
280525_115520263 3.2800000000002 -0.00674318692115605 0.199873783459964 -0.00223609381384904 1.9878466759147E-16 -9.31803129335015E-17 3.9756933518294E-16
280525_115520342 3.36000000000013 -0.00337159346058513 0.0999368917300103 -0.00111804690692452 1.9878466759147E-16 -9.31803129335015E-17 3.9756933518294E-16
280525_115520376 3.39200000000005 -0.00337159346058513 0.0999368917300103 -0.00111804690692452 1.9878466759147E-16 -9.31803129335015E-17 3.9756933518294E-16
280525_115520421 3.44000000000005 -0.00337159346058513 0.0999368917300103 -0.00111804690692452 1.9878466759147E-16 -9.31803129335015E-17 3.9756933518294E-16
280525_115520500 3.52000000000021 -0.0134863738423121 0.399747566919928 -0.00447218762775492 1.9878466759147E-16 -9.31803129335015E-17 3.9756933518294E-16
280525_115520516 3.53600000000006 -0.016857967302883 0.499684458649881 -0.00559023453467944 1.9878466759147E-16 -9.31803129335015E-17 3.9756933518294E-16
280525_115520578 3.60100000000011 -0.016857967302883 0.499684458649881 -0.00559023453467944 1.9878466759147E-16 -9.31803129335015E-17 3.9756933518294E-16
280525_115520610 3.63200000000006 -0.02697274768461 0.799495133839855 -0.00894437525550984 1.9878466759147E-16 -9.31803129335015E-17 3.9756933518294E-16
280525_115520660 3.68000000000006 -0.043830714987493 1.29917959248979 -0.0145346097901893 1.9878466759147E-16 -9.31803129335015E-17 3.9756933518294E-16
280525_115520689 3.71200000000022 -0.0539454953692342 1.59899026767977 -0.0178887505110197 1.9878466759147E-16 -9.31803129335015E-17 3.9756933518294E-16
280525_115520739 3.76000000000022 0.0392348582941509 1.80225692914064 -0.0181820587149559 1.9878466759147E-16 -9.31803129335015E-17 3.9756933518294E-16
280525_115520806 3.82400000000007 0.0324916713729948 2.0021307126006 -0.0204181525288618 1.9878466759147E-16 -9.31803129335015E-17 3.9756933518294E-16
280525_115520832 3.85600000000022 -0.08091824305383 2.39848540151962 -0.0268331257665295 1.9878466759147E-16 -9.31803129335015E-17 3.9756933518294E-16
280525_115520881 3.90400000000022 -0.00459585669334217 3.10143652163049 -0.0327166685051452 1.9878466759147E-16 -9.31803129335015E-17 3.9756933518294E-16
280525_115520911 3.92800000000011 -0.011339043614484 3.3013103050904 -0.0349527623190511 1.9878466759147E-16 -9.31803129335015E-17 3.9756933518294E-16
280525_115520961 3.97600000000011 -0.0147106370750691 3.40124719682041 -0.0360708092259756 1.9878466759147E-16 -9.31803129335015E-17 3.9756933518294E-16
280525_115520992 4.00800000000004 -0.0180822305356401 3.50118408855036 -0.0371888561329001 1.9878466759147E-16 -9.31803129335015E-17 3.9756933518294E-16
280525_115521053 4.07200000000012 -0.0450549782202501 4.30067922239027 -0.04613323138841 1.9878466759147E-16 -9.31803129335015E-17 3.9756933518294E-16
280525_115521117 4.13700000000017 0.0225447276999944 5.20455581518326 0.0457220066785453 1.9878466759147E-16 -9.31803129335015E-17 3.9756933518294E-16
280525_115521148 4.16800000000012 -0.0807504063450892 5.3010998289123 0.042661174161708 1.9878466759147E-16 -9.31803129335015E-17 3.9756933518294E-16
280525_115521196 4.21600000000012 0.0158015407788383 5.40442959864328 0.0434859128646963 1.9878466759147E-16 -9.31803129335015E-17 3.9756933518294E-16
280525_115521275 4.29600000000005 -0.0246575807480696 6.60367229940306 0.0300693499814315 1.9878466759147E-16 -9.31803129335015E-17 3.9756933518294E-16
280525_115521342 4.36000000000013 -0.0415155480509526 7.103356758053 0.0244791154467521 1.9878466759147E-16 -9.31803129335015E-17 3.9756933518294E-16
280525_115521421 4.44000000000005 -0.0516303284326796 7.40316743324297 0.0211249747259217 1.9878466759147E-16 -9.31803129335015E-17 3.9756933518294E-16
280525_115521435 4.45600000000013 -0.0583735153538356 7.60304121670293 0.0188888809120726 1.9878466759147E-16 -9.31803129335015E-17 3.9756933518294E-16
280525_115521451 4.47200000000021 -0.0651167022749917 7.80291500016284 0.0166527870981668 1.9878466759147E-16 -9.31803129335015E-17 3.9756933518294E-16
280525_115521513 4.53600000000006 0.0112056840855104 8.50586612027371 0.0107692443594942 1.9878466759147E-16 -9.31803129335015E-17 3.9756933518294E-16
280525_115521596 4.61600000000021 0.00446249716435432 8.70573990373367 0.00853315054564519 1.9878466759147E-16 -9.31803129335015E-17 3.9756933518294E-16
280525_115521627 4.64900000000011 -0.00228068975680173 8.90561368719369 0.0062970567317393 1.9878466759147E-16 -9.31803129335015E-17 3.9756933518294E-16
280525_115521671 4.69700000000012 -0.0191386570596848 9.40529814584357 0.000706822197059864 1.9878466759147E-16 -9.31803129335015E-17 3.9756933518294E-16
280525_115521751 4.76800000000003 -0.0258818439808266 9.60517192930354 -0.00152927161678917 1.9878466759147E-16 -9.31803129335015E-17 3.9756933518294E-16
