0.0 0 0 0.0 0 0 0
0.2 0 0 0.86144 0 0 0
0.4 0 0 2.3386 0 0 0
0.6 0 0 3.6495 0 0 0
0.8 0 0 4.6705 0 0 0
1.0 0 0 5.6695 0 0 0
1.2 0 0 6.7016 0 0 0
1.4 0 0 7.183 0 0 0
1.6 0 0 6.411 0 0 0
1.8 0 0 4.0753 0 0 0
2.0 0 0 1.0526 0 0 0
2.2 0 0 -2.0264 0 0 0
2.4 0 0 -4.8946 0 0 0
2.6 0 0 -7.0011 0 0 0
2.8 0 0 -7.7452 0 0 0
3.0 0 0 -6.5658 0 0 0
3.2 0 0 -4.3363 0 0 0
3.4 0 0 -1.8459 0 0 0
3.6 0 0 0.23415 0 0 0
3.8 0 0 1.9541 0 0 0
4.0 0 0 3.3742 0 0 0
4.2 0 0 4.5676 0 0 0
4.4 0 0 5.6235 0 0 0
4.6 0 0 6.2997 0 0 0
4.8 0 0 6.263 0 0 0
5.0 0 0 4.8997 0 0 0
5.2 0 0 2.6485 0 0 0
5.4 0 0 -0.024019 0 0 0
5.6 0 0 -2.5929 0 0 0
5.8 0 0 -4.6165 0 0 0
6.0 0 0 -5.6529 0 0 0
6.2 0 0 -5.155 0 0 0
6.4 0 0 -3.7033 0 0 0
6.6 0 0 -1.5083 0 0 0
6.8 0 0 0.45184 0 0 0
7.0 0 0 2.0708 0 0 0
7.2 0 0 3.3439 0 0 0
7.4 0 0 4.4514 0 0 0
7.6 0 0 5.4333 0 0 0
7.8 0 0 6.3116 0 0 0
8.0 0 0 7.0038 0 0 0
8.2 0 0 6.935 0 0 0
8.4 0 0 5.6619 0 0 0
8.6 0 0 3.2532 0 0 0
8.8 0 0 0.42933 0 0 0
9.0 0 0 -2.398 0 0 0
9.2 0 0 -4.7458 0 0 0
9.4 0 0 -5.8162 0 0 0
9.6 0 0 -5.2834 0 0 0
9.8 0 0 -3.4352 0 0 0
10.0 0 0 -1.1653 0 0 0
10.2 0 0 0.99009 0 0 0
10.4 0 0 2.5944 0 0 0
10.6 0 0 3.7788 0 0 0
10.8 0 0 4.6962 0 0 0
11.0 0 0 5.4405 0 0 0
11.2 0 0 6.0341 0 0 0
11.4 0 0 6.3242 0 0 0
11.6 0 0 5.6108 0 0 0
11.8 0 0 4.0007 0 0 0
12.0 0 0 1.6533 0 0 0
12.2 0 0 -0.74164 0 0 0
12.4 0 0 -2.8702 0 0 0
12.6 0 0 -4.2793 0 0 0
12.8 0 0 -4.5919 0 0 0
13.0 0 0 -3.6653 0 0 0
13.2 0 0 -1.8936 0 0 0
13.4 0 0 -0.028656 0 0 0
13.6 0 0 1.599 0 0 0
13.8 0 0 2.8991 0 0 0
14.0 0 0 3.9556 0 0 0
14.2 0 0 4.8915 0 0 0
14.4 0 0 5.5496 0 0 0
14.6 0 0 5.897 0 0 0
14.8 0 0 5.1418 0 0 0
15.0 0 0 3.5311 0 0 0
15.2 0 0 1.2672 0 0 0
15.4 0 0 -1.2105 0 0 0
15.6 0 0 -3.5632 0 0 0
15.8 0 0 -5.8959 0 0 0
16.0 0 0 -7.2333 0 0 0
16.2 0 0 -7.1196 0 0 0
16.4 0 0 -5.4257 0 0 0
16.6 0 0 -2.9297 0 0 0
16.8 0 0 -0.49571 0 0 0
17.0 0 0 1.5349 0 0 0
17.2 0 0 3.124 0 0 0
17.4 0 0 4.2179 0 0 0
17.6 0 0 5.2452 0 0 0
17.8 0 0 6.0633 0 0 0
18.0 0 0 6.4004 0 0 0
18.2 0 0 5.8254 0 0 0
18.4 0 0 4.0229 0 0 0
18.6 0 0 1.566 0 0 0
18.8 0 0 -1.109 0 0 0
19.0 0 0 -3.5134 0 0 0
19.2 0 0 -5.4557 0 0 0
19.4 0 0 -6.6229 0 0 0
19.6 0 0 -6.1902 0 0 0
19.8 0 0 -4.48 0 0 0
20.0 0 0 -2.0909 0 0 0
20.2 0 0 0.1967 0 0 0
20.4 0 0 2.0242 0 0 0
20.6 0 0 3.4151 0 0 0
20.8 0 0 4.5102 0 0 0
21.0 0 0 5.4907 0 0 0
21.2 0 0 6.4228 0 0 0
21.4 0 0 7.0235 0 0 0
21.6 0 0 6.5266 0 0 0
21.8 0 0 4.8251 0 0 0
22.0 0 0 2.1708 0 0 0
22.2 0 0 -0.79423 0 0 0
22.4 0 0 -3.6777 0 0 0
22.6 0 0 -6.1143 0 0 0
22.8 0 0 -7.2947 0 0 0
23.0 0 0 -7.0129 0 0 0
23.2 0 0 -5.2321 0 0 0
23.4 0 0 -2.701 0 0 0
23.6 0 0 -0.1938 0 0 0
23.8 0 0 1.795 0 0 0
24.0 0 0 3.3939 0 0 0
24.2 0 0 4.5556 0 0 0
24.4 0 0 5.5256 0 0 0
24.6 0 0 6.3583 0 0 0
24.8 0 0 7.1357 0 0 0
25.0 0 0 7.9116 0 0 0
25.2 0 0 7.8704 0 0 0
25.4 0 0 6.9018 0 0 0
25.6 0 0 4.7899 0 0 0
25.8 0 0 2.4155 0 0 0
26.0 0 0 0.078356 0 0 0
26.2 0 0 -1.8354 0 0 0
26.4 0 0 -2.7266 0 0 0
26.6 0 0 -2.1515 0 0 0
26.8 0 0 -0.31651 0 0 0
27.0 0 0 1.9319 0 0 0
27.2 0 0 3.8379 0 0 0
27.4 0 0 5.4586 0 0 0
27.6 0 0 6.8425 0 0 0
27.8 0 0 8.0317 0 0 0
28.0 0 0 8.9771 0 0 0
28.2 0 0 9.6166 0 0 0
28.4 0 0 10.062 0 0 0
28.6 0 0 10.172 0 0 0
28.8 0 0 9.5201 0 0 0
29.0 0 0 7.8686 0 0 0
29.2 0 0 5.4455 0 0 0
29.4 0 0 2.7219 0 0 0
29.6 0 0 0.27469 0 0 0
29.8 0 0 -1.5076 0 0 0
30.0 0 0 -1.9506 0 0 0
30.2 0 0 -1.0285 0 0 0
30.4 0 0 0.95988 0 0 0
30.6 0 0 3.3398 0 0 0
30.8 0 0 5.4234 0 0 0
31.0 0 0 6.9574 0 0 0
31.2 0 0 8.0952 0 0 0
31.4 0 0 8.8116 0 0 0
31.6 0 0 9.3313 0 0 0
31.8 0 0 9.4751 0 0 0
32.0 0 0 8.7163 0 0 0
32.2 0 0 7.0233 0 0 0
32.4 0 0 4.3503 0 0 0
32.6 0 0 1.3826 0 0 0
32.8 0 0 -1.5098 0 0 0
33.0 0 0 -4.0087 0 0 0
33.2 0 0 -5.2447 0 0 0
33.4 0 0 -4.7521 0 0 0
33.6 0 0 -2.6917 0 0 0
33.8 0 0 -0.11152 0 0 0
34.0 0 0 2.3255 0 0 0
34.2 0 0 4.3363 0 0 0
34.4 0 0 5.9531 0 0 0
34.6 0 0 7.0922 0 0 0
34.8 0 0 8.0057 0 0 0
35.0 0 0 8.669 0 0 0
35.2 0 0 8.457 0 0 0
35.4 0 0 7.1496 0 0 0
35.6 0 0 4.6776 0 0 0
35.8 0 0 1.8 0 0 0
36.0 0 0 -1.2526 0 0 0
36.2 0 0 -4.0418 0 0 0
36.4 0 0 -5.8092 0 0 0
36.6 0 0 -6.3514 0 0 0
36.8 0 0 -5.1463 0 0 0
37.0 0 0 -2.8446 0 0 0
37.2 0 0 -0.14128 0 0 0
37.4 0 0 2.218 0 0 0
37.6 0 0 3.9719 0 0 0
37.8 0 0 5.3175 0 0 0
38.0 0 0 6.3463 0 0 0
38.2 0 0 7.1886 0 0 0
38.4 0 0 7.8571 0 0 0
38.6 0 0 7.6254 0 0 0
38.8 0 0 6.2748 0 0 0
39.0 0 0 3.5968 0 0 0
39.2 0 0 0.60865 0 0 0
39.4 0 0 -2.5371 0 0 0
39.6 0 0 -5.326 0 0 0
39.8 0 0 -7.1418 0 0 0
40.0 0 0 -7.0412 0 0 0
40.2 0 0 -5.2415 0 0 0
40.4 0 0 -2.6374 0 0 0
40.6 0 0 -0.041228 0 0 0
40.8 0 0 2.1535 0 0 0
41.0 0 0 3.8885 0 0 0
41.2 0 0 5.2524 0 0 0
41.4 0 0 6.2843 0 0 0
41.6 0 0 7.2249 0 0 0
41.8 0 0 7.6629 0 0 0
42.0 0 0 7.0706 0 0 0
42.2 0 0 4.927 0 0 0
42.4 0 0 1.7309 0 0 0
42.6 0 0 -1.3371 0 0 0
42.8 0 0 -3.9663 0 0 0
43.0 0 0 -5.7466 0 0 0
43.2 0 0 -6.2504 0 0 0
43.4 0 0 -5.1335 0 0 0
43.6 0 0 -2.8033 0 0 0
43.8 0 0 -0.33287 0 0 0
44.0 0 0 1.8927 0 0 0
44.2 0 0 3.585 0 0 0
44.4 0 0 4.7793 0 0 0
44.6 0 0 5.7582 0 0 0
44.8 0 0 6.6405 0 0 0
45.0 0 0 7.1976 0 0 0
45.2 0 0 6.9996 0 0 0
45.4 0 0 5.5652 0 0 0
45.6 0 0 3.0472 0 0 0
45.8 0 0 0.15895 0 0 0
46.0 0 0 -2.7966 0 0 0
46.2 0 0 -5.3856 0 0 0
46.4 0 0 -7.367 0 0 0
46.6 0 0 -7.6458 0 0 0
46.8 0 0 -6.2296 0 0 0
47.0 0 0 -3.619 0 0 0
47.2 0 0 -0.78465 0 0 0
47.4 0 0 1.4933 0 0 0
47.6 0 0 3.2438 0 0 0
47.8 0 0 4.6811 0 0 0
48.0 0 0 5.9198 0 0 0
48.2 0 0 7.0526 0 0 0
48.4 0 0 7.6423 0 0 0
48.6 0 0 7.2047 0 0 0
48.8 0 0 5.2372 0 0 0
49.0 0 0 2.3 0 0 0
49.2 0 0 -1.081 0 0 0
49.4 0 0 -4.3267 0 0 0
49.6 0 0 -7.1546 0 0 0
49.8 0 0 -8.3882 0 0 0
50.0 0 0 -7.5864 0 0 0
50.2 0 0 -5.3147 0 0 0
50.4 0 0 -2.5206 0 0 0
50.6 0 0 -0.073791 0 0 0
50.8 0 0 2.0203 0 0 0
51.0 0 0 3.6372 0 0 0
51.2 0 0 5.0121 0 0 0
51.4 0 0 6.3612 0 0 0
51.6 0 0 7.4228 0 0 0
51.8 0 0 7.7136 0 0 0
52.0 0 0 6.5678 0 0 0
52.2 0 0 4.0655 0 0 0
52.4 0 0 1.0745 0 0 0
52.6 0 0 -2.2951 0 0 0
52.8 0 0 -5.1731 0 0 0
53.0 0 0 -6.8226 0 0 0
53.2 0 0 -6.8729 0 0 0
53.4 0 0 -5.2549 0 0 0
53.6 0 0 -2.9246 0 0 0
53.8 0 0 -0.41191 0 0 0
54.0 0 0 1.8145 0 0 0
54.2 0 0 3.4759 0 0 0
54.4 0 0 4.9071 0 0 0
54.6 0 0 6.0934 0 0 0
54.8 0 0 7.1312 0 0 0
55.0 0 0 7.8719 0 0 0
55.2 0 0 7.3692 0 0 0
55.4 0 0 5.5603 0 0 0
55.6 0 0 2.4838 0 0 0
55.8 0 0 -0.87404 0 0 0
56.0 0 0 -4.0719 0 0 0
56.2 0 0 -6.691 0 0 0
56.4 0 0 -7.5427 0 0 0
56.6 0 0 -6.6871 0 0 0
56.8 0 0 -4.1052 0 0 0
57.0 0 0 -1.3021 0 0 0
57.2 0 0 1.2041 0 0 0
57.4 0 0 2.8843 0 0 0
57.6 0 0 4.2549 0 0 0
57.8 0 0 5.3718 0 0 0
58.0 0 0 6.4291 0 0 0
58.2 0 0 7.17 0 0 0
58.4 0 0 6.8669 0 0 0
58.6 0 0 5.2741 0 0 0
58.8 0 0 2.6291 0 0 0
59.0 0 0 -0.18186 0 0 0
59.2 0 0 -2.4786 0 0 0
59.4 0 0 -3.8369 0 0 0
59.6 0 0 -3.8665 0 0 0
59.8 0 0 -2.7079 0 0 0
60.0 0 0 -0.82158 0 0 0
60.2 0 0 1.2232 0 0 0
60.4 0 0 2.9551 0 0 0
60.6 0 0 4.4107 0 0 0
60.8 0 0 5.5561 0 0 0
61.0 0 0 6.4605 0 0 0
61.2 0 0 7.2388 0 0 0
61.4 0 0 7.0113 0 0 0
61.6 0 0 5.5199 0 0 0
61.8 0 0 2.4868 0 0 0
62.0 0 0 -1.1645 0 0 0
62.2 0 0 -4.534 0 0 0
62.4 0 0 -7.0696 0 0 0
62.6 0 0 -7.9428 0 0 0
62.8 0 0 -6.7503 0 0 0
63.0 0 0 -4.3788 0 0 0
63.2 0 0 -1.7565 0 0 0
63.4 0 0 0.30813 0 0 0
63.6 0 0 2.0613 0 0 0
63.8 0 0 3.4001 0 0 0
64.0 0 0 4.5597 0 0 0
64.2 0 0 5.6481 0 0 0
64.4 0 0 6.4578 0 0 0
64.6 0 0 6.8178 0 0 0
64.8 0 0 6.2081 0 0 0
65.0 0 0 4.6114 0 0 0
65.2 0 0 2.199 0 0 0
65.4 0 0 -0.56241 0 0 0
65.6 0 0 -3.166 0 0 0
65.8 0 0 -4.7785 0 0 0
66.0 0 0 -4.7423 0 0 0
66.2 0 0 -3.2662 0 0 0
66.4 0 0 -1.0015 0 0 0
66.6 0 0 1.1286 0 0 0
66.8 0 0 3.0218 0 0 0
67.0 0 0 4.42 0 0 0
67.2 0 0 5.5409 0 0 0
67.4 0 0 6.3657 0 0 0
67.6 0 0 7.1888 0 0 0
67.8 0 0 7.6917 0 0 0
68.0 0 0 7.2762 0 0 0
68.2 0 0 5.4603 0 0 0
68.4 0 0 2.9037 0 0 0
68.6 0 0 0.49105 0 0 0
68.8 0 0 -1.6751 0 0 0
69.0 0 0 -3.1857 0 0 0
69.2 0 0 -3.6844 0 0 0
69.4 0 0 -2.6756 0 0 0
69.6 0 0 -0.68448 0 0 0
69.8 0 0 1.5793 0 0 0
70.0 0 0 3.48 0 0 0
70.2 0 0 4.9419 0 0 0
70.4 0 0 6.0819 0 0 0
70.6 0 0 7.0606 0 0 0
70.8 0 0 7.5011 0 0 0
71.0 0 0 7.1024 0 0 0
71.2 0 0 5.4545 0 0 0
71.4 0 0 2.9897 0 0 0
71.6 0 0 -0.039044 0 0 0
71.8 0 0 -3.2322 0 0 0
72.0 0 0 -6.0854 0 0 0
72.2 0 0 -7.9142 0 0 0
72.4 0 0 -8.0466 0 0 0
72.6 0 0 -6.4333 0 0 0
72.8 0 0 -3.9084 0 0 0
73.0 0 0 -1.1856 0 0 0
73.2 0 0 1.0316 0 0 0
73.4 0 0 2.8042 0 0 0
73.6 0 0 4.1437 0 0 0
73.8 0 0 5.1208 0 0 0
74.0 0 0 6.092 0 0 0
74.2 0 0 6.9213 0 0 0
74.4 0 0 7.4965 0 0 0
74.6 0 0 7.2385 0 0 0
74.8 0 0 5.8081 0 0 0
75.0 0 0 3.6116 0 0 0
75.2 0 0 1.1116 0 0 0
75.4 0 0 -1.2749 0 0 0
75.6 0 0 -3.4806 0 0 0
75.8 0 0 -4.6061 0 0 0
76.0 0 0 -4.3593 0 0 0
76.2 0 0 -2.669 0 0 0
76.4 0 0 -0.43835 0 0 0
76.6 0 0 1.6605 0 0 0
76.8 0 0 3.3272 0 0 0
77.0 0 0 4.5811 0 0 0
77.2 0 0 5.6494 0 0 0
77.4 0 0 6.5713 0 0 0
77.6 0 0 7.2876 0 0 0
77.8 0 0 7.7397 0 0 0
78.0 0 0 7.4013 0 0 0
78.2 0 0 6.2419 0 0 0
78.4 0 0 4.1393 0 0 0
78.6 0 0 1.6431 0 0 0
78.8 0 0 -0.81471 0 0 0
79.0 0 0 -3.1047 0 0 0
79.2 0 0 -4.3165 0 0 0
79.4 0 0 -4.1072 0 0 0
79.6 0 0 -2.3852 0 0 0
79.8 0 0 -0.30986 0 0 0
80.0 0 0 1.6418 0 0 0
80.2 0 0 3.2901 0 0 0
80.4 0 0 4.6354 0 0 0
80.6 0 0 5.5585 0 0 0
80.8 0 0 6.2554 0 0 0
81.0 0 0 6.8708 0 0 0
81.2 0 0 7.5503 0 0 0
81.4 0 0 8.2307 0 0 0
81.6 0 0 8.0642 0 0 0
81.8 0 0 6.7391 0 0 0
82.0 0 0 4.4748 0 0 0
82.2 0 0 1.8455 0 0 0
82.4 0 0 -0.61271 0 0 0
82.6 0 0 -3.1561 0 0 0
82.8 0 0 -4.931 0 0 0
83.0 0 0 -5.3771 0 0 0
83.2 0 0 -4.0435 0 0 0
83.4 0 0 -1.6155 0 0 0
83.6 0 0 0.85139 0 0 0
83.8 0 0 2.8478 0 0 0
84.0 0 0 4.3076 0 0 0
84.2 0 0 5.3883 0 0 0
84.4 0 0 6.3654 0 0 0
84.6 0 0 7.2195 0 0 0
84.8 0 0 8.0119 0 0 0
85.0 0 0 8.6218 0 0 0
85.2 0 0 8.8022 0 0 0
85.4 0 0 8.1076 0 0 0
85.6 0 0 6.4445 0 0 0
85.8 0 0 4.1174 0 0 0
86.0 0 0 1.7536 0 0 0
86.2 0 0 -0.28018 0 0 0
86.4 0 0 -1.619 0 0 0
86.6 0 0 -1.8872 0 0 0
86.8 0 0 -0.98603 0 0 0
87.0 0 0 0.68235 0 0 0
87.2 0 0 2.5094 0 0 0
87.4 0 0 4.1057 0 0 0
87.6 0 0 5.4157 0 0 0
87.8 0 0 6.4899 0 0 0
88.0 0 0 7.3563 0 0 0
88.2 0 0 8.0751 0 0 0
88.4 0 0 8.3544 0 0 0
88.6 0 0 7.6242 0 0 0
88.8 0 0 5.74 0 0 0
89.0 0 0 3.1724 0 0 0
89.2 0 0 0.71598 0 0 0
89.4 0 0 -1.5115 0 0 0
89.6 0 0 -3.3261 0 0 0
89.8 0 0 -4.2064 0 0 0
90.0 0 0 -3.9595 0 0 0
90.2 0 0 -2.3061 0 0 0
90.4 0 0 -0.089428 0 0 0
90.6 0 0 2.049 0 0 0
90.8 0 0 3.6091 0 0 0
91.0 0 0 4.7344 0 0 0
91.2 0 0 5.7234 0 0 0
91.4 0 0 6.6565 0 0 0
91.6 0 0 7.5321 0 0 0
91.8 0 0 8.2704 0 0 0
92.0 0 0 8.2695 0 0 0
92.2 0 0 7.2969 0 0 0
92.4 0 0 5.2396 0 0 0
92.6 0 0 2.5707 0 0 0
92.8 0 0 -0.20535 0 0 0
93.0 0 0 -2.8006 0 0 0
93.2 0 0 -4.7068 0 0 0
93.4 0 0 -5.2327 0 0 0
93.6 0 0 -4.2097 0 0 0
93.8 0 0 -2.0233 0 0 0
94.0 0 0 0.33464 0 0 0
94.2 0 0 2.4917 0 0 0
94.4 0 0 4.1828 0 0 0
94.6 0 0 5.5099 0 0 0
94.8 0 0 6.536 0 0 0
95.0 0 0 7.4513 0 0 0
95.2 0 0 8.338 0 0 0
95.4 0 0 9.0447 0 0 0
95.6 0 0 8.9758 0 0 0
95.8 0 0 7.6399 0 0 0
96.0 0 0 5.3381 0 0 0
96.2 0 0 2.4516 0 0 0
96.4 0 0 -0.44016 0 0 0
96.6 0 0 -3.2143 0 0 0
96.8 0 0 -5.5349 0 0 0
97.0 0 0 -6.5 0 0 0
97.2 0 0 -5.803 0 0 0
97.4 0 0 -3.5801 0 0 0
97.6 0 0 -0.99514 0 0 0
97.8 0 0 1.3647 0 0 0
98.0 0 0 3.3786 0 0 0
98.2 0 0 5.0113 0 0 0
98.4 0 0 6.3188 0 0 0
98.6 0 0 7.3419 0 0 0
98.8 0 0 8.2868 0 0 0
99.0 0 0 8.7855 0 0 0
99.2 0 0 8.4376 0 0 0
99.4 0 0 6.7806 0 0 0
99.6 0 0 4.1123 0 0 0
99.8 0 0 1.2369 0 0 0
100.0 0 0 -1.4945 0 0 0
100.2 0 0 -3.674 0 0 0
100.4 0 0 -5.0271 0 0 0
100.6 0 0 -4.6911 0 0 0
100.8 0 0 -2.972 0 0 0
101.0 0 0 -0.59822 0 0 0
101.2 0 0 1.7055 0 0 0
101.4 0 0 3.6287 0 0 0
101.6 0 0 5.1438 0 0 0
101.8 0 0 6.3245 0 0 0
102.0 0 0 7.3423 0 0 0
102.2 0 0 8.1431 0 0 0
102.4 0 0 8.3503 0 0 0
102.6 0 0 7.5134 0 0 0
102.8 0 0 5.5005 0 0 0
103.0 0 0 2.8419 0 0 0
103.2 0 0 0.080816 0 0 0
103.4 0 0 -2.1556 0 0 0
103.6 0 0 -3.6374 0 0 0
103.8 0 0 -3.9171 0 0 0
104.0 0 0 -2.9254 0 0 0
104.2 0 0 -0.96832 0 0 0
104.4 0 0 1.3794 0 0 0
104.6 0 0 3.3114 0 0 0
104.8 0 0 4.8513 0 0 0
105.0 0 0 5.9964 0 0 0
105.2 0 0 6.9154 0 0 0
105.4 0 0 7.8383 0 0 0
105.6 0 0 8.5486 0 0 0
105.8 0 0 9.1665 0 0 0
106.0 0 0 9.2518 0 0 0
106.2 0 0 8.6974 0 0 0
106.4 0 0 7.116 0 0 0
106.6 0 0 4.7467 0 0 0
106.8 0 0 2.1685 0 0 0
107.0 0 0 0.079767 0 0 0
107.2 0 0 -0.90221 0 0 0
107.4 0 0 -0.57594 0 0 0
107.6 0 0 0.99995 0 0 0
107.8 0 0 3.0653 0 0 0
108.0 0 0 5.1118 0 0 0
108.2 0 0 6.6477 0 0 0
108.4 0 0 7.8428 0 0 0
108.6 0 0 8.6269 0 0 0
108.8 0 0 9.1759 0 0 0
109.0 0 0 9.5931 0 0 0
109.2 0 0 9.8731 0 0 0
109.4 0 0 9.4755 0 0 0
109.6 0 0 8.171 0 0 0
109.8 0 0 5.6809 0 0 0
110.0 0 0 2.7705 0 0 0
110.2 0 0 -0.409 0 0 0
110.4 0 0 -3.4081 0 0 0
110.6 0 0 -5.6921 0 0 0
110.8 0 0 -6.4292 0 0 0
111.0 0 0 -5.4564 0 0 0
111.2 0 0 -3.4169 0 0 0
111.4 0 0 -0.99793 0 0 0
111.6 0 0 1.2979 0 0 0
111.8 0 0 3.2818 0 0 0
112.0 0 0 4.8562 0 0 0
112.2 0 0 6.1215 0 0 0
112.4 0 0 7.0603 0 0 0
112.6 0 0 7.8033 0 0 0
112.8 0 0 7.7873 0 0 0
113.0 0 0 6.3194 0 0 0
113.2 0 0 3.8344 0 0 0
113.4 0 0 0.70364 0 0 0
113.6 0 0 -2.2061 0 0 0
113.8 0 0 -4.7793 0 0 0
114.0 0 0 -6.4466 0 0 0
114.2 0 0 -6.508 0 0 0
114.4 0 0 -4.6867 0 0 0
114.6 0 0 -1.8248 0 0 0
114.8 0 0 0.96934 0 0 0
115.0 0 0 3.0414 0 0 0
115.2 0 0 4.6866 0 0 0
115.4 0 0 6.0078 0 0 0
115.6 0 0 7.0914 0 0 0
115.8 0 0 7.9722 0 0 0
116.0 0 0 8.1289 0 0 0
116.2 0 0 7.0465 0 0 0
116.4 0 0 4.5386 0 0 0
116.6 0 0 1.2955 0 0 0
116.8 0 0 -1.9621 0 0 0
117.0 0 0 -4.9609 0 0 0
117.2 0 0 -6.8349 0 0 0
117.4 0 0 -7.0834 0 0 0
117.6 0 0 -5.645 0 0 0
117.8 0 0 -2.9963 0 0 0
118.0 0 0 -0.3454 0 0 0
118.2 0 0 1.8828 0 0 0
118.4 0 0 3.5386 0 0 0
118.6 0 0 4.8821 0 0 0
118.8 0 0 6.0224 0 0 0
119.0 0 0 6.8647 0 0 0
119.2 0 0 7.4129 0 0 0
119.4 0 0 7.0454 0 0 0
119.6 0 0 5.6775 0 0 0
119.8 0 0 3.3219 0 0 0
120.0 0 0 0.50821 0 0 0
120.2 0 0 -2.4562 0 0 0
120.4 0 0 -5.2429 0 0 0
120.6 0 0 -7.1892 0 0 0
120.8 0 0 -7.863 0 0 0
121.0 0 0 -6.7245 0 0 0
121.2 0 0 -4.4617 0 0 0
121.4 0 0 -1.7781 0 0 0
121.6 0 0 0.71295 0 0 0
121.8 0 0 2.628 0 0 0
122.0 0 0 4.1404 0 0 0
122.2 0 0 5.2672 0 0 0
122.4 0 0 6.1389 0 0 0
122.6 0 0 6.909 0 0 0
122.8 0 0 6.7976 0 0 0
123.0 0 0 5.6386 0 0 0
123.2 0 0 3.0156 0 0 0
123.4 0 0 -0.030816 0 0 0
123.6 0 0 -2.9487 0 0 0
123.8 0 0 -5.5342 0 0 0
124.0 0 0 -7.1162 0 0 0
124.2 0 0 -7.2712 0 0 0
124.4 0 0 -5.6979 0 0 0
124.6 0 0 -3.1821 0 0 0
124.8 0 0 -0.64522 0 0 0
125.0 0 0 1.4965 0 0 0
125.2 0 0 3.2153 0 0 0
125.4 0 0 4.5268 0 0 0
125.6 0 0 5.7329 0 0 0
125.8 0 0 6.6163 0 0 0
126.0 0 0 6.5483 0 0 0
126.2 0 0 5.4493 0 0 0
126.4 0 0 3.0172 0 0 0
126.6 0 0 0.30824 0 0 0
126.8 0 0 -2.6281 0 0 0
127.0 0 0 -5.1941 0 0 0
127.2 0 0 -7.2386 0 0 0
127.4 0 0 -8.0698 0 0 0
127.6 0 0 -7.1478 0 0 0
127.8 0 0 -5.0717 0 0 0
128.0 0 0 -2.3786 0 0 0
128.2 0 0 0.16959 0 0 0
128.4 0 0 2.1615 0 0 0
128.6 0 0 3.5219 0 0 0
128.8 0 0 4.6451 0 0 0
129.0 0 0 5.6238 0 0 0
129.2 0 0 6.1708 0 0 0
129.4 0 0 5.7323 0 0 0
129.6 0 0 4.4376 0 0 0
129.8 0 0 2.635 0 0 0
130.0 0 0 0.54316 0 0 0
130.2 0 0 -1.7616 0 0 0
130.4 0 0 -4.1512 0 0 0
130.6 0 0 -6.438 0 0 0
130.8 0 0 -7.8078 0 0 0
131.0 0 0 -8.0417 0 0 0
131.2 0 0 -6.7491 0 0 0
131.4 0 0 -4.4413 0 0 0
131.6 0 0 -1.9525 0 0 0
131.8 0 0 0.4883 0 0 0
132.0 0 0 2.2988 0 0 0
132.2 0 0 3.7264 0 0 0
132.4 0 0 4.8721 0 0 0
132.6 0 0 5.8684 0 0 0
132.8 0 0 5.7717 0 0 0
133.0 0 0 4.08 0 0 0
133.2 0 0 1.0619 0 0 0
133.4 0 0 -2.0652 0 0 0
133.6 0 0 -5.0475 0 0 0
133.8 0 0 -7.5872 0 0 0
134.0 0 0 -8.9005 0 0 0
134.2 0 0 -8.8041 0 0 0
134.4 0 0 -6.9872 0 0 0
134.6 0 0 -4.4104 0 0 0
134.8 0 0 -1.702 0 0 0
135.0 0 0 0.49968 0 0 0
135.2 0 0 2.1354 0 0 0
135.4 0 0 3.516 0 0 0
135.6 0 0 4.6246 0 0 0
135.8 0 0 5.5709 0 0 0
136.0 0 0 5.9164 0 0 0
136.2 0 0 5.1131 0 0 0
136.4 0 0 3.1215 0 0 0
136.6 0 0 0.15366 0 0 0
136.8 0 0 -2.8854 0 0 0
137.0 0 0 -5.6111 0 0 0
137.2 0 0 -7.1799 0 0 0
137.4 0 0 -7.4471 0 0 0
137.6 0 0 -6.1835 0 0 0
137.8 0 0 -4.1957 0 0 0
138.0 0 0 -2.3149 0 0 0
138.2 0 0 -1.9776 0 0 0
138.4 0 0 -3.667 0 0 0
138.6 0 0 -5.3648 0 0 0
138.8 0 0 -6.027 0 0 0
139.0 0 0 -5.0672 0 0 0
139.2 0 0 -3.8 0 0 0
139.4 0 0 -2.1868 0 0 0
139.6 0 0 -0.41185 0 0 0
139.8 0 0 1.5307 0 0 0
140.0 0 0 3.1258 0 0 0
140.2 0 0 4.2538 0 0 0
140.4 0 0 5.0973 0 0 0
140.6 0 0 5.9887 0 0 0
140.8 0 0 6.7831 0 0 0
141.0 0 0 6.9144 0 0 0
141.2 0 0 5.6274 0 0 0
141.4 0 0 2.9817 0 0 0
141.6 0 0 -0.54047 0 0 0
141.8 0 0 -4.0789 0 0 0
142.0 0 0 -6.5618 0 0 0
142.2 0 0 -7.4185 0 0 0
142.4 0 0 -6.4337 0 0 0
142.6 0 0 -4.3181 0 0 0
142.8 0 0 -1.7008 0 0 0
143.0 0 0 0.57744 0 0 0
143.2 0 0 2.2349 0 0 0
143.4 0 0 3.5727 0 0 0
143.6 0 0 4.6366 0 0 0
143.8 0 0 5.6588 0 0 0
144.0 0 0 6.584 0 0 0
144.2 0 0 6.9472 0 0 0
144.4 0 0 6.144 0 0 0
144.6 0 0 4.0301 0 0 0
144.8 0 0 1.2153 0 0 0
145.0 0 0 -0.88398 0 0 0
145.2 0 0 -1.8714 0 0 0
145.4 0 0 -1.6649 0 0 0
145.6 0 0 -1.1521 0 0 0
145.8 0 0 -0.51168 0 0 0
146.0 0 0 -0.36257 0 0 0
146.2 0 0 -1.2933 0 0 0
146.4 0 0 -2.5709 0 0 0
146.6 0 0 -3.4085 0 0 0
146.8 0 0 -2.9994 0 0 0
147.0 0 0 -2.093 0 0 0
147.2 0 0 -1.0788 0 0 0
147.4 0 0 0.22321 0 0 0
147.6 0 0 2.0207 0 0 0
147.8 0 0 3.8332 0 0 0
148.0 0 0 5.2919 0 0 0
148.2 0 0 6.2742 0 0 0
148.4 0 0 6.1727 0 0 0
148.6 0 0 4.3747 0 0 0
148.8 0 0 1.1798 0 0 0
149.0 0 0 -2.7147 0 0 0
149.2 0 0 -6.0942 0 0 0
149.4 0 0 -8.1476 0 0 0
149.6 0 0 -8.3601 0 0 0
149.8 0 0 -6.8946 0 0 0
150.0 0 0 -4.6786 0 0 0
150.2 0 0 -2.0467 0 0 0
150.4 0 0 0.27576 0 0 0
150.6 0 0 2.093 0 0 0
150.8 0 0 3.5706 0 0 0
151.0 0 0 4.9353 0 0 0
151.2 0 0 5.7599 0 0 0
151.4 0 0 5.2756 0 0 0
151.6 0 0 3.0335 0 0 0
151.8 0 0 -0.19922 0 0 0
152.0 0 0 -3.8452 0 0 0
152.2 0 0 -7.307 0 0 0
152.4 0 0 -9.4836 0 0 0
152.6 0 0 -10.16 0 0 0
152.8 0 0 -8.7976 0 0 0
153.0 0 0 -6.4218 0 0 0
153.2 0 0 -3.7356 0 0 0
153.4 0 0 -1.2312 0 0 0
153.6 0 0 0.92295 0 0 0
153.8 0 0 2.7436 0 0 0
154.0 0 0 4.3609 0 0 0
154.2 0 0 5.638 0 0 0
154.4 0 0 6.5821 0 0 0
154.6 0 0 6.1676 0 0 0
154.8 0 0 4.35 0 0 0
155.0 0 0 1.0784 0 0 0
155.2 0 0 -2.6209 0 0 0
155.4 0 0 -6.0658 0 0 0
155.6 0 0 -8.5406 0 0 0
155.8 0 0 -9.3922 0 0 0
156.0 0 0 -8.5197 0 0 0
156.2 0 0 -6.2833 0 0 0
156.4 0 0 -3.6297 0 0 0
156.6 0 0 -1.0619 0 0 0
156.8 0 0 1.1846 0 0 0
157.0 0 0 3.0476 0 0 0
157.2 0 0 4.7647 0 0 0
157.4 0 0 6.1585 0 0 0
157.6 0 0 7.0842 0 0 0
157.8 0 0 6.209 0 0 0
158.0 0 0 3.789 0 0 0
158.2 0 0 0.12998 0 0 0
158.4 0 0 -3.5493 0 0 0
158.6 0 0 -6.5946 0 0 0
158.8 0 0 -8.6443 0 0 0
159.0 0 0 -8.9517 0 0 0
159.2 0 0 -7.6891 0 0 0
159.4 0 0 -5.0315 0 0 0
159.6 0 0 -2.1138 0 0 0
159.8 0 0 0.3434 0 0 0
160.0 0 0 2.3108 0 0 0
160.2 0 0 4.0132 0 0 0
160.4 0 0 5.5011 0 0 0
160.6 0 0 6.8205 0 0 0
160.8 0 0 7.2883 0 0 0
161.0 0 0 6.3464 0 0 0
161.2 0 0 3.9975 0 0 0
161.4 0 0 0.8841 0 0 0
161.6 0 0 -2.1724 0 0 0
161.8 0 0 -5.0669 0 0 0
162.0 0 0 -7.3656 0 0 0
162.2 0 0 -8.1177 0 0 0
162.4 0 0 -7.1756 0 0 0
162.6 0 0 -4.887 0 0 0
162.8 0 0 -2.3801 0 0 0
163.0 0 0 0.077746 0 0 0
163.2 0 0 2.024 0 0 0
163.4 0 0 3.6791 0 0 0
163.6 0 0 5.0519 0 0 0
163.8 0 0 6.2918 0 0 0
164.0 0 0 7.3973 0 0 0
164.2 0 0 7.9731 0 0 0
164.4 0 0 7.2475 0 0 0
164.6 0 0 5.1348 0 0 0
164.8 0 0 1.8147 0 0 0
165.0 0 0 -1.7371 0 0 0
165.2 0 0 -4.903 0 0 0
165.4 0 0 -7.1571 0 0 0
165.6 0 0 -8.0848 0 0 0
165.8 0 0 -7.1584 0 0 0
166.0 0 0 -4.7262 0 0 0
166.2 0 0 -1.8658 0 0 0
166.4 0 0 0.7666 0 0 0
166.6 0 0 2.7195 0 0 0
166.8 0 0 4.3759 0 0 0
167.0 0 0 5.5615 0 0 0
167.2 0 0 6.6118 0 0 0
167.4 0 0 7.5769 0 0 0
167.6 0 0 8.4277 0 0 0
167.8 0 0 8.756 0 0 0
168.0 0 0 7.8712 0 0 0
168.2 0 0 5.8226 0 0 0
168.4 0 0 3.0495 0 0 0
168.6 0 0 -0.15533 0 0 0
168.8 0 0 -3.0661 0 0 0
169.0 0 0 -5.1406 0 0 0
169.2 0 0 -5.6336 0 0 0
169.4 0 0 -4.6455 0 0 0
169.6 0 0 -2.3831 0 0 0
169.8 0 0 0.16334 0 0 0
170.0 0 0 2.3972 0 0 0
170.2 0 0 4.0664 0 0 0
170.4 0 0 5.3751 0 0 0
170.6 0 0 6.5432 0 0 0
170.8 0 0 7.429 0 0 0
171.0 0 0 8.2524 0 0 0
171.2 0 0 8.9189 0 0 0
171.4 0 0 8.8997 0 0 0
171.6 0 0 7.8025 0 0 0
171.8 0 0 5.4638 0 0 0
172.0 0 0 2.6709 0 0 0
172.2 0 0 -0.18457 0 0 0
172.4 0 0 -2.3947 0 0 0
172.6 0 0 -3.5584 0 0 0
172.8 0 0 -3.1638 0 0 0
173.0 0 0 -1.3048 0 0 0
173.2 0 0 1.2376 0 0 0
173.4 0 0 3.7023 0 0 0
173.6 0 0 5.5799 0 0 0
173.8 0 0 6.9264 0 0 0
174.0 0 0 7.9934 0 0 0
174.2 0 0 8.8426 0 0 0
174.4 0 0 9.5581 0 0 0
174.6 0 0 10.068 0 0 0
174.8 0 0 10.069 0 0 0
175.0 0 0 9.1251 0 0 0
175.2 0 0 7.2615 0 0 0
175.4 0 0 4.7579 0 0 0
175.6 0 0 2.4126 0 0 0
175.8 0 0 0.17736 0 0 0
176.0 0 0 -1.3791 0 0 0
176.2 0 0 -1.6815 0 0 0
176.4 0 0 -0.57233 0 0 0
176.6 0 0 1.7221 0 0 0
176.8 0 0 4.0422 0 0 0
177.0 0 0 5.8985 0 0 0
177.2 0 0 7.1799 0 0 0
177.4 0 0 8.1445 0 0 0
177.6 0 0 8.9389 0 0 0
177.8 0 0 9.6797 0 0 0
178.0 0 0 10.207 0 0 0
178.2 0 0 10.521 0 0 0
178.4 0 0 10.271 0 0 0
178.6 0 0 9.2203 0 0 0
178.8 0 0 7.1885 0 0 0
179.0 0 0 4.6051 0 0 0
179.2 0 0 1.985 0 0 0
179.4 0 0 -0.1155 0 0 0
179.6 0 0 -1.5315 0 0 0
179.8 0 0 -1.5242 0 0 0
180.0 0 0 -0.14533 0 0 0
180.2 0 0 2.16 0 0 0
180.4 0 0 4.3977 0 0 0
180.6 0 0 6.2314 0 0 0
180.8 0 0 7.4812 0 0 0
181.0 0 0 8.3778 0 0 0
181.2 0 0 8.955 0 0 0
181.4 0 0 9.5113 0 0 0
181.6 0 0 9.8687 0 0 0
181.8 0 0 9.6073 0 0 0
182.0 0 0 8.291 0 0 0
182.2 0 0 6.0438 0 0 0
182.4 0 0 3.4254 0 0 0
182.6 0 0 0.9075 0 0 0
182.8 0 0 -1.0476 0 0 0
183.0 0 0 -1.9105 0 0 0
183.2 0 0 -1.3237 0 0 0
183.4 0 0 0.49059 0 0 0
183.6 0 0 2.8097 0 0 0
183.8 0 0 4.7511 0 0 0
184.0 0 0 6.1732 0 0 0
184.2 0 0 7.1356 0 0 0
184.4 0 0 7.8156 0 0 0
184.6 0 0 8.4443 0 0 0
184.8 0 0 8.823 0 0 0
185.0 0 0 8.6613 0 0 0
185.2 0 0 7.3887 0 0 0
185.4 0 0 4.9212 0 0 0
185.6 0 0 2.1041 0 0 0
185.8 0 0 -0.90911 0 0 0
186.0 0 0 -3.7282 0 0 0
186.2 0 0 -5.9184 0 0 0
186.4 0 0 -6.7136 0 0 0
186.6 0 0 -5.6094 0 0 0
186.8 0 0 -3.2567 0 0 0
187.0 0 0 -0.31288 0 0 0
187.2 0 0 2.2998 0 0 0
187.4 0 0 4.1652 0 0 0
187.6 0 0 5.7318 0 0 0
187.8 0 0 6.9904 0 0 0
188.0 0 0 8.0089 0 0 0
188.2 0 0 8.6886 0 0 0
188.4 0 0 8.4971 0 0 0
188.6 0 0 6.9494 0 0 0
188.8 0 0 4.0394 0 0 0
189.0 0 0 0.48888 0 0 0
189.2 0 0 -2.976 0 0 0
189.4 0 0 -6.1117 0 0 0
189.6 0 0 -8.4557 0 0 0
189.8 0 0 -9.2529 0 0 0
190.0 0 0 -7.9992 0 0 0
190.2 0 0 -5.2395 0 0 0
190.4 0 0 -2.0016 0 0 0
190.6 0 0 0.83021 0 0 0
190.8 0 0 3.0708 0 0 0
191.0 0 0 4.657 0 0 0
191.2 0 0 5.8632 0 0 0
191.4 0 0 7.0697 0 0 0
191.6 0 0 8.0757 0 0 0
191.8 0 0 8.2196 0 0 0
192.0 0 0 6.899 0 0 0
192.2 0 0 4.1441 0 0 0
192.4 0 0 0.86468 0 0 0
192.6 0 0 -2.5171 0 0 0
192.8 0 0 -5.5405 0 0 0
193.0 0 0 -7.9363 0 0 0
193.2 0 0 -9.0616 0 0 0
193.4 0 0 -8.0556 0 0 0
193.6 0 0 -5.5316 0 0 0
193.8 0 0 -2.4592 0 0 0
194.0 0 0 0.42185 0 0 0
194.2 0 0 2.6685 0 0 0
194.4 0 0 4.5842 0 0 0
194.6 0 0 6.0338 0 0 0
194.8 0 0 7.202 0 0 0
195.0 0 0 8.1912 0 0 0
195.2 0 0 8.5546 0 0 0
195.4 0 0 7.6965 0 0 0
195.6 0 0 5.3252 0 0 0
195.8 0 0 2.1375 0 0 0
196.0 0 0 -0.96039 0 0 0
196.2 0 0 -3.9642 0 0 0
196.4 0 0 -6.4137 0 0 0
196.6 0 0 -7.552 0 0 0
196.8 0 0 -7.1754 0 0 0
197.0 0 0 -5.139 0 0 0
197.2 0 0 -2.3743 0 0 0
197.4 0 0 0.58383 0 0 0
197.6 0 0 2.9955 0 0 0
197.8 0 0 4.7638 0 0 0
198.0 0 0 6.1802 0 0 0
198.2 0 0 7.3512 0 0 0
198.4 0 0 7.6582 0 0 0
198.6 0 0 6.6281 0 0 0
198.8 0 0 3.9897 0 0 0
199.0 0 0 0.87162 0 0 0
199.2 0 0 -2.1792 0 0 0
199.4 0 0 -4.6806 0 0 0
199.6 0 0 -6.3912 0 0 0
199.8 0 0 -6.6579 0 0 0
200.0 0 0 -5.1478 0 0 0
200.2 0 0 -2.4207 0 0 0
200.4 0 0 0.41065 0 0 0
200.6 0 0 2.7887 0 0 0
200.8 0 0 4.4282 0 0 0
201.0 0 0 5.6977 0 0 0
201.2 0 0 6.7696 0 0 0
201.4 0 0 7.7063 0 0 0
201.6 0 0 7.8834 0 0 0
201.8 0 0 6.9178 0 0 0
202.0 0 0 4.5394 0 0 0
202.2 0 0 1.5743 0 0 0
202.4 0 0 -1.5637 0 0 0
202.6 0 0 -4.4392 0 0 0
202.8 0 0 -6.5739 0 0 0
203.0 0 0 -7.3198 0 0 0
203.2 0 0 -6.1168 0 0 0
203.4 0 0 -3.7 0 0 0
203.6 0 0 -0.72352 0 0 0
203.8 0 0 1.895 0 0 0
204.0 0 0 3.8774 0 0 0
204.2 0 0 5.3031 0 0 0
204.4 0 0 6.4814 0 0 0
204.6 0 0 7.3943 0 0 0
204.8 0 0 8.3399 0 0 0
205.0 0 0 8.9063 0 0 0
205.2 0 0 8.5288 0 0 0
205.4 0 0 6.8287 0 0 0
205.6 0 0 4.0125 0 0 0
205.8 0 0 1.0642 0 0 0
206.0 0 0 -1.7815 0 0 0
206.2 0 0 -4.0691 0 0 0
206.4 0 0 -4.8958 0 0 0
206.6 0 0 -3.9873 0 0 0
206.8 0 0 -1.5812 0 0 0
207.0 0 0 1.039 0 0 0
207.2 0 0 3.3723 0 0 0
207.4 0 0 5.057 0 0 0
207.6 0 0 6.2967 0 0 0
207.8 0 0 7.4348 0 0 0
208.0 0 0 8.334 0 0 0
208.2 0 0 9.1388 0 0 0
208.4 0 0 9.6733 0 0 0
208.6 0 0 9.6435 0 0 0
208.8 0 0 8.724 0 0 0
209.0 0 0 6.8373 0 0 0
209.2 0 0 4.3049 0 0 0
209.4 0 0 1.6437 0 0 0
209.6 0 0 -0.55701 0 0 0
209.8 0 0 -1.8559 0 0 0
210.0 0 0 -1.7025 0 0 0
210.2 0 0 -0.20401 0 0 0
210.4 0 0 1.9277 0 0 0
210.6 0 0 4.0822 0 0 0
210.8 0 0 5.6664 0 0 0
211.0 0 0 6.9052 0 0 0
211.2 0 0 7.7686 0 0 0
211.4 0 0 8.5184 0 0 0
211.6 0 0 9.1692 0 0 0
211.8 0 0 9.7816 0 0 0
212.0 0 0 10.162 0 0 0
212.2 0 0 10.235 0 0 0
212.4 0 0 9.4751 0 0 0
212.6 0 0 8.0821 0 0 0
212.8 0 0 5.877 0 0 0
213.0 0 0 3.3277 0 0 0
213.2 0 0 0.84318 0 0 0
213.4 0 0 -1.291 0 0 0
213.6 0 0 -2.2732 0 0 0
213.8 0 0 -1.6073 0 0 0
214.0 0 0 0.33374 0 0 0
214.2 0 0 2.6962 0 0 0
214.4 0 0 4.5725 0 0 0
214.6 0 0 6.0377 0 0 0
214.8 0 0 7.0491 0 0 0
215.0 0 0 7.8831 0 0 0
215.2 0 0 8.5398 0 0 0
215.4 0 0 9.1216 0 0 0
215.6 0 0 9.044 0 0 0
215.8 0 0 8.2045 0 0 0
216.0 0 0 6.2688 0 0 0
216.2 0 0 3.7883 0 0 0
216.4 0 0 1.1107 0 0 0
216.6 0 0 -1.475 0 0 0
216.8 0 0 -3.2643 0 0 0
217.0 0 0 -3.8136 0 0 0
217.2 0 0 -2.6104 0 0 0
217.4 0 0 -0.2869 0 0 0
217.6 0 0 2.3216 0 0 0
217.8 0 0 4.5608 0 0 0
218.0 0 0 6.2515 0 0 0
218.2 0 0 7.4651 0 0 0
218.4 0 0 8.4364 0 0 0
218.6 0 0 9.185 0 0 0
218.8 0 0 9.8164 0 0 0
219.0 0 0 10.256 0 0 0
219.2 0 0 10.202 0 0 0
219.4 0 0 9.3337 0 0 0
219.6 0 0 7.6542 0 0 0
219.8 0 0 5.4977 0 0 0
220.0 0 0 3.1509 0 0 0
220.2 0 0 0.82729 0 0 0
220.4 0 0 -0.68142 0 0 0
220.6 0 0 -0.74192 0 0 0
220.8 0 0 0.80995 0 0 0
221.0 0 0 3.3078 0 0 0
221.2 0 0 5.5533 0 0 0
221.4 0 0 7.2296 0 0 0
221.6 0 0 8.3352 0 0 0
221.8 0 0 9.0829 0 0 0
222.0 0 0 9.7664 0 0 0
222.2 0 0 10.227 0 0 0
222.4 0 0 10.605 0 0 0
222.6 0 0 10.748 0 0 0
222.8 0 0 10.724 0 0 0
223.0 0 0 10.249 0 0 0
223.2 0 0 8.9993 0 0 0
223.4 0 0 6.9685 0 0 0
223.6 0 0 4.5582 0 0 0
223.8 0 0 2.0125 0 0 0
224.0 0 0 -0.43281 0 0 0
224.2 0 0 -2.051 0 0 0
224.4 0 0 -2.8042 0 0 0
224.6 0 0 -2.0159 0 0 0
224.8 0 0 -0.065918 0 0 0
225.0 0 0 2.3984 0 0 0
225.2 0 0 4.613 0 0 0
225.4 0 0 6.1849 0 0 0
225.6 0 0 7.4147 0 0 0
225.8 0 0 8.314 0 0 0
226.0 0 0 9.0654 0 0 0
226.2 0 0 9.7629 0 0 0
226.4 0 0 9.7455 0 0 0
226.6 0 0 8.7455 0 0 0
226.8 0 0 6.4584 0 0 0
227.0 0 0 3.6214 0 0 0
227.2 0 0 0.59119 0 0 0
227.4 0 0 -2.4897 0 0 0
227.6 0 0 -5.0034 0 0 0
227.8 0 0 -6.0295 0 0 0
228.0 0 0 -4.9104 0 0 0
228.2 0 0 -2.459 0 0 0
228.4 0 0 0.3999 0 0 0
228.6 0 0 2.7878 0 0 0
228.8 0 0 4.6141 0 0 0
229.0 0 0 6.0293 0 0 0
229.2 0 0 7.0538 0 0 0
229.4 0 0 7.9165 0 0 0
229.6 0 0 8.5495 0 0 0
229.8 0 0 8.7743 0 0 0
230.0 0 0 8.1696 0 0 0
230.2 0 0 6.3178 0 0 0
230.4 0 0 3.826 0 0 0
230.6 0 0 0.9488 0 0 0
230.8 0 0 -1.62 0 0 0
231.0 0 0 -3.4707 0 0 0
231.2 0 0 -4.0761 0 0 0
231.4 0 0 -2.9283 0 0 0
231.6 0 0 -0.64589 0 0 0
231.8 0 0 2.1311 0 0 0
232.0 0 0 4.3107 0 0 0
232.2 0 0 5.7871 0 0 0
232.4 0 0 6.9175 0 0 0
232.6 0 0 7.8604 0 0 0
232.8 0 0 8.7118 0 0 0
233.0 0 0 9.3294 0 0 0
233.2 0 0 9.544 0 0 0
233.4 0 0 8.8445 0 0 0
233.6 0 0 7.243 0 0 0
233.8 0 0 4.8962 0 0 0
234.0 0 0 2.3148 0 0 0
234.2 0 0 -0.060205 0 0 0
234.4 0 0 -1.5091 0 0 0
234.6 0 0 -1.5476 0 0 0
234.8 0 0 -0.12429 0 0 0
235.0 0 0 2.0991 0 0 0
235.2 0 0 4.2951 0 0 0
235.4 0 0 5.8457 0 0 0
235.6 0 0 7.0498 0 0 0
235.8 0 0 7.9184 0 0 0
236.0 0 0 8.6694 0 0 0
236.2 0 0 9.1913 0 0 0
236.4 0 0 9.4226 0 0 0
236.6 0 0 9.1035 0 0 0
236.8 0 0 7.8553 0 0 0
237.0 0 0 5.779 0 0 0
237.2 0 0 3.2526 0 0 0
237.4 0 0 0.82962 0 0 0
237.6 0 0 -1.0298 0 0 0
237.8 0 0 -1.9143 0 0 0
238.0 0 0 -1.494 0 0 0
238.2 0 0 0.20188 0 0 0
238.4 0 0 2.4183 0 0 0
238.6 0 0 4.5643 0 0 0
238.8 0 0 6.2157 0 0 0
239.0 0 0 7.2989 0 0 0
239.2 0 0 8.1527 0 0 0
239.4 0 0 8.7954 0 0 0
239.6 0 0 9.2996 0 0 0
239.8 0 0 9.6267 0 0 0
240.0 0 0 9.2781 0 0 0
240.2 0 0 8.1858 0 0 0
240.4 0 0 6.2726 0 0 0
240.6 0 0 4.0714 0 0 0
240.8 0 0 2.3488 0 0 0
241.0 0 0 1.4883 0 0 0
241.2 0 0 2.1104 0 0 0
241.4 0 0 3.8609 0 0 0
241.6 0 0 5.8277 0 0 0
241.8 0 0 7.3943 0 0 0
242.0 0 0 8.3168 0 0 0
242.2 0 0 9.1233 0 0 0
242.4 0 0 9.667 0 0 0
242.6 0 0 10.041 0 0 0
242.8 0 0 10.338 0 0 0
243.0 0 0 10.412 0 0 0
243.2 0 0 9.8354 0 0 0
243.4 0 0 8.35 0 0 0
243.6 0 0 6.022 0 0 0
243.8 0 0 3.5771 0 0 0
244.0 0 0 1.3329 0 0 0
244.2 0 0 0.2069 0 0 0
244.4 0 0 0.34114 0 0 0
244.6 0 0 1.7863 0 0 0
244.8 0 0 3.6463 0 0 0
245.0 0 0 5.4141 0 0 0
245.2 0 0 6.7318 0 0 0
245.4 0 0 7.8194 0 0 0
245.6 0 0 8.7186 0 0 0
245.8 0 0 9.4106 0 0 0
246.0 0 0 9.8404 0 0 0
246.2 0 0 9.5854 0 0 0
246.4 0 0 8.3285 0 0 0
246.6 0 0 6.011 0 0 0
246.8 0 0 3.0581 0 0 0
247.0 0 0 0.088175 0 0 0
247.2 0 0 -2.5807 0 0 0
247.4 0 0 -4.4756 0 0 0
247.6 0 0 -4.9212 0 0 0
247.8 0 0 -3.4531 0 0 0
248.0 0 0 -0.65536 0 0 0
248.2 0 0 2.3445 0 0 0
248.4 0 0 4.7467 0 0 0
248.6 0 0 6.5157 0 0 0
248.8 0 0 7.651 0 0 0
249.0 0 0 8.6035 0 0 0
249.2 0 0 9.3893 0 0 0
249.4 0 0 9.98 0 0 0
249.6 0 0 9.8596 0 0 0
249.8 0 0 8.5884 0 0 0
250.0 0 0 6.3782 0 0 0
250.2 0 0 3.4218 0 0 0
250.4 0 0 0.39022 0 0 0
250.6 0 0 -2.4597 0 0 0
250.8 0 0 -4.466 0 0 0
251.0 0 0 -4.8024 0 0 0
251.2 0 0 -3.2079 0 0 0
251.4 0 0 -0.41085 0 0 0
251.6 0 0 2.4661 0 0 0
251.8 0 0 4.8081 0 0 0
252.0 0 0 6.5035 0 0 0
252.2 0 0 7.8327 0 0 0
252.4 0 0 8.6377 0 0 0
252.6 0 0 9.3261 0 0 0
252.8 0 0 9.6905 0 0 0
253.0 0 0 9.3306 0 0 0
253.2 0 0 8.0121 0 0 0
253.4 0 0 5.6009 0 0 0
253.6 0 0 3.0019 0 0 0
253.8 0 0 0.61634 0 0 0
254.0 0 0 -0.7159 0 0 0
254.2 0 0 -0.56403 0 0 0
254.4 0 0 1.3277 0 0 0
254.6 0 0 3.7807 0 0 0
254.8 0 0 6.0074 0 0 0
255.0 0 0 7.4988 0 0 0
255.2 0 0 8.5535 0 0 0
255.4 0 0 9.2252 0 0 0
255.6 0 0 9.8122 0 0 0
255.8 0 0 10.248 0 0 0
256.0 0 0 9.9178 0 0 0
256.2 0 0 8.5432 0 0 0
256.4 0 0 6.0566 0 0 0
256.6 0 0 3.2026 0 0 0
256.8 0 0 0.53405 0 0 0
257.0 0 0 -1.8451 0 0 0
257.2 0 0 -2.9385 0 0 0
257.4 0 0 -2.5 0 0 0
257.6 0 0 -0.18574 0 0 0
257.8 0 0 2.4833 0 0 0
258.0 0 0 4.7854 0 0 0
258.2 0 0 6.412 0 0 0
258.4 0 0 7.7634 0 0 0
258.6 0 0 8.7241 0 0 0
258.8 0 0 9.4164 0 0 0
259.0 0 0 9.0934 0 0 0
259.2 0 0 7.5793 0 0 0
259.4 0 0 5.0263 0 0 0
259.6 0 0 2.1122 0 0 0
259.8 0 0 -0.42896 0 0 0
260.0 0 0 -2.6299 0 0 0
260.2 0 0 -3.7298 0 0 0
260.4 0 0 -3.2392 0 0 0
260.6 0 0 -1.3725 0 0 0
260.8 0 0 1.4551 0 0 0
261.0 0 0 3.8769 0 0 0
261.2 0 0 5.9097 0 0 0
261.4 0 0 7.2573 0 0 0
261.6 0 0 8.3146 0 0 0
261.8 0 0 9.1657 0 0 0
262.0 0 0 9.7062 0 0 0
262.2 0 0 9.855 0 0 0
262.4 0 0 9.0699 0 0 0
262.6 0 0 7.2468 0 0 0
262.8 0 0 4.7611 0 0 0
263.0 0 0 2.1829 0 0 0
263.2 0 0 0.090533 0 0 0
263.4 0 0 -1.0895 0 0 0
263.6 0 0 -0.64298 0 0 0
263.8 0 0 1.0459 0 0 0
264.0 0 0 3.3867 0 0 0
264.2 0 0 5.5249 0 0 0
264.4 0 0 7.0438 0 0 0
264.6 0 0 7.9393 0 0 0
264.8 0 0 8.4303 0 0 0
265.0 0 0 8.8833 0 0 0
265.2 0 0 9.2661 0 0 0
265.4 0 0 9.1874 0 0 0
265.6 0 0 8.0442 0 0 0
265.8 0 0 5.6624 0 0 0
266.0 0 0 2.7367 0 0 0
266.2 0 0 -0.28541 0 0 0
266.4 0 0 -2.9914 0 0 0
266.6 0 0 -4.9313 0 0 0
266.8 0 0 -5.3905 0 0 0
267.0 0 0 -4.0162 0 0 0
267.2 0 0 -1.5854 0 0 0
267.4 0 0 1.251 0 0 0
267.6 0 0 3.4625 0 0 0
267.8 0 0 5.1116 0 0 0
268.0 0 0 6.2908 0 0 0
268.2 0 0 7.231 0 0 0
268.4 0 0 7.8738 0 0 0
268.6 0 0 7.5741 0 0 0
268.8 0 0 5.5963 0 0 0
269.0 0 0 2.4398 0 0 0
269.2 0 0 -1.2329 0 0 0
269.4 0 0 -4.443 0 0 0
269.6 0 0 -7.05 0 0 0
269.8 0 0 -8.4897 0 0 0
270.0 0 0 -7.8786 0 0 0
270.2 0 0 -5.6102 0 0 0
270.4 0 0 -2.4012 0 0 0
270.6 0 0 0.56383 0 0 0
270.8 0 0 3.0146 0 0 0
271.0 0 0 4.8003 0 0 0
271.2 0 0 6.2275 0 0 0
271.4 0 0 7.3236 0 0 0
271.6 0 0 7.7357 0 0 0
271.8 0 0 6.6053 0 0 0
272.0 0 0 4.0075 0 0 0
272.2 0 0 0.57503 0 0 0
272.4 0 0 -2.824 0 0 0
272.6 0 0 -5.8432 0 0 0
272.8 0 0 -7.8794 0 0 0
273.0 0 0 -8.176 0 0 0
273.2 0 0 -6.4505 0 0 0
273.4 0 0 -3.648 0 0 0
273.6 0 0 -0.61758 0 0 0
273.8 0 0 1.9126 0 0 0
274.0 0 0 3.9472 0 0 0
274.2 0 0 5.5797 0 0 0
274.4 0 0 6.8412 0 0 0
274.6 0 0 7.5884 0 0 0
274.8 0 0 7.4939 0 0 0
275.0 0 0 5.8572 0 0 0
275.2 0 0 3.0321 0 0 0
275.4 0 0 -0.64124 0 0 0
275.6 0 0 -4.1128 0 0 0
275.8 0 0 -6.4928 0 0 0
276.0 0 0 -7.2105 0 0 0
276.2 0 0 -5.884 0 0 0
276.4 0 0 -3.2315 0 0 0
276.6 0 0 -0.13297 0 0 0
276.8 0 0 2.4307 0 0 0
277.0 0 0 4.3776 0 0 0
277.2 0 0 5.8667 0 0 0
277.4 0 0 7.0579 0 0 0
277.6 0 0 7.9201 0 0 0
277.8 0 0 8.5431 0 0 0
278.0 0 0 8.2589 0 0 0
278.2 0 0 6.4907 0 0 0
278.4 0 0 3.5897 0 0 0
278.6 0 0 0.31514 0 0 0
278.8 0 0 -2.5876 0 0 0
279.0 0 0 -4.8219 0 0 0
279.2 0 0 -5.4549 0 0 0
279.4 0 0 -4.3019 0 0 0
279.6 0 0 -1.8241 0 0 0
279.8 0 0 1.0049 0 0 0
280.0 0 0 3.3543 0 0 0
280.2 0 0 5.126 0 0 0
280.4 0 0 6.4107 0 0 0
280.6 0 0 7.4346 0 0 0
280.8 0 0 8.3143 0 0 0
281.0 0 0 8.9952 0 0 0
281.2 0 0 9.4374 0 0 0
281.4 0 0 8.8543 0 0 0
281.6 0 0 7.3007 0 0 0
281.8 0 0 4.9724 0 0 0
282.0 0 0 2.807 0 0 0
282.2 0 0 1.5084 0 0 0
282.4 0 0 1.2915 0 0 0
282.6 0 0 2.3199 0 0 0
282.8 0 0 3.938 0 0 0
283.0 0 0 5.7493 0 0 0
283.2 0 0 7.0243 0 0 0
283.4 0 0 8.0732 0 0 0
283.6 0 0 8.9032 0 0 0
283.8 0 0 9.6377 0 0 0
284.0 0 0 10.009 0 0 0
284.2 0 0 9.3073 0 0 0
284.4 0 0 7.9965 0 0 0
284.6 0 0 5.8064 0 0 0
284.8 0 0 3.4912 0 0 0
285.0 0 0 1.4558 0 0 0
285.2 0 0 0.2209 0 0 0
285.4 0 0 0.45606 0 0 0
285.6 0 0 1.9292 0 0 0
285.8 0 0 3.98 0 0 0
286.0 0 0 5.7734 0 0 0
286.2 0 0 7.0767 0 0 0
286.4 0 0 8.0543 0 0 0
286.6 0 0 8.8068 0 0 0
286.8 0 0 9.3813 0 0 0
287.0 0 0 9.7414 0 0 0
287.2 0 0 9.8179 0 0 0
287.4 0 0 8.9531 0 0 0
287.6 0 0 7.0111 0 0 0
287.8 0 0 4.3134 0 0 0
288.0 0 0 1.6823 0 0 0
288.2 0 0 -0.46435 0 0 0
288.4 0 0 -1.4851 0 0 0
288.6 0 0 -1.3285 0 0 0
288.8 0 0 0.27676 0 0 0
289.0 0 0 2.4686 0 0 0
289.2 0 0 4.7941 0 0 0
289.4 0 0 6.3934 0 0 0
289.6 0 0 7.5399 0 0 0
289.8 0 0 8.2345 0 0 0
290.0 0 0 8.9304 0 0 0
290.2 0 0 9.5232 0 0 0
290.4 0 0 9.8323 0 0 0
290.6 0 0 9.3113 0 0 0
290.8 0 0 7.8605 0 0 0
291.0 0 0 5.6023 0 0 0
291.2 0 0 3.155 0 0 0
291.4 0 0 0.82501 0 0 0
291.6 0 0 -0.62991 0 0 0
291.8 0 0 -0.79818 0 0 0
292.0 0 0 0.54581 0 0 0
292.2 0 0 2.6512 0 0 0
292.4 0 0 4.6986 0 0 0
292.6 0 0 6.1988 0 0 0
292.8 0 0 7.5222 0 0 0
293.0 0 0 8.4857 0 0 0
293.2 0 0 9.4209 0 0 0
293.4 0 0 9.8964 0 0 0
293.6 0 0 9.8233 0 0 0
293.8 0 0 8.807 0 0 0
294.0 0 0 6.674 0 0 0
294.2 0 0 4.1193 0 0 0
294.4 0 0 1.4413 0 0 0
294.6 0 0 -0.26438 0 0 0
294.8 0 0 -0.51114 0 0 0
295.0 0 0 0.66003 0 0 0
295.2 0 0 2.6804 0 0 0
295.4 0 0 4.7672 0 0 0
295.6 0 0 6.7143 0 0 0
295.8 0 0 8.2262 0 0 0
296.0 0 0 9.2293 0 0 0
296.2 0 0 9.7902 0 0 0
296.4 0 0 10.225 0 0 0
296.6 0 0 10.525 0 0 0
296.8 0 0 10.88 0 0 0
297.0 0 0 10.82 0 0 0
297.2 0 0 10.111 0 0 0
297.4 0 0 8.5962 0 0 0
297.6 0 0 6.5711 0 0 0
297.8 0 0 4.1095 0 0 0
298.0 0 0 1.7664 0 0 0
298.2 0 0 -0.40198 0 0 0
298.4 0 0 -1.5203 0 0 0
298.6 0 0 -0.95089 0 0 0
298.8 0 0 0.87637 0 0 0
299.0 0 0 3.1711 0 0 0
299.2 0 0 5.0693 0 0 0
299.4 0 0 6.6115 0 0 0
299.6 0 0 7.7695 0 0 0
299.8 0 0 8.6233 0 0 0
