0.0 0 0 0.0 0 0 0
0.2 0 0 -0.043153 0 0 0
0.4 0 0 -0.14365 0 0 0
0.6 0 0 -0.51223 0 0 0
0.8 0 0 -1.1704 0 0 0
1.0 0 0 -2.0452 0 0 0
1.2 0 0 -2.9589 0 0 0
1.4 0 0 -3.5724 0 0 0
1.6 0 0 -4.1437 0 0 0
1.8 0 0 -4.5672 0 0 0
2.0 0 0 -5.0189 0 0 0
2.2 0 0 -4.9378 0 0 0
2.4 0 0 -4.4847 0 0 0
2.6 0 0 -3.6974 0 0 0
2.8 0 0 -2.8867 0 0 0
3.0 0 0 -2.0354 0 0 0
3.2 0 0 -1.2159 0 0 0
3.4 0 0 -0.56855 0 0 0
3.6 0 0 -0.12367 0 0 0
3.8 0 0 -0.047888 0 0 0
4.0 0 0 0.05187 0 0 0
4.2 0 0 -0.17408 0 0 0
4.4 0 0 -0.62657 0 0 0
4.6 0 0 -1.5557 0 0 0
4.8 0 0 -2.468 0 0 0
5.0 0 0 -3.3898 0 0 0
5.2 0 0 -4.1803 0 0 0
5.4 0 0 -4.9414 0 0 0
5.6 0 0 -5.3357 0 0 0
5.8 0 0 -5.116 0 0 0
6.0 0 0 -4.5052 0 0 0
6.2 0 0 -3.5812 0 0 0
6.4 0 0 -2.7352 0 0 0
6.6 0 0 -1.6758 0 0 0
6.8 0 0 -0.88071 0 0 0
7.0 0 0 -0.23012 0 0 0
7.2 0 0 0.038244 0 0 0
7.4 0 0 0.18634 0 0 0
7.6 0 0 -0.0061791 0 0 0
7.8 0 0 -0.61636 0 0 0
8.0 0 0 -1.6151 0 0 0
8.2 0 0 -2.5603 0 0 0
8.4 0 0 -3.3002 0 0 0
8.6 0 0 -3.9416 0 0 0
8.8 0 0 -4.463 0 0 0
9.0 0 0 -4.911 0 0 0
9.2 0 0 -4.6613 0 0 0
9.4 0 0 -4.057 0 0 0
9.6 0 0 -3.13 0 0 0
9.8 0 0 -2.2164 0 0 0
10.0 0 0 -1.2541 0 0 0
10.2 0 0 -0.45856 0 0 0
10.4 0 0 0.071788 0 0 0
10.6 0 0 0.30126 0 0 0
10.8 0 0 0.32377 0 0 0
11.0 0 0 0.27159 0 0 0
11.2 0 0 -0.10394 0 0 0
11.4 0 0 -0.78177 0 0 0
11.6 0 0 -1.7918 0 0 0
11.8 0 0 -2.6426 0 0 0
12.0 0 0 -3.3742 0 0 0
12.2 0 0 -3.9656 0 0 0
12.4 0 0 -4.4819 0 0 0
12.6 0 0 -4.4673 0 0 0
12.8 0 0 -3.9891 0 0 0
13.0 0 0 -3.0255 0 0 0
13.2 0 0 -2.0707 0 0 0
13.4 0 0 -1.0686 0 0 0
13.6 0 0 -0.24484 0 0 0
13.8 0 0 0.26384 0 0 0
14.0 0 0 0.4776 0 0 0
14.2 0 0 0.50874 0 0 0
14.4 0 0 0.56841 0 0 0
14.6 0 0 0.5905 0 0 0
14.8 0 0 0.51642 0 0 0
15.0 0 0 0.242 0 0 0
15.2 0 0 -0.049506 0 0 0
15.4 0 0 -0.57538 0 0 0
15.6 0 0 -1.1992 0 0 0
15.8 0 0 -1.9082 0 0 0
16.0 0 0 -2.3006 0 0 0
16.2 0 0 -2.6581 0 0 0
16.4 0 0 -2.9428 0 0 0
16.6 0 0 -3.3619 0 0 0
16.8 0 0 -3.3293 0 0 0
17.0 0 0 -2.9595 0 0 0
17.2 0 0 -2.2355 0 0 0
17.4 0 0 -1.5696 0 0 0
17.6 0 0 -1.0392 0 0 0
17.8 0 0 -0.54088 0 0 0
18.0 0 0 -0.19991 0 0 0
18.2 0 0 0.022493 0 0 0
18.4 0 0 0.089001 0 0 0
18.6 0 0 0.24024 0 0 0
18.8 0 0 0.3112 0 0 0
19.0 0 0 0.35471 0 0 0
19.2 0 0 0.1965 0 0 0
19.4 0 0 0.13037 0 0 0
19.6 0 0 -0.073566 0 0 0
19.8 0 0 -0.29962 0 0 0
20.0 0 0 -0.69765 0 0 0
20.2 0 0 -0.9342 0 0 0
20.4 0 0 -1.2753 0 0 0
20.6 0 0 -1.7261 0 0 0
20.8 0 0 -2.3865 0 0 0
21.0 0 0 -2.9833 0 0 0
21.2 0 0 -3.1093 0 0 0
21.4 0 0 -2.9507 0 0 0
21.6 0 0 -2.533 0 0 0
21.8 0 0 -2.1331 0 0 0
22.0 0 0 -1.5718 0 0 0
22.2 0 0 -1.1169 0 0 0
22.4 0 0 -0.68314 0 0 0
22.6 0 0 -0.48596 0 0 0
22.8 0 0 -0.23075 0 0 0
23.0 0 0 -0.025415 0 0 0
23.2 0 0 0.13367 0 0 0
23.4 0 0 0.17646 0 0 0
23.6 0 0 0.19069 0 0 0
23.8 0 0 0.21048 0 0 0
24.0 0 0 0.036058 0 0 0
24.2 0 0 -0.28778 0 0 0
24.4 0 0 -0.74638 0 0 0
24.6 0 0 -0.9528 0 0 0
24.8 0 0 -1.2307 0 0 0
25.0 0 0 -1.5359 0 0 0
25.2 0 0 -2.057 0 0 0
25.4 0 0 -2.2747 0 0 0
25.6 0 0 -2.3976 0 0 0
25.8 0 0 -2.233 0 0 0
26.0 0 0 -1.9922 0 0 0
26.2 0 0 -1.5175 0 0 0
26.4 0 0 -0.99408 0 0 0
26.6 0 0 -0.56883 0 0 0
26.8 0 0 -0.29025 0 0 0
27.0 0 0 -0.15194 0 0 0
27.2 0 0 0.065345 0 0 0
27.4 0 0 0.19573 0 0 0
27.6 0 0 0.26084 0 0 0
27.8 0 0 0.19741 0 0 0
28.0 0 0 0.15857 0 0 0
28.2 0 0 -0.068306 0 0 0
28.4 0 0 -0.39648 0 0 0
28.6 0 0 -0.89712 0 0 0
28.8 0 0 -1.2424 0 0 0
29.0 0 0 -1.5079 0 0 0
29.2 0 0 -1.757 0 0 0
29.4 0 0 -2.1106 0 0 0
29.6 0 0 -2.5079 0 0 0
29.8 0 0 -2.6315 0 0 0
30.0 0 0 -2.5821 0 0 0
30.2 0 0 -2.255 0 0 0
30.4 0 0 -1.9348 0 0 0
30.6 0 0 -1.4073 0 0 0
30.8 0 0 -1.0846 0 0 0
31.0 0 0 -0.87879 0 0 0
31.2 0 0 -0.89795 0 0 0
31.4 0 0 -0.787 0 0 0
31.6 0 0 -0.49867 0 0 0
31.8 0 0 -0.21933 0 0 0
32.0 0 0 -0.052373 0 0 0
32.2 0 0 -0.0078205 0 0 0
32.4 0 0 0.14629 0 0 0
32.6 0 0 0.15567 0 0 0
32.8 0 0 0.013021 0 0 0
33.0 0 0 -0.37564 0 0 0
33.2 0 0 -0.61527 0 0 0
33.4 0 0 -0.91262 0 0 0
33.6 0 0 -1.2753 0 0 0
33.8 0 0 -1.9046 0 0 0
34.0 0 0 -2.5468 0 0 0
34.2 0 0 -3.0048 0 0 0
34.4 0 0 -3.3819 0 0 0
34.6 0 0 -3.4949 0 0 0
34.8 0 0 -3.232 0 0 0
35.0 0 0 -2.3458 0 0 0
35.2 0 0 -1.355 0 0 0
35.4 0 0 -0.39895 0 0 0
35.6 0 0 0.06732 0 0 0
35.8 0 0 0.40841 0 0 0
36.0 0 0 0.53359 0 0 0
36.2 0 0 0.55448 0 0 0
36.4 0 0 0.38884 0 0 0
36.6 0 0 0.057483 0 0 0
36.8 0 0 -0.53789 0 0 0
37.0 0 0 -1.328 0 0 0
37.2 0 0 -2.2858 0 0 0
37.4 0 0 -3.104 0 0 0
37.6 0 0 -3.575 0 0 0
37.8 0 0 -3.8609 0 0 0
38.0 0 0 -3.8798 0 0 0
38.2 0 0 -3.5082 0 0 0
38.4 0 0 -2.5661 0 0 0
38.6 0 0 -1.5331 0 0 0
38.8 0 0 -0.66783 0 0 0
39.0 0 0 -0.14464 0 0 0
39.2 0 0 0.18716 0 0 0
39.4 0 0 0.29109 0 0 0
39.6 0 0 0.29124 0 0 0
39.8 0 0 0.063358 0 0 0
40.0 0 0 -0.31406 0 0 0
40.2 0 0 -0.85492 0 0 0
40.4 0 0 -1.5387 0 0 0
40.6 0 0 -2.3458 0 0 0
40.8 0 0 -3.1321 0 0 0
41.0 0 0 -3.5801 0 0 0
41.2 0 0 -3.8223 0 0 0
41.4 0 0 -3.725 0 0 0
41.6 0 0 -3.3922 0 0 0
41.8 0 0 -2.4591 0 0 0
42.0 0 0 -1.4577 0 0 0
42.2 0 0 -0.57165 0 0 0
42.4 0 0 -0.065611 0 0 0
42.6 0 0 0.2048 0 0 0
42.8 0 0 0.41054 0 0 0
43.0 0 0 0.44817 0 0 0
43.2 0 0 0.44677 0 0 0
43.4 0 0 0.30109 0 0 0
43.6 0 0 0.23958 0 0 0
43.8 0 0 -0.080759 0 0 0
44.0 0 0 -0.5718 0 0 0
44.2 0 0 -1.2658 0 0 0
44.4 0 0 -1.716 0 0 0
44.6 0 0 -2.1314 0 0 0
44.8 0 0 -2.4983 0 0 0
45.0 0 0 -2.8124 0 0 0
45.2 0 0 -2.809 0 0 0
45.4 0 0 -2.3117 0 0 0
45.6 0 0 -1.6312 0 0 0
45.8 0 0 -0.91509 0 0 0
46.0 0 0 -0.49587 0 0 0
46.2 0 0 -0.037745 0 0 0
46.4 0 0 0.18872 0 0 0
46.6 0 0 0.35304 0 0 0
46.8 0 0 0.21827 0 0 0
47.0 0 0 -0.088599 0 0 0
47.2 0 0 -0.54031 0 0 0
47.4 0 0 -1.2077 0 0 0
47.6 0 0 -1.9357 0 0 0
47.8 0 0 -2.8302 0 0 0
48.0 0 0 -3.4534 0 0 0
48.2 0 0 -3.9696 0 0 0
48.4 0 0 -4.2185 0 0 0
48.6 0 0 -4.2313 0 0 0
48.8 0 0 -3.7135 0 0 0
49.0 0 0 -2.7948 0 0 0
49.2 0 0 -1.7237 0 0 0
49.4 0 0 -0.8526 0 0 0
49.6 0 0 -0.27743 0 0 0
49.8 0 0 0.15481 0 0 0
50.0 0 0 0.35798 0 0 0
50.2 0 0 0.4475 0 0 0
50.4 0 0 0.33051 0 0 0
50.6 0 0 0.12911 0 0 0
50.8 0 0 -0.33773 0 0 0
51.0 0 0 -0.99644 0 0 0
51.2 0 0 -1.8647 0 0 0
51.4 0 0 -2.5339 0 0 0
51.6 0 0 -3.0173 0 0 0
51.8 0 0 -3.365 0 0 0
52.0 0 0 -3.6016 0 0 0
52.2 0 0 -3.4784 0 0 0
52.4 0 0 -2.7273 0 0 0
52.6 0 0 -1.8072 0 0 0
52.8 0 0 -0.89736 0 0 0
53.0 0 0 -0.39113 0 0 0
53.2 0 0 0.051767 0 0 0
53.4 0 0 0.32775 0 0 0
53.6 0 0 0.47662 0 0 0
53.8 0 0 0.43606 0 0 0
54.0 0 0 0.37916 0 0 0
54.2 0 0 0.41953 0 0 0
54.4 0 0 0.4273 0 0 0
54.6 0 0 0.42874 0 0 0
54.8 0 0 0.25553 0 0 0
55.0 0 0 0.15873 0 0 0
55.2 0 0 -0.19505 0 0 0
55.4 0 0 -0.54253 0 0 0
55.6 0 0 -1.0392 0 0 0
55.8 0 0 -1.3078 0 0 0
56.0 0 0 -1.6244 0 0 0
56.2 0 0 -1.9723 0 0 0
56.4 0 0 -2.4448 0 0 0
56.6 0 0 -2.6049 0 0 0
56.8 0 0 -2.2676 0 0 0
57.0 0 0 -1.662 0 0 0
57.2 0 0 -1.0208 0 0 0
57.4 0 0 -0.59997 0 0 0
57.6 0 0 -0.1453 0 0 0
57.8 0 0 0.12775 0 0 0
58.0 0 0 0.34151 0 0 0
58.2 0 0 0.3161 0 0 0
58.4 0 0 0.35453 0 0 0
58.6 0 0 0.21665 0 0 0
58.8 0 0 -0.072322 0 0 0
59.0 0 0 -0.60842 0 0 0
59.2 0 0 -0.99099 0 0 0
59.4 0 0 -1.3382 0 0 0
59.6 0 0 -1.6579 0 0 0
59.8 0 0 -2.1614 0 0 0
60.0 0 0 -2.5785 0 0 0
60.2 0 0 -2.7717 0 0 0
60.4 0 0 -2.79 0 0 0
60.6 0 0 -2.5773 0 0 0
60.8 0 0 -2.2237 0 0 0
61.0 0 0 -1.5827 0 0 0
61.2 0 0 -1.0646 0 0 0
61.4 0 0 -0.6356 0 0 0
61.6 0 0 -0.43579 0 0 0
61.8 0 0 -0.15787 0 0 0
62.0 0 0 0.014974 0 0 0
62.2 0 0 0.15142 0 0 0
62.4 0 0 0.088922 0 0 0
62.6 0 0 0.000704 0 0 0
62.8 0 0 -0.28464 0 0 0
63.0 0 0 -0.77862 0 0 0
63.2 0 0 -1.4677 0 0 0
63.4 0 0 -2.1358 0 0 0
63.6 0 0 -2.5637 0 0 0
63.8 0 0 -2.8856 0 0 0
64.0 0 0 -3.2039 0 0 0
64.2 0 0 -3.3234 0 0 0
64.4 0 0 -2.9221 0 0 0
64.6 0 0 -2.2422 0 0 0
64.8 0 0 -1.5068 0 0 0
65.0 0 0 -1.0957 0 0 0
65.2 0 0 -0.64641 0 0 0
65.4 0 0 -0.33489 0 0 0
65.6 0 0 -0.056369 0 0 0
65.8 0 0 0.074862 0 0 0
66.0 0 0 0.20363 0 0 0
66.2 0 0 0.32198 0 0 0
66.4 0 0 0.36507 0 0 0
66.6 0 0 0.26785 0 0 0
66.8 0 0 0.035784 0 0 0
67.0 0 0 -0.09692 0 0 0
67.2 0 0 -0.37939 0 0 0
67.4 0 0 -0.73349 0 0 0
67.6 0 0 -1.3466 0 0 0
67.8 0 0 -1.7764 0 0 0
68.0 0 0 -2.1805 0 0 0
68.2 0 0 -2.4709 0 0 0
68.4 0 0 -2.8722 0 0 0
68.6 0 0 -2.9446 0 0 0
68.8 0 0 -2.7189 0 0 0
69.0 0 0 -2.2335 0 0 0
69.2 0 0 -1.7679 0 0 0
69.4 0 0 -1.3587 0 0 0
69.6 0 0 -0.84714 0 0 0
69.8 0 0 -0.43459 0 0 0
70.0 0 0 -0.12627 0 0 0
70.2 0 0 -0.055845 0 0 0
70.4 0 0 0.098537 0 0 0
70.6 0 0 0.16433 0 0 0
70.8 0 0 0.22525 0 0 0
71.0 0 0 0.045605 0 0 0
71.2 0 0 -0.061555 0 0 0
71.4 0 0 -0.28703 0 0 0
71.6 0 0 -0.51079 0 0 0
71.8 0 0 -0.98417 0 0 0
72.0 0 0 -1.3786 0 0 0
72.2 0 0 -1.6758 0 0 0
72.4 0 0 -1.9375 0 0 0
72.6 0 0 -2.2497 0 0 0
72.8 0 0 -2.6751 0 0 0
73.0 0 0 -2.8059 0 0 0
73.2 0 0 -2.7646 0 0 0
73.4 0 0 -2.4234 0 0 0
73.6 0 0 -1.9174 0 0 0
73.8 0 0 -1.2586 0 0 0
74.0 0 0 -0.6673 0 0 0
74.2 0 0 -0.38974 0 0 0
74.4 0 0 -0.28286 0 0 0
74.6 0 0 -0.26662 0 0 0
74.8 0 0 -0.17414 0 0 0
75.0 0 0 -0.099748 0 0 0
75.2 0 0 -0.093541 0 0 0
75.4 0 0 -0.2955 0 0 0
75.6 0 0 -0.4668 0 0 0
75.8 0 0 -0.81296 0 0 0
76.0 0 0 -1.1916 0 0 0
76.2 0 0 -1.7415 0 0 0
76.4 0 0 -2.0408 0 0 0
76.6 0 0 -2.3602 0 0 0
76.8 0 0 -2.5978 0 0 0
77.0 0 0 -2.975 0 0 0
77.2 0 0 -3.1889 0 0 0
77.4 0 0 -3.0869 0 0 0
77.6 0 0 -2.6662 0 0 0
77.8 0 0 -2.0622 0 0 0
78.0 0 0 -1.5385 0 0 0
78.2 0 0 -0.99283 0 0 0
78.4 0 0 -0.60744 0 0 0
78.6 0 0 -0.30844 0 0 0
78.8 0 0 -0.18746 0 0 0
79.0 0 0 -0.015708 0 0 0
79.2 0 0 0.08121 0 0 0
79.4 0 0 0.18366 0 0 0
79.6 0 0 0.10578 0 0 0
79.8 0 0 -0.023626 0 0 0
80.0 0 0 -0.25845 0 0 0
80.2 0 0 -0.66487 0 0 0
80.4 0 0 -1.2599 0 0 0
80.6 0 0 -1.9996 0 0 0
80.8 0 0 -2.4475 0 0 0
81.0 0 0 -2.852 0 0 0
81.2 0 0 -3.1512 0 0 0
81.4 0 0 -3.5942 0 0 0
81.6 0 0 -3.6081 0 0 0
81.8 0 0 -3.3233 0 0 0
82.0 0 0 -2.665 0 0 0
82.2 0 0 -1.9776 0 0 0
82.4 0 0 -1.2845 0 0 0
82.6 0 0 -0.68192 0 0 0
82.8 0 0 -0.21842 0 0 0
83.0 0 0 0.10292 0 0 0
83.2 0 0 0.18022 0 0 0
83.4 0 0 0.32053 0 0 0
83.6 0 0 0.30877 0 0 0
83.8 0 0 0.26466 0 0 0
84.0 0 0 -0.067864 0 0 0
84.2 0 0 -0.2803 0 0 0
84.4 0 0 -0.65711 0 0 0
84.6 0 0 -1.022 0 0 0
84.8 0 0 -1.5773 0 0 0
85.0 0 0 -1.9403 0 0 0
85.2 0 0 -2.2138 0 0 0
85.4 0 0 -2.4037 0 0 0
85.6 0 0 -2.7929 0 0 0
85.8 0 0 -3.0369 0 0 0
86.0 0 0 -2.8421 0 0 0
86.2 0 0 -2.2096 0 0 0
86.4 0 0 -1.4343 0 0 0
86.6 0 0 -0.8714 0 0 0
86.8 0 0 -0.33635 0 0 0
87.0 0 0 -0.016682 0 0 0
87.2 0 0 0.18965 0 0 0
87.4 0 0 0.16702 0 0 0
87.6 0 0 0.19729 0 0 0
87.8 0 0 0.11305 0 0 0
88.0 0 0 -0.21087 0 0 0
88.2 0 0 -0.85134 0 0 0
88.4 0 0 -1.64 0 0 0
88.6 0 0 -2.1448 0 0 0
88.8 0 0 -2.5549 0 0 0
89.0 0 0 -2.8787 0 0 0
89.2 0 0 -3.2654 0 0 0
89.4 0 0 -3.378 0 0 0
89.6 0 0 -3.4002 0 0 0
89.8 0 0 -3.2666 0 0 0
90.0 0 0 -3.2314 0 0 0
90.2 0 0 -2.9608 0 0 0
90.4 0 0 -2.4057 0 0 0
90.6 0 0 -1.6582 0 0 0
90.8 0 0 -1.0468 0 0 0
91.0 0 0 -0.67838 0 0 0
91.2 0 0 -0.35026 0 0 0
91.4 0 0 -0.1352 0 0 0
91.6 0 0 0.035177 0 0 0
91.8 0 0 0.013571 0 0 0
92.0 0 0 -0.017098 0 0 0
92.2 0 0 -0.20942 0 0 0
92.4 0 0 -0.4155 0 0 0
92.6 0 0 -0.75785 0 0 0
92.8 0 0 -0.99076 0 0 0
93.0 0 0 -1.1847 0 0 0
93.2 0 0 -1.3855 0 0 0
93.4 0 0 -1.7466 0 0 0
93.6 0 0 -2.3029 0 0 0
93.8 0 0 -2.57 0 0 0
94.0 0 0 -2.6469 0 0 0
94.2 0 0 -2.3087 0 0 0
94.4 0 0 -1.9601 0 0 0
94.6 0 0 -1.4615 0 0 0
94.8 0 0 -1.0103 0 0 0
95.0 0 0 -0.66012 0 0 0
95.2 0 0 -0.49986 0 0 0
95.4 0 0 -0.54125 0 0 0
95.6 0 0 -0.39703 0 0 0
95.8 0 0 -0.22138 0 0 0
96.0 0 0 0.014105 0 0 0
96.2 0 0 0.097275 0 0 0
96.4 0 0 0.19772 0 0 0
96.6 0 0 0.11936 0 0 0
96.8 0 0 -0.1663 0 0 0
97.0 0 0 -0.61001 0 0 0
97.2 0 0 -1.0281 0 0 0
97.4 0 0 -1.2484 0 0 0
97.6 0 0 -1.5496 0 0 0
97.8 0 0 -2.1347 0 0 0
98.0 0 0 -3.0805 0 0 0
98.2 0 0 -3.5547 0 0 0
98.4 0 0 -3.524 0 0 0
98.6 0 0 -2.8836 0 0 0
98.8 0 0 -2.2327 0 0 0
99.0 0 0 -1.5995 0 0 0
99.2 0 0 -1.0451 0 0 0
99.4 0 0 -0.61292 0 0 0
99.6 0 0 -0.29966 0 0 0
99.8 0 0 -0.13062 0 0 0
100.0 0 0 0.11346 0 0 0
100.2 0 0 0.23145 0 0 0
100.4 0 0 0.31428 0 0 0
100.6 0 0 0.22771 0 0 0
100.8 0 0 0.24105 0 0 0
101.0 0 0 0.08941 0 0 0
101.2 0 0 -0.22318 0 0 0
101.4 0 0 -0.75898 0 0 0
101.6 0 0 -1.186 0 0 0
101.8 0 0 -1.5305 0 0 0
102.0 0 0 -1.7876 0 0 0
102.2 0 0 -2.1508 0 0 0
102.4 0 0 -2.4363 0 0 0
102.6 0 0 -2.4462 0 0 0
102.8 0 0 -2.3996 0 0 0
103.0 0 0 -2.1656 0 0 0
103.2 0 0 -1.9073 0 0 0
103.4 0 0 -1.3568 0 0 0
103.6 0 0 -0.88259 0 0 0
103.8 0 0 -0.50811 0 0 0
104.0 0 0 -0.35058 0 0 0
104.2 0 0 -0.21775 0 0 0
104.4 0 0 -0.059313 0 0 0
104.6 0 0 0.11347 0 0 0
104.8 0 0 0.26907 0 0 0
105.0 0 0 0.1204 0 0 0
105.2 0 0 0.11073 0 0 0
105.4 0 0 -0.096203 0 0 0
105.6 0 0 -0.17467 0 0 0
105.8 0 0 -0.45688 0 0 0
106.0 0 0 -0.84164 0 0 0
106.2 0 0 -1.1188 0 0 0
106.4 0 0 -1.2143 0 0 0
106.6 0 0 -1.5287 0 0 0
106.8 0 0 -1.9286 0 0 0
107.0 0 0 -2.522 0 0 0
107.2 0 0 -2.957 0 0 0
107.4 0 0 -3.2539 0 0 0
107.6 0 0 -3.3224 0 0 0
107.8 0 0 -2.8252 0 0 0
108.0 0 0 -2.0219 0 0 0
108.2 0 0 -1.1592 0 0 0
108.4 0 0 -0.55563 0 0 0
108.6 0 0 -0.029297 0 0 0
108.8 0 0 0.25017 0 0 0
109.0 0 0 0.40708 0 0 0
109.2 0 0 0.37881 0 0 0
109.4 0 0 0.31922 0 0 0
109.6 0 0 0.16175 0 0 0
109.8 0 0 -0.25898 0 0 0
110.0 0 0 -0.88117 0 0 0
110.2 0 0 -1.5552 0 0 0
110.4 0 0 -1.9673 0 0 0
110.6 0 0 -2.3654 0 0 0
110.8 0 0 -2.7138 0 0 0
111.0 0 0 -3.1861 0 0 0
111.2 0 0 -3.3614 0 0 0
111.4 0 0 -3.4276 0 0 0
111.6 0 0 -3.2924 0 0 0
111.8 0 0 -3.0028 0 0 0
112.0 0 0 -2.4905 0 0 0
112.2 0 0 -1.7902 0 0 0
112.4 0 0 -1.3061 0 0 0
112.6 0 0 -0.9856 0 0 0
112.8 0 0 -0.86282 0 0 0
113.0 0 0 -0.56328 0 0 0
113.2 0 0 -0.42097 0 0 0
113.4 0 0 -0.19005 0 0 0
113.6 0 0 -0.024492 0 0 0
113.8 0 0 0.37738 0 0 0
114.0 0 0 0.7032 0 0 0
114.2 0 0 1.1518 0 0 0
114.4 0 0 1.4507 0 0 0
114.6 0 0 1.6058 0 0 0
114.8 0 0 1.5226 0 0 0
115.0 0 0 1.0551 0 0 0
115.2 0 0 0.53691 0 0 0
115.4 0 0 -0.089618 0 0 0
115.6 0 0 -0.36727 0 0 0
115.8 0 0 -0.63837 0 0 0
116.0 0 0 -0.71787 0 0 0
116.2 0 0 -0.73063 0 0 0
116.4 0 0 -0.29047 0 0 0
116.6 0 0 1.1633 0 0 0
116.8 0 0 3.4337 0 0 0
117.0 0 0 5.6069 0 0 0
117.2 0 0 6.9657 0 0 0
117.4 0 0 7.4082 0 0 0
117.6 0 0 7.074 0 0 0
117.8 0 0 6.2832 0 0 0
118.0 0 0 4.9235 0 0 0
118.2 0 0 3.56 0 0 0
118.4 0 0 2.2083 0 0 0
118.6 0 0 0.84732 0 0 0
118.8 0 0 -0.921 0 0 0
119.0 0 0 -2.6206 0 0 0
119.2 0 0 -3.9491 0 0 0
119.4 0 0 -4.7028 0 0 0
119.6 0 0 -5.2481 0 0 0
119.8 0 0 -5.8196 0 0 0
120.0 0 0 -5.9932 0 0 0
120.2 0 0 -6.0823 0 0 0
120.4 0 0 -6.0811 0 0 0
120.6 0 0 -6.2634 0 0 0
120.8 0 0 -6.2218 0 0 0
121.0 0 0 -5.9053 0 0 0
121.2 0 0 -5.3762 0 0 0
121.4 0 0 -4.9115 0 0 0
121.6 0 0 -4.5965 0 0 0
121.8 0 0 -4.2821 0 0 0
122.0 0 0 -4.0686 0 0 0
122.2 0 0 -3.9086 0 0 0
122.4 0 0 -3.8684 0 0 0
122.6 0 0 -3.8042 0 0 0
122.8 0 0 -3.7115 0 0 0
123.0 0 0 -3.669 0 0 0
123.2 0 0 -3.6837 0 0 0
123.4 0 0 -3.5052 0 0 0
123.6 0 0 -2.9552 0 0 0
123.8 0 0 -2.5822 0 0 0
124.0 0 0 -2.5485 0 0 0
124.2 0 0 -3.1765 0 0 0
124.4 0 0 -3.7687 0 0 0
124.6 0 0 -4.4264 0 0 0
124.8 0 0 -4.8572 0 0 0
125.0 0 0 -5.2156 0 0 0
125.2 0 0 -5.3754 0 0 0
125.4 0 0 -5.3094 0 0 0
125.6 0 0 -4.9452 0 0 0
125.8 0 0 -4.3968 0 0 0
126.0 0 0 -3.7976 0 0 0
126.2 0 0 -3.0722 0 0 0
126.4 0 0 -2.5524 0 0 0
126.6 0 0 -2.1617 0 0 0
126.8 0 0 -2.0294 0 0 0
127.0 0 0 -1.8388 0 0 0
127.2 0 0 -1.6913 0 0 0
127.4 0 0 -1.551 0 0 0
127.6 0 0 -1.7732 0 0 0
127.8 0 0 -2.0812 0 0 0
128.0 0 0 -2.4651 0 0 0
128.2 0 0 -2.8187 0 0 0
128.4 0 0 -3.2575 0 0 0
128.6 0 0 -3.6403 0 0 0
128.8 0 0 -3.7618 0 0 0
129.0 0 0 -3.8922 0 0 0
129.2 0 0 -4.0552 0 0 0
129.4 0 0 -4.4379 0 0 0
129.6 0 0 -4.2977 0 0 0
129.8 0 0 -3.9598 0 0 0
130.0 0 0 -3.2885 0 0 0
130.2 0 0 -2.8607 0 0 0
130.4 0 0 -2.475 0 0 0
130.6 0 0 -2.1633 0 0 0
130.8 0 0 -1.9644 0 0 0
131.0 0 0 -1.7884 0 0 0
131.2 0 0 -1.7294 0 0 0
131.4 0 0 -1.6625 0 0 0
131.6 0 0 -1.9139 0 0 0
131.8 0 0 -2.3068 0 0 0
132.0 0 0 -2.8875 0 0 0
132.2 0 0 -3.1917 0 0 0
132.4 0 0 -3.5267 0 0 0
132.6 0 0 -3.8248 0 0 0
132.8 0 0 -4.3115 0 0 0
133.0 0 0 -4.6395 0 0 0
133.2 0 0 -4.8002 0 0 0
133.4 0 0 -4.9377 0 0 0
133.6 0 0 -5.0905 0 0 0
133.8 0 0 -5.0119 0 0 0
134.0 0 0 -4.6724 0 0 0
134.2 0 0 -4.0072 0 0 0
134.4 0 0 -3.2966 0 0 0
134.6 0 0 -2.899 0 0 0
134.8 0 0 -2.4908 0 0 0
135.0 0 0 -2.202 0 0 0
135.2 0 0 -1.9508 0 0 0
135.4 0 0 -1.8352 0 0 0
135.6 0 0 -1.7422 0 0 0
135.8 0 0 -1.6263 0 0 0
136.0 0 0 -1.6215 0 0 0
136.2 0 0 -1.839 0 0 0
136.4 0 0 -2.2315 0 0 0
136.6 0 0 -2.5496 0 0 0
136.8 0 0 -2.9503 0 0 0
137.0 0 0 -3.3544 0 0 0
137.2 0 0 -3.8814 0 0 0
137.4 0 0 -4.0102 0 0 0
137.6 0 0 -3.8117 0 0 0
137.8 0 0 -3.3233 0 0 0
138.0 0 0 -2.8439 0 0 0
138.2 0 0 -2.433 0 0 0
138.4 0 0 -1.9527 0 0 0
138.6 0 0 -1.6955 0 0 0
138.8 0 0 -1.5594 0 0 0
139.0 0 0 -1.7953 0 0 0
139.2 0 0 -2.1179 0 0 0
139.4 0 0 -2.8226 0 0 0
139.6 0 0 -3.7676 0 0 0
139.8 0 0 -4.8064 0 0 0
140.0 0 0 -5.4755 0 0 0
140.2 0 0 -5.8694 0 0 0
140.4 0 0 -6.1246 0 0 0
140.6 0 0 -6.2613 0 0 0
140.8 0 0 -6.0232 0 0 0
141.0 0 0 -5.1465 0 0 0
141.2 0 0 -4.0978 0 0 0
141.4 0 0 -3.1381 0 0 0
141.6 0 0 -2.4879 0 0 0
141.8 0 0 -1.8733 0 0 0
142.0 0 0 -1.5419 0 0 0
142.2 0 0 -1.3748 0 0 0
142.4 0 0 -1.5669 0 0 0
142.6 0 0 -1.9056 0 0 0
142.8 0 0 -2.6183 0 0 0
143.0 0 0 -3.5289 0 0 0
143.2 0 0 -4.5193 0 0 0
143.4 0 0 -5.2286 0 0 0
143.6 0 0 -5.7042 0 0 0
143.8 0 0 -5.9296 0 0 0
144.0 0 0 -5.9849 0 0 0
144.2 0 0 -5.5587 0 0 0
144.4 0 0 -4.5508 0 0 0
144.6 0 0 -3.32 0 0 0
144.8 0 0 -2.3134 0 0 0
145.0 0 0 -1.7678 0 0 0
145.2 0 0 -1.4387 0 0 0
145.4 0 0 -1.3029 0 0 0
145.6 0 0 -1.3131 0 0 0
145.8 0 0 -1.3843 0 0 0
146.0 0 0 -1.3132 0 0 0
146.2 0 0 -1.2264 0 0 0
146.4 0 0 -1.1969 0 0 0
146.6 0 0 -1.288 0 0 0
146.8 0 0 -1.262 0 0 0
147.0 0 0 -1.3164 0 0 0
147.2 0 0 -1.7153 0 0 0
147.4 0 0 -2.5387 0 0 0
147.6 0 0 -3.4801 0 0 0
147.8 0 0 -4.4681 0 0 0
148.0 0 0 -5.2958 0 0 0
148.2 0 0 -6.0021 0 0 0
148.4 0 0 -6.2643 0 0 0
148.6 0 0 -6.0603 0 0 0
148.8 0 0 -5.3544 0 0 0
149.0 0 0 -4.4046 0 0 0
149.2 0 0 -3.2979 0 0 0
149.4 0 0 -2.4806 0 0 0
149.6 0 0 -1.9584 0 0 0
149.8 0 0 -1.7946 0 0 0
150.0 0 0 -1.6006 0 0 0
150.2 0 0 -1.5679 0 0 0
150.4 0 0 -1.5625 0 0 0
150.6 0 0 -1.877 0 0 0
150.8 0 0 -2.281 0 0 0
151.0 0 0 -3.0233 0 0 0
151.2 0 0 -3.9676 0 0 0
151.4 0 0 -4.9812 0 0 0
151.6 0 0 -5.7521 0 0 0
151.8 0 0 -6.2637 0 0 0
152.0 0 0 -6.5307 0 0 0
152.2 0 0 -6.5946 0 0 0
152.4 0 0 -6.2526 0 0 0
152.6 0 0 -5.3044 0 0 0
152.8 0 0 -4.1413 0 0 0
153.0 0 0 -3.0106 0 0 0
153.2 0 0 -2.3147 0 0 0
153.4 0 0 -1.6813 0 0 0
153.6 0 0 -1.4283 0 0 0
153.8 0 0 -1.3103 0 0 0
154.0 0 0 -1.6053 0 0 0
154.2 0 0 -2.0866 0 0 0
154.4 0 0 -2.8872 0 0 0
154.6 0 0 -3.8041 0 0 0
154.8 0 0 -4.7702 0 0 0
155.0 0 0 -5.4803 0 0 0
155.2 0 0 -5.9033 0 0 0
155.4 0 0 -6.0977 0 0 0
155.6 0 0 -5.9703 0 0 0
155.8 0 0 -5.4872 0 0 0
156.0 0 0 -4.4292 0 0 0
156.2 0 0 -3.3079 0 0 0
156.4 0 0 -2.3587 0 0 0
156.6 0 0 -1.8545 0 0 0
156.8 0 0 -1.4467 0 0 0
157.0 0 0 -1.2876 0 0 0
157.2 0 0 -1.2151 0 0 0
157.4 0 0 -1.3993 0 0 0
157.6 0 0 -1.7109 0 0 0
157.8 0 0 -2.2344 0 0 0
158.0 0 0 -2.9982 0 0 0
158.2 0 0 -3.9068 0 0 0
158.4 0 0 -4.7864 0 0 0
158.6 0 0 -5.2683 0 0 0
158.8 0 0 -5.5476 0 0 0
159.0 0 0 -5.5294 0 0 0
159.2 0 0 -5.207 0 0 0
159.4 0 0 -4.2729 0 0 0
159.6 0 0 -3.2387 0 0 0
159.8 0 0 -2.2517 0 0 0
160.0 0 0 -1.7498 0 0 0
160.2 0 0 -1.4114 0 0 0
160.4 0 0 -1.2808 0 0 0
160.6 0 0 -1.2312 0 0 0
160.8 0 0 -1.2785 0 0 0
161.0 0 0 -1.3454 0 0 0
161.2 0 0 -1.3224 0 0 0
161.4 0 0 -1.3658 0 0 0
161.6 0 0 -1.685 0 0 0
161.8 0 0 -2.3418 0 0 0
162.0 0 0 -2.8288 0 0 0
162.2 0 0 -3.2582 0 0 0
162.4 0 0 -3.5 0 0 0
162.6 0 0 -3.958 0 0 0
162.8 0 0 -4.3904 0 0 0
163.0 0 0 -4.8246 0 0 0
163.2 0 0 -5.2915 0 0 0
163.4 0 0 -5.7243 0 0 0
163.6 0 0 -5.8665 0 0 0
163.8 0 0 -5.3748 0 0 0
164.0 0 0 -4.5374 0 0 0
164.2 0 0 -3.5625 0 0 0
164.4 0 0 -2.8554 0 0 0
164.6 0 0 -2.2665 0 0 0
164.8 0 0 -1.8665 0 0 0
165.0 0 0 -1.6568 0 0 0
165.2 0 0 -1.5978 0 0 0
165.4 0 0 -1.6877 0 0 0
165.6 0 0 -1.6076 0 0 0
165.8 0 0 -1.7296 0 0 0
166.0 0 0 -2.0596 0 0 0
166.2 0 0 -2.7264 0 0 0
166.4 0 0 -3.2153 0 0 0
166.6 0 0 -3.6592 0 0 0
166.8 0 0 -4.0225 0 0 0
167.0 0 0 -4.5313 0 0 0
167.2 0 0 -5.0759 0 0 0
167.4 0 0 -5.4203 0 0 0
167.6 0 0 -5.644 0 0 0
167.8 0 0 -5.5562 0 0 0
168.0 0 0 -5.2561 0 0 0
168.2 0 0 -4.4526 0 0 0
168.4 0 0 -3.5625 0 0 0
168.6 0 0 -2.7153 0 0 0
168.8 0 0 -2.165 0 0 0
169.0 0 0 -1.8087 0 0 0
169.2 0 0 -1.5375 0 0 0
169.4 0 0 -1.5337 0 0 0
169.6 0 0 -1.8486 0 0 0
169.8 0 0 -2.5157 0 0 0
170.0 0 0 -3.2201 0 0 0
170.2 0 0 -4.0199 0 0 0
170.4 0 0 -4.7838 0 0 0
170.6 0 0 -5.5497 0 0 0
170.8 0 0 -5.8766 0 0 0
171.0 0 0 -5.9016 0 0 0
171.2 0 0 -5.4211 0 0 0
171.4 0 0 -4.7405 0 0 0
171.6 0 0 -3.7183 0 0 0
171.8 0 0 -2.8193 0 0 0
172.0 0 0 -2.1757 0 0 0
172.2 0 0 -1.8561 0 0 0
172.4 0 0 -1.7036 0 0 0
172.6 0 0 -1.5775 0 0 0
172.8 0 0 -1.5368 0 0 0
173.0 0 0 -1.5415 0 0 0
173.2 0 0 -1.6749 0 0 0
173.4 0 0 -1.6643 0 0 0
173.6 0 0 -1.755 0 0 0
173.8 0 0 -1.9348 0 0 0
174.0 0 0 -2.3882 0 0 0
174.2 0 0 -2.7519 0 0 0
174.4 0 0 -3.1071 0 0 0
174.6 0 0 -3.4426 0 0 0
174.8 0 0 -3.9898 0 0 0
175.0 0 0 -4.4618 0 0 0
175.2 0 0 -4.7089 0 0 0
175.4 0 0 -4.9246 0 0 0
175.6 0 0 -5.1481 0 0 0
175.8 0 0 -5.2852 0 0 0
176.0 0 0 -4.8832 0 0 0
176.2 0 0 -4.1927 0 0 0
176.4 0 0 -3.4617 0 0 0
176.6 0 0 -2.996 0 0 0
176.8 0 0 -2.5791 0 0 0
177.0 0 0 -2.2495 0 0 0
177.2 0 0 -1.9615 0 0 0
177.4 0 0 -1.7936 0 0 0
177.6 0 0 -1.7793 0 0 0
177.8 0 0 -1.7009 0 0 0
178.0 0 0 -1.7297 0 0 0
178.2 0 0 -1.7122 0 0 0
178.4 0 0 -1.8001 0 0 0
178.6 0 0 -1.7274 0 0 0
178.8 0 0 -1.6768 0 0 0
179.0 0 0 -1.7256 0 0 0
179.2 0 0 -2.0817 0 0 0
179.4 0 0 -2.5401 0 0 0
179.6 0 0 -2.9782 0 0 0
179.8 0 0 -3.5211 0 0 0
180.0 0 0 -4.1608 0 0 0
180.2 0 0 -4.9068 0 0 0
180.4 0 0 -5.3289 0 0 0
180.6 0 0 -5.5923 0 0 0
180.8 0 0 -5.5476 0 0 0
181.0 0 0 -5.3314 0 0 0
181.2 0 0 -4.579 0 0 0
181.4 0 0 -3.6744 0 0 0
181.6 0 0 -2.7668 0 0 0
181.8 0 0 -2.1536 0 0 0
182.0 0 0 -1.8592 0 0 0
182.2 0 0 -1.5981 0 0 0
182.4 0 0 -1.5199 0 0 0
182.6 0 0 -1.5511 0 0 0
182.8 0 0 -1.9502 0 0 0
183.0 0 0 -2.5314 0 0 0
183.2 0 0 -3.4422 0 0 0
183.4 0 0 -4.4005 0 0 0
183.6 0 0 -5.3278 0 0 0
183.8 0 0 -5.8554 0 0 0
184.0 0 0 -6.1282 0 0 0
184.2 0 0 -6.1462 0 0 0
184.4 0 0 -5.8427 0 0 0
184.6 0 0 -4.938 0 0 0
184.8 0 0 -3.6312 0 0 0
185.0 0 0 -2.4571 0 0 0
185.2 0 0 -1.7248 0 0 0
185.4 0 0 -1.4696 0 0 0
185.6 0 0 -1.3301 0 0 0
185.8 0 0 -1.3755 0 0 0
186.0 0 0 -1.5291 0 0 0
186.2 0 0 -2.0179 0 0 0
186.4 0 0 -2.558 0 0 0
186.6 0 0 -3.3754 0 0 0
186.8 0 0 -4.27 0 0 0
187.0 0 0 -5.2229 0 0 0
187.2 0 0 -5.8729 0 0 0
187.4 0 0 -6.2415 0 0 0
187.6 0 0 -6.1945 0 0 0
187.8 0 0 -5.9257 0 0 0
188.0 0 0 -5.1176 0 0 0
188.2 0 0 -4.0054 0 0 0
188.4 0 0 -2.8832 0 0 0
188.6 0 0 -2.1893 0 0 0
188.8 0 0 -1.8364 0 0 0
189.0 0 0 -1.6026 0 0 0
189.2 0 0 -1.5732 0 0 0
189.4 0 0 -1.8278 0 0 0
189.6 0 0 -2.4522 0 0 0
189.8 0 0 -3.0942 0 0 0
190.0 0 0 -3.8555 0 0 0
190.2 0 0 -4.5949 0 0 0
190.4 0 0 -5.4257 0 0 0
190.6 0 0 -5.8537 0 0 0
190.8 0 0 -6.0349 0 0 0
191.0 0 0 -5.7498 0 0 0
191.2 0 0 -5.1619 0 0 0
191.4 0 0 -4.2483 0 0 0
191.6 0 0 -3.1546 0 0 0
191.8 0 0 -2.2611 0 0 0
192.0 0 0 -1.7578 0 0 0
192.2 0 0 -1.6242 0 0 0
192.4 0 0 -1.5348 0 0 0
192.6 0 0 -1.5527 0 0 0
192.8 0 0 -1.5378 0 0 0
193.0 0 0 -1.6379 0 0 0
193.2 0 0 -1.6441 0 0 0
193.4 0 0 -1.8989 0 0 0
193.6 0 0 -2.3567 0 0 0
193.8 0 0 -3.0219 0 0 0
194.0 0 0 -3.5259 0 0 0
194.2 0 0 -3.8935 0 0 0
194.4 0 0 -4.2608 0 0 0
194.6 0 0 -4.7006 0 0 0
194.8 0 0 -5.2121 0 0 0
195.0 0 0 -5.1469 0 0 0
195.2 0 0 -4.7501 0 0 0
195.4 0 0 -3.9468 0 0 0
195.6 0 0 -3.2949 0 0 0
195.8 0 0 -2.6507 0 0 0
196.0 0 0 -2.1334 0 0 0
196.2 0 0 -1.794 0 0 0
196.4 0 0 -1.5998 0 0 0
196.6 0 0 -1.6071 0 0 0
196.8 0 0 -1.5279 0 0 0
197.0 0 0 -1.5192 0 0 0
197.2 0 0 -1.4715 0 0 0
197.4 0 0 -1.61 0 0 0
197.6 0 0 -1.71 0 0 0
197.8 0 0 -2.0647 0 0 0
198.0 0 0 -2.531 0 0 0
198.2 0 0 -3.1427 0 0 0
198.4 0 0 -3.6153 0 0 0
198.6 0 0 -3.9843 0 0 0
198.8 0 0 -4.3114 0 0 0
199.0 0 0 -4.7333 0 0 0
199.2 0 0 -5.0859 0 0 0
199.4 0 0 -4.9812 0 0 0
199.6 0 0 -4.5727 0 0 0
199.8 0 0 -3.8993 0 0 0
200.0 0 0 -3.3471 0 0 0
200.2 0 0 -2.6816 0 0 0
200.4 0 0 -2.1737 0 0 0
200.6 0 0 -1.861 0 0 0
200.8 0 0 -1.78 0 0 0
201.0 0 0 -1.8046 0 0 0
201.2 0 0 -1.7708 0 0 0
201.4 0 0 -1.7687 0 0 0
201.6 0 0 -1.739 0 0 0
201.8 0 0 -1.9235 0 0 0
202.0 0 0 -2.0699 0 0 0
202.2 0 0 -2.4964 0 0 0
202.4 0 0 -3.0203 0 0 0
202.6 0 0 -3.7528 0 0 0
202.8 0 0 -4.3047 0 0 0
203.0 0 0 -4.7744 0 0 0
203.2 0 0 -5.1186 0 0 0
203.4 0 0 -5.4266 0 0 0
203.6 0 0 -5.3217 0 0 0
203.8 0 0 -4.7406 0 0 0
204.0 0 0 -3.9457 0 0 0
204.2 0 0 -3.1723 0 0 0
204.4 0 0 -2.7148 0 0 0
204.6 0 0 -2.2364 0 0 0
204.8 0 0 -1.9635 0 0 0
205.0 0 0 -1.7416 0 0 0
205.2 0 0 -1.6961 0 0 0
205.4 0 0 -1.6443 0 0 0
205.6 0 0 -1.6405 0 0 0
205.8 0 0 -1.7078 0 0 0
206.0 0 0 -1.9135 0 0 0
206.2 0 0 -2.3135 0 0 0
206.4 0 0 -2.7033 0 0 0
206.6 0 0 -3.2833 0 0 0
206.8 0 0 -3.9028 0 0 0
207.0 0 0 -4.6565 0 0 0
207.2 0 0 -5.1014 0 0 0
207.4 0 0 -5.4639 0 0 0
207.6 0 0 -5.6094 0 0 0
207.8 0 0 -5.6515 0 0 0
208.0 0 0 -5.2293 0 0 0
208.2 0 0 -4.4211 0 0 0
208.4 0 0 -3.5328 0 0 0
208.6 0 0 -2.8386 0 0 0
208.8 0 0 -2.4793 0 0 0
209.0 0 0 -2.1075 0 0 0
209.2 0 0 -1.9619 0 0 0
209.4 0 0 -1.8467 0 0 0
209.6 0 0 -1.8807 0 0 0
209.8 0 0 -1.8124 0 0 0
210.0 0 0 -1.7955 0 0 0
210.2 0 0 -1.9229 0 0 0
210.4 0 0 -2.2102 0 0 0
210.6 0 0 -2.5159 0 0 0
210.8 0 0 -2.7294 0 0 0
211.0 0 0 -2.9451 0 0 0
211.2 0 0 -3.2534 0 0 0
211.4 0 0 -3.5655 0 0 0
211.6 0 0 -3.7293 0 0 0
211.8 0 0 -3.9325 0 0 0
212.0 0 0 -4.0895 0 0 0
212.2 0 0 -4.1876 0 0 0
212.4 0 0 -3.9097 0 0 0
212.6 0 0 -3.5408 0 0 0
212.8 0 0 -3.1154 0 0 0
213.0 0 0 -2.8682 0 0 0
213.2 0 0 -2.6423 0 0 0
213.4 0 0 -2.3953 0 0 0
213.6 0 0 -2.1974 0 0 0
213.8 0 0 -2.0574 0 0 0
214.0 0 0 -2.0522 0 0 0
214.2 0 0 -1.9733 0 0 0
214.4 0 0 -2.0145 0 0 0
214.6 0 0 -2.2421 0 0 0
214.8 0 0 -2.7525 0 0 0
215.0 0 0 -3.2268 0 0 0
215.2 0 0 -3.7159 0 0 0
215.4 0 0 -4.1882 0 0 0
215.6 0 0 -4.7947 0 0 0
215.8 0 0 -5.2556 0 0 0
216.0 0 0 -5.4013 0 0 0
216.2 0 0 -5.1852 0 0 0
216.4 0 0 -4.75 0 0 0
216.6 0 0 -4.2414 0 0 0
216.8 0 0 -3.6122 0 0 0
217.0 0 0 -3.1279 0 0 0
217.2 0 0 -2.7031 0 0 0
217.4 0 0 -2.4973 0 0 0
217.6 0 0 -2.3729 0 0 0
217.8 0 0 -2.2281 0 0 0
218.0 0 0 -2.1338 0 0 0
218.2 0 0 -2.0689 0 0 0
218.4 0 0 -2.0964 0 0 0
218.6 0 0 -2.0422 0 0 0
218.8 0 0 -2.1799 0 0 0
219.0 0 0 -2.4219 0 0 0
219.2 0 0 -2.8509 0 0 0
219.4 0 0 -3.0898 0 0 0
219.6 0 0 -3.3337 0 0 0
219.8 0 0 -3.5795 0 0 0
220.0 0 0 -3.9517 0 0 0
220.2 0 0 -4.267 0 0 0
220.4 0 0 -4.3479 0 0 0
220.6 0 0 -4.2836 0 0 0
220.8 0 0 -4.0454 0 0 0
221.0 0 0 -3.826 0 0 0
221.2 0 0 -3.3605 0 0 0
221.4 0 0 -2.9651 0 0 0
221.6 0 0 -2.5776 0 0 0
221.8 0 0 -2.3638 0 0 0
222.0 0 0 -2.2421 0 0 0
222.2 0 0 -2.0849 0 0 0
222.4 0 0 -2.0318 0 0 0
222.6 0 0 -1.9544 0 0 0
222.8 0 0 -2.0395 0 0 0
223.0 0 0 -2.0362 0 0 0
223.2 0 0 -2.228 0 0 0
223.4 0 0 -2.4825 0 0 0
223.6 0 0 -2.9414 0 0 0
223.8 0 0 -3.1786 0 0 0
224.0 0 0 -3.3774 0 0 0
224.2 0 0 -3.5477 0 0 0
224.4 0 0 -3.8886 0 0 0
224.6 0 0 -4.18 0 0 0
224.8 0 0 -4.0871 0 0 0
225.0 0 0 -3.7198 0 0 0
225.2 0 0 -3.157 0 0 0
225.4 0 0 -2.8026 0 0 0
225.6 0 0 -2.3708 0 0 0
225.8 0 0 -2.1302 0 0 0
226.0 0 0 -1.9397 0 0 0
226.2 0 0 -1.9529 0 0 0
226.4 0 0 -1.9576 0 0 0
226.6 0 0 -1.9226 0 0 0
226.8 0 0 -2.0102 0 0 0
227.0 0 0 -2.2302 0 0 0
227.2 0 0 -2.618 0 0 0
227.4 0 0 -2.8758 0 0 0
227.6 0 0 -3.1941 0 0 0
227.8 0 0 -3.6011 0 0 0
228.0 0 0 -4.1859 0 0 0
228.2 0 0 -4.5353 0 0 0
228.4 0 0 -4.9021 0 0 0
228.6 0 0 -5.1482 0 0 0
228.8 0 0 -5.3821 0 0 0
229.0 0 0 -5.2096 0 0 0
229.2 0 0 -4.6824 0 0 0
229.4 0 0 -3.9681 0 0 0
229.6 0 0 -3.3926 0 0 0
229.8 0 0 -2.9745 0 0 0
230.0 0 0 -2.5846 0 0 0
230.2 0 0 -2.322 0 0 0
230.4 0 0 -2.1396 0 0 0
230.6 0 0 -2.1319 0 0 0
230.8 0 0 -2.0335 0 0 0
231.0 0 0 -2.0621 0 0 0
231.2 0 0 -2.2262 0 0 0
231.4 0 0 -2.5938 0 0 0
231.6 0 0 -2.8082 0 0 0
231.8 0 0 -3.0665 0 0 0
232.0 0 0 -3.3194 0 0 0
232.2 0 0 -3.8063 0 0 0
232.4 0 0 -4.1406 0 0 0
232.6 0 0 -4.3938 0 0 0
232.8 0 0 -4.6306 0 0 0
233.0 0 0 -5.0175 0 0 0
233.2 0 0 -5.3585 0 0 0
233.4 0 0 -5.3439 0 0 0
233.6 0 0 -5.0258 0 0 0
233.8 0 0 -4.5098 0 0 0
234.0 0 0 -4.021 0 0 0
234.2 0 0 -3.413 0 0 0
234.4 0 0 -2.9768 0 0 0
234.6 0 0 -2.6243 0 0 0
234.8 0 0 -2.4953 0 0 0
235.0 0 0 -2.3269 0 0 0
235.2 0 0 -2.2461 0 0 0
235.4 0 0 -2.1722 0 0 0
235.6 0 0 -2.1781 0 0 0
235.8 0 0 -2.1804 0 0 0
236.0 0 0 -2.2495 0 0 0
236.2 0 0 -2.5089 0 0 0
236.4 0 0 -2.9228 0 0 0
236.6 0 0 -3.3918 0 0 0
236.8 0 0 -3.6855 0 0 0
237.0 0 0 -4.0181 0 0 0
237.2 0 0 -4.4368 0 0 0
237.4 0 0 -4.9823 0 0 0
237.6 0 0 -5.2143 0 0 0
237.8 0 0 -5.3603 0 0 0
238.0 0 0 -5.2724 0 0 0
238.2 0 0 -5.0894 0 0 0
238.4 0 0 -4.6599 0 0 0
238.6 0 0 -4.0084 0 0 0
238.8 0 0 -3.5007 0 0 0
239.0 0 0 -3.1085 0 0 0
239.2 0 0 -2.943 0 0 0
239.4 0 0 -2.6414 0 0 0
239.6 0 0 -2.4644 0 0 0
239.8 0 0 -2.2323 0 0 0
240.0 0 0 -2.2298 0 0 0
240.2 0 0 -2.1097 0 0 0
240.4 0 0 -2.1063 0 0 0
240.6 0 0 -2.2046 0 0 0
240.8 0 0 -2.5042 0 0 0
241.0 0 0 -2.7794 0 0 0
241.2 0 0 -2.9881 0 0 0
241.4 0 0 -3.1837 0 0 0
241.6 0 0 -3.4248 0 0 0
241.8 0 0 -3.6727 0 0 0
242.0 0 0 -3.6824 0 0 0
242.2 0 0 -3.7794 0 0 0
242.4 0 0 -3.9501 0 0 0
242.6 0 0 -4.3137 0 0 0
242.8 0 0 -4.3479 0 0 0
243.0 0 0 -4.141 0 0 0
243.2 0 0 -3.7183 0 0 0
243.4 0 0 -3.3396 0 0 0
243.6 0 0 -3.0937 0 0 0
243.8 0 0 -2.8628 0 0 0
244.0 0 0 -2.7404 0 0 0
244.2 0 0 -2.6239 0 0 0
244.4 0 0 -2.5857 0 0 0
244.6 0 0 -2.3784 0 0 0
244.8 0 0 -2.2912 0 0 0
245.0 0 0 -2.3527 0 0 0
245.2 0 0 -2.6459 0 0 0
245.4 0 0 -2.8466 0 0 0
245.6 0 0 -3.0365 0 0 0
245.8 0 0 -3.1382 0 0 0
246.0 0 0 -3.4201 0 0 0
246.2 0 0 -3.8269 0 0 0
246.4 0 0 -4.2893 0 0 0
246.6 0 0 -4.8304 0 0 0
246.8 0 0 -5.3261 0 0 0
247.0 0 0 -5.7972 0 0 0
247.2 0 0 -5.9258 0 0 0
247.4 0 0 -5.7999 0 0 0
247.6 0 0 -5.2912 0 0 0
247.8 0 0 -4.6562 0 0 0
248.0 0 0 -3.8248 0 0 0
248.2 0 0 -3.1196 0 0 0
248.4 0 0 -2.5065 0 0 0
248.6 0 0 -2.2078 0 0 0
248.8 0 0 -1.9826 0 0 0
249.0 0 0 -1.8359 0 0 0
249.2 0 0 -1.8055 0 0 0
249.4 0 0 -1.9186 0 0 0
249.6 0 0 -2.3348 0 0 0
249.8 0 0 -2.8617 0 0 0
250.0 0 0 -3.6971 0 0 0
250.2 0 0 -4.6217 0 0 0
250.4 0 0 -5.5651 0 0 0
250.6 0 0 -6.0557 0 0 0
250.8 0 0 -6.3958 0 0 0
251.0 0 0 -6.5141 0 0 0
251.2 0 0 -6.4818 0 0 0
251.4 0 0 -5.9368 0 0 0
251.6 0 0 -5.0037 0 0 0
251.8 0 0 -3.9662 0 0 0
252.0 0 0 -3.2457 0 0 0
252.2 0 0 -2.6737 0 0 0
252.4 0 0 -2.2501 0 0 0
252.6 0 0 -2.0243 0 0 0
252.8 0 0 -1.9424 0 0 0
253.0 0 0 -2.08 0 0 0
253.2 0 0 -2.2833 0 0 0
253.4 0 0 -2.8371 0 0 0
253.6 0 0 -3.6717 0 0 0
253.8 0 0 -4.7106 0 0 0
254.0 0 0 -5.4231 0 0 0
254.2 0 0 -5.9594 0 0 0
254.4 0 0 -6.2751 0 0 0
254.6 0 0 -6.5083 0 0 0
254.8 0 0 -6.2911 0 0 0
255.0 0 0 -5.4385 0 0 0
255.2 0 0 -4.3293 0 0 0
255.4 0 0 -3.2295 0 0 0
255.6 0 0 -2.535 0 0 0
255.8 0 0 -1.963 0 0 0
256.0 0 0 -1.6912 0 0 0
256.2 0 0 -1.5493 0 0 0
256.4 0 0 -1.6395 0 0 0
256.6 0 0 -1.7022 0 0 0
256.8 0 0 -2.0368 0 0 0
257.0 0 0 -2.66 0 0 0
257.2 0 0 -3.6921 0 0 0
257.4 0 0 -4.687 0 0 0
257.6 0 0 -5.3305 0 0 0
257.8 0 0 -5.86 0 0 0
258.0 0 0 -6.2091 0 0 0
258.2 0 0 -6.3683 0 0 0
258.4 0 0 -5.8508 0 0 0
258.6 0 0 -4.896 0 0 0
258.8 0 0 -3.713 0 0 0
259.0 0 0 -2.8368 0 0 0
259.2 0 0 -2.1407 0 0 0
259.4 0 0 -1.7479 0 0 0
259.6 0 0 -1.5886 0 0 0
259.8 0 0 -1.6437 0 0 0
260.0 0 0 -1.9599 0 0 0
260.2 0 0 -2.396 0 0 0
260.4 0 0 -3.1292 0 0 0
260.6 0 0 -3.9436 0 0 0
260.8 0 0 -4.7754 0 0 0
261.0 0 0 -5.2333 0 0 0
261.2 0 0 -5.5866 0 0 0
261.4 0 0 -5.7772 0 0 0
261.6 0 0 -6.0797 0 0 0
261.8 0 0 -5.9585 0 0 0
262.0 0 0 -5.4114 0 0 0
262.2 0 0 -4.4473 0 0 0
262.4 0 0 -3.3758 0 0 0
262.6 0 0 -2.6206 0 0 0
262.8 0 0 -2.021 0 0 0
263.0 0 0 -1.7865 0 0 0
263.2 0 0 -1.7174 0 0 0
263.4 0 0 -1.8629 0 0 0
263.6 0 0 -2.1632 0 0 0
263.8 0 0 -2.8681 0 0 0
264.0 0 0 -3.8544 0 0 0
264.2 0 0 -4.9698 0 0 0
264.4 0 0 -5.6797 0 0 0
264.6 0 0 -6.1662 0 0 0
264.8 0 0 -6.4063 0 0 0
265.0 0 0 -6.4742 0 0 0
265.2 0 0 -5.9605 0 0 0
265.4 0 0 -4.9649 0 0 0
265.6 0 0 -3.6916 0 0 0
265.8 0 0 -2.6865 0 0 0
266.0 0 0 -2.1131 0 0 0
266.2 0 0 -1.7959 0 0 0
266.4 0 0 -1.722 0 0 0
266.6 0 0 -1.6894 0 0 0
266.8 0 0 -1.9168 0 0 0
267.0 0 0 -2.2556 0 0 0
267.2 0 0 -2.9652 0 0 0
267.4 0 0 -3.8454 0 0 0
267.6 0 0 -4.793 0 0 0
267.8 0 0 -5.4224 0 0 0
268.0 0 0 -5.6631 0 0 0
268.2 0 0 -5.3887 0 0 0
268.4 0 0 -4.7187 0 0 0
268.6 0 0 -3.697 0 0 0
268.8 0 0 -2.6695 0 0 0
269.0 0 0 -1.9987 0 0 0
269.2 0 0 -1.7982 0 0 0
269.4 0 0 -1.8424 0 0 0
269.6 0 0 -1.7895 0 0 0
269.8 0 0 -1.8617 0 0 0
270.0 0 0 -2.1893 0 0 0
270.2 0 0 -2.8807 0 0 0
270.4 0 0 -3.5177 0 0 0
270.6 0 0 -4.1707 0 0 0
270.8 0 0 -4.7107 0 0 0
271.0 0 0 -5.3967 0 0 0
271.2 0 0 -5.8449 0 0 0
271.4 0 0 -6.4325 0 0 0
271.6 0 0 -7.3137 0 0 0
271.8 0 0 -8.3755 0 0 0
272.0 0 0 -8.7666 0 0 0
272.2 0 0 -8.247 0 0 0
272.4 0 0 -7.1479 0 0 0
272.6 0 0 -6.2105 0 0 0
272.8 0 0 -5.4819 0 0 0
273.0 0 0 -4.6537 0 0 0
273.2 0 0 -3.9079 0 0 0
273.4 0 0 -3.1751 0 0 0
273.6 0 0 -2.7885 0 0 0
273.8 0 0 -2.485 0 0 0
274.0 0 0 -2.3285 0 0 0
274.2 0 0 -2.2428 0 0 0
274.4 0 0 -2.2674 0 0 0
274.6 0 0 -2.2326 0 0 0
274.8 0 0 -2.1252 0 0 0
275.0 0 0 -2.0193 0 0 0
275.2 0 0 -2.1169 0 0 0
275.4 0 0 -2.4909 0 0 0
275.6 0 0 -2.9975 0 0 0
275.8 0 0 -3.6225 0 0 0
276.0 0 0 -4.3166 0 0 0
276.2 0 0 -5.0435 0 0 0
276.4 0 0 -5.4431 0 0 0
276.6 0 0 -5.562 0 0 0
276.8 0 0 -5.2266 0 0 0
277.0 0 0 -4.683 0 0 0
277.2 0 0 -3.7966 0 0 0
277.4 0 0 -2.8671 0 0 0
277.6 0 0 -2.212 0 0 0
277.8 0 0 -1.8526 0 0 0
278.0 0 0 -1.823 0 0 0
278.2 0 0 -1.7036 0 0 0
278.4 0 0 -1.679 0 0 0
278.6 0 0 -1.5739 0 0 0
278.8 0 0 -1.6464 0 0 0
279.0 0 0 -1.5837 0 0 0
279.2 0 0 -1.6396 0 0 0
279.4 0 0 -1.8374 0 0 0
279.6 0 0 -2.3395 0 0 0
279.8 0 0 -2.9557 0 0 0
280.0 0 0 -3.3737 0 0 0
280.2 0 0 -3.788 0 0 0
280.4 0 0 -4.1581 0 0 0
280.6 0 0 -4.6832 0 0 0
280.8 0 0 -4.8435 0 0 0
281.0 0 0 -4.685 0 0 0
281.2 0 0 -4.1662 0 0 0
281.4 0 0 -3.5833 0 0 0
281.6 0 0 -3.0349 0 0 0
281.8 0 0 -2.454 0 0 0
282.0 0 0 -2.0893 0 0 0
282.2 0 0 -1.8088 0 0 0
282.4 0 0 -1.7313 0 0 0
282.6 0 0 -1.517 0 0 0
282.8 0 0 -1.4083 0 0 0
283.0 0 0 -1.3459 0 0 0
283.2 0 0 -1.3847 0 0 0
283.4 0 0 -1.4552 0 0 0
283.6 0 0 -1.3943 0 0 0
283.8 0 0 -1.4687 0 0 0
284.0 0 0 -1.5922 0 0 0
284.2 0 0 -1.9298 0 0 0
284.4 0 0 -2.1265 0 0 0
284.6 0 0 -2.3491 0 0 0
284.8 0 0 -2.5768 0 0 0
285.0 0 0 -3.0738 0 0 0
285.2 0 0 -3.5523 0 0 0
285.4 0 0 -3.9218 0 0 0
285.6 0 0 -4.1713 0 0 0
285.8 0 0 -4.2709 0 0 0
286.0 0 0 -4.1738 0 0 0
286.2 0 0 -3.6592 0 0 0
286.4 0 0 -3.0884 0 0 0
286.6 0 0 -2.5088 0 0 0
286.8 0 0 -2.1043 0 0 0
287.0 0 0 -1.8012 0 0 0
287.2 0 0 -1.5121 0 0 0
287.4 0 0 -1.3715 0 0 0
287.6 0 0 -1.3078 0 0 0
287.8 0 0 -1.3625 0 0 0
288.0 0 0 -1.3055 0 0 0
288.2 0 0 -1.4708 0 0 0
288.4 0 0 -1.7817 0 0 0
288.6 0 0 -2.2729 0 0 0
288.8 0 0 -2.5812 0 0 0
289.0 0 0 -2.8501 0 0 0
289.2 0 0 -3.1093 0 0 0
289.4 0 0 -3.4797 0 0 0
289.6 0 0 -3.7793 0 0 0
289.8 0 0 -3.8353 0 0 0
290.0 0 0 -3.6997 0 0 0
290.2 0 0 -3.3924 0 0 0
290.4 0 0 -3.1766 0 0 0
290.6 0 0 -2.7421 0 0 0
290.8 0 0 -2.4024 0 0 0
291.0 0 0 -2.0566 0 0 0
291.2 0 0 -1.9035 0 0 0
291.4 0 0 -1.7986 0 0 0
291.6 0 0 -1.6355 0 0 0
291.8 0 0 -1.5834 0 0 0
292.0 0 0 -1.5289 0 0 0
292.2 0 0 -1.6324 0 0 0
292.4 0 0 -1.5835 0 0 0
292.6 0 0 -1.6885 0 0 0
292.8 0 0 -1.8127 0 0 0
293.0 0 0 -2.1151 0 0 0
293.2 0 0 -2.2647 0 0 0
293.4 0 0 -2.3569 0 0 0
293.6 0 0 -2.42 0 0 0
293.8 0 0 -2.5959 0 0 0
294.0 0 0 -2.792 0 0 0
294.2 0 0 -2.8134 0 0 0
294.4 0 0 -2.8468 0 0 0
294.6 0 0 -2.7786 0 0 0
294.8 0 0 -2.7815 0 0 0
295.0 0 0 -2.5123 0 0 0
295.2 0 0 -2.2324 0 0 0
295.4 0 0 -1.973 0 0 0
295.6 0 0 -1.8589 0 0 0
295.8 0 0 -1.7984 0 0 0
296.0 0 0 -1.679 0 0 0
296.2 0 0 -1.632 0 0 0
296.4 0 0 -1.7247 0 0 0
296.6 0 0 -2.1101 0 0 0
296.8 0 0 -2.5352 0 0 0
297.0 0 0 -3.1061 0 0 0
297.2 0 0 -3.6783 0 0 0
297.4 0 0 -4.397 0 0 0
297.6 0 0 -4.8905 0 0 0
297.8 0 0 -5.1178 0 0 0
298.0 0 0 -4.9467 0 0 0
298.2 0 0 -4.4763 0 0 0
298.4 0 0 -3.8947 0 0 0
298.6 0 0 -3.1221 0 0 0
298.8 0 0 -2.5329 0 0 0
299.0 0 0 -2.142 0 0 0
299.2 0 0 -2.0083 0 0 0
299.4 0 0 -1.885 0 0 0
299.6 0 0 -1.7168 0 0 0
299.8 0 0 -1.6213 0 0 0
