0,0
0.2,-0.061
0.4,-0.1219
0.6,0.0167
0.8,0.5997
1,1.4224
1.2,2.3984
1.4,3.3751
1.6,4.3446
1.8,5.2965
2,5.9687
2.2,6.0827
2.4,5.9554
2.6,5.5361
2.8,4.8545
3,4.0713
3.2,3.2061
3.4,2.6623
3.6,2.2523
3.8,1.8244
4,1.6044
4.2,1.484
4.4,1.4218
4.6,1.2362
4.8,0.9817
5,1.1942
5.2,1.7342
5.4,2.1587
5.6,2.7247
5.8,3.4401
6,4.0626
6.2,4.7495
6.4,5.381
6.6,6.0785
6.8,6.7
7,7.1294
7.2,7.5001
7.4,7.8576
7.6,7.8861
7.8,7.6705
8,7.3418
8.2,6.8349
8.4,6.1885
8.6,5.4799
8.8,4.9634
9,4.2895
9.2,3.6911
9.4,2.8972
9.6,2.3886
9.8,2.1092
10,1.8485
10.2,1.5528
10.4,1.4727
10.6,1.5228
10.8,1.5727
11,1.9816
11.2,2.7551
11.4,3.6731
11.6,4.493
11.8,5.2296
12,5.7656
12.2,5.7916
12.4,5.2472
12.6,4.079
12.8,3.3342
13,2.8146
13.2,2.3295
13.4,1.9695
13.6,1.6747
13.8,1.4416
14,1.2769
14.2,1.053
14.4,0.7642
14.6,0.6663
14.8,0.5392
15,0.3709
15.2,0.2273
15.4,0.1205
15.6,0.0056
15.8,-0.1138
16,-0.0905
16.2,0.026
16.4,0.5942
16.6,1.1912
16.8,1.8119
17,2.5242
17.2,3.2863
17.4,3.9154
17.6,4.2143
17.8,5.0475
18,6.0352
18.2,6.3815
18.4,6.5563
18.6,6.6594
18.8,6.503
19,6.1577
19.2,5.651
19.4,5.2033
19.6,4.7105
19.8,4.1342
20,3.7116
20.2,3.2373
20.4,2.7036
20.6,2.1733
20.8,1.9085
21,1.781
21.2,1.6386
21.4,1.6674
21.6,1.6914
21.8,1.708
22,1.7089
22.2,1.7064
22.4,1.5764
22.6,1.4194
22.8,1.2567
23,1.1529
23.2,1.3147
23.4,1.8218
23.6,2.7418
23.8,3.6532
24,4.4165
24.2,5.1518
24.4,5.905
24.6,6.5984
24.8,7.2364
25,7.7254
25.2,7.9569
25.4,7.9929
25.6,7.9872
25.8,7.9815
26,7.7294
26.2,7.4076
26.4,7.0878
26.6,6.7297
26.8,6.2087
27,5.621
27.2,5.0576
27.4,4.4909
27.6,3.7906
27.8,3.1817
28,2.8091
28.2,2.3381
28.4,1.966
28.6,1.6914
28.8,1.5234
29,1.4497
29.2,1.4516
29.4,1.4536
29.6,1.4555
29.8,1.4575
30,1.4594
30.2,1.4613
30.4,1.4633
30.6,1.4652
30.8,1.4672
31,1.4691
31.2,1.471
31.4,1.473
31.6,1.4749
31.8,1.4768
32,1.4788
32.2,1.4807
32.4,1.4827
32.6,1.4846
32.8,1.4865
33,1.4885
33.2,1.4904
33.4,1.4924
33.6,1.4943
33.8,1.4962
34,1.4982
34.2,1.5001
34.4,1.5021
34.6,1.504
34.8,1.5059
35,1.5079
35.2,1.5098
35.4,1.5118
35.6,1.5137
35.8,1.5156
36,1.5176
36.2,1.5195
36.4,1.5215
36.6,1.5234
36.8,1.5253
37,1.5273
37.2,1.5292
37.4,1.5311
37.6,1.5331
37.8,1.535
38,1.537
38.2,1.5389
38.4,1.5408
38.6,1.5428
38.8,1.5447
39,1.5467
39.2,1.5486
39.4,1.5505
39.6,1.5525
39.8,1.5544
40,1.5564
40.2,1.5583
40.4,1.5602
40.6,1.5622
40.8,1.5641
41,1.5661
41.2,1.568
41.4,1.5699
41.6,1.5719
41.8,1.5738
42,1.5758
42.2,1.5777
42.4,1.5796
42.6,1.5816
42.8,1.5835
43,1.5854
43.2,1.5874
43.4,1.5893
43.6,1.5913
43.8,1.5932
44,1.5951
44.2,1.5971
44.4,1.599
44.6,1.601
44.8,1.6029
45,1.6048
45.2,1.6068
45.4,1.6087
45.6,1.6107
45.8,1.6126
46,1.6145
46.2,1.6165
46.4,1.6184
46.6,1.6204
46.8,1.6223
47,1.6242
47.2,1.6262
47.4,1.6281
47.6,1.6301
47.8,1.632
48,1.6339
48.2,1.6359
48.4,1.6378
48.6,1.6397
48.8,1.6417
49,1.6436
49.2,1.6456
49.4,1.6475
49.6,1.6494
49.8,1.6514
50,1.6533
50.2,1.6553
50.4,1.6572
50.6,1.6591
50.8,1.6611
51,1.663
51.2,1.665
51.4,1.6669
51.6,1.6688
51.8,1.6708
52,1.6727
52.2,1.6747
52.4,1.6766
52.6,1.6785
52.8,1.6805
53,1.6824
53.2,1.6844
53.4,1.6863
53.6,1.6882
53.8,1.6902
54,1.6921
54.2,1.694
54.4,1.696
54.6,1.6979
54.8,1.6999
55,1.7018
55.2,1.7037
55.4,1.7057
55.6,1.7076
55.8,1.7096
56,1.7115
56.2,1.7134
56.4,1.7154
56.6,1.7173
56.8,1.7193
57,1.7212
57.2,1.7231
57.4,1.7251
57.6,1.727
57.8,1.729
58,1.7309
58.2,1.7328
58.4,1.7348
58.6,1.7367
58.8,1.7386
59,1.7406
59.2,1.7425
59.4,1.7445
59.6,1.7464
59.8,1.7483
60,1.7503
60.2,1.7522
60.4,1.7542
60.6,1.7561
60.8,1.758
61,1.76
61.2,1.7619
61.4,1.7639
61.6,1.7658
61.8,1.7677
62,1.7697
62.2,1.7716
62.4,1.7736
62.6,1.7755
62.8,1.7774
63,1.7794
63.2,1.7813
63.4,1.7833
63.6,1.7852
63.8,1.7871
64,1.7891
64.2,1.791
64.4,1.7929
64.6,1.7949
64.8,1.7968
65,1.7988
65.2,1.8007
65.4,1.8026
65.6,1.8046
65.8,1.8065
66,1.8085
66.2,1.8104
66.4,1.8123
66.6,1.8143
66.8,1.8162
67,1.8182
67.2,1.8201
67.4,1.822
67.6,1.824
67.8,1.8259
68,1.8279
68.2,1.8298
68.4,1.8317
68.6,1.8337
68.8,1.8356
69,1.8376
69.2,1.8395
69.4,1.8414
69.6,1.8434
69.8,1.8453
70,1.8472
70.2,1.8492
70.4,1.8511
70.6,1.8531
70.8,1.855
71,1.8569
71.2,1.8589
71.4,1.8608
71.6,1.8628
71.8,1.8647
72,1.8666
72.2,1.8686
72.4,1.8705
72.6,1.8725
72.8,1.8744
73,1.8763
73.2,1.8783
73.4,1.8802
73.6,1.8822
73.8,1.8841
74,1.886
74.2,1.888
74.4,1.8899
74.6,1.8919
74.8,1.8938
75,1.8957
75.2,1.8977
75.4,1.8996
75.6,1.9015
75.8,1.9035
76,1.9054
76.2,1.9074
76.4,1.9093
76.6,1.9112
76.8,1.9132
77,1.9151
77.2,1.9171
77.4,1.919
77.6,1.9209
77.8,1.9229
78,1.9248
78.2,1.9268
78.4,1.9287
78.6,1.9306
78.8,1.9326
79,1.9345
79.2,1.9365
79.4,1.9384
79.6,1.9403
79.8,1.9423
80,1.9442
80.2,1.9462
80.4,1.9481
80.6,1.95
80.8,1.952
81,1.9539
81.2,1.9558
81.4,1.9578
81.6,1.9597
81.8,1.9617
82,1.9636
82.2,1.9655
82.4,1.9675
82.6,1.9694
82.8,1.9714
83,1.9733
83.2,1.9752
83.4,1.9772
83.6,1.9791
83.8,1.9811
84,1.983
84.2,1.9849
84.4,1.9869
84.6,1.9888
84.8,1.9908
85,1.9927
85.2,1.9946
85.4,1.9966
85.6,1.9985
85.8,2.0005
86,2.0024
86.2,2.0043
86.4,2.0063
86.6,2.0082
86.8,2.0101
87,2.0121
87.2,2.014
87.4,2.016
87.6,2.0179
87.8,2.0198
88,2.0218
88.2,2.0237
88.4,2.0257
88.6,2.0276
88.8,2.0295
89,2.0315
89.2,2.0334
89.4,2.0354
89.6,2.0373
89.8,2.0392
90,2.0412
90.2,2.0431
90.4,2.0451
90.6,2.047
90.8,2.0489
91,2.0509
91.2,2.0528
91.4,2.0548
91.6,2.0567
91.8,2.0586
92,2.0606
92.2,2.0625
92.4,2.0644
92.6,2.0664
92.8,2.0683
93,2.0703
93.2,2.0722
93.4,2.0741
93.6,2.0761
93.8,2.078
94,2.08
94.2,2.0819
94.4,2.0838
94.6,2.0858
94.8,2.0877
95,2.0897
95.2,2.0916
95.4,2.0935
95.6,2.0955
95.8,2.0974
96,2.0994
96.2,2.1013
96.4,2.1032
96.6,2.1052
96.8,2.1071
97,2.1091
97.2,2.111
97.4,2.1129
97.6,2.1149
97.8,2.1168
98,2.1187
98.2,2.1207
98.4,2.1226
98.6,2.1246
98.8,2.1265
99,2.1284
99.2,2.1304
99.4,2.1323
99.6,2.1343
99.8,2.1362
100,2.1381
100.2,2.1401
100.4,2.142
100.6,2.144
100.8,2.1459
101,2.1478
101.2,2.1498
101.4,2.1517
101.6,2.1537
101.8,2.1556
102,2.1575
102.2,2.1595
102.4,2.1614
102.6,2.1634
102.8,2.1653
103,2.1672
103.2,2.1692
103.4,2.1711
103.6,2.173
103.8,2.175
104,2.1769
104.2,2.1789
104.4,2.1808
104.6,2.1827
104.8,2.1847
105,2.1866
105.2,2.1886
105.4,2.1905
105.6,2.1924
105.8,2.1944
106,2.1963
106.2,2.1983
106.4,2.2002
106.6,2.2021
106.8,2.2041
107,2.206
107.2,2.208
107.4,2.2099
107.6,2.2118
107.8,2.2138
108,2.2157
108.2,2.2177
108.4,2.2196
108.6,2.2215
108.8,2.2235
109,2.2254
109.2,2.2273
109.4,2.2293
109.6,2.2312
109.8,2.2332
110,2.2351
110.2,2.237
110.4,2.239
110.6,2.2409
110.8,2.2429
111,2.2448
111.2,2.2467
111.4,2.2487
111.6,2.2506
111.8,2.2526
112,2.2545
112.2,2.2564
112.4,2.2584
112.6,2.2603
112.8,2.2623
113,2.2642
113.2,2.2661
113.4,2.2681
113.6,2.27
113.8,2.2719
114,2.2739
114.2,2.2758
114.4,2.2778
114.6,2.2797
114.8,2.2816
115,2.2836
115.2,2.2855
115.4,2.2875
115.6,2.2894
115.8,2.2913
116,2.2933
116.2,2.2952
116.4,2.2972
116.6,2.2991
116.8,2.301
117,2.303
117.2,2.3049
117.4,2.3069
117.6,2.3088
117.8,2.3107
118,2.3127
118.2,2.3146
118.4,2.3166
118.6,2.3185
118.8,2.3204
119,2.3224
119.2,2.3243
119.4,2.3262
119.6,2.3282
119.8,2.3301
120,2.3321
120.2,2.334
120.4,2.3359
120.6,2.3379
120.8,2.3398
121,2.3418
121.2,2.3437
121.4,2.3456
121.6,2.3476
121.8,2.3495
122,2.3515
122.2,2.3534
122.4,2.3553
122.6,2.3573
122.8,2.3592
123,2.3612
123.2,2.3631
123.4,2.365
123.6,2.367
123.8,2.3689
124,2.3709
124.2,2.3728
124.4,2.3747
124.6,2.3767
124.8,2.3786
125,2.3805
125.2,2.3825
125.4,2.3844
125.6,2.3864
125.8,2.3883
126,2.3902
126.2,2.3922
126.4,2.3941
126.6,2.3961
126.8,2.398
127,2.3999
127.2,2.4019
127.4,2.4038
127.6,2.4058
127.8,2.4077
128,2.4096
128.2,2.4116
128.4,2.4135
128.6,2.4155
128.8,2.4174
129,2.4193
129.2,2.4213
129.4,2.4232
129.6,2.4252
129.8,2.4271
130,2.429
130.2,2.431
130.4,2.4329
130.6,2.4348
130.8,2.4368
131,2.4387
131.2,2.4407
131.4,2.4426
131.6,2.4445
131.8,2.4465
132,2.4484
132.2,2.4504
132.4,2.4523
132.6,2.4542
132.8,2.4562
133,2.4581
133.2,2.4601
133.4,2.462
133.6,2.4639
133.8,2.4659
134,2.4678
134.2,2.4698
134.4,2.4717
134.6,2.4736
134.8,2.4756
135,2.4775
135.2,2.4795
135.4,2.4814
135.6,2.4833
135.8,2.4853
136,2.4872
136.2,2.4891
136.4,2.4911
136.6,2.493
136.8,2.495
137,2.4969
137.2,2.4988
137.4,2.5008
137.6,2.5027
137.8,2.5047
138,2.5066
138.2,2.5085
138.4,2.5105
138.6,2.5124
138.8,2.5144
139,2.5163
139.2,2.5182
139.4,2.5202
139.6,2.5221
139.8,2.5241
140,2.526
140.2,2.5279
140.4,2.5299
140.6,2.5318
140.8,2.5338
141,2.5357
141.2,2.5376
141.4,2.5396
141.6,2.5415
141.8,2.5434
142,2.5454
142.2,2.5473
142.4,2.5493
142.6,2.5512
142.8,2.5531
143,2.5551
143.2,2.557
143.4,2.559
143.6,2.5609
143.8,2.5628
144,2.5648
144.2,2.5667
144.4,2.5687
144.6,2.5706
144.8,2.5725
145,2.5745
145.2,2.5764
145.4,2.5784
145.6,2.5803
145.8,2.5822
146,2.5842
146.2,2.5861
146.4,2.5881
146.6,2.59
146.8,2.5919
147,2.5939
147.2,2.5958
147.4,2.5977
147.6,2.5997
147.8,2.6016
148,2.6036
148.2,2.6055
148.4,2.6074
148.6,2.6094
148.8,2.6113
149,2.6133
149.2,2.6152
149.4,2.6171
149.6,2.6191
149.8,2.621
150,2.623
150.2,2.6249
150.4,2.6268
150.6,2.6288
150.8,2.6307
151,2.6327
151.2,2.6346
151.4,2.6365
151.6,2.6385
151.8,2.6404
152,2.6424
152.2,2.6443
152.4,2.6462
152.6,2.6482
152.8,2.6501
153,2.652
153.2,2.654
153.4,2.6559
153.6,2.6579
153.8,2.6598
154,2.6617
154.2,2.6637
154.4,2.6656
154.6,2.6676
154.8,2.6695
155,2.6714
155.2,2.6734
155.4,2.6753
155.6,2.6773
155.8,2.6792
156,2.6811
156.2,2.6831
156.4,2.685
156.6,2.687
156.8,2.6889
157,2.6908
157.2,2.6928
157.4,2.6947
157.6,2.6967
157.8,2.6986
158,2.7005
158.2,2.7025
158.4,2.7044
158.6,2.7063
158.8,2.7083
159,2.7102
159.2,2.7122
159.4,2.7141
159.6,2.716
159.8,2.718
160,2.7199
160.2,2.7219
160.4,2.7238
160.6,2.7257
160.8,2.7277
161,2.7296
161.2,2.7316
161.4,2.7335
161.6,2.7354
161.8,2.7374
162,2.7393
162.2,2.7413
162.4,2.7432
162.6,2.7451
162.8,2.7471
163,2.749
163.2,2.751
163.4,2.7529
163.6,2.7548
163.8,2.7568
164,2.7587
164.2,2.7606
164.4,2.7626
164.6,2.7645
164.8,2.7665
165,2.7684
165.2,2.7703
165.4,2.7723
165.6,2.7742
165.8,2.7762
166,2.7781
166.2,2.78
166.4,2.782
166.6,2.7839
166.8,2.7859
167,2.7878
167.2,2.7897
167.4,2.7917
167.6,2.7936
167.8,2.7956
168,2.7975
168.2,2.7994
168.4,2.8014
168.6,2.8033
168.8,2.8052
169,2.8072
169.2,2.8091
169.4,2.8111
169.6,2.813
169.8,2.8149
170,2.8169
170.2,2.8188
170.4,2.8208
170.6,2.8227
170.8,2.8246
171,2.8266
171.2,2.8285
171.4,2.8305
171.6,2.8324
171.8,2.8343
172,2.8363
172.2,2.8382
172.4,2.8402
172.6,2.8421
172.8,2.844
173,2.846
173.2,2.8479
173.4,2.8499
173.6,2.8518
173.8,2.8537
174,2.8557
174.2,2.8576
174.4,2.8595
174.6,2.8615
174.8,2.8634
175,2.8654
175.2,2.8673
175.4,2.8692
175.6,2.8712
175.8,2.8731
176,2.8751
176.2,2.877
176.4,2.8789
176.6,2.8809
176.8,2.8828
177,2.8848
177.2,2.8867
177.4,2.8886
177.6,2.8906
177.8,2.8925
178,2.8945
178.2,2.8964
178.4,2.8983
178.6,2.9003
178.8,2.9022
179,2.9042
179.2,2.9061
179.4,2.908
179.6,2.91
179.8,2.9119
180,2.9138
180.2,2.9158
180.4,2.9177
180.6,2.9197
180.8,2.9216
181,2.9235
181.2,2.9255
181.4,2.9274
181.6,2.9294
181.8,2.9313
182,2.9332
182.2,2.9352
182.4,2.9371
182.6,2.9391
182.8,2.941
183,2.9429
183.2,2.9449
183.4,2.9468
183.6,2.9488
183.8,2.9507
184,2.9526
184.2,2.9546
184.4,2.9565
184.6,2.9585
184.8,2.9604
185,2.9623
185.2,2.9643
185.4,2.9662
185.6,2.9681
185.8,2.9701
186,2.972
186.2,2.974
186.4,2.9759
186.6,2.9778
186.8,2.9798
187,2.9817
187.2,2.9837
187.4,2.9856
187.6,2.9875
187.8,2.9895
188,2.9914
188.2,2.9934
188.4,2.9953
188.6,2.9972
188.8,2.9992
189,3.0011
189.2,3.0031
189.4,3.005
189.6,3.0069
189.8,3.0089
190,3.0108
190.2,3.0128
190.4,3.0147
190.6,3.0166
190.8,3.0186
191,3.0205
191.2,3.0224
191.4,3.0244
191.6,3.0263
191.8,3.0283
192,3.0302
192.2,3.0321
192.4,3.0341
192.6,3.036
192.8,3.038
193,3.0399
193.2,3.0418
193.4,3.0438
193.6,3.0457
193.8,3.0477
194,3.0496
194.2,3.0515
194.4,3.0535
194.6,3.0554
194.8,3.0574
195,3.0593
195.2,3.0612
195.4,3.0632
195.6,3.0651
195.8,3.0671
196,3.069
196.2,3.0709
196.4,3.0729
196.6,3.0748
196.8,3.0767
197,3.0787
197.2,3.0806
197.4,3.0826
197.6,3.0845
197.8,3.0864
198,3.0884
198.2,3.0903
198.4,3.0923
198.6,3.0942
198.8,3.0961
199,3.0981
199.2,3.1
199.4,3.102
199.6,3.1039
199.8,3.1058
200,3.1078
200.2,3.1097
200.4,3.1117
200.6,3.1136
200.8,3.1155
201,3.1175
201.2,3.1194
201.4,3.1214
201.6,3.1233
201.8,3.1252
202,3.1272
202.2,3.1291
202.4,3.131
202.6,3.133
202.8,3.1349
203,3.1369
203.2,3.1388
203.4,3.1407
203.6,3.1427
203.8,3.1446
204,3.1466
204.2,3.1485
204.4,3.1504
204.6,3.1524
204.8,3.1543
205,3.1563
205.2,3.1582
205.4,3.1601
205.6,3.1621
205.8,3.164
206,3.166
206.2,3.1679
206.4,3.1698
206.6,3.1718
206.8,3.1737
207,3.1757
207.2,3.1776
207.4,3.1795
207.6,3.1815
207.8,3.1834
208,3.1853
208.2,3.1873
208.4,3.1892
208.6,3.1912
208.8,3.1931
209,3.195
209.2,3.197
209.4,3.1989
209.6,3.2009
209.8,3.2028
210,3.2047
210.2,3.2067
210.4,3.2086
210.6,3.2106
210.8,3.2125
211,3.2144
211.2,3.2164
211.4,3.2183
211.6,3.2203
211.8,3.2222
212,3.2241
212.2,3.2261
212.4,3.228
212.6,3.23
212.8,3.2319
213,3.2338
213.2,3.2358
213.4,3.2377
213.6,3.2396
213.8,3.2416
214,3.2435
214.2,3.2455
214.4,3.2474
214.6,3.2493
214.8,3.2513
215,3.2532
215.2,3.2552
215.4,3.2571
215.6,3.259
215.8,3.261
216,3.2629
216.2,3.2649
216.4,3.2668
216.6,3.2687
216.8,3.2707
217,3.2726
217.2,3.2746
217.4,3.2765
217.6,3.2784
217.8,3.2804
218,3.2823
218.2,3.2843
218.4,3.2862
218.6,3.2881
218.8,3.2901
219,3.292
219.2,3.2939
219.4,3.2959
219.6,3.2978
219.8,3.2998
220,3.3017
220.2,3.3036
220.4,3.3056
220.6,3.3075
220.8,3.3095
221,3.3114
221.2,3.3133
221.4,3.3153
221.6,3.3172
221.8,3.3192
222,3.3211
222.2,3.323
222.4,3.325
222.6,3.3269
222.8,3.3289
223,3.3308
223.2,3.3327
223.4,3.3347
223.6,3.3366
223.8,3.3385
224,3.3405
224.2,3.3424
224.4,3.3444
224.6,3.3463
224.8,3.3482
225,3.3502
225.2,3.3521
225.4,3.3541
225.6,3.356
225.8,3.3579
226,3.3599
226.2,3.3618
226.4,3.3638
226.6,3.3657
226.8,3.3676
227,3.3696
227.2,3.3715
227.4,3.3735
227.6,3.3754
227.8,3.3773
228,3.3793
228.2,3.3812
228.4,3.3832
228.6,3.3851
228.8,3.387
229,3.389
229.2,3.3909
229.4,3.3928
229.6,3.3948
229.8,3.3967
230,3.3987
230.2,3.4006
230.4,3.4025
230.6,3.4045
230.8,3.4064
231,3.4084
231.2,3.4103
231.4,3.4122
231.6,3.4142
231.8,3.4161
232,3.4181
232.2,3.42
232.4,3.4219
232.6,3.4239
232.8,3.4258
233,3.4278
233.2,3.4297
233.4,3.4316
233.6,3.4336
233.8,3.4355
234,3.4375
234.2,3.4394
234.4,3.4413
234.6,3.4433
234.8,3.4452
235,3.4471
235.2,3.4491
235.4,3.451
235.6,3.453
235.8,3.4549
236,3.4568
236.2,3.4588
236.4,3.4607
236.6,3.4627
236.8,3.4646
237,3.4665
237.2,3.4685
237.4,3.4704
237.6,3.4724
237.8,3.4743
238,3.4762
238.2,3.4782
238.4,3.4801
238.6,3.4821
238.8,3.484
239,3.4859
239.2,3.4879
239.4,3.4898
239.6,3.4918
239.8,3.4937
240,3.4956
240.2,3.4976
240.4,3.4995
240.6,3.5014
240.8,3.5034
241,3.5053
241.2,3.5073
241.4,3.5092
241.6,3.5111
241.8,3.5131
242,3.515
242.2,3.517
242.4,3.5189
242.6,3.5208
242.8,3.5228
243,3.5247
243.2,3.5267
243.4,3.5286
243.6,3.5305
243.8,3.5325
244,3.5344
244.2,3.5364
244.4,3.5383
244.6,3.5402
244.8,3.5422
245,3.5441
245.2,3.5461
245.4,3.548
245.6,3.5499
245.8,3.5519
246,3.5538
246.2,3.5557
246.4,3.5577
246.6,3.5596
246.8,3.5616
247,3.5635
247.2,3.5654
247.4,3.5674
247.6,3.5693
247.8,3.5713
248,3.5732
248.2,3.5751
248.4,3.5771
248.6,3.579
248.8,3.581
249,3.5829
249.2,3.5848
249.4,3.5868
249.6,3.5887
249.8,3.5907
250,3.5926
250.2,3.5945
250.4,3.5965
250.6,3.5984
250.8,3.6004
251,3.6023
251.2,3.6042
251.4,3.6062
251.6,3.6081
251.8,3.61
252,3.612
252.2,3.6139
252.4,3.6159
252.6,3.6178
252.8,3.6197
253,3.6217
253.2,3.6236
253.4,3.6256
253.6,3.6275
253.8,3.6294
254,3.6314
254.2,3.6333
254.4,3.6353
254.6,3.6372
254.8,3.6391
255,3.6411
255.2,3.643
255.4,3.645
255.6,3.6469
255.8,3.6488
256,3.6508
256.2,3.6527
256.4,3.6547
256.6,3.6566
256.8,3.6585
257,3.6605
257.2,3.6624
257.4,3.6643
257.6,3.6663
257.8,3.6682
258,3.6702
258.2,3.6721
258.4,3.674
258.6,3.676
258.8,3.6779
259,3.6799
259.2,3.6818
259.4,3.6837
259.6,3.6857
259.8,3.6876
260,3.6896
260.2,3.6915
260.4,3.6934
260.6,3.6954
260.8,3.6973
261,3.6993
261.2,3.7012
261.4,3.7031
261.6,3.7051
261.8,3.707
262,3.709
262.2,3.7109
262.4,3.7128
262.6,3.7148
262.8,3.7167
263,3.7186
263.2,3.7206
263.4,3.7225
263.6,3.7245
263.8,3.7264
264,3.7283
264.2,3.7303
264.4,3.7322
264.6,3.7342
264.8,3.7361
265,3.738
265.2,3.74
265.4,3.7419
265.6,3.7439
265.8,3.7458
266,3.7477
266.2,3.7497
266.4,3.7516
266.6,3.7536
266.8,3.7555
267,3.7574
267.2,3.7594
267.4,3.7613
267.6,3.7633
267.8,3.7652
268,3.7671
268.2,3.7691
268.4,3.771
268.6,3.7729
268.8,3.7749
269,3.7768
269.2,3.7788
269.4,3.7807
269.6,3.7826
269.8,3.7846
270,3.7865
270.2,3.7885
270.4,3.7904
270.6,3.7923
270.8,3.7943
271,3.7962
271.2,3.7982
271.4,3.8001
271.6,3.802
271.8,3.804
272,3.8059
272.2,3.8079
272.4,3.8098
272.6,3.8117
272.8,3.8137
273,3.8156
273.2,3.8176
273.4,3.8195
273.6,3.8214
273.8,3.8234
274,3.8253
274.2,3.8272
274.4,3.8292
274.6,3.8311
274.8,3.8331
275,3.835
275.2,3.8369
275.4,3.8389
275.6,3.8408
275.8,3.8428
276,3.8447
276.2,3.8466
276.4,3.8486
276.6,3.8505
276.8,3.8525
277,3.8544
277.2,3.8563
277.4,3.8583
277.6,3.8602
277.8,3.8622
278,3.8641
278.2,3.866
278.4,3.868
278.6,3.8699
278.8,3.8718
279,3.8738
279.2,3.8757
279.4,3.8777
279.6,3.8796
279.8,3.8815
280,3.8835
280.2,3.8854
280.4,3.8874
280.6,3.8893
280.8,3.8912
281,3.8932
281.2,3.8951
281.4,3.8971
281.6,3.899
281.8,3.9009
282,3.9029
282.2,3.9048
282.4,3.9068
282.6,3.9087
282.8,3.9106
283,3.9126
283.2,3.9145
283.4,3.9165
283.6,3.9184
283.8,3.9203
284,3.9223
284.2,3.9242
284.4,3.9261
284.6,3.9281
284.8,3.93
285,3.932
285.2,3.9339
285.4,3.9358
285.6,3.9378
285.8,3.9397
286,3.9417
286.2,3.9436
286.4,3.9455
286.6,3.9475
286.8,3.9494
287,3.9514
287.2,3.9533
287.4,3.9552
287.6,3.9572
287.8,3.9591
288,3.9611
288.2,3.963
288.4,3.9649
288.6,3.9669
288.8,3.9688
289,3.9708
289.2,3.9727
289.4,3.9746
289.6,3.9766
289.8,3.9785
290,3.9804
290.2,3.9824
290.4,3.9843
290.6,3.9863
290.8,3.9882
291,3.9901
291.2,3.9921
291.4,3.994
291.6,3.996
291.8,3.9979
292,3.9998
292.2,4.0018
292.4,4.0037
292.6,4.0057
292.8,4.0076
293,4.0095
293.2,4.0115
293.4,4.0134
293.6,4.0154
293.8,4.0173
294,4.0192
294.2,4.0212
294.4,4.0231
294.6,4.0251
294.8,4.027
295,4.0289
295.2,4.0309
295.4,4.0328
295.6,4.0347
295.8,4.0367
296,4.0386
296.2,4.0406
296.4,4.0425
296.6,4.0444
296.8,4.0464
297,4.0483
297.2,4.0503
297.4,4.0522
297.6,4.0541
297.8,4.0561
298,4.058
298.2,4.06
298.4,4.0619
298.6,4.0638
298.8,4.0658
299,4.0677
299.2,4.0697
299.4,4.0716
299.6,4.0735
299.8,4.0755
300,4.0774
300.2,4.0794
300.4,4.0813
300.6,4.0832
300.8,4.0852
301,4.0871
301.2,4.089
301.4,4.091
301.6,4.0929
301.8,4.0949
302,4.0968
302.2,4.0987
302.4,4.1007
302.6,4.1026
302.8,4.1046
303,4.1065
303.2,4.1084
303.4,4.1104
303.6,4.1123
303.8,4.1143
304,4.1162
304.2,4.1181
304.4,4.1201
304.6,4.122
304.8,4.124
305,4.1259
305.2,4.1278
305.4,4.1298
305.6,4.1317
305.8,4.1337
306,4.1356
306.2,4.1375
306.4,4.1395
306.6,4.1414
306.8,4.1433
307,4.1453
307.2,4.1472
307.4,4.1492
307.6,4.1511
307.8,4.153
308,4.155
308.2,4.1569
308.4,4.1589
308.6,4.1608
308.8,4.1627
309,4.1647
309.2,4.1666
309.4,4.1686
309.6,4.1705
309.8,4.1724
310,4.1744
310.2,4.1763
310.4,4.1783
310.6,4.1802
310.8,4.1821
311,4.1841
311.2,4.186
311.4,4.188
311.6,4.1899
311.8,4.1918
312,4.1938
312.2,4.1957
312.4,4.1976
312.6,4.1996
312.8,4.2015
313,4.2035
313.2,4.2054
313.4,4.2073
313.6,4.2093
313.8,4.2112
314,4.2132
314.2,4.2151
314.4,4.217
314.6,4.219
314.8,4.2209
315,4.2229
315.2,4.2248
315.4,4.2267
315.6,4.2287
315.8,4.2306
316,4.2326
316.2,4.2345
316.4,4.2364
316.6,4.2384
316.8,4.2403
317,4.2423
317.2,4.2442
317.4,4.2461
317.6,4.2481
317.8,4.25
318,4.2519
318.2,4.2539
318.4,4.2558
318.6,4.2578
318.8,4.2597
319,4.2616
319.2,4.2636
319.4,4.2655
319.6,4.2675
319.8,4.2694
320,4.2713
320.2,4.2733
320.4,4.2752
320.6,4.2772
320.8,4.2791
321,4.281
321.2,4.283
321.4,4.2849
321.6,4.2869
321.8,4.2888
322,4.2907
322.2,4.2927
322.4,4.2946
322.6,4.2966
322.8,4.2985
323,4.3004
323.2,4.3024
323.4,4.3043
323.6,4.3062
323.8,4.3082
324,4.3101
324.2,4.3121
324.4,4.314
324.6,4.3159
324.8,4.3179
325,4.3198
325.2,4.3218
325.4,4.3237
325.6,4.3256
325.8,4.3276
326,4.3295
326.2,4.3315
326.4,4.3334
326.6,4.3353
326.8,4.3373
327,4.3392
327.2,4.3412
327.4,4.3431
327.6,4.345
327.8,4.347
328,4.3489
328.2,4.3509
328.4,4.3528
328.6,4.3547
328.8,4.3567
329,4.3586
329.2,4.3605
329.4,4.3625
329.6,4.3644
329.8,4.3664
330,4.3683
330.2,4.3702
330.4,4.3722
330.6,4.3741
330.8,4.3761
331,4.378
331.2,4.3799
331.4,4.3819
331.6,4.3838
331.8,4.3858
332,4.3877
332.2,4.3896
332.4,4.3916
332.6,4.3935
332.8,4.3955
333,4.3974
333.2,4.3993
333.4,4.4013
333.6,4.4032
333.8,4.4051
334,4.4071
334.2,4.409
334.4,4.411
334.6,4.4129
334.8,4.4148
335,4.4168
335.2,4.4187
335.4,4.4207
335.6,4.4226
335.8,4.4245
336,4.4265
336.2,4.4284
336.4,4.4304
336.6,4.4323
336.8,4.4342
337,4.4362
337.2,4.4381
337.4,4.4401
337.6,4.442
337.8,4.4439
338,4.4459
338.2,4.4478
338.4,4.4498
338.6,4.4517
338.8,4.4536
339,4.4556
339.2,4.4575
339.4,4.4594
339.6,4.4614
339.8,4.4633
340,4.4653
340.2,4.4672
340.4,4.4691
340.6,4.4711
340.8,4.473
341,4.475
341.2,4.4769
341.4,4.4788
341.6,4.4808
341.8,4.4827
342,4.4847
342.2,4.4866
342.4,4.4885
342.6,4.4905
342.8,4.4924
343,4.4944
343.2,4.4963
343.4,4.4982
343.6,4.5002
343.8,4.5021
344,4.5041
344.2,4.506
344.4,4.5079
344.6,4.5099
344.8,4.5118
345,4.5137
345.2,4.5157
345.4,4.5176
345.6,4.5196
345.8,4.5215
346,4.5234
346.2,4.5254
346.4,4.5273
346.6,4.5293
346.8,4.5312
347,4.5331
347.2,4.5351
347.4,4.537
347.6,4.539
347.8,4.5409
348,4.5428
348.2,4.5448
348.4,4.5467
348.6,4.5487
348.8,4.5506
349,4.5525
349.2,4.5545
349.4,4.5564
349.6,4.5584
349.8,4.5603
350,4.5622
350.2,4.5642
350.4,4.5661
350.6,4.568
350.8,4.57
351,4.5719
351.2,4.5739
351.4,4.5758
351.6,4.5777
351.8,4.5797
352,4.5816
352.2,4.5836
352.4,4.5855
352.6,4.5874
352.8,4.5894
353,4.5913
353.2,4.5933
353.4,4.5952
353.6,4.5971
353.8,4.5991
354,4.601
354.2,4.603
354.4,4.6049
354.6,4.6068
354.8,4.6088
355,4.6107
355.2,4.6127
355.4,4.6146
355.6,4.6165
355.8,4.6185
356,4.6204
356.2,4.6223
356.4,4.6243
356.6,4.6262
356.8,4.6282
357,4.6301
357.2,4.632
357.4,4.634
357.6,4.6359
357.8,4.6379
358,4.6398
358.2,4.6417
358.4,4.6437
358.6,4.6456
358.8,4.6476
359,4.6495
359.2,4.6514
359.4,4.6534
359.6,4.6553
359.8,4.6573
360,4.6592
360.2,4.6611
360.4,4.6631
360.6,4.665
360.8,4.667
361,4.6689
361.2,4.6708
361.4,4.6728
361.6,4.6747
361.8,4.6766
362,4.6786
362.2,4.6805
362.4,4.6825
362.6,4.6844
362.8,4.6863
363,4.6883
363.2,4.6902
363.4,4.6922
363.6,4.6941
363.8,4.696
364,4.698
364.2,4.6999
364.4,4.7019
364.6,4.7038
364.8,4.7057
365,4.7077
365.2,4.7096
365.4,4.7116
365.6,4.7135
365.8,4.7154
366,4.7174
366.2,4.7193
366.4,4.7213
366.6,4.7232
366.8,4.7251
367,4.7271
367.2,4.729
367.4,4.7309
367.6,4.7329
367.8,4.7348
368,4.7368
368.2,4.7387
368.4,4.7406
368.6,4.7426
368.8,4.7445
369,4.7465
369.2,4.7484
369.4,4.7503
369.6,4.7523
369.8,4.7542
370,4.7562
370.2,4.7581
370.4,4.76
370.6,4.762
370.8,4.7639
371,4.7659
371.2,4.7678
371.4,4.7697
371.6,4.7717
371.8,4.7736
372,4.7756
372.2,4.7775
372.4,4.7794
372.6,4.7814
372.8,4.7833
373,4.7852
373.2,4.7872
373.4,4.7891
373.6,4.7911
373.8,4.793
374,4.7949
374.2,4.7969
374.4,4.7988
374.6,4.8008
374.8,4.8027
375,4.8046
375.2,4.8066
375.4,4.8085
375.6,4.8105
375.8,4.8124
376,4.8143
376.2,4.8163
376.4,4.8182
376.6,4.8202
376.8,4.8221
377,4.824
377.2,4.826
377.4,4.8279
377.6,4.8299
377.8,4.8318
378,4.8337
378.2,4.8357
378.4,4.8376
378.6,4.8395
378.8,4.8415
379,4.1217
379.2,3.5434
379.4,3.0599
379.6,2.6851
379.8,2.307
380,2.0785
380.2,1.9161
380.4,1.8165
380.6,1.5857
380.8,1.43
381,1.2933
381.2,1.116
381.4,1.1812
381.6,1.4662
381.8,1.9009
382,2.5109
382.2,3.1465
382.4,3.5037
382.6,4.1059
382.8,4.3833
383,4.0758
383.2,3.7737
383.4,3.7092
383.6,3.7088
383.8,3.683
384,3.7725
384.2,4.0578
384.4,4.7656
384.6,5.4296
384.8,5.9177
385,6.2679
385.2,6.2996
385.4,5.8551
385.6,5.1132
385.8,4.2316
386,3.5303
386.2,2.9442
386.4,2.4262
386.6,1.8886
386.8,1.656
387,1.4506
387.2,1.1658
387.4,0.882
387.6,0.9629
387.8,1.3462
388,2.1742
388.2,3.0547
388.4,3.9543
388.6,4.9472
388.8,5.877
389,5.9907
389.2,5.5964
389.4,5.0291
389.6,3.6409
389.8,2.596
390,2.1848
390.2,1.8939
390.4,1.6578
390.6,1.5051
390.8,1.4468
391,1.4084
391.2,1.3744
391.4,1.249
391.6,1.0983
391.8,1.565
392,2.2547
392.2,2.9857
392.4,3.6044
392.6,4.4339
392.8,4.753
393,4.926
393.2,5.0991
393.4,5.3542
393.6,5.8445
393.8,6.1729
394,6.2157
394.2,5.3291
394.4,4.2695
394.6,3.2583
394.8,2.3326
395,1.681
395.2,1.471
395.4,1.2961
395.6,1.1099
395.8,0.9203
396,1.3741
396.2,2.0844
396.4,3.0493
396.6,3.8377
396.8,4.5669
397,5.7041
397.2,6.3473
397.4,6.0748
397.6,5.2195
397.8,4.0355
398,3.0524
398.2,2.6106
398.4,2.4146
398.6,2.2217
398.8,1.7489
399,1.5573
399.2,1.5282
399.4,1.3894
399.6,1.238
399.8,1.1145
400,1.4282
400.2,2.005
400.4,2.775
400.6,3.5378
400.8,4.156
401,4.8299
401.2,5.0552
401.4,5.0346
401.6,3.9105
401.8,2.9726
402,2.3934
402.2,2.0797
402.4,2.0218
402.6,2.0467
402.8,1.9539
403,1.7384
403.2,1.7135
403.4,1.6265
403.6,1.5188
403.8,1.3515
404,1.0528
404.2,0.8644
404.4,0.7102
404.6,0.5714
404.8,0.4562
405,0.4798
405.2,0.8081
405.4,1.3219
405.6,2.0541
405.8,2.9611
406,4.0122
406.2,4.8797
406.4,5.7191
406.6,6.3126
406.8,6.6897
407,6.7482
407.2,6.6063
407.4,5.8562
407.6,5.3742
407.8,4.2014
408,3.3587
408.2,2.9685
408.4,2.6272
408.6,2.2847
408.8,2.129
409,1.9634
409.2,1.845
409.4,1.5025
409.6,1.3805
409.8,1.2907
410,1.1994
410.2,0.9801
410.4,1.3552
410.6,2.1639
410.8,3.1221
411,3.9893
411.2,4.9465
411.4,6.1012
411.6,6.5881
411.8,6.7338
412,6.8316
412.2,6.3398
412.4,5.3299
412.6,3.7572
412.8,2.9096
413,2.5273
413.2,2.2227
413.4,1.9857
413.6,1.8167
413.8,1.7971
414,1.6803
414.2,1.4953
414.4,1.2976
414.6,1.2801
414.8,1.1299
415,0.9262
415.2,0.837
415.4,0.8071
415.6,0.7898
415.8,0.9799
416,1.1717
416.2,1.7687
416.4,2.8542
416.6,3.8196
416.8,4.8885
417,5.8386
417.2,6.3926
417.4,6.5904
417.6,6.6619
417.8,6.419
418,5.6063
418.2,4.6473
418.4,3.9133
418.6,3.1471
418.8,2.5895
419,2.2073
419.2,1.9465
419.4,1.7044
419.6,1.6028
419.8,1.3355
420,1.3006
420.2,1.2799
420.4,1.1583
420.6,1.3591
420.8,2.1466
421,2.9864
421.2,3.8997
421.4,4.638
421.6,5.2798
421.8,5.8628
422,6.1391
422.2,6.1805
422.4,5.866
422.6,5.3398
422.8,4.4652
423,3.6033
423.2,3.022
423.4,2.5276
423.6,2.2203
423.8,1.8272
424,1.6041
424.2,1.4279
424.4,1.2275
424.6,0.974
424.8,0.809
425,0.6671
425.2,0.6209
425.4,0.6437
425.6,1.0681
425.8,1.7471
426,2.5029
426.2,3.247
426.4,3.8835
426.6,4.7867
426.8,5.4896
427,6.0002
427.2,6.0794
427.4,5.8028
427.6,5.3493
427.8,5.019
428,3.7338
428.2,3.0533
428.4,2.5219
428.6,2.2587
428.8,1.9373
429,1.7986
429.2,1.6857
429.4,1.6095
429.6,1.2445
429.8,1.2321
430,1.6341
430.2,2.3311
430.4,3.3326
430.6,4.2584
430.8,5.1054
431,5.6996
431.2,5.6169
431.4,5.4681
431.6,5.2909
431.8,5.1243
432,4.2594
432.2,3.6458
432.4,2.8568
432.6,2.281
432.8,1.8346
433,1.6129
433.2,1.5632
433.4,1.523
433.6,1.3197
433.8,1.0449
434,0.8477
434.2,0.6696
434.4,0.4662
434.6,0.4553
434.8,1.0727
435,1.8771
435.2,2.7334
435.4,3.6192
435.6,4.5501
435.8,5.3509
436,5.671
436.2,5.0208
436.4,3.8895
436.6,2.9899
436.8,2.2719
437,1.8597
437.2,1.5948
437.4,1.4321
437.6,1.2165
437.8,0.9853
438,0.8533
438.2,0.743
438.4,0.6779
438.6,0.3492
438.8,0.4401
439,0.8076
439.2,1.9582
439.4,2.799
439.6,3.9722
439.8,4.9314
440,5.7517
440.2,6.1695
440.4,5.4971
440.6,4.2147
440.8,3.1544
441,2.5174
441.2,2.203
441.4,2.0223
441.6,1.963
441.8,1.7693
442,1.4991
442.2,1.3714
442.4,1.2102
442.6,0.9455
442.8,0.8626
443,1.0222
443.2,1.5279
443.4,2.1422
443.6,2.8952
443.8,3.6553
444,3.8915
444.2,4.1278
444.4,4.9151
444.6,5.2533
444.8,3.9204
445,2.5352
445.2,1.9143
445.4,1.6627
445.6,1.5635
445.8,1.4142
446,1.3489
446.2,1.322
446.4,1.238
446.6,1.1103
446.8,0.9571
447,0.9879
447.2,1.3618
447.4,1.8662
447.6,2.5498
447.8,3.0446
448,3.4307
448.2,4.0942
448.4,4.5202
448.6,5.062
448.8,5.3277
449,5.0927
449.2,4.7712
449.4,4.3676
449.6,3.2278
449.8,2.5151
450,1.9081
450.2,1.6701
450.4,1.4983
450.6,1.3612
450.8,1.048
451,0.9631
451.2,0.8457
451.4,0.6981
451.6,0.5837
451.8,1.01
452,1.7712
452.2,2.7498
452.4,3.5497
452.6,4.6468
452.8,5.5105
453,6.02
453.2,5.9762
453.4,5.5469
453.6,4.8547
453.8,3.9554
454,3.0863
454.2,2.4951
454.4,2.1859
454.6,2.0417
454.8,1.7048
455,1.6022
455.2,1.5247
455.4,1.3383
455.6,1.1685
455.8,1.2939
456,2.1276
456.2,3.0468
456.4,3.9697
456.6,4.6767
456.8,5.3486
457,5.434
457.2,4.4707
457.4,3.4758
457.6,3.236
457.8,2.7197
458,2.241
458.2,2.201
458.4,1.9935
458.6,1.7075
458.8,1.3358
459,1.215
459.2,1.1049
459.4,0.9219
459.6,0.9034
459.8,1.5349
460,2.2038
460.2,2.9567
460.4,3.4802
460.6,4.1192
460.8,4.7792
461,5.1424
461.2,4.7431
461.4,3.8373
461.6,3.1985
461.8,2.8199
462,2.092
462.2,1.8637
462.4,1.7488
462.6,1.7098
462.8,1.4743
463,1.3834
463.2,1.2767
463.4,1.1611
463.6,1.4396
463.8,1.9806
464,2.6138
464.2,2.9916
464.4,3.1206
464.6,3.4167
464.8,3.1486
465,2.7403
465.2,2.3181
465.4,2.007
465.6,1.8413
465.8,1.8674
466,1.5999
466.2,1.3221
466.4,1.1143
466.6,0.913
466.8,0.7816
467,0.911
467.2,1.5278
467.4,2.3018
467.6,3.1206
467.8,4.005
468,4.6135
468.2,5.4172
468.4,6.1501
468.6,6.5427
468.8,6.4414
469,5.929
469.2,5.2
469.4,4.4985
469.6,3.6896
469.8,3.3781
470,2.7665
470.2,2.2574
470.4,1.9171
470.6,1.4374
470.8,1.264
471,1.1585
471.2,1.3233
471.4,1.7894
471.6,2.8974
471.8,4.0421
472,5.0911
472.2,5.9193
472.4,6.6657
472.6,6.8819
472.8,6.9262
473,6.7444
473.2,6.0552
473.4,5.2961
473.6,4.5077
473.8,4.3445
474,3.7915
474.2,2.8035
474.4,2.3822
474.6,1.8971
474.8,1.6575
475,1.5257
475.2,1.3189
475.4,1.0378
475.6,1.0361
475.8,1.306
476,1.9623
476.2,2.7898
476.4,3.6842
476.6,4.7485
476.8,5.5931
477,6.1173
477.2,5.8018
477.4,4.5291
477.6,3.3799
477.8,2.943
478,2.6212
478.2,2.1489
478.4,1.9252
478.6,1.6511
478.8,1.4471
479,1.3171
479.2,1.1709
479.4,0.9434
479.6,0.8225
479.8,0.9095
480,1.4672
480.2,2.1445
480.4,2.9326
480.6,3.7506
480.8,4.4172
481,4.9768
481.2,5.0787
481.4,4.3346
481.6,3.1922
481.8,2.6158
482,2.2773
482.2,1.9124
482.4,1.4422
482.6,1.1463
482.8,0.9491
483,0.8219
483.2,0.6512
483.4,0.32
483.6,0.2282
483.8,0.1219
484,0.0891
484.2,0.5013
484.4,1.2137
484.6,2.1057
484.8,2.818
485,3.4832
485.2,4.2299
485.4,5.0081
485.6,5.5153
485.8,5.6608
486,5.6681
486.2,5.2825
486.4,4.4176
486.6,3.5081
486.8,2.9238
487,2.3944
487.2,1.8867
487.4,1.5769
487.6,1.401
487.8,1.3279
488,1.2245
488.2,1.0712
488.4,1.3174
488.6,1.9098
488.8,2.6723
489,3.6833
489.2,4.7346
489.4,5.7039
489.6,6.3987
489.8,6.4082
490,6.4061
490.2,5.2191
490.4,3.7223
490.6,2.6523
490.8,2.2714
491,2.0764
491.2,1.861
491.4,1.5167
491.6,1.3384
491.8,1.1967
492,1.0487
492.2,0.8851
492.4,0.8437
492.6,1.5336
492.8,2.2303
493,2.4013
493.2,2.2156
493.4,1.8208
493.6,1.51
493.8,1.3954
494,1.0372
494.2,0.7632
494.4,0.5268
494.6,0.34
494.8,0.1166
495,-0.0293
495.2,-0.1112
495.4,-0.2381
495.6,-0.15
495.8,0.2348
496,0.7772
496.2,1.432
496.4,1.9691
496.6,2.595
496.8,3.3332
497,4.0185
497.2,4.5513
497.4,4.8708
497.6,4.9444
497.8,4.916
498,4.4172
498.2,3.6471
498.4,2.8529
498.6,2.2392
498.8,1.9078
499,1.5369
499.2,1.217
499.4,1.0964
499.6,0.9168
499.8,0.6162
500,0.5192
500.2,0.4043
500.4,0.2257
500.6,0.0585
500.8,-0.0744
501,-0.0513
501.2,0.0528
501.4,0.4141
501.6,1.0889
501.8,1.5666
502,1.942
502.2,2.6778
502.4,3.494
502.6,4.4051
502.8,4.9203
503,5.1965
503.2,5.312
503.4,5.0526
503.6,4.4577
503.8,4.0307
504,3.4002
504.2,2.7356
504.4,2.2627
504.6,1.727
504.8,1.4212
505,1.1189
505.2,0.9423
505.4,0.6807
505.6,0.495
505.8,0.3095
506,0.2124
506.2,0.1282
506.4,0.0204
506.6,-0.0945
506.8,-0.1723
507,-0.1843
507.2,0.2209
507.4,0.8388
507.6,1.6422
507.8,2.4463
508,3.3176
508.2,4.1878
508.4,4.5696
508.6,4.987
508.8,5.3368
509,5.492
509.2,5.4507
509.4,5.4724
509.6,5.494
509.8,5.4083
510,5.0608
510.2,4.6817
510.4,4.4312
510.6,4.2518
510.8,4.0483
511,4.0081
511.2,4.1307
511.4,3.6703
511.6,3.0602
511.8,2.5429
512,2.0807
512.2,1.594
512.4,1.2933
512.6,1.0475
512.8,0.7386
513,0.5677
513.2,0.459
513.4,0.3755
513.6,0.3269
513.8,0.1944
514,-0.1772
514.2,-0.1152
514.4,0.4272
514.6,1.3298
514.8,2.2964
515,3.1846
515.2,4.011
515.4,4.5889
515.6,5.0788
515.8,5.2661
516,5.39
516.2,5.4577
516.4,5.402
516.6,5.304
516.8,5.2043
517,5.0614
517.2,4.7973
517.4,4.5049
517.6,4.2509
517.8,3.9968
518,3.3859
518.2,2.8073
518.4,2.4485
518.6,2.0671
518.8,1.6009
519,1.1959
519.2,0.9953
519.4,0.7644
519.6,0.5264
519.8,0.3353
520,0.1943
520.2,0.0888
520.4,0.2243
520.6,0.4203
520.8,1.1974
521,2.0177
521.2,2.8699
521.4,3.6492
521.6,4.3476
521.8,4.9155
522,5.3695
522.2,5.6884
522.4,5.7258
522.6,5.6504
522.8,5.435
523,5.2556
523.2,4.9151
523.4,4.5625
523.6,4.1079
523.8,3.6427
524,2.9737
524.2,2.3026
524.4,1.8335
524.6,1.4362
524.8,1.3114
525,1.1866
525.2,1.0507
525.4,0.7049
525.6,0.3707
525.8,0.1469
526,-0.0769
526.2,0.0115
526.4,0.1853
526.6,0.7368
526.8,1.6756
527,2.6051
527.2,3.5673
527.4,4.1893
527.6,4.7738
527.8,5.1172
528,5.1981
528.2,5.3027
528.4,5.2934
528.6,5.2218
528.8,5.1197
529,4.9646
529.2,4.7728
529.4,4.2503
529.6,3.6606
529.8,3.1527
530,2.6643
530.2,2.1989
530.4,1.7873
530.6,1.6293
530.8,1.3549
531,0.9329
531.2,0.5972
531.4,0.4382
531.6,0.0423
531.8,-0.089
532,-0.3504
532.2,-0.5664
532.4,-0.6139
532.6,-0.5394
532.8,-0.1149
533,0.59
533.2,1.5565
533.4,2.4178
533.6,3.2384
533.8,3.8504
534,4.4294
534.2,4.7125
534.4,4.7964
534.6,4.8175
534.8,4.6835
535,4.3816
535.2,3.9651
535.4,3.5171
535.6,2.9815
535.8,2.8625
536,2.8657
536.2,2.869
536.4,2.8723
536.6,2.8755
536.8,2.8788
537,2.882
537.2,2.8853
537.4,2.8885
537.6,2.8918
537.8,2.8951
538,2.8983
538.2,2.9016
538.4,2.9048
538.6,2.9081
538.8,2.9113
539,2.9146
539.2,2.9178
539.4,2.9211
539.6,2.9244
539.8,2.9276
540,2.9309
540.2,2.9341
540.4,2.9374
540.6,2.9406
540.8,2.9439
541,2.9471
541.2,2.9504
541.4,2.9537
541.6,2.9569
541.8,2.9602
542,2.9634
542.2,2.9667
542.4,2.9699
542.6,2.9732
542.8,2.9765
543,2.9797
543.2,2.983
543.4,2.9862
543.6,2.9895
543.8,2.9927
544,2.996
544.2,2.9992
544.4,3.0025
544.6,3.0058
544.8,3.009
545,3.0123
545.2,3.0155
545.4,3.0188
545.6,3.022
545.8,3.0253
546,3.0286
546.2,3.0318
546.4,3.0351
546.6,3.0383
546.8,3.0416
547,3.0448
547.2,3.0481
547.4,3.0513
547.6,3.0546
547.8,3.0579
548,3.0611
548.2,3.0644
548.4,3.0676
548.6,3.0709
548.8,3.0741
549,3.0774
549.2,3.0806
549.4,3.0839
549.6,3.0872
549.8,3.0904
550,3.0937
550.2,3.0969
550.4,3.1002
550.6,3.1034
550.8,3.1067
551,3.11
551.2,3.1132
551.4,3.1165
551.6,3.1197
551.8,3.123
552,3.1262
552.2,3.1295
552.4,3.1327
552.6,3.136
552.8,3.1393
553,3.1425
553.2,3.1458
553.4,3.149
553.6,3.1523
553.8,3.1555
554,3.1588
554.2,3.1621
554.4,3.1653
554.6,3.1686
554.8,3.1718
555,3.1751
555.2,3.1783
555.4,3.1816
555.6,3.1848
555.8,3.1881
556,3.1914
556.2,3.1946
556.4,3.1979
556.6,3.2011
556.8,3.2044
557,3.2076
557.2,3.2109
557.4,3.2141
557.6,3.2174
557.8,3.2207
558,3.2239
558.2,3.2272
558.4,3.2304
558.6,3.2337
558.8,3.2369
559,3.2402
559.2,3.2435
559.4,3.2467
559.6,3.25
559.8,3.2532
560,3.2565
560.2,3.2597
560.4,3.263
560.6,3.2662
560.8,3.2695
561,3.2728
561.2,3.276
561.4,3.2793
561.6,3.2825
561.8,3.2858
562,3.289
562.2,3.2923
562.4,3.2956
562.6,3.2988
562.8,3.3021
563,3.3053
563.2,3.3086
563.4,3.3118
563.6,3.3151
563.8,3.3183
564,3.3216
564.2,3.3249
564.4,3.3281
564.6,3.3314
564.8,3.3346
565,3.3379
565.2,3.3411
565.4,3.3444
565.6,3.3476
565.8,3.3509
566,3.3542
566.2,3.3574
566.4,3.3607
566.6,3.3639
566.8,3.3672
567,3.3704
567.2,3.3737
567.4,3.377
567.6,3.3802
567.8,3.3835
568,3.3867
568.2,3.39
568.4,3.3932
568.6,3.3965
568.8,3.3997
569,3.403
569.2,3.4063
569.4,3.4095
569.6,3.4128
569.8,3.416
570,3.4193
570.2,3.4225
570.4,3.4258
570.6,3.4291
570.8,3.4323
571,3.4356
571.2,3.4388
571.4,3.4421
571.6,3.4453
571.8,3.4486
572,3.4518
572.2,3.4551
572.4,3.4584
572.6,3.4616
572.8,3.4649
573,3.4681
573.2,3.4714
573.4,3.4746
573.6,3.4779
573.8,3.4811
574,3.4844
574.2,3.4877
574.4,3.4909
574.6,3.4942
574.8,3.4974
575,3.5007
575.2,3.5039
575.4,3.5072
575.6,3.5105
575.8,3.5137
576,3.517
576.2,3.5202
576.4,3.5235
576.6,3.5267
576.8,3.53
577,3.5332
577.2,3.5365
577.4,3.5398
577.6,3.543
577.8,3.5463
578,3.5495
578.2,3.5528
578.4,3.556
578.6,3.5593
578.8,3.5626
579,3.5658
579.2,3.5691
579.4,3.5723
579.6,3.5756
579.8,3.5788
580,3.5821
580.2,3.5853
580.4,3.5886
580.6,3.5919
580.8,3.5951
581,3.5984
581.2,3.6016
581.4,3.6049
581.6,3.6081
581.8,3.6114
582,3.6146
582.2,3.6179
582.4,3.6212
582.6,3.6244
582.8,3.6277
583,3.6309
583.2,3.6342
583.4,3.6374
583.6,3.6407
583.8,3.644
584,3.6472
584.2,3.6505
584.4,3.6537
584.6,3.657
584.8,3.6602
585,3.6635
585.2,3.6667
585.4,3.67
585.6,3.6733
585.8,3.6765
586,3.6798
586.2,3.683
586.4,3.6863
586.6,3.6895
586.8,3.6928
587,3.696
587.2,3.6993
587.4,3.7026
587.6,3.7058
587.8,3.7091
588,3.7123
588.2,3.7156
588.4,3.7188
588.6,3.7221
588.8,3.7254
589,3.7286
589.2,3.7319
589.4,3.7351
589.6,3.7384
589.8,3.7416
590,3.7449
590.2,3.7481
590.4,3.7514
590.6,3.7547
590.8,3.7579
591,3.7612
591.2,3.7644
591.4,3.7677
591.6,3.7709
591.8,3.7742
592,3.7775
592.2,3.7807
592.4,3.784
592.6,3.7872
592.8,3.7905
593,3.7937
593.2,3.797
593.4,3.8002
593.6,3.8035
593.8,3.8068
594,3.81
594.2,3.8133
594.4,3.8165
594.6,3.8198
594.8,3.823
595,3.8263
595.2,3.8295
595.4,3.8328
595.6,3.8361
595.8,3.8393
596,3.8426
596.2,3.8458
596.4,3.8491
596.6,3.8523
596.8,3.8556
597,3.8589
597.2,3.8621
597.4,3.8654
597.6,3.8686
597.8,3.8719
598,3.8751
598.2,3.8784
598.4,3.8816
598.6,3.8849
598.8,3.8882
599,3.8914
599.2,3.8947
599.4,3.8979
599.6,3.9012
599.8,3.9044
600,3.9077
600.2,3.911
600.4,3.9142
600.6,3.9175
600.8,3.9207
601,3.924
601.2,3.9272
601.4,3.9305
601.6,3.9337
601.8,3.937
602,3.9403
602.2,3.9435
602.4,3.9468
602.6,3.95
602.8,3.9533
603,3.9565
603.2,3.9598
603.4,3.963
603.6,3.9663
603.8,3.9696
604,3.9728
604.2,3.9761
604.4,3.9793
604.6,3.9826
604.8,3.9858
605,3.9891
605.2,3.9924
605.4,3.9956
605.6,3.9989
605.8,4.0021
606,4.0054
606.2,4.0086
606.4,4.0119
606.6,4.0151
606.8,4.0184
607,4.0217
607.2,4.0249
607.4,4.0282
607.6,4.0314
607.8,4.0347
608,4.0379
608.2,4.0412
608.4,4.0445
608.6,4.0477
608.8,4.051
609,4.0542
609.2,4.0575
609.4,4.0607
609.6,4.064
609.8,4.0672
610,4.0705
610.2,4.0738
610.4,4.077
610.6,4.0803
610.8,4.0835
611,4.0868
611.2,4.09
611.4,4.0933
611.6,4.0965
611.8,4.0998
612,4.1031
612.2,4.1063
612.4,4.1096
612.6,4.1128
612.8,4.1161
613,4.1193
613.2,4.1226
613.4,4.1259
613.6,4.1291
613.8,4.1324
614,4.1356
614.2,4.1389
614.4,4.1421
614.6,4.1454
614.8,4.1486
615,4.1519
615.2,4.1552
615.4,4.1584
615.6,4.1617
615.8,4.1649
616,4.1682
616.2,4.1714
616.4,4.1747
616.6,4.178
616.8,4.1812
617,4.1845
617.2,4.1877
617.4,4.191
617.6,4.1942
617.8,4.1975
618,4.2007
618.2,4.204
618.4,4.2073
618.6,4.2105
618.8,4.2138
619,4.217
619.2,4.2203
619.4,4.2235
619.6,4.2268
619.8,4.23
620,4.2333
620.2,4.2366
620.4,4.2398
620.6,4.2431
620.8,4.2463
621,4.2496
621.2,4.2528
621.4,4.2561
621.6,4.2594
621.8,4.2626
622,4.2659
622.2,4.2691
622.4,4.2724
622.6,4.2756
622.8,4.2789
623,4.2821
623.2,4.2854
623.4,4.2887
623.6,4.2919
623.8,4.2952
624,4.2984
624.2,4.3017
624.4,4.3049
624.6,4.3082
624.8,4.3115
625,4.3147
625.2,4.318
625.4,4.3212
625.6,4.3245
625.8,4.3277
626,4.331
626.2,4.3342
626.4,4.3375
626.6,4.3408
626.8,4.344
627,4.3473
627.2,4.3505
627.4,4.3538
627.6,4.357
627.8,4.3603
628,4.3635
628.2,4.3668
628.4,4.3701
628.6,4.3733
628.8,4.3766
629,4.3798
629.2,4.3831
629.4,4.3863
629.6,4.3896
629.8,4.3929
630,4.3961
630.2,4.3994
630.4,4.4026
630.6,4.4059
630.8,4.4091
631,4.4124
631.2,4.4156
631.4,4.4189
631.6,4.4222
631.8,4.4254
632,4.4287
632.2,4.4319
632.4,4.4352
632.6,4.4384
632.8,4.4417
633,4.445
633.2,4.4482
633.4,4.4515
633.6,4.4547
633.8,4.458
634,4.4612
634.2,4.4645
634.4,4.4677
634.6,4.471
634.8,4.4743
635,4.4775
635.2,4.4808
635.4,4.484
635.6,4.4873
635.8,4.4905
636,4.4938
636.2,4.497
636.4,4.5003
636.6,4.5036
636.8,4.5068
637,4.5101
637.2,4.5133
637.4,4.5166
637.6,4.5198
637.8,4.5231
638,4.5264
638.2,4.5296
638.4,4.5329
638.6,4.5361
638.8,4.5394
639,4.5426
639.2,4.5459
639.4,4.5491
639.6,4.5524
639.8,4.5557
640,4.5589
640.2,4.5622
640.4,4.5654
640.6,4.5687
640.8,4.5719
641,4.5752
641.2,4.5785
641.4,4.5817
641.6,4.585
641.8,4.5882
642,4.5915
642.2,4.5947
642.4,4.598
642.6,4.6012
642.8,4.6045
643,4.6078
643.2,4.611
643.4,4.6143
643.6,4.6175
643.8,4.6208
644,4.624
644.2,4.6273
644.4,4.6305
644.6,4.6338
644.8,4.6371
645,4.6403
645.2,4.6436
645.4,4.6468
645.6,4.6501
645.8,4.6533
646,4.6566
646.2,4.6599
646.4,4.6631
646.6,4.6664
646.8,4.6696
647,4.6729
647.2,4.6761
647.4,4.6794
647.6,4.6826
647.8,4.6859
648,4.6892
648.2,4.6924
648.4,4.6957
648.6,4.6989
648.8,4.7022
649,4.7054
649.2,4.7087
649.4,4.712
649.6,4.7152
649.8,4.7185
650,4.7217
650.2,4.725
650.4,4.7282
650.6,4.7315
650.8,4.7347
651,4.738
651.2,4.7413
651.4,4.7445
651.6,4.7478
651.8,4.751
652,4.7543
652.2,4.7575
652.4,4.7608
652.6,4.764
652.8,4.7673
653,4.7706
653.2,4.7738
653.4,4.7771
653.6,4.7803
653.8,4.7836
654,4.7868
654.2,4.7901
654.4,4.7934
654.6,4.7966
654.8,4.7999
655,4.8031
655.2,4.8064
655.4,4.8096
655.6,4.8129
655.8,4.8161
656,4.8194
656.2,4.8227
656.4,4.8259
656.6,4.8292
656.8,4.8324
657,4.8357
657.2,4.8389
657.4,4.8422
657.6,4.8454
657.8,4.8487
658,4.852
658.2,4.8552
658.4,4.8585
658.6,4.8617
658.8,4.865
659,4.8682
659.2,4.8715
659.4,4.8748
659.6,4.878
659.8,4.8813
660,4.8845
660.2,4.8878
660.4,4.891
660.6,4.8943
660.8,4.8975
661,4.9008
661.2,4.9041
661.4,4.9073
661.6,4.9106
661.8,4.9138
662,4.9171
662.2,4.9203
662.4,4.9236
662.6,4.9269
662.8,4.9301
663,4.9334
663.2,4.9366
663.4,4.9399
663.6,4.9431
663.8,4.9464
664,4.9496
664.2,4.9529
664.4,4.9562
664.6,4.9594
664.8,4.9627
665,4.9659
665.2,4.9692
665.4,4.9724
665.6,4.9757
665.8,4.9789
666,4.9822
666.2,4.9855
666.4,4.9887
666.6,4.992
666.8,4.9952
667,4.9985
667.2,5.0017
667.4,5.005
667.6,5.0083
667.8,5.0115
668,5.0148
668.2,5.018
668.4,5.0213
668.6,5.0245
668.8,5.0278
669,5.031
669.2,5.0343
669.4,5.0376
669.6,5.0408
669.8,5.0441
670,5.0473
670.2,5.0506
670.4,5.0538
670.6,5.0571
670.8,5.0604
671,5.0636
671.2,5.0669
671.4,5.0701
671.6,5.0734
671.8,5.0766
672,5.0799
672.2,5.0831
672.4,5.0864
672.6,5.0897
672.8,5.0929
673,5.0962
673.2,5.0994
673.4,5.1027
673.6,5.1059
673.8,5.1092
674,5.1124
674.2,5.1157
674.4,5.119
674.6,5.1222
674.8,5.1255
675,5.1287
675.2,5.132
675.4,5.1352
675.6,5.1385
675.8,5.1418
676,5.145
676.2,5.1483
676.4,5.1515
676.6,5.1548
676.8,5.158
677,5.1613
677.2,5.1645
677.4,5.1678
677.6,5.1711
677.8,5.1743
678,5.1776
678.2,5.1808
678.4,5.1841
678.6,5.1873
678.8,5.1906
679,5.1939
679.2,5.1971
679.4,5.2004
679.6,5.2036
679.8,5.2069
680,5.2101
680.2,5.2134
680.4,5.2166
680.6,5.2199
680.8,5.2232
681,5.2264
681.2,5.2297
681.4,5.2329
681.6,5.2362
681.8,5.2394
682,5.2427
682.2,5.2459
682.4,5.2492
682.6,5.2525
682.8,5.2557
683,5.259
683.2,5.2622
683.4,5.2655
683.6,5.2687
683.8,5.272
684,5.2753
684.2,5.2785
684.4,5.2818
684.6,5.285
684.8,5.2883
685,5.2915
685.2,5.2948
685.4,5.298
685.6,5.3013
685.8,5.3046
686,5.3078
686.2,5.3111
686.4,5.3143
686.6,5.3176
686.8,5.3208
687,5.3241
687.2,5.3274
687.4,5.3306
687.6,5.3339
687.8,5.3371
688,5.3404
688.2,5.3436
688.4,5.3469
688.6,5.3501
688.8,5.3534
689,5.3567
689.2,5.3599
689.4,5.3632
689.6,5.3664
689.8,5.3697
690,5.3729
690.2,5.3762
690.4,5.3794
690.6,5.3827
690.8,5.386
691,5.3892
691.2,5.3925
691.4,5.3957
691.6,5.399
691.8,5.4022
692,5.4055
692.2,5.4088
692.4,5.412
692.6,5.4153
692.8,5.4185
693,5.4218
693.2,5.425
693.4,5.4283
693.6,5.4315
693.8,5.4348
694,5.4381
694.2,5.4413
694.4,5.4446
694.6,5.4478
694.8,5.4511
695,5.4543
695.2,5.4576
695.4,5.4609
695.6,5.4641
695.8,5.4674
696,5.4706
696.2,5.4739
696.4,5.4771
696.6,5.4804
696.8,5.4836
697,5.4869
697.2,5.4902
697.4,5.4934
697.6,5.4967
697.8,5.4999
698,5.5032
698.2,5.5064
698.4,5.5097
698.6,5.5129
698.8,5.5162
699,5.5195
699.2,5.5227
699.4,5.526
699.6,5.5292
699.8,5.5325
700,5.5357
700.2,5.539
700.4,5.5423
700.6,5.5455
700.8,5.5719
701,5.6312
701.2,5.5787
701.4,5.567
701.6,5.463
701.8,5.2466
702,5.0148
702.2,4.7017
702.4,4.4195
702.6,4.167
702.8,3.7715
703,3.2997
703.2,2.8647
703.4,2.5564
703.6,1.9586
703.8,1.5848
704,1.2095
704.2,0.8699
704.4,0.4851
704.6,0.1722
704.8,0.008
705,-0.1685
705.2,-0.2231
705.4,-0.3989
705.6,-0.5529
705.8,-0.6911
706,-0.8025
706.2,-0.9214
706.4,-0.8966
706.6,-0.5638
706.8,-0.1132
707,0.4876
707.2,1.4029
707.4,2.1031
707.6,2.9162
707.8,3.6352
708,4.3434
708.2,4.8355
708.4,5.1892
708.6,5.4925
708.8,5.6144
709,5.7499
709.2,5.7953
709.4,5.7872
709.6,5.7668
709.8,5.6513
710,5.3025
710.2,4.565
710.4,4.0695
710.6,3.4447
710.8,2.9127
711,2.5054
711.2,2.1215
711.4,1.6849
711.6,1.2024
711.8,0.8495
712,0.5958
712.2,0.322
712.4,0.1365
712.6,0.0216
712.8,-0.0574
713,-0.2216
713.2,-0.4004
713.4,-0.4777
713.6,-0.465
713.8,-0.2042
714,0.1111
714.2,0.8472
714.4,1.6774
714.6,2.2652
714.8,2.7935
715,3.4703
715.2,4.1039
715.4,4.6772
715.6,5.0317
715.8,5.4938
716,5.6076
716.2,5.5887
716.4,5.4861
716.6,5.2448
716.8,4.8654
717,4.46
717.2,4.0536
717.4,3.7468
717.6,3.6909
717.8,3.1208
718,2.6039
718.2,2.2001
718.4,1.7737
718.6,1.3321
718.8,0.9253
719,0.7677
719.2,0.6055
719.4,0.3817
719.6,0.1234
719.8,0.1554
720,0.3932
720.2,0.77
720.4,1.4841
720.6,2.2542
720.8,2.9805
721,3.475
721.2,4.225
721.4,4.8757
721.6,5.2197
721.8,5.4572
722,5.813
722.2,6.0342
722.4,6.0006
722.6,5.8251
722.8,5.6584
723,5.3116
723.2,4.9284
723.4,4.4995
723.6,4.0498
723.8,3.5891
724,3.177
724.2,2.5683
724.4,2.268
724.6,1.7896
724.8,1.3237
725,0.8981
725.2,0.7197
725.4,0.57
725.6,0.447
725.8,0.2557
726,0.0012
726.2,-0.1799
726.4,-0.3421
726.6,-0.313
726.8,-0.2474
727,-0.047
727.2,0.32
727.4,0.8489
727.6,1.4979
727.8,2.3798
728,3.1575
728.2,4.0001
728.4,4.7478
728.6,5.4147
728.8,5.7038
729,5.8833
729.2,5.8832
729.4,5.7917
729.6,5.7602
729.8,5.5925
730,5.1792
730.2,4.6992
730.4,4.2175
730.6,3.7693
730.8,3.2267
731,2.7219
731.2,2.2228
731.4,1.8545
731.6,1.4796
731.8,1.1098
732,0.8634
732.2,0.656
732.4,0.4643
732.6,0.3193
732.8,0.1817
733,0.3311
733.2,0.4989
733.4,1.254
733.6,1.9076
733.8,2.5612
734,3.9755
734.2,4.6642
734.4,5.1528
734.6,5.7003
734.8,6.0216
735,6.2475
735.2,6.2912
735.4,6.0475
735.6,5.7161
735.8,5.3932
736,4.6408
736.2,4.15
736.4,3.5747
736.6,3.023
736.8,2.5309
737,2.1871
737.2,1.6117
737.4,1.1546
737.6,1.1009
737.8,1.0473
738,0.9937
738.2,0.6762
738.4,0.2684
738.6,-0.0357
738.8,-0.2583
739,-0.481
739.2,-0.4067
739.4,-0.303
739.6,0.1375
739.8,0.6351
740,1.3984
740.2,2.1106
740.4,2.8046
740.6,3.8218
740.8,4.4348
741,4.9794
741.2,5.468
741.4,5.8689
741.6,6.1666
741.8,6.2393
742,6.1735
742.2,5.9718
742.4,5.5674
742.6,5.0857
742.8,4.6862
743,4.4662
743.2,3.7748
743.4,3.0798
743.6,2.4761
743.8,1.7818
744,1.2347
744.2,0.8955
744.4,0.609
744.6,0.2927
744.8,-0.0071
745,-0.2522
745.2,-0.405
745.4,-0.4854
745.6,-0.5919
745.8,-0.731
746,-0.7126
746.2,-0.5301
746.4,0.1202
746.6,0.9072
746.8,1.9027
747,2.9447
747.2,3.8513
747.4,4.4941
747.6,5.0751
747.8,5.6134
748,5.7071
748.2,5.8318
748.4,5.9675
748.6,5.987
748.8,5.9047
749,5.7765
749.2,5.4649
749.4,4.9564
749.6,4.3363
749.8,3.7176
750,3.2178
750.2,2.7098
750.4,2.1837
750.6,1.6898
750.8,1.2413
751,0.7623
751.2,0.4836
751.4,0.3051
751.6,0.1961
751.8,0.0205
752,-0.2096
752.2,-0.2975
752.4,-0.3105
752.6,0.0963
752.8,0.6583
753,1.4383
753.2,2.2959
753.4,3.1477
753.6,4.1485
753.8,4.8504
754,5.5251
754.2,5.8848
754.4,6.1686
754.6,6.2908
754.8,6.2025
755,6.0762
755.2,5.9173
755.4,5.6746
755.6,5.3016
755.8,4.9132
756,4.4495
756.2,3.8408
756.4,3.1749
756.6,2.7296
756.8,2.263
757,1.7501
757.2,1.3676
757.4,1.018
757.6,0.7615
757.8,0.5098
758,0.2859
758.2,0.1476
758.4,0.0596
758.6,-0.0358
758.8,-0.1318
759,-0.2624
759.2,-0.3107
759.4,-0.1448
759.6,0.0297
759.8,0.2129
760,1.4975
760.2,2.822
760.4,3.5972
760.6,4.5852
760.8,5.3222
761,5.7888
761.2,5.9248
761.4,5.8645
761.6,5.7343
761.8,5.5145
762,5.1194
762.2,4.6176
762.4,4.0737
762.6,3.4761
762.8,2.9577
763,2.4751
763.2,1.9613
763.4,1.3962
763.6,1.217
763.8,1.0493
764,0.845
764.2,0.4986
764.4,0.2785
764.6,0.1639
764.8,0.1955
765,0.3764
765.2,0.8008
765.4,1.5502
765.6,2.4633
765.8,3.1663
766,3.902
766.2,4.6033
766.4,5.1731
766.6,5.648
766.8,5.9716
767,6.0817
767.2,6.1976
767.4,6.15
767.6,6.0275
767.8,5.8395
768,5.5327
768.2,4.9564
768.4,4.4657
768.6,3.8502
768.8,3.2415
769,2.7861
769.2,2.4028
769.4,1.993
769.6,1.5047
769.8,1.1406
770,0.8482
770.2,0.6445
770.4,0.4069
770.6,0.2169
770.8,0.0887
771,-0.0728
771.2,-0.1872
771.4,-0.2854
771.6,-0.337
771.8,-0.0244
772,0.2883
772.2,1.2388
772.4,2.4077
772.6,3.2258
772.8,3.746
773,4.3698
773.2,5.0625
773.4,5.4909
773.6,5.7386
773.8,5.883
774,5.9557
774.2,5.9178
774.4,5.7826
774.6,5.4839
774.8,5.2612
775,4.8801
775.2,4.3361
775.4,3.8788
775.6,3.3871
775.8,3.1469
776,2.9332
776.2,2.5132
776.4,1.936
776.6,1.3807
776.8,1.0971
777,0.7383
777.2,0.3613
777.4,0.204
777.6,0.0577
777.8,-0.0953
778,-0.2765
778.2,-0.3586
778.4,-0.315
778.6,-0.2013
778.8,-0.009
779,0.3277
779.2,0.8779
779.4,1.5904
779.6,2.3797
779.8,2.5916
780,3.5825
780.2,4.5213
780.4,4.8438
780.6,4.8984
780.8,4.9555
781,4.9486
781.2,4.8764
781.4,4.8222
781.6,4.7273
781.8,4.5972
782,4.3885
782.2,4.1515
782.4,3.8351
782.6,3.5273
782.8,3.062
783,2.6877
783.2,2.3046
783.4,1.74
783.6,1.3836
783.8,0.8992
784,0.7008
784.2,0.501
784.4,0.2588
784.6,0.0626
784.8,-0.0653
785,-0.1641
785.2,-0.3738
785.4,-0.4209
785.6,-0.4985
785.8,-0.5995
786,-0.6733
786.2,-0.5169
786.4,-0.1571
786.6,0.4148
786.8,1.1978
787,2.1083
787.2,2.984
787.4,3.5272
787.6,3.998
787.8,4.2284
788,4.4651
788.2,4.8327
788.4,5.1359
788.6,5.5132
788.8,5.6646
789,5.6054
789.2,5.5443
789.4,5.3639
789.6,5.0632
789.8,4.5623
790,3.9789
790.2,3.5176
790.4,2.9857
790.6,2.5688
790.8,2.1872
791,1.7925
791.2,1.4787
791.4,1.0611
791.6,0.7783
791.8,0.5892
792,0.3905
792.2,0.1842
792.4,0.0613
792.6,-0.0551
792.8,-0.0894
793,0.1054
793.2,0.6952
793.4,1.3149
793.6,2.0106
793.8,2.6574
794,3.4638
794.2,4.2696
794.4,4.8184
794.6,5.2155
794.8,5.6697
795,5.8041
795.2,5.805
795.4,5.8162
795.6,5.6817
795.8,5.4326
796,4.8567
796.2,4.1957
796.4,3.5194
796.6,2.7921
796.8,2.1026
797,1.5243
797.2,1.1727
797.4,0.9063
797.6,0.6104
797.8,0.4048
798,0.2426
798.2,0.111
798.4,0.0179
798.6,-0.0739
798.8,-0.1658
799,-0.2141
799.2,-0.24
799.4,0.1264
799.6,0.7827
799.8,2.1954
800,3.2185
800.2,4.1977
800.4,4.7609
800.6,5.4217
800.8,5.84
801,6.0352
801.2,5.9922
801.4,5.9294
801.6,5.7708
801.8,5.5512
802,5.1303
802.2,4.5915
802.4,4.1434
802.6,3.4462
802.8,2.8924
803,2.4058
803.2,1.9821
803.4,1.5088
803.6,1.0439
803.8,0.6701
804,0.5243
804.2,0.3038
804.4,0.0969
804.6,-0.0036
804.8,-0.0754
805,-0.0324
805.2,0.2096
805.4,0.6316
805.6,1.2493
805.8,2.1723
806,2.796
806.2,3.5993
806.4,4.3833
806.6,5.1926
806.8,5.6446
807,5.9027
807.2,5.9738
807.4,6.0003
807.6,5.9879
807.8,5.8696
808,5.7475
808.2,5.4348
808.4,5.0818
808.6,4.6613
808.8,4.232
809,3.6185
809.2,3.2754
809.4,2.8044
809.6,2.2949
809.8,1.7534
810,1.2259
810.2,0.8609
810.4,0.5372
810.6,0.2987
810.8,0.0489
811,-0.0284
811.2,-0.0657
811.4,-0.2324
811.6,-0.3991
811.8,-0.3521
812,0.0668
812.2,0.5528
812.4,1.1323
812.6,1.7015
812.8,2.438
813,3.0729
813.2,3.7794
813.4,4.4272
813.6,4.7971
813.8,5.1418
814,5.3531
814.2,5.2765
814.4,5.1681
814.6,4.9909
814.8,4.6198
815,4.1041
815.2,3.5405
815.4,3.0164
815.6,2.8362
815.8,2.3089
816,1.677
816.2,1.379
816.4,1.0188
816.6,0.7376
816.8,0.4588
817,0.3681
817.2,0.2475
817.4,0.0524
817.6,0.0073
817.8,0.0361
818,0.3393
818.2,0.787
818.4,1.5832
818.6,2.5542
818.8,3.1912
819,3.8658
819.2,4.5996
819.4,5.3745
819.6,5.7174
819.8,5.9001
820,5.9777
820.2,5.9062
820.4,5.5896
820.6,5.3247
820.8,4.8727
821,4.3479
821.2,3.6253
821.4,3.0618
821.6,2.5542
821.8,2.054
822,1.4768
822.2,0.95
822.4,0.7515
822.6,0.6657
822.8,0.4336
823,0.21
823.2,0.061
823.4,-0.0804
823.6,-0.0756
823.8,0.4264
824,0.958
824.2,1.5707
824.4,2.3288
824.6,3.0129
824.8,3.5637
825,4.36
825.2,4.9223
825.4,5.4638
825.6,5.7011
825.8,5.9348
826,6.0062
826.2,5.9538
826.4,5.1277
826.6,4.1243
826.8,3.433
827,2.8036
827.2,2.2384
827.4,1.7584
827.6,1.1751
827.8,0.6439
828,0.4082
828.2,0.2984
828.4,0.15
828.6,-0.0035
828.8,-0.201